0.1665 18.3556
0.4995 62.9868
0.8325 92.2455
1.1655 120.231
1.4985 140.29
1.8315 149.831
2.1645 153.061
2.4975 153.194
2.8305 153.194
3.1635 153.194
3.4965 153.194
3.8295 153.194
4.1625 153.194
4.4955 153.194
4.8285 153.194
5.1615 153.194
5.4945 153.194
5.8275 153.194
6.1605 153.194
6.4935 153.194
6.8265 153.194
7.1595 153.194
7.4925 153.194
7.8255 153.194
8.1585 153.194
8.4915 153.194
8.8245 153.194
9.1575 153.194
9.4905 153.194
9.8235 153.194
10.1565 153.194
10.4895 153.194
10.8225 153.194
11.1555 153.194
11.4885 153.194
11.8215 153.194
12.1545 153.194
12.4875 153.194
12.8205 153.194
13.1535 153.194
13.4865 153.194
13.8195 153.194
14.1525 153.194
14.4855 153.194
14.8185 153.194
15.1515 153.194
15.4845 153.194
15.8175 153.194
16.1505 153.194
16.4835 153.194
16.8165 153.194
17.1495 153.194
17.4825 153.194
17.8155 153.194
18.1485 153.194
18.4815 153.194
18.8145 153.194
19.1475 153.194
19.4805 153.194
19.8135 153.194
20.1465 153.194
20.4795 153.194
20.8125 153.194
21.1455 153.194
21.4785 153.194
21.8115 153.194
22.1445 153.194
22.4775 153.194
22.8105 153.194
23.1435 153.194
23.4765 153.194
23.8095 153.194
24.1425 153.194
24.4755 153.194
24.8085 153.194
25.1415 153.194
25.4745 153.194
25.8075 153.194
26.1405 153.194
26.4735 153.194
26.8065 153.194
27.1395 153.194
27.4725 153.194
27.8055 153.194
28.1385 153.194
28.4715 153.194
28.8045 153.194
29.1375 153.194
29.4705 153.194
29.8035 153.194
30.1365 153.194
30.4695 153.194
30.8025 153.194
31.1355 153.194
31.4685 153.194
31.8015 153.194
32.1345 153.194
32.4675 153.194
32.8005 153.194
33.1335 153.194
33.4665 153.194
33.7995 153.194
34.1325 153.194
34.4655 153.194
34.7985 153.194
35.1315 153.194
35.4645 153.194
35.7975 153.194
36.1305 153.194
36.4635 153.194
36.7965 153.194
37.1295 153.194
37.4625 153.194
37.7955 153.194
38.1285 153.194
38.4615 153.194
38.7945 153.194
39.1275 153.194
39.4605 153.194
39.7935 153.194
40.1265 153.194
40.4595 153.194
40.7925 153.194
41.1255 153.194
41.4585 153.194
41.7915 153.194
42.1245 153.194
42.4575 153.194
42.7905 153.194
43.1235 153.194
43.4565 153.194
43.7895 153.194
44.1225 153.194
44.4555 153.194
44.7885 153.194
45.1215 153.194
45.4545 153.194
45.7875 153.194
46.1205 153.194
46.4535 153.194
46.7865 153.194
47.1195 153.194
47.4525 153.194
47.7855 153.194
48.1185 153.194
48.4515 153.194
48.7845 153.194
49.1175 153.194
49.4505 153.194
49.7835 153.194
50.1165 153.194
50.4495 153.194
50.7825 153.194
51.1155 153.194
51.4485 153.194
51.7815 153.194
52.1145 153.194
52.4475 153.194
52.7805 153.194
53.1135 153.194
53.4465 153.194
53.7795 153.194
54.1125 153.194
54.4455 153.194
54.7785 153.194
55.1115 153.194
55.4445 153.194
55.7775 153.194
56.1105 153.194
56.4435 153.194
56.7765 153.194
57.1095 153.194
57.4425 153.194
57.7755 153.194
58.1085 153.194
58.4415 153.194
58.7745 153.194
59.1075 153.194
59.4405 153.194
59.7735 153.194
60.1065 153.194
60.4395 153.194
60.7725 153.194
61.1055 153.194
61.4385 153.194
61.7715 153.194
62.1045 153.194
62.4375 153.194
62.7705 153.194
63.1035 153.194
63.4365 153.194
63.7695 153.194
64.1025 153.194
64.4355 153.194
64.7685 153.194
65.1015 153.194
65.4345 153.194
65.7675 153.194
66.1005 153.194
66.4335 153.194
66.7665 153.194
67.0995 153.194
67.4325 153.194
67.7655 153.194
68.0985 153.194
68.4315 153.194
68.7645 153.194
69.0975 153.194
69.4305 153.194
69.7635 153.194
70.0965 153.194
70.4295 153.194
70.7625 153.194
71.0955 153.194
71.4285 153.194
71.7615 153.194
72.0945 153.194
72.4275 153.194
72.7605 153.194
73.0935 153.194
73.4265 153.194
73.7595 153.194
74.0925 153.194
74.4255 153.194
74.7585 153.194
75.0915 153.194
75.4245 153.194
75.7575 153.194
76.0905 153.194
76.4235 153.194
76.7565 153.194
77.0895 153.194
77.4225 153.194
77.7555 153.194
78.0885 153.194
78.4215 153.194
78.7545 153.194
79.0875 153.194
79.4205 153.194
79.7535 153.194
80.0865 153.194
80.4195 153.194
80.7525 153.194
81.0855 153.194
81.4185 153.194
81.7515 153.194
82.0845 153.194
82.4175 153.194
82.7505 153.194
83.0835 153.194
83.4165 153.194
83.7495 153.194
84.0825 153.194
84.4155 153.194
84.7485 153.194
85.0815 153.194
85.4145 153.194
85.7475 153.194
86.0805 153.194
86.4135 153.194
86.7465 153.194
87.0795 153.194
87.4125 153.194
87.7455 153.194
88.0785 153.194
88.4115 153.194
88.7445 153.194
89.0775 153.194
89.4105 153.194
89.7435 153.194
90.0765 153.194
90.4095 153.194
90.7425 153.194
91.0755 153.194
91.4085 153.194
91.7415 153.194
92.0745 153.194
92.4075 153.194
92.7405 153.194
93.0735 153.194
93.4065 153.194
93.7395 153.194
94.0725 153.194
94.4055 153.194
94.7385 153.194
95.0715 153.194
95.4045 153.194
95.7375 153.194
96.0705 153.194
96.4035 153.194
96.7365 153.194
97.0695 153.194
97.4025 153.194
97.7355 153.194
98.0685 153.194
98.4015 153.194
98.7345 153.194
99.0675 153.194
99.4005 153.194
99.7335 153.194
100.067 153.194
100.4 153.194
100.733 153.194
101.066 153.194
101.398 153.194
101.732 153.194
102.065 153.194
102.398 153.194
102.731 153.194
103.064 153.194
103.397 153.194
103.73 153.194
104.062 153.194
104.396 153.194
104.729 153.194
105.062 153.194
105.395 153.194
105.728 153.194
106.061 153.194
106.394 153.194
106.727 153.194
107.059 153.194
107.393 153.194
107.726 153.194
108.059 153.194
108.392 153.194
108.725 153.194
109.058 153.194
109.391 153.194
109.724 153.194
110.056 153.194
110.39 153.194
110.723 153.194
111.056 153.194
111.389 153.194
111.722 153.194
112.055 153.194
112.388 153.194
112.721 153.194
113.053 153.194
113.387 153.194
113.72 153.194
114.053 153.194
114.386 153.194
114.719 153.194
115.052 153.194
115.385 153.194
115.718 153.194
116.05 153.194
116.384 153.194
116.717 153.194
117.05 153.194
117.383 153.194
117.716 153.194
118.049 153.194
118.382 153.194
118.715 153.194
119.047 153.194
119.381 153.194
119.714 153.194
120.047 153.194
120.38 153.194
120.713 153.194
121.046 153.194
121.379 153.194
121.712 153.194
122.045 153.194
122.378 153.194
122.711 153.194
123.044 153.194
123.377 153.194
123.71 153.194
124.043 153.194
124.376 153.194
124.709 153.194
125.042 153.194
125.375 153.194
125.708 153.194
126.041 153.194
126.374 153.194
126.707 153.194
127.04 153.194
127.373 153.194
127.706 153.194
128.038 153.194
128.371 153.194
128.704 153.194
129.037 153.194
129.371 153.194
129.704 153.194
130.037 153.194
130.37 153.194
130.703 153.194
131.036 153.194
131.369 153.194
131.702 153.194
132.035 153.194
132.368 153.194
132.701 153.194
133.034 153.194
133.367 153.194
133.7 153.194
134.032 153.194
134.365 153.194
134.698 153.194
135.031 153.194
135.365 153.194
135.698 153.194
136.031 153.194
136.364 153.194
136.697 153.194
137.03 153.194
137.363 153.194
137.696 153.194
138.029 153.194
138.362 153.194
138.695 153.194
139.028 153.194
139.361 153.194
139.694 153.194
140.026 153.194
140.359 153.194
140.692 153.194
141.025 153.194
141.359 153.194
141.692 153.194
142.025 153.194
142.358 153.194
142.691 153.194
143.024 153.194
143.357 153.194
143.69 153.194
144.023 153.194
144.356 153.194
144.689 153.194
145.022 153.194
145.355 153.194
145.688 153.194
146.02 153.194
146.353 153.194
146.686 153.194
147.02 153.194
147.353 153.194
147.686 153.194
148.019 153.194
148.352 153.194
148.685 153.194
149.018 153.194
149.351 153.194
149.684 153.194
150.017 153.194
150.35 153.194
150.683 153.194
151.016 153.194
151.349 153.194
151.681 153.194
152.014 153.194
152.347 153.194
152.68 153.194
153.014 153.194
153.347 153.194
153.68 153.194
154.013 153.194
154.346 153.194
154.679 153.194
155.012 153.194
155.345 153.194
155.678 153.194
156.011 153.194
156.344 153.194
156.677 153.194
157.01 153.194
157.343 153.194
157.675 153.194
158.008 153.194
158.341 153.194
158.674 153.194
159.008 153.194
159.341 153.194
159.674 153.194
160.007 153.194
160.34 153.194
160.673 153.194
161.006 153.194
161.339 153.194
161.672 153.194
162.005 153.194
162.338 153.194
162.671 153.194
163.004 153.194
163.337 153.194
163.669 153.194
164.002 153.194
164.335 153.194
164.669 153.194
165.002 153.194
165.335 153.194
165.668 153.194
166.001 153.194
166.334 153.194
166.667 153.194
167 153.194
167.333 153.194
167.666 153.194
167.999 153.194
168.332 153.194
168.665 153.194
168.998 153.194
169.331 153.194
169.663 153.194
169.996 153.194
170.329 153.194
170.663 153.194
170.996 153.194
171.329 153.194
171.662 153.194
171.995 153.194
172.328 153.194
172.661 153.194
172.994 153.194
173.327 153.194
173.66 153.194
173.993 153.194
174.326 153.194
174.659 153.194
174.992 153.194
175.325 153.194
175.657 153.194
175.99 153.194
176.323 153.194
176.657 153.194
176.99 153.194
177.323 153.194
177.656 153.194
177.989 153.194
178.322 153.194
178.655 153.194
178.988 153.194
179.321 153.194
179.654 153.194
179.987 153.194
180.32 153.194
180.653 153.194
180.986 153.194
181.319 153.194
181.651 153.194
181.984 153.194
182.318 153.194
182.651 153.194
182.984 153.194
183.317 153.194
183.65 153.194
183.983 153.194
184.316 153.194
184.649 153.194
184.982 153.194
185.315 153.194
185.648 153.194
185.981 153.194
186.314 153.194
186.647 153.194
186.98 153.194
187.312 153.194
187.645 153.194
187.978 153.194
188.312 153.194
188.645 153.194
188.978 153.194
189.311 153.194
189.644 153.194
189.977 153.194
190.31 153.194
190.643 153.194
190.976 153.194
191.309 153.194
191.642 153.194
191.975 153.194
192.308 153.194
192.641 153.194
192.974 153.194
193.306 153.194
193.639 153.194
193.972 153.194
194.306 153.194
194.639 153.194
194.972 153.194
195.305 153.194
195.638 153.194
195.971 153.194
196.304 153.194
196.637 153.194
196.97 153.194
197.303 153.194
197.636 153.194
197.969 153.194
198.302 153.194
198.635 153.194
198.968 153.194
199.3 153.194
199.633 153.194
199.967 153.194
200.3 153.194
200.633 153.194
200.966 153.194
201.299 153.194
201.632 153.194
201.965 153.194
202.298 153.194
202.631 153.194
202.964 153.194
203.297 153.194
203.63 153.194
203.963 153.194
204.296 153.194
204.629 153.194
204.962 153.194
205.294 153.194
205.627 153.194
205.961 153.194
206.294 153.194
206.627 153.194
206.96 153.194
207.293 153.194
207.626 153.194
207.959 153.194
208.292 153.194
208.625 153.194
208.958 153.194
209.291 153.194
209.624 153.194
209.957 153.194
210.29 153.194
210.623 153.194
210.956 153.194
211.288 153.194
211.621 153.194
211.955 153.194
212.288 153.194
212.621 153.194
212.954 153.194
213.287 153.194
213.62 153.194
213.953 153.194
214.286 153.194
214.619 153.194
214.952 153.194
215.285 153.194
215.618 153.194
215.951 153.194
216.284 153.194
216.617 153.194
216.95 153.194
217.282 153.194
217.616 153.194
217.949 153.194
218.282 153.194
218.615 153.194
218.948 153.194
219.281 153.194
219.614 153.194
219.947 153.194
220.28 153.194
220.613 153.194
220.946 153.194
221.279 153.194
221.612 153.194
221.945 153.194
222.278 153.194
222.611 153.194
222.944 153.194
223.276 153.194
223.61 153.194
223.943 153.194
224.276 153.194
224.609 153.194
224.942 153.194
225.275 153.194
225.608 153.194
225.941 153.194
226.274 153.194
226.607 153.194
226.94 153.194
227.273 153.194
227.606 153.194
227.939 153.194
228.272 153.194
228.605 153.194
228.938 153.194
229.27 153.194
229.604 153.194
229.937 153.194
230.27 153.194
230.603 153.194
230.936 153.194
231.269 153.194
231.602 153.194
231.935 153.194
232.268 153.194
232.601 153.194
232.934 153.194
233.267 153.194
233.6 153.194
233.933 153.194
234.266 153.194
234.599 153.194
234.931 153.194
235.265 153.194
235.598 153.194
235.931 153.194
236.264 153.194
236.597 153.194
236.93 153.194
237.263 153.194
237.596 153.194
237.929 153.194
238.262 153.194
238.595 153.194
238.928 153.194
239.261 153.194
239.594 153.194
239.927 153.194
240.26 153.194
240.593 153.194
240.925 153.194
241.259 153.194
241.592 153.194
241.925 153.194
242.258 153.194
242.591 153.194
242.924 153.194
243.257 153.194
243.59 153.194
243.923 153.194
244.256 153.194
244.589 153.194
244.922 153.194
245.255 153.194
245.588 153.194
245.921 153.194
246.254 153.194
246.587 153.194
246.919 153.194
247.253 153.194
247.586 153.194
247.919 153.194
248.252 153.194
248.585 153.194
248.918 153.194
249.251 153.194
249.584 153.194
249.917 153.194
250.25 153.194
250.583 153.194
250.916 153.194
251.249 153.194
251.582 153.194
251.915 153.194
252.248 153.194
252.581 153.194
252.914 153.194
253.247 153.194
253.58 153.194
253.913 153.194
254.246 153.194
254.579 153.194
254.912 153.194
255.245 153.194
255.578 153.194
255.911 153.194
256.244 153.194
256.577 153.194
256.91 153.194
257.243 153.194
257.576 153.194
257.909 153.194
258.242 153.194
258.575 153.194
258.908 153.194
259.24 153.194
259.574 153.194
259.906 153.194
260.24 153.194
260.572 153.194
260.906 153.194
261.238 153.194
261.572 153.194
261.905 153.194
262.238 153.194
262.571 153.194
262.904 153.194
263.237 153.194
263.57 153.194
263.903 153.194
264.236 153.194
264.569 153.194
264.901 153.194
265.235 153.194
265.567 153.194
265.901 153.194
266.233 153.194
266.567 153.194
266.899 153.194
267.233 153.194
267.566 153.194
267.899 153.194
268.232 153.194
268.565 153.194
268.898 153.194
269.231 153.194
269.564 153.194
269.897 153.194
270.23 153.194
270.562 153.194
270.896 153.194
271.228 153.194
271.562 153.194
271.894 153.194
272.228 153.194
272.56 153.194
272.894 153.194
273.226 153.194
273.56 153.194
273.893 153.194
274.226 153.194
274.559 153.194
274.892 153.194
275.225 153.194
275.558 153.194
275.891 153.194
276.224 153.194
276.557 153.194
276.889 153.194
277.223 153.194
277.555 153.194
277.889 153.194
278.221 153.194
278.555 153.194
278.887 153.194
279.221 153.194
279.554 153.194
279.887 153.194
280.22 153.194
280.553 153.194
280.886 153.194
281.219 153.194
281.552 153.194
281.885 153.194
282.218 153.194
282.55 153.194
282.884 153.194
283.216 153.194
283.55 153.194
283.882 153.194
284.216 153.194
284.548 153.194
284.882 153.194
285.215 153.194
285.548 153.194
285.881 153.194
286.214 153.194
286.547 153.194
286.88 153.194
287.213 153.194
287.546 153.194
287.879 153.194
288.212 153.194
288.545 153.194
288.877 153.194
289.211 153.194
289.543 153.194
289.877 153.194
290.209 153.194
290.543 153.194
290.875 153.194
291.209 153.194
291.542 153.194
291.875 153.194
292.208 153.194
292.541 153.194
292.874 153.194
293.207 153.194
293.54 153.194
293.873 153.194
294.206 153.194
294.538 153.194
294.872 153.194
295.204 153.194
295.538 153.194
295.87 153.194
296.204 153.194
296.536 153.194
296.87 153.194
297.203 153.194
297.536 153.194
297.869 153.194
298.202 153.194
298.535 153.194
298.868 153.194
299.201 153.194
299.534 153.194
299.867 153.194
300.2 153.194
300.533 153.194
300.865 153.194
301.199 153.194
301.531 153.194
301.865 153.194
302.197 153.194
302.531 153.194
302.864 153.194
303.197 153.194
303.53 153.194
303.863 153.194
304.196 153.194
304.529 153.194
304.862 153.194
305.195 153.194
305.528 153.194
305.861 153.194
306.194 153.194
306.526 153.194
306.86 153.194
307.192 153.194
307.526 153.194
307.858 153.194
308.192 153.194
308.524 153.194
308.858 153.194
309.191 153.194
309.524 153.194
309.857 153.194
310.19 153.194
310.523 153.194
310.856 153.194
311.189 153.194
311.522 153.194
311.855 153.194
312.188 153.194
312.521 153.194
312.853 153.194
313.187 153.194
313.519 153.194
313.853 153.194
314.185 153.194
314.519 153.194
314.852 153.194
315.185 153.194
315.518 153.194
315.851 153.194
316.184 153.194
316.517 153.194
316.85 153.194
317.183 153.194
317.516 153.194
317.849 153.194
318.182 153.194
318.514 153.194
318.848 153.194
319.18 153.194
319.514 153.194
319.846 153.194
320.18 153.194
320.513 153.194
320.846 153.194
321.179 153.194
321.512 153.194
321.845 153.194
322.178 153.194
322.511 153.194
322.844 153.194
323.177 153.194
323.51 153.194
323.843 153.194
324.175 153.194
324.509 153.194
324.841 153.194
325.175 153.194
325.507 153.194
325.841 153.194
326.173 153.194
326.507 153.194
326.84 153.194
327.173 153.194
327.506 153.194
327.839 153.194
328.172 153.194
328.505 153.194
328.838 153.194
329.171 153.194
329.504 153.194
329.837 153.194
330.17 153.194
330.502 153.194
330.836 153.194
331.168 153.194
331.502 153.194
331.834 153.194
332.168 153.194
332.501 153.194
332.834 153.194
333.167 153.194
333.5 153.194
333.833 153.194
334.166 153.194
334.499 153.194
334.832 153.194
335.165 153.194
335.498 153.194
335.831 153.194
336.163 153.194
336.497 153.194
336.829 153.194
337.163 153.194
337.495 153.194
337.829 153.194
338.162 153.194
338.495 153.194
338.828 153.194
339.161 153.194
339.494 153.194
339.827 153.194
340.16 153.194
340.493 153.194
340.826 153.194
341.159 153.194
341.492 153.194
341.825 153.194
342.158 153.194
342.49 153.194
342.824 153.194
343.156 153.194
343.49 153.194
343.822 153.194
344.156 153.194
344.489 153.194
344.822 153.194
345.155 153.194
345.488 153.194
345.821 153.194
346.154 153.194
346.487 153.194
346.82 153.194
347.153 153.194
347.486 153.194
347.819 153.194
348.151 153.194
348.485 153.194
348.817 153.194
349.151 153.194
349.483 153.194
349.817 153.194
350.15 153.194
350.483 153.194
350.816 153.194
351.149 153.194
351.482 153.194
351.815 153.194
352.148 153.194
352.481 153.194
352.814 153.194
353.147 153.194
353.48 153.194
353.812 153.194
354.146 153.194
354.478 153.194
354.812 153.194
355.144 153.194
355.478 153.194
355.811 153.194
356.144 153.194
356.477 153.194
356.81 153.194
357.143 153.194
357.476 153.194
357.809 153.194
358.142 153.194
358.475 153.194
358.808 153.194
359.141 153.194
359.474 153.194
359.807 153.194
360.139 153.194
360.473 153.194
360.805 153.194
361.139 153.194
361.471 153.194
361.805 153.194
362.138 153.194
362.471 153.194
362.804 153.194
363.137 153.194
363.47 153.194
363.803 153.194
364.136 153.194
364.469 153.194
364.802 153.194
365.135 153.194
365.468 153.194
365.8 153.194
366.134 153.194
366.466 153.194
366.8 153.194
367.132 153.194
367.466 153.194
367.799 153.194
368.132 153.194
368.465 153.194
368.798 153.194
369.131 153.194
369.464 153.194
369.797 153.194
370.13 153.194
370.463 153.194
370.796 153.194
371.129 153.194
371.462 153.194
371.795 153.194
372.127 153.194
372.461 153.194
372.793 153.194
373.127 153.194
373.46 153.194
373.793 153.194
374.126 153.194
374.459 153.194
374.792 153.194
375.125 153.194
375.458 153.194
375.791 153.194
376.124 153.194
376.457 153.194
376.79 153.194
377.123 153.194
377.456 153.194
377.788 153.194
378.122 153.194
378.454 153.194
378.788 153.194
379.12 153.194
379.454 153.194
379.787 153.194
380.12 153.194
380.453 153.194
380.786 153.194
381.119 153.194
381.452 153.194
381.785 153.194
382.118 153.194
382.451 153.194
382.784 153.194
383.117 153.194
383.45 153.194
383.783 153.194
384.115 153.194
384.449 153.194
384.781 153.194
385.115 153.194
385.448 153.194
385.781 153.194
386.114 153.194
386.447 153.194
386.78 153.194
387.113 153.194
387.446 153.194
387.779 153.194
388.112 153.194
388.445 153.194
388.778 153.194
389.111 153.194
389.444 153.194
389.776 153.194
390.11 153.194
390.442 153.194
390.776 153.194
391.109 153.194
391.442 153.194
391.775 153.194
392.108 153.194
392.441 153.194
392.774 153.194
393.107 153.194
393.44 153.194
393.773 153.194
394.106 153.194
394.439 153.194
394.772 153.194
395.105 153.194
395.438 153.194
395.771 153.194
396.103 153.194
396.437 153.194
396.769 153.194
397.103 153.194
397.436 153.194
397.769 153.194
398.102 153.194
398.435 153.194
398.768 153.194
399.101 153.194
399.434 153.194
399.767 153.194
400.1 153.194
400.433 153.194
400.766 153.194
401.099 153.194
401.432 153.194
401.764 153.194
402.098 153.194
402.43 153.194
402.764 153.194
403.097 153.194
403.43 153.194
403.763 153.194
404.096 153.194
404.429 153.194
404.762 153.194
405.095 153.194
405.428 153.194
405.761 153.194
406.094 153.194
406.427 153.194
406.76 153.194
407.093 153.194
407.425 153.194
407.759 153.194
408.091 153.194
408.425 153.194
408.758 153.194
409.091 153.194
409.424 153.194
409.757 153.194
410.09 153.194
410.423 153.194
410.756 153.194
411.089 153.194
411.422 153.194
411.755 153.194
412.088 153.194
412.421 153.194
412.754 153.194
413.087 153.194
413.42 153.194
413.752 153.194
414.086 153.194
414.418 153.194
414.752 153.194
415.085 153.194
415.418 153.194
415.751 153.194
416.084 153.194
416.417 153.194
416.75 153.194
417.083 153.194
417.416 153.194
417.749 153.194
418.082 153.194
418.415 153.194
418.748 153.194
419.081 153.194
419.413 153.194
419.747 153.194
420.079 153.194
420.413 153.194
420.746 153.194
421.079 153.194
421.412 153.194
421.745 153.194
422.078 153.194
422.411 153.194
422.744 153.194
423.077 153.194
423.41 153.194
423.743 153.194
424.076 153.194
424.409 153.194
424.742 153.194
425.075 153.194
425.408 153.194
425.74 153.194
426.074 153.194
426.407 153.194
426.74 153.194
427.073 153.194
427.406 153.194
427.739 153.194
428.072 153.194
428.405 153.194
428.738 153.194
429.071 153.194
429.404 153.194
429.737 153.194
430.07 153.194
430.403 153.194
430.736 153.194
431.069 153.194
431.401 153.194
431.735 153.194
432.067 153.194
432.401 153.194
432.734 153.194
433.067 153.194
433.4 153.194
433.733 153.194
434.066 153.194
434.399 153.194
434.732 153.194
435.065 153.194
435.398 153.194
435.731 153.194
436.064 153.194
436.397 153.194
436.73 153.194
437.062 153.194
437.396 153.194
437.728 153.194
438.062 153.194
438.395 153.194
438.728 153.194
439.061 153.194
439.394 153.194
439.727 153.194
440.06 153.194
440.393 153.194
440.726 153.194
441.059 153.194
441.392 153.194
441.725 153.194
442.058 153.194
442.391 153.194
442.724 153.194
443.057 153.194
443.389 153.194
443.723 153.194
444.056 153.194
444.389 153.194
444.722 153.194
445.055 153.194
445.388 153.194
445.721 153.194
446.054 153.194
446.387 153.194
446.72 153.194
447.053 153.194
447.386 153.194
447.719 153.194
448.052 153.194
448.385 153.194
448.718 153.194
449.05 153.194
449.384 153.194
449.716 153.194
450.05 153.194
450.383 153.194
450.716 153.194
451.049 153.194
451.382 153.194
451.715 153.194
452.048 153.194
452.381 153.194
452.714 153.194
453.047 153.194
453.38 153.194
453.713 153.194
454.046 153.194
454.379 153.194
454.712 153.194
455.045 153.194
455.377 153.194
455.711 153.194
456.044 153.194
456.377 153.194
456.71 153.194
457.043 153.194
457.376 153.194
457.709 153.194
458.042 153.194
458.375 153.194
458.708 153.194
459.041 153.194
459.374 153.194
459.707 153.194
460.04 153.194
460.373 153.194
460.706 153.194
461.038 153.194
461.372 153.194
461.705 153.194
462.038 153.194
462.371 153.194
462.704 153.194
463.037 153.194
463.37 153.194
463.703 153.194
464.036 153.194
464.369 153.194
464.702 153.194
465.035 153.194
465.368 153.194
465.701 153.194
466.034 153.194
466.367 153.194
466.7 153.194
467.033 153.194
467.365 153.194
467.699 153.194
468.032 153.194
468.365 153.194
468.698 153.194
469.031 153.194
469.364 153.194
469.697 153.194
470.03 153.194
470.363 153.194
470.696 153.194
471.029 153.194
471.362 153.194
471.695 153.194
472.028 153.194
472.361 153.194
472.694 153.194
473.026 153.194
473.36 153.194
473.693 153.194
474.026 153.194
474.359 153.194
474.692 153.194
475.025 153.194
475.358 153.194
475.691 153.194
476.024 153.194
476.357 153.194
476.69 153.194
477.023 153.194
477.356 153.194
477.689 153.194
478.022 153.194
478.355 153.194
478.688 153.194
479.021 153.194
479.354 153.194
479.687 153.194
480.02 153.194
480.353 153.194
480.686 153.194
481.019 153.194
481.352 153.194
481.685 153.194
482.018 153.194
