0.1665 18.3556
0.4995 44.6312
0.8325 29.2587
1.1655 27.9858
1.4985 20.0587
1.8315 9.54124
2.1645 3.22948
2.4975 0.133091
2.8305 0
3.1635 0
3.4965 0
3.8295 0
4.1625 0
4.4955 0
4.8285 0
5.1615 0
5.4945 0
5.8275 0
6.1605 0
6.4935 0
6.8265 0
7.1595 0
7.4925 0
7.8255 0
8.1585 0
8.4915 0
8.8245 0
9.1575 0
9.4905 0
9.8235 0
10.1565 0
10.4895 0
10.8225 0
11.1555 0
11.4885 0
11.8215 0
12.1545 0
12.4875 0
12.8205 0
13.1535 0
13.4865 0
13.8195 0
14.1525 0
14.4855 0
14.8185 0
15.1515 0
15.4845 0
15.8175 0
16.1505 0
16.4835 0
16.8165 0
17.1495 0
17.4825 0
17.8155 0
18.1485 0
18.4815 0
18.8145 0
19.1475 0
19.4805 0
19.8135 0
20.1465 0
20.4795 0
20.8125 0
21.1455 0
21.4785 0
21.8115 0
22.1445 0
22.4775 0
22.8105 0
23.1435 0
23.4765 0
23.8095 0
24.1425 0
24.4755 0
24.8085 0
25.1415 0
25.4745 0
25.8075 0
26.1405 0
26.4735 0
26.8065 0
27.1395 0
27.4725 0
27.8055 0
28.1385 0
28.4715 0
28.8045 0
29.1375 0
29.4705 0
29.8035 0
30.1365 0
30.4695 0
30.8025 0
31.1355 0
31.4685 0
31.8015 0
32.1345 0
32.4675 0
32.8005 0
33.1335 0
33.4665 0
33.7995 0
34.1325 0
34.4655 0
34.7985 0
35.1315 0
35.4645 0
35.7975 0
36.1305 0
36.4635 0
36.7965 0
37.1295 0
37.4625 0
37.7955 0
38.1285 0
38.4615 0
38.7945 0
39.1275 0
39.4605 0
39.7935 0
40.1265 0
40.4595 0
40.7925 0
41.1255 0
41.4585 0
41.7915 0
42.1245 0
42.4575 0
42.7905 0
43.1235 0
43.4565 0
43.7895 0
44.1225 0
44.4555 0
44.7885 0
45.1215 0
45.4545 0
45.7875 0
46.1205 0
46.4535 0
46.7865 0
47.1195 0
47.4525 0
47.7855 0
48.1185 0
48.4515 0
48.7845 0
49.1175 0
49.4505 0
49.7835 0
50.1165 0
50.4495 0
50.7825 0
51.1155 0
51.4485 0
51.7815 0
52.1145 0
52.4475 0
52.7805 0
53.1135 0
53.4465 0
53.7795 0
54.1125 0
54.4455 0
54.7785 0
55.1115 0
55.4445 0
55.7775 0
56.1105 0
56.4435 0
56.7765 0
57.1095 0
57.4425 0
57.7755 0
58.1085 0
58.4415 0
58.7745 0
59.1075 0
59.4405 0
59.7735 0
60.1065 0
60.4395 0
60.7725 0
61.1055 0
61.4385 0
61.7715 0
62.1045 0
62.4375 0
62.7705 0
63.1035 0
63.4365 0
63.7695 0
64.1025 0
64.4355 0
64.7685 0
65.1015 0
65.4345 0
65.7675 0
66.1005 0
66.4335 0
66.7665 0
67.0995 0
67.4325 0
67.7655 0
68.0985 0
68.4315 0
68.7645 0
69.0975 0
69.4305 0
69.7635 0
70.0965 0
70.4295 0
70.7625 0
71.0955 0
71.4285 0
71.7615 0
72.0945 0
72.4275 0
72.7605 0
73.0935 0
73.4265 0
73.7595 0
74.0925 0
74.4255 0
74.7585 0
75.0915 0
75.4245 0
75.7575 0
76.0905 0
76.4235 0
76.7565 0
77.0895 0
77.4225 0
77.7555 0
78.0885 0
78.4215 0
78.7545 0
79.0875 0
79.4205 0
79.7535 0
80.0865 0
80.4195 0
80.7525 0
81.0855 0
81.4185 0
81.7515 0
82.0845 0
82.4175 0
82.7505 0
83.0835 0
83.4165 0
83.7495 0
84.0825 0
84.4155 0
84.7485 0
85.0815 0
85.4145 0
85.7475 0
86.0805 0
86.4135 0
86.7465 0
87.0795 0
87.4125 0
87.7455 0
88.0785 0
88.4115 0
88.7445 0
89.0775 0
89.4105 0
89.7435 0
90.0765 0
90.4095 0
90.7425 0
91.0755 0
91.4085 0
91.7415 0
92.0745 0
92.4075 0
92.7405 0
93.0735 0
93.4065 0
93.7395 0
94.0725 0
94.4055 0
94.7385 0
95.0715 0
95.4045 0
95.7375 0
96.0705 0
96.4035 0
96.7365 0
97.0695 0
97.4025 0
97.7355 0
98.0685 0
98.4015 0
98.7345 0
99.0675 0
99.4005 0
99.7335 0
100.067 0
100.4 0
100.733 0
101.066 0
101.398 0
101.732 0
102.065 0
102.398 0
102.731 0
103.064 0
103.397 0
103.73 0
104.062 0
104.396 0
104.729 0
105.062 0
105.395 0
105.728 0
106.061 0
106.394 0
106.727 0
107.059 0
107.393 0
107.726 0
108.059 0
108.392 0
108.725 0
109.058 0
109.391 0
109.724 0
110.056 0
110.39 0
110.723 0
111.056 0
111.389 0
111.722 0
112.055 0
112.388 0
112.721 0
113.053 0
113.387 0
113.72 0
114.053 0
114.386 0
114.719 0
115.052 0
115.385 0
115.718 0
116.05 0
116.384 0
116.717 0
117.05 0
117.383 0
117.716 0
118.049 0
118.382 0
118.715 0
119.047 0
119.381 0
119.714 0
120.047 0
120.38 0
120.713 0
121.046 0
121.379 0
121.712 0
122.045 0
122.378 0
122.711 0
123.044 0
123.377 0
123.71 0
124.043 0
124.376 0
124.709 0
125.042 0
125.375 0
125.708 0
126.041 0
126.374 0
126.707 0
127.04 0
127.373 0
127.706 0
128.038 0
128.371 0
128.704 0
129.037 0
129.371 0
129.704 0
130.037 0
130.37 0
130.703 0
131.036 0
131.369 0
131.702 0
132.035 0
132.368 0
132.701 0
133.034 0
133.367 0
133.7 0
134.032 0
134.365 0
134.698 0
135.031 0
135.365 0
135.698 0
136.031 0
136.364 0
136.697 0
137.03 0
137.363 0
137.696 0
138.029 0
138.362 0
138.695 0
139.028 0
139.361 0
139.694 0
140.026 0
140.359 0
140.692 0
141.025 0
141.359 0
141.692 0
142.025 0
142.358 0
142.691 0
143.024 0
143.357 0
143.69 0
144.023 0
144.356 0
144.689 0
145.022 0
145.355 0
145.688 0
146.02 0
146.353 0
146.686 0
147.02 0
147.353 0
147.686 0
148.019 0
148.352 0
148.685 0
149.018 0
149.351 0
149.684 0
150.017 0
150.35 0
150.683 0
151.016 0
151.349 0
151.681 0
152.014 0
152.347 0
152.68 0
153.014 0
153.347 0
153.68 0
154.013 0
154.346 0
154.679 0
155.012 0
155.345 0
155.678 0
156.011 0
156.344 0
156.677 0
157.01 0
157.343 0
157.675 0
158.008 0
158.341 0
158.674 0
159.008 0
159.341 0
159.674 0
160.007 0
160.34 0
160.673 0
161.006 0
161.339 0
161.672 0
162.005 0
162.338 0
162.671 0
163.004 0
163.337 0
163.669 0
164.002 0
164.335 0
164.669 0
165.002 0
165.335 0
165.668 0
166.001 0
166.334 0
166.667 0
167 0
167.333 0
167.666 0
167.999 0
168.332 0
168.665 0
168.998 0
169.331 0
169.663 0
169.996 0
170.329 0
170.663 0
170.996 0
171.329 0
171.662 0
171.995 0
172.328 0
172.661 0
172.994 0
173.327 0
173.66 0
173.993 0
174.326 0
174.659 0
174.992 0
175.325 0
175.657 0
175.99 0
176.323 0
176.657 0
176.99 0
177.323 0
177.656 0
177.989 0
178.322 0
178.655 0
178.988 0
179.321 0
179.654 0
179.987 0
180.32 0
180.653 0
180.986 0
181.319 0
181.651 0
181.984 0
182.318 0
182.651 0
182.984 0
183.317 0
183.65 0
183.983 0
184.316 0
184.649 0
184.982 0
185.315 0
185.648 0
185.981 0
186.314 0
186.647 0
186.98 0
187.312 0
187.645 0
187.978 0
188.312 0
188.645 0
188.978 0
189.311 0
189.644 0
189.977 0
190.31 0
190.643 0
190.976 0
191.309 0
191.642 0
191.975 0
192.308 0
192.641 0
192.974 0
193.306 0
193.639 0
193.972 0
194.306 0
194.639 0
194.972 0
195.305 0
195.638 0
195.971 0
196.304 0
196.637 0
196.97 0
197.303 0
197.636 0
197.969 0
198.302 0
198.635 0
198.968 0
199.3 0
199.633 0
199.967 0
200.3 0
200.633 0
200.966 0
201.299 0
201.632 0
201.965 0
202.298 0
202.631 0
202.964 0
203.297 0
203.63 0
203.963 0
204.296 0
204.629 0
204.962 0
205.294 0
205.627 0
205.961 0
206.294 0
206.627 0
206.96 0
207.293 0
207.626 0
207.959 0
208.292 0
208.625 0
208.958 0
209.291 0
209.624 0
209.957 0
210.29 0
210.623 0
210.956 0
211.288 0
211.621 0
211.955 0
212.288 0
212.621 0
212.954 0
213.287 0
213.62 0
213.953 0
214.286 0
214.619 0
214.952 0
215.285 0
215.618 0
215.951 0
216.284 0
216.617 0
216.95 0
217.282 0
217.616 0
217.949 0
218.282 0
218.615 0
218.948 0
219.281 0
219.614 0
219.947 0
220.28 0
220.613 0
220.946 0
221.279 0
221.612 0
221.945 0
222.278 0
222.611 0
222.944 0
223.276 0
223.61 0
223.943 0
224.276 0
224.609 0
224.942 0
225.275 0
225.608 0
225.941 0
226.274 0
226.607 0
226.94 0
227.273 0
227.606 0
227.939 0
228.272 0
228.605 0
228.938 0
229.27 0
229.604 0
229.937 0
230.27 0
230.603 0
230.936 0
231.269 0
231.602 0
231.935 0
232.268 0
232.601 0
232.934 0
233.267 0
233.6 0
233.933 0
234.266 0
234.599 0
234.931 0
235.265 0
235.598 0
235.931 0
236.264 0
236.597 0
236.93 0
237.263 0
237.596 0
237.929 0
238.262 0
238.595 0
238.928 0
239.261 0
239.594 0
239.927 0
240.26 0
240.593 0
240.925 0
241.259 0
241.592 0
241.925 0
242.258 0
242.591 0
242.924 0
243.257 0
243.59 0
243.923 0
244.256 0
244.589 0
244.922 0
245.255 0
245.588 0
245.921 0
246.254 0
246.587 0
246.919 0
247.253 0
247.586 0
247.919 0
248.252 0
248.585 0
248.918 0
249.251 0
249.584 0
249.917 0
250.25 0
250.583 0
250.916 0
251.249 0
251.582 0
251.915 0
252.248 0
252.581 0
252.914 0
253.247 0
253.58 0
253.913 0
254.246 0
254.579 0
254.912 0
255.245 0
255.578 0
255.911 0
256.244 0
256.577 0
256.91 0
257.243 0
257.576 0
257.909 0
258.242 0
258.575 0
258.908 0
259.24 0
259.574 0
259.906 0
260.24 0
260.572 0
260.906 0
261.238 0
261.572 0
261.905 0
262.238 0
262.571 0
262.904 0
263.237 0
263.57 0
263.903 0
264.236 0
264.569 0
264.901 0
265.235 0
265.567 0
265.901 0
266.233 0
266.567 0
266.899 0
267.233 0
267.566 0
267.899 0
268.232 0
268.565 0
268.898 0
269.231 0
269.564 0
269.897 0
270.23 0
270.562 0
270.896 0
271.228 0
271.562 0
271.894 0
272.228 0
272.56 0
272.894 0
273.226 0
273.56 0
273.893 0
274.226 0
274.559 0
274.892 0
275.225 0
275.558 0
275.891 0
276.224 0
276.557 0
276.889 0
277.223 0
277.555 0
277.889 0
278.221 0
278.555 0
278.887 0
279.221 0
279.554 0
279.887 0
280.22 0
280.553 0
280.886 0
281.219 0
281.552 0
281.885 0
282.218 0
282.55 0
282.884 0
283.216 0
283.55 0
283.882 0
284.216 0
284.548 0
284.882 0
285.215 0
285.548 0
285.881 0
286.214 0
286.547 0
286.88 0
287.213 0
287.546 0
287.879 0
288.212 0
288.545 0
288.877 0
289.211 0
289.543 0
289.877 0
290.209 0
290.543 0
290.875 0
291.209 0
291.542 0
291.875 0
292.208 0
292.541 0
292.874 0
293.207 0
293.54 0
293.873 0
294.206 0
294.538 0
294.872 0
295.204 0
295.538 0
295.87 0
296.204 0
296.536 0
296.87 0
297.203 0
297.536 0
297.869 0
298.202 0
298.535 0
298.868 0
299.201 0
299.534 0
299.867 0
300.2 0
300.533 0
300.865 0
301.199 0
301.531 0
301.865 0
302.197 0
302.531 0
302.864 0
303.197 0
303.53 0
303.863 0
304.196 0
304.529 0
304.862 0
305.195 0
305.528 0
305.861 0
306.194 0
306.526 0
306.86 0
307.192 0
307.526 0
307.858 0
308.192 0
308.524 0
308.858 0
309.191 0
309.524 0
309.857 0
310.19 0
310.523 0
310.856 0
311.189 0
311.522 0
311.855 0
312.188 0
312.521 0
312.853 0
313.187 0
313.519 0
313.853 0
314.185 0
314.519 0
314.852 0
315.185 0
315.518 0
315.851 0
316.184 0
316.517 0
316.85 0
317.183 0
317.516 0
317.849 0
318.182 0
318.514 0
318.848 0
319.18 0
319.514 0
319.846 0
320.18 0
320.513 0
320.846 0
321.179 0
321.512 0
321.845 0
322.178 0
322.511 0
322.844 0
323.177 0
323.51 0
323.843 0
324.175 0
324.509 0
324.841 0
325.175 0
325.507 0
325.841 0
326.173 0
326.507 0
326.84 0
327.173 0
327.506 0
327.839 0
328.172 0
328.505 0
328.838 0
329.171 0
329.504 0
329.837 0
330.17 0
330.502 0
330.836 0
331.168 0
331.502 0
331.834 0
332.168 0
332.501 0
332.834 0
333.167 0
333.5 0
333.833 0
334.166 0
334.499 0
334.832 0
335.165 0
335.498 0
335.831 0
336.163 0
336.497 0
336.829 0
337.163 0
337.495 0
337.829 0
338.162 0
338.495 0
338.828 0
339.161 0
339.494 0
339.827 0
340.16 0
340.493 0
340.826 0
341.159 0
341.492 0
341.825 0
342.158 0
342.49 0
342.824 0
343.156 0
343.49 0
343.822 0
344.156 0
344.489 0
344.822 0
345.155 0
345.488 0
345.821 0
346.154 0
346.487 0
346.82 0
347.153 0
347.486 0
347.819 0
348.151 0
348.485 0
348.817 0
349.151 0
349.483 0
349.817 0
350.15 0
350.483 0
350.816 0
351.149 0
351.482 0
351.815 0
352.148 0
352.481 0
352.814 0
353.147 0
353.48 0
353.812 0
354.146 0
354.478 0
354.812 0
355.144 0
355.478 0
355.811 0
356.144 0
356.477 0
356.81 0
357.143 0
357.476 0
357.809 0
358.142 0
358.475 0
358.808 0
359.141 0
359.474 0
359.807 0
360.139 0
360.473 0
360.805 0
361.139 0
361.471 0
361.805 0
362.138 0
362.471 0
362.804 0
363.137 0
363.47 0
363.803 0
364.136 0
364.469 0
364.802 0
365.135 0
365.468 0
365.8 0
366.134 0
366.466 0
366.8 0
367.132 0
367.466 0
367.799 0
368.132 0
368.465 0
368.798 0
369.131 0
369.464 0
369.797 0
370.13 0
370.463 0
370.796 0
371.129 0
371.462 0
371.795 0
372.127 0
372.461 0
372.793 0
373.127 0
373.46 0
373.793 0
374.126 0
374.459 0
374.792 0
375.125 0
375.458 0
375.791 0
376.124 0
376.457 0
376.79 0
377.123 0
377.456 0
377.788 0
378.122 0
378.454 0
378.788 0
379.12 0
379.454 0
379.787 0
380.12 0
380.453 0
380.786 0
381.119 0
381.452 0
381.785 0
382.118 0
382.451 0
382.784 0
383.117 0
383.45 0
383.783 0
384.115 0
384.449 0
384.781 0
385.115 0
385.448 0
385.781 0
386.114 0
386.447 0
386.78 0
387.113 0
387.446 0
387.779 0
388.112 0
388.445 0
388.778 0
389.111 0
389.444 0
389.776 0
390.11 0
390.442 0
390.776 0
391.109 0
391.442 0
391.775 0
392.108 0
392.441 0
392.774 0
393.107 0
393.44 0
393.773 0
394.106 0
394.439 0
394.772 0
395.105 0
395.438 0
395.771 0
396.103 0
396.437 0
396.769 0
397.103 0
397.436 0
397.769 0
398.102 0
398.435 0
398.768 0
399.101 0
399.434 0
399.767 0
400.1 0
400.433 0
400.766 0
401.099 0
401.432 0
401.764 0
402.098 0
402.43 0
402.764 0
403.097 0
403.43 0
403.763 0
404.096 0
404.429 0
404.762 0
405.095 0
405.428 0
405.761 0
406.094 0
406.427 0
406.76 0
407.093 0
407.425 0
407.759 0
408.091 0
408.425 0
408.758 0
409.091 0
409.424 0
409.757 0
410.09 0
410.423 0
410.756 0
411.089 0
411.422 0
411.755 0
412.088 0
412.421 0
412.754 0
413.087 0
413.42 0
413.752 0
414.086 0
414.418 0
414.752 0
415.085 0
415.418 0
415.751 0
416.084 0
416.417 0
416.75 0
417.083 0
417.416 0
417.749 0
418.082 0
418.415 0
418.748 0
419.081 0
419.413 0
419.747 0
420.079 0
420.413 0
420.746 0
421.079 0
421.412 0
421.745 0
422.078 0
422.411 0
422.744 0
423.077 0
423.41 0
423.743 0
424.076 0
424.409 0
424.742 0
425.075 0
425.408 0
425.74 0
426.074 0
426.407 0
426.74 0
427.073 0
427.406 0
427.739 0
428.072 0
428.405 0
428.738 0
429.071 0
429.404 0
429.737 0
430.07 0
430.403 0
430.736 0
431.069 0
431.401 0
431.735 0
432.067 0
432.401 0
432.734 0
433.067 0
433.4 0
433.733 0
434.066 0
434.399 0
434.732 0
435.065 0
435.398 0
435.731 0
436.064 0
436.397 0
436.73 0
437.062 0
437.396 0
437.728 0
438.062 0
438.395 0
438.728 0
439.061 0
439.394 0
439.727 0
440.06 0
440.393 0
440.726 0
441.059 0
441.392 0
441.725 0
442.058 0
442.391 0
442.724 0
443.057 0
443.389 0
443.723 0
444.056 0
444.389 0
444.722 0
445.055 0
445.388 0
445.721 0
446.054 0
446.387 0
446.72 0
447.053 0
447.386 0
447.719 0
448.052 0
448.385 0
448.718 0
449.05 0
449.384 0
449.716 0
450.05 0
450.383 0
450.716 0
451.049 0
451.382 0
451.715 0
452.048 0
452.381 0
452.714 0
453.047 0
453.38 0
453.713 0
454.046 0
454.379 0
454.712 0
455.045 0
455.377 0
455.711 0
456.044 0
456.377 0
456.71 0
457.043 0
457.376 0
457.709 0
458.042 0
458.375 0
458.708 0
459.041 0
459.374 0
459.707 0
460.04 0
460.373 0
460.706 0
461.038 0
461.372 0
461.705 0
462.038 0
462.371 0
462.704 0
463.037 0
463.37 0
463.703 0
464.036 0
464.369 0
464.702 0
465.035 0
465.368 0
465.701 0
466.034 0
466.367 0
466.7 0
467.033 0
467.365 0
467.699 0
468.032 0
468.365 0
468.698 0
469.031 0
469.364 0
469.697 0
470.03 0
470.363 0
470.696 0
471.029 0
471.362 0
471.695 0
472.028 0
472.361 0
472.694 0
473.026 0
473.36 0
473.693 0
474.026 0
474.359 0
474.692 0
475.025 0
475.358 0
475.691 0
476.024 0
476.357 0
476.69 0
477.023 0
477.356 0
477.689 0
478.022 0
478.355 0
478.688 0
479.021 0
479.354 0
479.687 0
480.02 0
480.353 0
480.686 0
481.019 0
481.352 0
481.685 0
482.018 0
