-4.9 0
-4.7 0
-4.5 0
-4.3 0
-4.1 0
-3.9 0
-3.7 0
-3.5 0
-3.3 2.22739e-08
-3.1 3.60242e-08
-2.9 4.44557e-07
-2.7 1.47513e-06
-2.5 1.65597e-05
-2.3 0.0001561
-2.1 0.000479904
-1.9 0.00823307
-1.7 0.00701865
-1.5 0.0692607
-1.3 0.103196
-1.1 0.457888
-0.9 0.401806
-0.7 1.07105
-0.5 1.97322
-0.3 3.42884
-0.1 3.36903
0.1 3.17893
0.3 3.01245
0.5 2.13559
0.7 0.906074
0.9 0.570455
1.1 0.314481
1.3 0.0878606
1.5 0.0446201
1.7 0.016312
1.9 0.00822602
2.1 0.000477489
2.3 0.000159467
2.5 3.21357e-05
2.7 7.38295e-06
2.9 9.36352e-07
3.1 2.81318e-08
3.3 3.00596e-09
3.5 0
3.7 0
3.9 0
4.1 0
4.3 0
4.5 0
4.7 0
4.9 0
