0.1 1.78993
0.3 5.76953
0.5 12.4935
0.7 15.9213
0.9 18.3063
1.1 19.949
1.3 20.6853
1.5 20.9949
1.7 21.1043
1.9 21.1503
2.1 21.1629
2.3 21.1652
2.5 21.1658
2.7 21.1659
2.9 21.1659
3.1 21.1659
3.3 21.1659
3.5 21.1659
3.7 21.1659
3.9 21.1659
4.1 21.1659
4.3 21.1659
4.5 21.1659
4.7 21.1659
4.9 21.1659
5.1 21.1659
5.3 21.1659
5.5 21.1659
5.7 21.1659
5.9 21.1659
6.1 21.1659
6.3 21.1659
6.5 21.1659
6.7 21.1659
6.9 21.1659
7.1 21.1659
7.3 21.1659
7.5 21.1659
7.7 21.1659
7.9 21.1659
8.1 21.1659
8.3 21.1659
8.5 21.1659
8.7 21.1659
8.9 21.1659
9.1 21.1659
9.3 21.1659
9.5 21.1659
9.7 21.1659
9.9 21.1659
10.1 21.1659
10.3 21.1659
10.5 21.1659
10.7 21.1659
10.9 21.1659
11.1 21.1659
11.3 21.1659
11.5 21.1659
11.7 21.1659
11.9 21.1659
12.1 21.1659
12.3 21.1659
12.5 21.1659
12.7 21.1659
12.9 21.1659
13.1 21.1659
13.3 21.1659
13.5 21.1659
13.7 21.1659
13.9 21.1659
