0.1 64.2501
0.3 257.978
0.5 526.744
0.7 758.551
0.9 959.525
1.1 1129.62
1.3 1268.97
1.5 1377.44
1.7 1447.97
1.9 1499.87
2.1 1522.75
2.3 1530.19
2.5 1530.42
2.7 1530.42
2.9 1530.42
3.1 1530.42
3.3 1530.42
3.5 1530.42
3.7 1530.42
3.9 1530.42
4.1 1530.42
4.3 1530.42
4.5 1530.42
4.7 1530.42
4.9 1530.42
5.1 1530.42
5.3 1530.42
5.5 1530.42
5.7 1530.42
5.9 1530.42
6.1 1530.42
6.3 1530.42
6.5 1530.42
6.7 1530.42
6.9 1530.42
7.1 1530.42
7.3 1530.42
7.5 1530.42
7.7 1530.42
7.9 1530.42
8.1 1530.42
8.3 1530.42
8.5 1530.42
8.7 1530.42
8.9 1530.42
9.1 1530.42
9.3 1530.42
9.5 1530.42
9.7 1530.42
9.9 1530.42
10.1 1530.42
10.3 1530.42
10.5 1530.42
10.7 1530.42
10.9 1530.42
11.1 1530.42
11.3 1530.42
11.5 1530.42
11.7 1530.42
11.9 1530.42
12.1 1530.42
12.3 1530.42
12.5 1530.42
12.7 1530.42
12.9 1530.42
13.1 1530.42
13.3 1530.42
13.5 1530.42
13.7 1530.42
13.9 1530.42
