30.0 0.0274869583825
30.1 0.0283737107658
30.2 0.0292890705263
30.3 0.0302339605621
30.4 0.0312093335448
30.5 0.0322161728798
30.6 0.0332554936981
30.7 0.0343283438797
30.8 0.03543580511
30.9 0.0365789939705
31.0 0.0377590630647
31.1 0.0388318761013
31.2 0.0399351699739
31.3 0.0410698107062
31.4 0.0422366889272
31.5 0.0434367205707
31.6 0.0446708475938
31.7 0.0459400387168
31.8 0.0472452901832
31.9 0.048587626542
32.0 0.0499681014516
32.1 0.0512371963214
32.2 0.0525385237904
32.3 0.0538729025055
32.4 0.0552411719054
32.5 0.0566441927493
32.6 0.0580828476578
32.7 0.0595580416684
32.8 0.061070702805
32.9 0.0626217826614
33.0 0.0642122570001
33.1 0.065650159961
33.2 0.0671202618357
33.3 0.0686232836533
33.4 0.0701599625891
33.5 0.0717310523259
33.6 0.0733373234234
33.7 0.0749795636969
33.8 0.0766585786028
33.9 0.0783751916344
34.0 0.0801302447252
34.1 0.0817411887673
34.2 0.0833845193411
34.3 0.0850608875476
34.4 0.0867709575778
34.5 0.0885154069754
34.6 0.0902949269056
34.7 0.092110222429
34.8 0.0939620127804
34.9 0.0958510316546
35.0 0.0977780274962
35.1 0.0995390504433
35.2 0.101331790146
35.3 0.103156817837
35.4 0.105014715035
35.5 0.106906073735
35.6 0.108831496592
35.7 0.110791597115
35.8 0.112786999864
35.9 0.114818340646
36.0 0.116886266721
36.1 0.118775738842
36.2 0.120695754371
36.3 0.122646807043
36.4 0.124629398575
36.5 0.126644038794
36.6 0.12869124577
36.7 0.130771545945
36.8 0.132885474272
36.9 0.135033574352
37.0 0.137216398573
37.1 0.13921889373
37.2 0.141250612703
37.3 0.143311981976
37.4 0.145403434258
37.5 0.147525408569
37.6 0.14967835034
37.7 0.151862711501
37.8 0.154078950576
37.9 0.156327532783
38.0 0.158608930127
38.1 0.160700501943
38.2 0.162819655263
38.3 0.164966753802
38.4 0.167142166074
38.5 0.16934626545
38.6 0.171579430228
38.7 0.17384204369
38.8 0.176134494178
38.9 0.17845717515
39.0 0.180810485255
39.1 0.182970119487
39.2 0.185155548793
39.3 0.187367081276
39.4 0.189605028715
39.5 0.191869706618
39.6 0.194161434256
39.7 0.196480534718
39.8 0.198827334949
39.9 0.201202165801
40.0 0.203605362076
40.1 0.205811990248
40.2 0.20804253335
40.3 0.210297250565
40.4 0.212576403888
40.5 0.214880258152
40.6 0.217209081059
40.7 0.219563143214
40.8 0.221942718154
40.9 0.224348082381
41.0 0.226779515394
41.1 0.229017212425
41.2 0.231276989441
41.3 0.233559064309
41.4 0.235863657049
41.5 0.238190989852
41.6 0.2405412871
41.7 0.24291477539
41.8 0.245311683553
41.9 0.247732242682
42.0 0.250176686145
42.1 0.252422893213
42.2 0.254689267813
42.3 0.256975991019
42.4 0.259283245529
42.5 0.261611215684
42.6 0.263960087479
42.7 0.266330048579
42.8 0.268721288334
42.9 0.271133997794
43.0 0.273568369724
43.1 0.275818460008
43.2 0.278087057206
43.3 0.280374313537
43.4 0.282680382471
43.5 0.285005418742
43.6 0.287349578355
43.7 0.289713018598
43.8 0.292095898055
43.9 0.294498376613
44.0 0.296920615473
44.1 0.299155172901
44.2 0.301406547103
44.3 0.303674864639
44.4 0.30596025302
44.5 0.308262840717
44.6 0.310582757168
44.7 0.312920132786
44.8 0.315275098965
44.9 0.317647788087
45.0 0.320038333531
45.1 0.322249050453
45.2 0.324475038263
45.3 0.326716402447
45.4 0.328973249218
45.5 0.331245685526
45.6 0.333533819059
45.7 0.335837758246
45.8 0.338157612269
45.9 0.340493491061
46.0 0.342845505316
46.1 0.345020390978
46.2 0.347209073314
46.3 0.349411639845
46.4 0.351628178646
46.5 0.353858778354
46.6 0.356103528166
46.7 0.358362517843
46.8 0.36063583772
46.9 0.3629235787
47.0 0.365225832268
47.1 0.367366212002
47.2 0.369519135279
47.3 0.371684675607
47.4 0.373862906929
47.5 0.376053903619
47.6 0.378257740488
47.7 0.380474492784
47.8 0.382704236197
47.9 0.384947046862
48.0 0.387203001357
48.1 0.389285168616
48.2 0.391378532639
48.3 0.393483153636
48.4 0.395599092141
48.5 0.397726409012
48.6 0.399865165438
48.7 0.402015422932
48.8 0.404177243343
48.9 0.406350688849
49.0 0.408535821963
49.1 0.410568351872
49.2 0.412610993937
49.3 0.414663798466
49.4 0.416726816021
49.5 0.418800097413
49.6 0.420883693705
49.7 0.422977656216
49.8 0.42508203652
49.9 0.427196886446
50.0 0.429322258083
50.1 0.431308572456
50.2 0.433304076766
50.3 0.435308813532
50.4 0.43732282547
50.5 0.439346155491
50.6 0.441378846708
50.7 0.443420942431
50.8 0.445472486171
50.9 0.447533521641
51.0 0.449604092755
51.1 0.451515550417
51.2 0.453435134496
51.3 0.455362879541
51.4 0.457298820248
51.5 0.459242991459
51.6 0.461195428167
51.7 0.463156165512
51.8 0.465125238782
51.9 0.467102683418
52.0 0.469088535009
52.1 0.470957152506
52.2 0.472833213654
52.3 0.474716748105
52.4 0.476607785628
52.5 0.478506356113
52.6 0.480412489567
52.7 0.482326216117
52.8 0.48424756601
52.9 0.486176569614
53.0 0.488113257417
53.1 0.489900777476
53.2 0.491694843614
53.3 0.493495479803
53.4 0.495302710104
53.5 0.497116558664
53.6 0.498937049722
53.7 0.500764207601
53.8 0.502598056718
53.9 0.504438621575
54.0 0.506285926766
54.1 0.508017988642
54.2 0.5097559761
54.3 0.51149990941
54.4 0.513249808915
54.5 0.515005695026
54.6 0.516767588224
54.7 0.518535509059
54.8 0.520309478153
54.9 0.522089516197
55.0 0.523875643954
55.1 0.525555687949
55.2 0.527241119764
55.3 0.528931956679
55.4 0.530628216025
55.5 0.532329915194
55.6 0.53403707163
55.7 0.535749702835
55.8 0.537467826366
55.9 0.539191459836
56.0 0.540920620916
56.1 0.542525031602
56.2 0.544134201089
56.3 0.545748143491
56.4 0.547366872967
56.5 0.548990403715
56.6 0.550618749975
56.7 0.552251926031
56.8 0.553889946208
56.9 0.555532824875
57.0 0.557180576441
57.1 0.558728850225
57.2 0.560281426298
57.3 0.561838316614
57.4 0.563399533162
57.5 0.564965087965
57.6 0.566534993075
57.7 0.568109260583
57.8 0.56968790261
57.9 0.571270931312
58.0 0.572858358878
58.1 0.57434291584
58.2 0.575831320017
58.3 0.577323581379
58.4 0.578819709923
58.5 0.580319715669
58.6 0.581823608665
58.7 0.583331398986
58.8 0.584843096732
58.9 0.586358712027
59.0 0.587878255025
59.1 0.589307385526
59.2 0.590739990239
59.3 0.592176077611
59.4 0.593615656107
59.5 0.595058734214
59.6 0.596505320441
59.7 0.597955423315
59.8 0.599409051386
59.9 0.600866213222
60.0 0.602326917415
60.1 0.603694518762
60.2 0.60506522529
60.3 0.606439044047
60.4 0.607815982101
60.5 0.609196046535
60.6 0.610579244446
60.7 0.611965582949
60.8 0.613355069176
60.9 0.614747710273
61.0 0.616143513403
61.1 0.617460105397
61.2 0.618779510721
61.3 0.620101735385
61.4 0.621426785415
61.5 0.622754666847
61.6 0.624085385731
61.7 0.625418948132
61.8 0.626755360124
61.9 0.628094627798
62.0 0.629436757254
62.1 0.630680780191
62.2 0.631927261822
62.3 0.633176207008
62.4 0.634427620618
62.5 0.63568150753
62.6 0.636937872632
62.7 0.638196720822
62.8 0.639458057008
62.9 0.640721886107
63.0 0.641988213046
63.1 0.643205554982
63.2 0.644425205249
63.3 0.645647168223
63.4 0.646871448292
63.5 0.648098049848
63.6 0.649326977293
63.7 0.650558235038
63.8 0.651791827501
63.9 0.653027759109
64.0 0.654266034299
64.1 0.655419212733
64.2 0.656574423705
64.3 0.657731670798
64.4 0.658890957599
64.5 0.660052287705
64.6 0.661215664716
64.7 0.662381092241
64.8 0.663548573893
64.9 0.664718113294
65.0 0.665889714069
65.1 0.666992189743
65.2 0.668096490722
65.3 0.66920262003
65.4 0.670310580693
65.5 0.671420375744
65.6 0.672532008219
65.7 0.673645481161
65.8 0.674760797616
65.9 0.675877960637
66.0 0.676996973282
66.1 0.678063560492
66.2 0.679131828077
66.3 0.680201778684
66.4 0.681273414964
66.5 0.682346739572
66.6 0.68342175517
66.7 0.68449846442
66.8 0.685576869991
66.9 0.686656974557
67.0 0.687738780792
67.1 0.688748779122
67.2 0.689760260713
67.3 0.690773227745
67.4 0.691787682398
67.5 0.692803626857
67.6 0.693821063311
67.7 0.694839993949
67.8 0.695860420967
67.9 0.696882346562
68.0 0.697905772936
68.1 0.698893405774
68.2 0.699882436248
68.3 0.700872866337
68.4 0.701864698021
68.5 0.702857933284
68.6 0.703852574111
68.7 0.704848622492
68.8 0.705846080419
68.9 0.706844949887
69.0 0.707845232892
69.1 0.708771282115
69.2 0.709698542857
69.3 0.710627016701
69.4 0.711556705235
69.5 0.712487610049
69.6 0.713419732732
69.7 0.714353074879
69.8 0.715287638086
69.9 0.716223423948
70.0 0.717160434067
70.1 0.718041191766
70.2 0.718923031139
70.3 0.719805953515
70.4 0.720689960224
70.5 0.721575052598
70.6 0.722461231969
70.7 0.723348499674
70.8 0.724236857048
70.9 0.72512630543
71.0 0.726016846159
71.1 0.726889085582
71.2 0.727762372917
71.3 0.728636709422
71.4 0.729512096359
71.5 0.730388534988
71.6 0.731266026575
71.7 0.732144572383
71.8 0.73302417368
71.9 0.733904831733
72.0 0.734786547812
72.1 0.735590811338
72.2 0.736395955173
72.3 0.737201980282
72.4 0.73800888763
72.5 0.73881667818
72.6 0.739625352901
72.7 0.74043491276
72.8 0.741245358727
72.9 0.742056691769
73.0 0.74286891286
73.1 0.743662180432
73.2 0.744456295089
73.3 0.745251257736
73.4 0.746047069279
73.5 0.746843730624
73.6 0.747641242678
73.7 0.74843960635
73.8 0.749238822549
73.9 0.750038892186
74.0 0.750839816172
74.1 0.751581432289
74.2 0.752323780911
74.3 0.753066862762
74.4 0.753810678567
74.5 0.75455522905
74.6 0.755300514938
74.7 0.756046536956
74.8 0.756793295831
74.9 0.757540792291
75.0 0.758289027066
75.1 0.759017748624
75.2 0.75974717049
75.3 0.760477293335
75.4 0.761208117834
75.5 0.761939644661
75.6 0.762671874491
75.7 0.763404807999
75.8 0.764138445862
75.9 0.764872788757
76.0 0.765607837361
76.1 0.766300653897
76.2 0.76699409738
76.3 0.767688168376
76.4 0.768382867453
76.5 0.76907819518
76.6 0.769774152125
76.7 0.770470738858
76.8 0.771167955949
76.9 0.771865803968
77.0 0.772564283486
77.1 0.773226258206
77.2 0.773888800142
77.3 0.774551909779
77.4 0.775215587605
77.5 0.775879834105
77.6 0.619768378849
77.7 0.559838094797
77.8 0.518330063317
77.9 0.48582643033
78.0 0.458875073769
78.1 0.435739973303
78.2 0.41544334874
78.3 0.397346030728
78.4 0.381010787486
78.5 0.366123610767
78.6 0.352450422439
78.7 0.339811501485
78.8 0.328065513817
78.9 0.317099082955
79.0 0.30681972414
79.1 0.297139807798
79.2 0.288006999943
79.3 0.279366946625
79.4 0.271173174673
79.5 0.26338561167
79.6 0.255969442163
79.7 0.24889421161
79.8 0.242133115773
79.9 0.235662430911
80.0 0.229461052296
80.1 0.223501171698
80.2 0.217775260429
80.3 0.212268032978
80.4 0.206965662777
80.5 0.201855600096
80.6 0.196926417786
80.7 0.192167679862
80.8 0.187569828957
80.9 0.183124089464
81.0 0.178822383786
81.1 0.174651667485
81.2 0.170610900823
81.3 0.166693687862
81.4 0.162894091023
81.5 0.15920658804
81.6 0.155626033882
81.7 0.152147626981
81.8 0.148766879175
81.9 0.145479588901
82.0 0.142281817201
82.1 0.139165038999
82.2 0.136130815739
82.3 0.133175867406
82.4 0.130297103
82.5 0.12749160626
82.6 0.124756622726
82.7 0.122089547967
82.8 0.119487916883
82.9 0.116949393931
83.0 0.114471764213
83.1 0.11204933763
83.2 0.109683855801
83.3 0.107373414151
83.4 0.105116200154
83.5 0.102910487508
83.6 0.100754630763
83.7 0.0986470603626
83.8 0.0965862780648
83.9 0.0945708526978
84.0 0.0925994162318
84.1 0.0906682409055
84.2 0.0887785942997
84.3 0.0869292737296
84.4 0.0851191266655
84.5 0.0833470479969
84.6 0.0816119774802
84.7 0.0799128973567
84.8 0.0782488301255
84.9 0.0766188364618
85.0 0.0750220132675
85.1 0.0734553358965
85.2 0.0719202143358
85.3 0.0704158409497
85.4 0.0689414377628
85.5 0.0674962550364
85.6 0.0660795699289
85.7 0.0646906852354
85.8 0.0633289281988
85.9 0.0619936493905
86.0 0.060684221653
86.1 0.0593984542214
86.2 0.0581374136771
86.3 0.056900531976
86.4 0.0556872597294
86.5 0.0544970654039
86.6 0.0533294345634
86.7 0.0521838691511
86.8 0.0510598868084
86.9 0.0499570202289
87.0 0.0488748165447
87.1 0.0478116885973
87.2 0.0467684089049
87.3 0.0457445631371
87.4 0.0447397492781
87.5 0.0437535771488
87.6 0.0427856679518
87.7 0.0418356538379
87.8 0.0409031774931
87.9 0.039987891745
88.0 0.0390894591864
88.1 0.038206736268
88.2 0.0373402565783
88.3 0.0364897089004
88.4 0.0356547904689
88.5 0.0348352066697
88.6 0.0340306707536
88.7 0.0332409035624
88.8 0.0324656332665
88.9 0.0317045951137
89.0 0.0309575311888
89.1 0.0302234643982
89.2 0.0295029101928
89.3 0.028795628868
89.4 0.0281013867119
89.5 0.02741995581
89.6 0.0267511138574
89.7 0.0260946439782
89.8 0.0254503345529
89.9 0.0248179790514
90.0 0.0241973758737
90.1 0.0235878246972
90.2 0.022989662351
90.3 0.0224027004092
90.4 0.0218267548112
90.5 0.0212616457293
90.6 0.0207071974416
90.7 0.0201632382096
90.8 0.01962960016
90.9 0.0191061191711
91.0 0.0185926347635
91.1 0.0180886521437
91.2 0.0175943741109
91.3 0.0171096499577
91.4 0.0166343322295
91.5 0.016168276632
91.6 0.0157113419432
91.7 0.0152633899276
91.8 0.0148242852534
91.9 0.0143938954131
92.0 0.0139720906461
92.1 0.0135584906259
92.2 0.0131532392365
92.3 0.0127562140603
92.4 0.0123672951521
92.5 0.0119863649736
92.6 0.0116133083303
92.7 0.0112480123099
92.8 0.0108903662237
92.9 0.0105402615487
93.0 0.0101975918723
93.1 0.00986206863986
93.2 0.00953378595796
93.3 0.00921264302918
93.4 0.00889854096857
93.5 0.00859138275599
93.6 0.00829107319003
93.7 0.00799751884322
93.8 0.00771062801869
93.9 0.00743031070808
94.0 0.00715647855071
94.1 0.00688893450743
94.2 0.00662771204408
94.3 0.00637272721064
94.4 0.00612389755847
94.5 0.00588114210503
94.6 0.00564438129961
94.7 0.00541353699002
94.8 0.00518853239029
94.9 0.00496929204923
95.0 0.00475574181991
95.1 0.00454773602423
95.2 0.00434528232249
95.3 0.00414831004269
95.4 0.00395674970771
95.5 0.00377053300869
95.6 0.00358959277917
95.7 0.00341386296988
95.8 0.00324327862428
95.9 0.00307777585467
96.0 0.00291729181908
96.1 0.00276172048557
96.2 0.00261105007296
96.3 0.00246522051075
96.4 0.00232417269118
96.5 0.00218784844868
96.6 0.00205619054017
96.7 0.00192914262568
96.8 0.00180664924947
96.9 0.00168865582179
97.0 0.00157510860095
97.1 0.00146593511868
97.2 0.00136110563148
97.3 0.00126056866708
97.4 0.00116427353708
97.5 0.00107217032067
97.6 0.000984209849617
97.7 0.00090034369297
97.8 0.00082052414264
97.9 0.000744704198867
98.0 0.000672837556405
98.1 0.000604870521292
98.2 0.000540767916649
98.3 0.000480485287387
98.4 0.000423978822912
98.5 0.000371205344213
98.6 0.000322122292301
98.7 0.000276687716131
98.8 0.000234860260704
98.9 0.000196599156813
99.0 0.000161864208996
99.1 0.000130614042527
99.2 0.000102812062854
99.3 7.84195958835e-05
99.4 5.73985045758e-05
99.5 3.97111751659e-05
99.6 2.53205081165e-05
99.7 1.41899078624e-05
99.8 6.28327968457e-06
100.1 1.55354193598e-06
100.2 6.19130803942e-06
100.3 1.38794787387e-05
100.4 2.45846114532e-05
100.5 3.82737335608e-05
100.6 5.49142921801e-05
100.7 7.44741660001e-05
100.8 9.69216460514e-05
100.9 0.000122225435573
101.0 0.000150354638713
101.1 0.000181276819668
101.2 0.000214963084237
101.3 0.000251383615089
101.4 0.000290508972252
101.5 0.000332310086305
101.6 0.000376758252173
101.7 0.000423825122695
101.8 0.000473482702787
101.9 0.000525703343892
102.0 0.000580459737624
102.1 0.000637718104359
102.2 0.000697457331108
102.3 0.000759651019112
102.4 0.00082427308955
102.5 0.000891297778004
102.6 0.000960699629581
102.7 0.00103245349386
102.8 0.00110653452014
102.9 0.00118291815223
103.0 0.00126158012433
103.1 0.00134247854576
103.2 0.00142560540881
103.3 0.00151093720212
103.4 0.00159845068777
103.5 0.00168812289687
103.6 0.0017799311256
103.7 0.00187385293085
103.8 0.00196986612633
103.9 0.00206794877857
104.0 0.00216807920298
104.1 0.002270217788
104.2 0.00237435984039
104.3 0.00248048435216
104.4 0.00258857055016
104.5 0.0026985978925
104.6 0.00281054606505
104.7 0.00292439497803
104.8 0.00304012476272
104.9 0.00315771576809
105.0 0.00327714855768
105.1 0.00339836763629
105.2 0.00352138763079
105.3 0.00364618967238
105.4 0.0037727550953
105.5 0.00390106543384
105.6 0.00403110241945
105.7 0.00416284797785
105.8 0.00429628422638
105.9 0.00443139347108
106.0 0.00456815820409
106.1 0.00470652342725
106.2 0.00484650742943
106.3 0.00498809320685
106.4 0.00513126393209
106.5 0.00527600295154
106.6 0.00542229378303
106.7 0.00557012011342
106.8 0.00571946579629
106.9 0.00587031484959
107.0 0.00602265145339
107.1 0.00617639402832
107.2 0.00633158967799
107.3 0.00648822300959
107.4 0.00664627878442
107.5 0.00680574191581
107.6 0.00696659746704
107.7 0.0071288306494
107.8 0.00729242682012
107.9 0.00745737148049
108.0 0.00762365027391
108.1 0.00779120740718
108.2 0.00796006857674
108.3 0.00813021982055
108.4 0.00830164731161
108.5 0.00847433735625
108.6 0.00864827639239
108.7 0.00882345098781
108.8 0.00899984783848
108.9 0.00917745376692
109.0 0.00935625572057
109.1 0.00953613899297
109.2 0.00971718868813
109.3 0.00989939208178
109.4 0.0100827365689
109.5 0.010267209662
109.6 0.0104527989901
109.7 0.0106394922969
109.8 0.0108272774394
109.9 0.0110161423865
110.0 0.0112060752177
110.1 0.0113969728939
110.2 0.011588911866
110.3 0.0117818805123
110.4 0.0119758673168
110.5 0.0121708608676
110.6 0.012366849856
110.7 0.012563823075
110.8 0.0127617694183
110.9 0.0129606778788
111.0 0.0131605375476
111.1 0.0133612663119
111.2 0.013562922604
111.3 0.0137654957878
111.4 0.0139689753211
111.5 0.0141733507544
111.6 0.0143786117297
111.7 0.0145847479797
111.8 0.0147917493266
111.9 0.0149996056809
112.0 0.0152083070407
112.1 0.015417720078
112.2 0.0156279550084
112.3 0.0158390020668
112.4 0.0160508515716
112.5 0.0162634939245
112.6 0.0164769196086
112.7 0.0166911191884
112.8 0.0169060833083
112.9 0.0171218026917
113.0 0.0173382681406
113.1 0.0175553300112
113.2 0.0177731162947
113.3 0.0179916180054
113.4 0.0182108262327
113.5 0.0184307321405
113.6 0.0186513269662
113.7 0.0188726020197
113.8 0.0190945486831
113.9 0.0193171584095
114.0 0.0195404227224
114.1 0.0197642277454
114.2 0.0199886682141
114.3 0.0202137358485
114.4 0.0204394224364
114.5 0.0206657198321
114.6 0.0208926199565
114.7 0.0211201147958
114.8 0.0213481964008
114.9 0.0215768568866
115.0 0.0218060884317
115.1 0.022035765686
115.2 0.0222659960865
115.3 0.0224967719891
115.4 0.0227280858109
115.5 0.0229599300296
115.6 0.0231922971822
115.7 0.0234251798652
115.8 0.0236585707336
115.9 0.0238924625003
116.0 0.0241268479356
116.1 0.0243615248627
116.2 0.0245966774027
116.3 0.0248322984832
116.4 0.0250683810874
116.5 0.0253049182532
116.6 0.0255419030725
116.7 0.0257793286913
116.8 0.0260171883085
116.9 0.026255475176
117.0 0.0264941825974
117.1 0.0267332325992
117.2 0.0269726886391
117.3 0.0272125441714
117.4 0.0274527927004
117.5 0.0276934277802
117.6 0.0279344430143
117.7 0.028175832055
117.8 0.0284175886028
117.9 0.0286597064062
118.0 0.0289021792613
118.1 0.0291447677193
118.2 0.0293876950705
118.3 0.0296309552425
118.4 0.0298745422089
118.5 0.0301184499887
118.6 0.0303626726459
118.7 0.0306072042893
118.8 0.0308520390718
118.9 0.0310971711902
119.0 0.0313425948847
119.1 0.0315881358722
119.2 0.0318339544205
119.3 0.0320800448934
119.4 0.0323264016966
119.5 0.0325730192777
119.6 0.0328198921254
119.7 0.0330670147691
119.8 0.0333143817792
119.9 0.0335619877658
120.0 0.0338098273792
120.1 0.0340578044363
120.2 0.0343060032138
120.3 0.0345544184775
120.4 0.0348030450318
120.5 0.035051877719
120.6 0.0353009114197
120.7 0.0355501410517
120.8 0.0357995615701
120.9 0.0360491679669
121.0 0.0362989552707
121.1 0.0365487235084
121.2 0.0367986601503
121.3 0.0370487603301
121.4 0.0372990192171
121.5 0.037549432016
121.6 0.037799993966
121.7 0.0380507003411
121.8 0.0383015464497
121.9 0.038552527634
122.0 0.0388036392701
122.1 0.0390546683568
122.2 0.0393058160661
122.3 0.0395570778717
122.4 0.0398084492803
122.5 0.0400599258308
122.6 0.0403115030947
122.7 0.0405631766753
122.8 0.0408149422075
122.9 0.041066795358
123.0 0.0413187318244
123.1 0.0415705254993
123.2 0.0418223912889
123.3 0.0420743249823
123.4 0.0423263223986
123.5 0.042578379387
123.6 0.0428304918268
123.7 0.0430826556268
123.8 0.0433348667253
123.9 0.0435871210897
124.0 0.0438394147164
124.1 0.044091625986
124.2 0.0443438672504
124.3 0.0445961345914
124.4 0.0448484241191
124.5 0.0451007319713
124.6 0.0453530543136
124.7 0.0456053873392
124.8 0.0458577272684
124.9 0.0461100703489
125.0 0.0463624128552
125.1 0.0466145023356
125.2 0.0468665811788
125.3 0.0471186457392
125.4 0.0473706923971
125.5 0.047622717559
125.6 0.0478747176571
125.7 0.0481266891495
125.8 0.0483786285194
125.9 0.0486305322756
126.0 0.0488823969517
126.1 0.0491340880075
126.2 0.0493857317822
126.3 0.0496373248841
126.4 0.0498888639459
126.5 0.0501403456249
126.6 0.050391766602
126.7 0.0506431235824
126.8 0.0508944132948
126.9 0.0511456324917
127.0 0.0513967779488
127.1 0.0516475708541
127.2 0.0518982809637
127.3 0.052148905124
127.4 0.0523994402044
127.5 0.0526498830968
127.6 0.052900230716
127.7 0.0531504799987
127.8 0.0534006279043
127.9 0.0536506714139
128.0 0.0539006075309
128.1 0.0541502887972
128.2 0.0543998554103
128.3 0.0546493044394
128.4 0.0548986329751
128.5 0.055147838129
128.6 0.055396917034
128.7 0.0556458668441
128.8 0.0558946847339
128.9 0.0561433678989
129.0 0.0563919135549
129.1 0.0566401678118
129.2 0.0568882777285
129.3 0.057136240583
129.4 0.0573840536735
129.5 0.057631714318
129.6 0.0578792198544
129.7 0.0581265676402
129.8 0.0583737550526
129.9 0.0586207794882
130.0 0.0588676383628
130.1 0.0591140136566
130.2 0.0593602156493
130.3 0.0596062418168
130.4 0.059852089654
130.5 0.0600977566744
130.6 0.0603432404103
130.7 0.0605885384124
130.8 0.0608336482499
130.9 0.0610785675103
131.0 0.0613232937994
131.1 0.0615678247409
131.2 0.0618121579766
131.3 0.0620562911662
131.4 0.062300221987
131.5 0.0625439481342
131.6 0.0627874673203
131.7 0.0630307772755
131.8 0.063273875747
131.9 0.0635167604995
132.0 0.0637594293148
132.1 0.0640015384549
132.2 0.0642434246889
132.3 0.0644850858527
132.4 0.0647265197994
132.5 0.0649677243984
132.6 0.0652086975358
132.7 0.0654494371143
132.8 0.0656899410529
132.9 0.0659302072867
133.0 0.0661702337674
133.1 0.0664098412685
133.2 0.0666492036896
133.3 0.0668883190323
133.4 0.0671271853138
133.5 0.067365800567
133.6 0.0676041628408
133.7 0.0678422701993
133.8 0.0680801207222
133.9 0.0683177125046
134.0 0.0685550436571
134.1 0.0687919287553
134.2 0.0690285482267
134.3 0.0692649002291
134.4 0.0695009829356
134.5 0.0697367945337
134.6 0.0699723332263
134.7 0.0702075972305
134.8 0.0704425847783
134.9 0.0706772941164
135.0 0.0709117235055
135.1 0.0711454915618
135.2 0.0713789737404
135.3 0.0716121683499
135.4 0.071845073713
135.5 0.0720776881665
135.6 0.0723100100614
135.7 0.0725420377625
135.8 0.0727737696486
135.9 0.073005204112
136.0 0.0732363395592
136.1 0.0734671744101
136.2 0.0736977070981
136.3 0.0739279360702
136.4 0.0741578597869
136.5 0.074387476722
136.6 0.0746167853626
136.7 0.074845784209
136.8 0.0750744717746
136.9 0.0753028465859
137.0 0.0755309071825
137.1 0.0757584499791
137.2 0.0759856744656
137.3 0.0762125792228
137.4 0.0764391628439
137.5 0.0766654239351
137.6 0.0768913611151
137.7 0.077116973015
137.8 0.0773422582786
137.9 0.0775672155619
138.0 0.0777918435333
138.1 0.0780159327125
138.2 0.0782396887588
138.3 0.0784631103799
138.4 0.0786861962957
138.5 0.0789089452379
138.6 0.0791313559504
138.7 0.0793534271889
138.8 0.0795751577208
138.9 0.0797965463254
139.0 0.0800175917939
139.1 0.0802380788385
139.2 0.0804582191885
139.3 0.0806780116725
139.4 0.0808974551304
139.5 0.0811165484137
139.6 0.0813352903852
139.7 0.0815536799191
139.8 0.0817717159007
139.9 0.0819893972266
140.0 0.0822067228045
140.1 0.0824234716317
140.2 0.082639861404
140.3 0.082855891065
140.4 0.0830715595692
140.5 0.0832868658818
140.6 0.083501808979
140.7 0.0837163878478
140.8 0.0839306014855
140.9 0.0841444489004
141.0 0.0843579291112
141.1 0.0845710411471
141.2 0.0847837840479
141.3 0.0849961568638
141.4 0.0852081586551
141.5 0.0854197884926
141.6 0.0856310454574
141.7 0.0858419286407
141.8 0.0860524371438
141.9 0.0862625700781
142.0 0.0864723265652
142.1 0.0866812431722
142.2 0.0868897793768
142.3 0.0870979343361
142.4 0.0873057072175
142.5 0.0875130971979
142.6 0.0877201034641
142.7 0.0879267252125
142.8 0.0881329616493
142.9 0.0883388119901
143.0 0.0885442754601
143.1 0.0887493512942
143.2 0.0889540387365
143.3 0.0891583370406
143.4 0.0893622454694
143.5 0.0895657632952
143.6 0.0897688897994
143.7 0.0899716242729
143.8 0.0901739660153
143.9 0.0903759143358
144.0 0.0905774685524
144.1 0.0907783857783
144.2 0.0909789064928
144.3 0.0911790300438
144.4 0.0913787557884
144.5 0.0915780830926
144.6 0.0917770113308
144.7 0.0919755398867
144.8 0.0921736681522
144.9 0.0923713955282
145.0 0.092568721424
145.1 0.0927653977421
145.2 0.0929616703765
145.3 0.0931575387653
145.4 0.0933530023551
145.5 0.093548060601
145.6 0.0937427129665
145.7 0.0939369589231
145.8 0.0941307979509
145.9 0.094324229538
146.0 0.0945172531809
146.1 0.0947098683841
146.2 0.0949020746601
146.3 0.0950938715297
146.4 0.0952852585215
146.5 0.0954762351723
146.6 0.0956668010265
146.7 0.0958569556367
146.8 0.0960466985631
146.9 0.096236029374
147.0 0.0964249476451
147.1 0.0966131951781
147.2 0.0968010283432
147.3 0.0969884467427
147.4 0.0971754499866
147.5 0.0973620376921
147.6 0.0975482094843
147.7 0.0977339649957
147.8 0.097919303866
147.9 0.0981042257427
148.0 0.0982887302803
148.1 0.0984725543976
148.2 0.0986559595278
148.3 0.0988389453507
148.4 0.0990215115534
148.5 0.0992036578302
148.6 0.0993853838825
148.7 0.0995666894188
148.8 0.0997475741548
148.9 0.099928037813
149.0 0.100108080123
149.1 0.100287700821
149.2 0.100466899652
149.3 0.100645676364
149.4 0.100824030716
149.5 0.101001962471
149.6 0.1011794714
149.7 0.10135655728
149.8 0.101533219897
149.9 0.101709459039
150.0 0.101885274506
150.1 0.102060393784
150.2 0.102235088068
150.3 0.102409357178
150.4 0.10258320094
150.5 0.102756619189
150.6 0.102929611764
150.7 0.103102178511
150.8 0.103274319283
150.9 0.103446033938
151.0 0.103617322342
151.1 0.10378790744
151.2 0.103958065127
151.3 0.104127795289
151.4 0.104297097821
151.5 0.10446597262
151.6 0.104634419593
151.7 0.10480243865
151.8 0.10497002971
151.9 0.105137192695
152.0 0.105303927535
152.1 0.105470234165
152.2 0.105636112526
152.3 0.105801562564
152.4 0.105966584233
152.5 0.10613117749
152.6 0.106295342301
152.7 0.106459078633
152.8 0.106622386464
152.9 0.106785265774
153.0 0.106947716549
153.1 0.107109452995
153.2 0.107270760034
153.3 0.107431637675
153.4 0.107592085928
153.5 0.107752104812
153.6 0.10791169435
153.7 0.108070854569
153.8 0.108229585504
153.9 0.108387887194
154.0 0.108545759683
154.1 0.10870320302
154.2 0.108860217261
154.3 0.109016802465
154.4 0.109172958697
154.5 0.109328686028
154.6 0.109483984533
154.7 0.109638854292
154.8 0.10979329539
154.9 0.109947307919
155.0 0.110100891973
155.1 0.110253753474
155.2 0.110406185893
155.3 0.110558189342
155.4 0.11070976394
155.5 0.110860909809
155.6 0.111011627079
155.7 0.111161915881
155.8 0.111311776353
155.9 0.111461208638
156.0 0.111610212882
156.1 0.111758789237
156.2 0.111906937858
156.3 0.112054658907
156.4 0.11220195255
156.5 0.112348818955
156.6 0.112495258297
156.7 0.112641270755
156.8 0.112786856512
156.9 0.112932015756
157.0 0.113076748679
157.1 0.113220753383
157.2 0.113364331396
157.3 0.113507482926
157.4 0.113650208187
157.5 0.113792507395
157.6 0.113934380771
157.7 0.114075828541
157.8 0.114216850935
157.9 0.114357448186
158.0 0.114497620532
158.1 0.114637368215
158.2 0.114776691481
158.3 0.114915590579
158.4 0.115054065765
158.5 0.115192117295
158.6 0.115329745432
158.7 0.115466950442
158.8 0.115603732595
158.9 0.115740092163
159.0 0.115876029425
159.1 0.116011235123
159.2 0.11614601836
159.3 0.11628037943
159.4 0.116414318628
159.5 0.116547836253
159.6 0.11668093261
159.7 0.116813608006
159.8 0.11694586275
159.9 0.117077697158
160.0 0.117209111547
160.1 0.117340106239
160.2 0.117470681559
160.3 0.117600837835
160.4 0.117730575399
160.5 0.117859894587
160.6 0.117988795738
160.7 0.118117279194
160.8 0.118245345301
160.9 0.118372994407
161.0 0.118500226866
161.1 0.118627043033
161.2 0.118753443267
161.3 0.11887942793
161.4 0.119004997388
161.5 0.11913015201
161.6 0.119254892168
161.7 0.119379218236
161.8 0.119503130593
161.9 0.119626629621
162.0 0.119749715704
162.1 0.119872069389
162.2 0.119994010255
162.3 0.1201155387
162.4 0.120236655124
162.5 0.12035735993
162.6 0.120477653523
162.7 0.120597536314
162.8 0.120717008712
162.9 0.120836071134
163.0 0.120954723996
163.1 0.121072644675
163.2 0.121190156011
163.3 0.121307258432
163.4 0.121423952371
163.5 0.121540238263
163.6 0.121656116545
163.7 0.121771587658
163.8 0.121886652044
163.9 0.12200131015
164.0 0.122115562423
164.1 0.122229735446
164.2 0.122343504147
164.3 0.122456868979
164.4 0.122569830398
164.5 0.122682388862
164.6 0.12279454483
164.7 0.122906298766
164.8 0.123017651137
164.9 0.123128602408
165.0 0.123239153052
165.1 0.123348645305
165.2 0.123457736709
165.3 0.12356642775
165.4 0.123674718914
165.5 0.123782610688
165.6 0.123890103564
165.7 0.123997198036
165.8 0.124103894598
165.9 0.124210193749
166.0 0.124316095988
166.1 0.124421933798
166.2 0.124527376265
166.3 0.124632423892
166.4 0.124737077185
166.5 0.124841336651
166.6 0.1249452028
166.7 0.125048676144
166.8 0.125151757197
166.9 0.125254446474
167.0 0.125356744494
167.1 0.125458317031
167.2 0.125559498812
167.3 0.125660290364
167.4 0.125760692216
167.5 0.125860704899
167.6 0.125960328947
167.7 0.126059564893
167.8 0.126158413275
167.9 0.126256874631
168.0 0.126354949501
168.1 0.126452638429
168.2 0.126549941957
168.3 0.126646860631
168.4 0.126743395
168.5 0.126839545612
168.6 0.126935313019
168.7 0.127030697772
168.8 0.127125700428
168.9 0.127220321541
169.0 0.12731456167
169.1 0.127408081425
169.2 0.127501220819
169.3 0.127593980416
169.4 0.127686360785
169.5 0.127778362493
169.6 0.127869986113
169.7 0.127961232214
169.8 0.128052101371
169.9 0.12814259416
170.0 0.128232711155
170.1 0.128322452936
170.2 0.128411820081
170.3 0.128500813171
170.4 0.128589432789
170.5 0.128677679518
170.6 0.128765553943
170.7 0.128853056651
170.8 0.128940188228
170.9 0.129026949265
171.0 0.129113340351
171.1 0.129199362079
171.2 0.12928501504
171.3 0.12937029983
171.4 0.129455217044
171.5 0.129539767277
171.6 0.12962395113
171.7 0.1297077692
171.8 0.129791222087
171.9 0.129874310394
172.0 0.129957034722
172.1 0.130039048708
172.2 0.130120699488
172.3 0.130201987671
172.4 0.130282913866
172.5 0.130363478686
172.6 0.130443682742
172.7 0.130523526647
172.8 0.130603011016
172.9 0.130682136463
173.0 0.130760903606
173.1 0.130839662165
173.2 0.130918064072
173.3 0.130996109944
173.4 0.131073800397
173.5 0.13115113605
173.6 0.131228117523
173.7 0.131304745434
173.8 0.131381020405
173.9 0.131456943059
174.0 0.131532514017
174.1 0.131607031597
174.2 0.131681197935
174.3 0.131755013661
174.4 0.131828479407
174.5 0.131901595804
174.6 0.131974363487
174.7 0.132046783089
174.8 0.132118855245
174.9 0.13219058059
175.0 0.13226195976
175.1 0.132333346482
175.2 0.132404388681
175.3 0.132475086994
175.4 0.132545442056
175.5 0.132615454504
175.6 0.132685124976
175.7 0.132754454109
175.8 0.132823442543
175.9 0.132892090916
176.0 0.132960399868
176.1 0.133028015097
176.2 0.133095291826
176.3 0.1331622307
176.4 0.133228832365
176.5 0.133295097464
176.6 0.133361026645
176.7 0.133426620553
176.8 0.133491879836
176.9 0.13355680514
177.0 0.133621397113
177.1 0.133685656404
177.2 0.133749583661
177.3 0.133813179534
177.4 0.133876444672
177.5 0.133939379724
177.6 0.134001985342
177.7 0.134064262176
177.8 0.134126210876
177.9 0.134187832095
178.0 0.134249126484
178.1 0.134310094695
178.2 0.134370737381
178.3 0.134431055194
178.4 0.134491048788
178.5 0.134550718816
178.6 0.134610065931
178.7 0.134669090788
178.8 0.134727794041
178.9 0.134786176343
179.0 0.13484423835
179.1 0.134901980717
179.2 0.134959404098
179.3 0.13501650915
179.4 0.135073296527
179.5 0.135129766885
179.6 0.13518592088
179.7 0.135241759168
179.8 0.135297282406
179.9 0.135352491249
180.0 0.135407386355
180.1 0.135461606942
180.2 0.135515514816
180.3 0.135569110636
180.4 0.135622395061
180.5 0.135675368751
180.6 0.135728032366
180.7 0.135780386565
180.8 0.135832432008
180.9 0.135884169355
181.0 0.135935599264
181.1 0.135986722397
181.2 0.136037539412
181.3 0.13608805097
181.4 0.13613825773
181.5 0.136188160352
181.6 0.136237759496
181.7 0.136287055821
181.8 0.136336049987
181.9 0.136384742653
182.0 0.13643313448
182.1 0.136481226127
182.2 0.136529018252
182.3 0.136576511516
182.4 0.136623706577
182.5 0.136670604094
182.6 0.136717204728
182.7 0.136763509135
182.8 0.136809517975
182.9 0.136855231908
183.0 0.13690065159
183.1 0.136945412284
183.2 0.136989879807
183.3 0.137034054818
183.4 0.137077937978
183.5 0.137121529946
183.6 0.137164831383
183.7 0.137207842947
183.8 0.137250565298
183.9 0.137292999094
184.0 0.137335144996
184.1 0.137377003661
184.2 0.137418575747
184.3 0.137459861914
184.4 0.137500862817
184.5 0.137541579116
184.6 0.137582011466
184.7 0.137622160526
184.8 0.137662026952
184.9 0.137701611399
185.0 0.137740914525
185.1 0.137780304608
185.2 0.137819414887
185.3 0.137858246016
185.4 0.137896798647
185.5 0.137935073433
185.6 0.137973071025
185.7 0.138010792074
185.8 0.138048237233
185.9 0.13808540715
186.0 0.138122302478
186.1 0.138158186601
186.2 0.138193797049
186.3 0.138229134475
186.4 0.138264199534
186.5 0.138298992878
186.6 0.138333515159
186.7 0.138367767029
186.8 0.138401749139
186.9 0.13843546214
187.0 0.138468906683
187.1 0.138502452968
187.2 0.138535732271
187.3 0.138568745239
187.4 0.138601492518
187.5 0.138633974755
187.6 0.138666192596
187.7 0.138698146684
187.8 0.138729837666
187.9 0.138761266184
188.0 0.138792432883
188.1 0.138823338406
188.2 0.138853983394
188.3 0.138884368491
188.4 0.138914494337
188.5 0.138944361574
188.6 0.138973970842
188.7 0.139003322781
188.8 0.139032418029
188.9 0.139061257227
189.0 0.139089841012
189.1 0.139117798829
189.2 0.139145502359
189.3 0.13917295224
189.4 0.139200149111
189.5 0.139227093609
189.6 0.139253786369
189.7 0.13928022803
189.8 0.139306419225
189.9 0.13933236059
190.0 0.13935805276
190.1 0.139383496367
190.2 0.139408692045
190.3 0.139433640426
190.4 0.139458342142
190.5 0.139482797823
190.6 0.139507008102
190.7 0.139530973606
190.8 0.139554694966
190.9 0.13957817281
191.0 0.139601407765
191.1 0.139624400459
191.2 0.139647151518
191.3 0.139669661568
191.4 0.139691931233
191.5 0.13971396114
191.6 0.13973575191
191.7 0.139757304167
191.8 0.139778618534
191.9 0.139799695631
192.0 0.139820536081
192.1 0.139841140502
192.2 0.139861509515
192.3 0.139881643737
192.4 0.139901543788
192.5 0.139921210284
192.6 0.139940643842
192.7 0.139959845078
192.8 0.139978814606
192.9 0.139997553041
193.0 0.140016060997
193.1 0.140033965449
193.2 0.140051640552
193.3 0.140069086917
193.4 0.140086305158
193.5 0.140103295885
193.6 0.140120059711
193.7 0.140136597244
193.8 0.140152909094
193.9 0.140168995869
194.0 0.140184858177
194.1 0.140200870707
194.2 0.140216660065
194.3 0.140232226856
194.4 0.140247571682
194.5 0.140262695145
194.6 0.140277597846
194.7 0.140292280385
194.8 0.140306743362
194.9 0.140320987375
195.0 0.140335013022
195.1 0.140348446424
195.2 0.140361662582
195.3 0.140374662092
195.4 0.140387445551
195.5 0.140400013555
195.6 0.140412366697
195.7 0.140424505571
195.8 0.14043643077
195.9 0.140448142887
196.0 0.140459642512
196.1 0.140470930236
196.2 0.140482006647
196.3 0.140492872335
196.4 0.140503527887
196.5 0.14051397389
196.6 0.14052421093
196.7 0.140534239592
196.8 0.140544060461
196.9 0.140553674118
197.0 0.140563081148
197.1 0.140572282132
197.2 0.140581277649
197.3 0.14059006828
197.4 0.140598654605
197.5 0.1406070372
197.6 0.140615216643
197.7 0.140623193511
197.8 0.140630968378
197.9 0.140638541819
198.0 0.140645914408
198.1 0.140653086717
198.2 0.140660059318
198.3 0.140666832781
198.4 0.140673407677
198.5 0.140679784574
198.6 0.140685964042
198.7 0.140691946646
198.8 0.140697732953
198.9 0.140703323528
199.0 0.140708718936
199.1 0.14071354429
199.2 0.140718175578
199.3 0.140722613361
199.4 0.140726858203
199.5 0.140730910665
199.6 0.140734771307
199.7 0.140738440689
199.8 0.140741919368
199.9 0.140745207904
