0 1
1 0
2 0
3 0
4 9.54547e-197
5 1.22056e-106
6 4.39547e-64
7 1.56163e-41
8 1.8022e-28
9 2.10939e-20
10 3.60465e-15
11 1.25991e-11
12 3.76323e-09
13 2.29259e-07
14 4.74353e-06
15 4.65043e-05
16 0.000267565
17 0.00104547
18 0.00306901
19 0.00725917
20 0.0145733
21 0.0257423
22 0.0411443
23 0.0608277
24 0.0843531
25 0.111161
26 0.140606
27 0.171732
28 0.204163
29 0.236963
30 0.269587
31 0.301835
32 0.333242
33 0.363529
34 0.392545
35 0.420206
36 0.44641
37 0.471177
38 0.494441
39 0.516319
40 0.536851
41 0.556027
42 0.573933
43 0.590701
44 0.60638
45 0.620984
46 0.634668
47 0.647423
48 0.659313
49 0.670415
50 0.680818
51 0.690554
52 0.699658
53 0.708175
54 0.71615
55 0.723636
56 0.730616
57 0.73722
58 0.743438
59 0.749184
60 0.754673
61 0.759822
62 0.7647
63 0.769301
64 0.773621
65 0.777731
66 0.781551
67 0.785233
68 0.788695
69 0.792014
70 0.795109
71 0.798056
72 0.800854
73 0.803581
74 0.806076
75 0.808578
76 0.810845
77 0.813037
78 0.815154
79 0.817194
80 0.819157
81 0.820961
82 0.822769
83 0.824416
84 0.826066
85 0.827637
86 0.829128
87 0.830539
88 0.831952
89 0.833284
90 0.834534
91 0.835787
92 0.837042
93 0.83813
94 0.839304
95 0.840312
96 0.841405
97 0.842415
98 0.843342
99 0.84427
100 0.8452
101 0.84613
102 0.846976
103 0.847823
104 0.848587
105 0.849436
106 0.8502
107 0.850881
108 0.851647
109 0.852328
110 0.85301
111 0.853693
112 0.854376
113 0.854974
114 0.855573
115 0.856172
116 0.856772
117 0.857371
118 0.857972
119 0.858487
120 0.859002
121 0.859603
122 0.860119
123 0.860549
124 0.861066
125 0.861582
126 0.862013
127 0.862531
128 0.862962
129 0.863393
130 0.863912
131 0.864344
132 0.864776
133 0.865122
134 0.865554
135 0.865987
136 0.866334
137 0.866767
138 0.867114
139 0.867547
140 0.867894
141 0.868242
142 0.868676
143 0.869023
144 0.869371
145 0.869719
146 0.870067
147 0.870415
148 0.870676
149 0.871024
150 0.871373
151 0.871721
152 0.871983
153 0.872331
154 0.872593
155 0.872942
156 0.873204
157 0.873553
158 0.873816
159 0.874078
160 0.874427
161 0.87469
162 0.874952
163 0.875215
164 0.875477
165 0.875827
166 0.87609
167 0.876353
168 0.876616
169 0.876879
170 0.877142
171 0.877317
172 0.877581
173 0.877844
174 0.878107
175 0.878371
176 0.878634
177 0.87881
178 0.879074
179 0.879337
180 0.879513
181 0.879777
182 0.880041
183 0.880217
184 0.880481
185 0.880657
186 0.880921
187 0.881186
188 0.881362
189 0.881538
190 0.881803
191 0.881979
192 0.882244
193 0.88242
194 0.882685
195 0.882861
196 0.883038
197 0.883303
198 0.88348
199 0.883656
200 0.883833
201 0.884098
202 0.884275
203 0.884452
204 0.884629
205 0.884894
206 0.885071
207 0.885248
208 0.885425
209 0.885602
210 0.885779
211 0.885956
212 0.886134
213 0.8864
214 0.886577
215 0.886754
216 0.886931
217 0.887109
218 0.887286
219 0.887464
220 0.887641
221 0.887819
222 0.887996
223 0.888174
224 0.888263
225 0.88844
226 0.888618
227 0.888796
228 0.888974
229 0.889151
230 0.889329
231 0.889507
232 0.889685
233 0.889774
234 0.889952
235 0.89013
236 0.890308
237 0.890486
238 0.890575
239 0.890753
240 0.890931
241 0.891109
242 0.891199
243 0.891377
244 0.891555
245 0.891733
246 0.891823
247 0.892001
248 0.892179
249 0.892269
250 0.892447
251 0.892625
252 0.892715
253 0.892893
254 0.893072
255 0.893161
256 0.89334
257 0.893518
258 0.893608
259 0.893786
260 0.893876
261 0.894055
262 0.894233
263 0.894323
264 0.894502
265 0.894591
266 0.89477
267 0.89486
268 0.895039
269 0.895128
270 0.895307
271 0.895486
272 0.895576
273 0.895755
274 0.895844
275 0.896024
276 0.896113
277 0.896203
278 0.896382
279 0.896472
280 0.896651
281 0.896741
282 0.89692
283 0.89701
284 0.897189
285 0.897279
286 0.897368
287 0.897548
288 0.897638
289 0.897817
290 0.897907
291 0.897997
292 0.898176
293 0.898266
294 0.898446
295 0.898536
296 0.898625
297 0.898805
298 0.898895
299 0.898985
300 0.899165
301 0.899255
302 0.899345
303 0.899524
304 0.899614
305 0.899704
306 0.899884
307 0.899974
308 0.900064
309 0.900244
310 0.900334
311 0.900424
312 0.900514
313 0.900694
314 0.900785
315 0.900875
316 0.900965
317 0.901145
318 0.901235
319 0.901325
320 0.901415
321 0.901596
322 0.901686
323 0.901776
324 0.901866
325 0.902046
326 0.902137
327 0.902227
328 0.902317
329 0.902407
330 0.902588
331 0.902678
332 0.902768
333 0.902859
334 0.902949
335 0.903129
336 0.90322
337 0.90331
338 0.9034
339 0.903491
340 0.903581
341 0.903762
342 0.903852
343 0.903942
344 0.904033
345 0.904123
346 0.904214
347 0.904304
348 0.904395
349 0.904575
350 0.904666
351 0.904756
352 0.904847
353 0.904937
354 0.905037
355 0.905136
356 0.905236
357 0.905335
358 0.905435
359 0.905535
360 0.905625
361 0.905725
362 0.905824
363 0.905924
364 0.906015
365 0.906114
366 0.906205
367 0.906305
368 0.906395
369 0.906495
370 0.906586
371 0.906685
372 0.906776
373 0.906876
374 0.906966
375 0.907057
376 0.907148
377 0.907248
378 0.907338
379 0.907429
380 0.90752
381 0.907611
382 0.907701
383 0.907792
384 0.907883
385 0.907974
386 0.908064
387 0.908155
388 0.908246
389 0.908328
390 0.908419
391 0.908509
392 0.9086
393 0.908682
394 0.908773
395 0.908864
396 0.908946
397 0.909036
398 0.909127
399 0.909209
400 0.9093
401 0.909382
402 0.909473
403 0.909555
404 0.909637
405 0.909727
406 0.909809
407 0.909891
408 0.909982
409 0.910064
410 0.910146
411 0.910228
412 0.91031
413 0.910401
414 0.910483
415 0.910565
416 0.910647
417 0.910729
418 0.910811
419 0.910893
420 0.910975
421 0.911057
422 0.911139
423 0.911221
424 0.911293
425 0.911375
426 0.911457
427 0.911539
428 0.911621
429 0.911694
430 0.911776
431 0.911859
432 0.911931
433 0.912014
434 0.912096
435 0.912169
436 0.912251
437 0.912324
438 0.912406
439 0.912479
440 0.912561
441 0.912634
442 0.912716
443 0.912789
444 0.912862
445 0.912944
446 0.913017
447 0.91309
448 0.913172
449 0.913245
450 0.913319
451 0.913401
452 0.913474
453 0.913547
454 0.91362
455 0.913693
456 0.913766
457 0.913839
458 0.913921
459 0.913995
460 0.914068
461 0.914141
462 0.914214
463 0.914287
464 0.91436
465 0.914424
466 0.914497
467 0.91457
468 0.914644
469 0.914717
470 0.91479
471 0.914863
472 0.914927
473 0.915
474 0.915074
475 0.915147
476 0.915211
477 0.915284
478 0.915357
479 0.915421
480 0.915495
481 0.915568
482 0.915632
483 0.915705
484 0.915769
485 0.915842
486 0.915907
487 0.91598
488 0.916044
489 0.916117
490 0.916181
491 0.916255
492 0.916319
493 0.916392
494 0.916456
495 0.91652
496 0.916594
497 0.916658
498 0.916722
499 0.916795
500 0.91686
501 0.916924
502 0.916988
503 0.917061
504 0.917125
505 0.91719
506 0.917254
507 0.917318
508 0.917382
509 0.917456
510 0.91752
511 0.917584
512 0.917648
513 0.917713
514 0.917777
515 0.917841
516 0.917905
517 0.917969
518 0.918034
519 0.918098
520 0.918162
521 0.918227
522 0.918291
523 0.918355
524 0.91841
525 0.918474
526 0.918539
527 0.918603
528 0.918667
529 0.918732
530 0.918787
531 0.918851
532 0.918915
533 0.91898
534 0.919035
535 0.919099
536 0.919164
537 0.919219
538 0.919283
539 0.919347
540 0.919402
541 0.919467
542 0.919531
543 0.919586
544 0.919651
545 0.919706
546 0.91977
547 0.919825
548 0.91989
549 0.919945
550 0.920009
551 0.920065
552 0.920129
553 0.920184
554 0.920249
555 0.920304
556 0.920359
557 0.920423
558 0.920479
559 0.920543
560 0.920598
561 0.920654
562 0.920718
563 0.920773
564 0.920829
565 0.920884
566 0.920948
567 0.921003
568 0.921059
569 0.921114
570 0.921178
571 0.921234
572 0.921289
573 0.921344
574 0.9214
575 0.921464
576 0.921519
577 0.921575
578 0.92163
579 0.921685
580 0.92174
581 0.921796
582 0.921851
583 0.921906
584 0.921962
585 0.922017
586 0.922072
587 0.922128
588 0.922183
589 0.922238
590 0.922294
591 0.922349
592 0.922404
593 0.92246
594 0.922515
595 0.92257
596 0.922626
597 0.922681
598 0.922727
599 0.922783
600 0.922838
601 0.922893
602 0.922949
603 0.923004
604 0.92305
605 0.923106
606 0.923161
607 0.923216
608 0.923262
609 0.923318
610 0.923373
611 0.923419
612 0.923475
613 0.92353
614 0.923586
615 0.923632
616 0.923687
617 0.923733
618 0.923789
619 0.923844
620 0.92389
621 0.923946
622 0.923992
623 0.924047
624 0.924103
625 0.924149
626 0.924205
627 0.924251
628 0.924306
629 0.924352
630 0.924408
631 0.924454
632 0.92451
633 0.924556
634 0.924611
635 0.924658
636 0.924704
637 0.924759
638 0.924805
639 0.924861
640 0.924907
641 0.924953
642 0.925009
643 0.925055
644 0.925111
645 0.925157
646 0.925203
647 0.925259
648 0.925305
649 0.925351
650 0.925397
651 0.925453
652 0.925499
653 0.925546
654 0.925592
655 0.925647
656 0.925694
657 0.92574
658 0.925786
659 0.925842
660 0.925888
661 0.925934
662 0.925981
663 0.926027
664 0.926073
665 0.926129
666 0.926175
667 0.926221
668 0.926268
669 0.926314
670 0.92636
671 0.926407
672 0.926453
673 0.926499
674 0.926546
675 0.926601
676 0.926647
677 0.926694
678 0.92674
679 0.926786
680 0.926833
681 0.926879
682 0.926925
683 0.926972
684 0.927018
685 0.927064
686 0.927102
687 0.927148
688 0.927194
689 0.927241
690 0.927287
691 0.927333
692 0.92738
693 0.927426
694 0.927472
695 0.927519
696 0.927565
697 0.927602
698 0.927649
699 0.927695
700 0.927741
701 0.927788
702 0.927834
703 0.927871
704 0.927918
705 0.927964
706 0.92801
707 0.928057
708 0.928094
709 0.92814
710 0.928187
711 0.928233
712 0.92827
713 0.928317
714 0.928363
715 0.9284
716 0.928447
717 0.928493
718 0.92853
719 0.928577
720 0.928623
721 0.92867
722 0.928707
723 0.928753
724 0.92879
725 0.928837
726 0.928883
727 0.92892
728 0.928967
729 0.929013
730 0.92905
731 0.929097
732 0.929134
733 0.92918
734 0.929218
735 0.929264
736 0.92931
737 0.929348
738 0.929394
739 0.929431
740 0.929478
741 0.929515
742 0.929561
743 0.929599
744 0.929645
745 0.929682
746 0.929729
747 0.929766
748 0.929812
749 0.92985
750 0.929887
751 0.929933
752 0.92997
753 0.930017
754 0.930054
755 0.930101
756 0.930138
757 0.930175
758 0.930222
759 0.930259
760 0.930296
761 0.930342
762 0.93038
763 0.930426
764 0.930463
765 0.930501
766 0.930547
767 0.930584
768 0.930622
769 0.930668
770 0.930705
771 0.930743
772 0.93078
773 0.930826
774 0.930864
775 0.930901
776 0.930947
777 0.930985
778 0.931022
779 0.931059
780 0.931106
781 0.931143
782 0.93118
783 0.931217
784 0.931255
785 0.931301
786 0.931338
787 0.931376
788 0.931413
789 0.93145
790 0.931497
791 0.931534
792 0.931571
793 0.931608
794 0.931646
795 0.931683
796 0.93172
797 0.931767
798 0.931804
799 0.931841
800 0.931879
801 0.931916
802 0.931953
803 0.93199
804 0.932028
805 0.932065
806 0.932112
807 0.932149
808 0.932186
809 0.932223
810 0.932261
811 0.932298
812 0.932335
813 0.932373
814 0.93241
815 0.932447
816 0.932484
817 0.932522
818 0.932559
819 0.932596
820 0.932634
821 0.932671
822 0.932708
823 0.932746
824 0.932783
825 0.93282
826 0.932858
827 0.932895
828 0.932932
829 0.932969
830 0.933007
831 0.933035
832 0.933072
833 0.933109
834 0.933147
835 0.933184
836 0.933221
837 0.933259
838 0.933296
839 0.933333
840 0.933371
841 0.933399
842 0.933436
843 0.933473
844 0.933511
845 0.933548
846 0.933585
847 0.933613
848 0.933651
849 0.933688
850 0.933725
851 0.933763
852 0.9338
853 0.933828
854 0.933865
855 0.933903
856 0.93394
857 0.933968
858 0.934006
859 0.934043
860 0.93408
861 0.934118
862 0.934146
863 0.934183
864 0.93422
865 0.934248
866 0.934286
867 0.934323
868 0.93436
869 0.934389
870 0.934426
871 0.934463
872 0.934491
873 0.934529
874 0.934566
875 0.934603
876 0.934631
877 0.934669
878 0.934706
879 0.934734
880 0.934772
881 0.9348
882 0.934837
883 0.934874
884 0.934903
885 0.93494
886 0.934977
887 0.935005
888 0.935043
889 0.935071
890 0.935108
891 0.935146
892 0.935174
893 0.935211
894 0.935239
895 0.935277
896 0.935314
897 0.935342
898 0.935379
899 0.935407
900 0.935445
901 0.935473
902 0.93551
903 0.935538
904 0.935576
905 0.935604
906 0.935641
907 0.935669
908 0.935707
909 0.935735
910 0.935772
911 0.9358
912 0.935838
913 0.935866
914 0.935903
915 0.935931
916 0.935969
917 0.935997
918 0.936034
919 0.936062
920 0.9361
921 0.936128
922 0.936165
923 0.936193
924 0.936222
925 0.936259
926 0.936287
927 0.936324
928 0.936353
929 0.936381
930 0.936418
931 0.936446
932 0.936484
933 0.936512
934 0.93654
935 0.936577
936 0.936605
937 0.936634
938 0.936671
939 0.936699
940 0.936737
941 0.936765
942 0.936793
943 0.93683
944 0.936858
945 0.936886
946 0.936915
947 0.936952
948 0.93698
949 0.937008
950 0.937046
951 0.937074
952 0.937102
953 0.937139
954 0.937167
955 0.937196
956 0.937224
957 0.937261
958 0.937289
959 0.937317
960 0.937346
961 0.937383
962 0.937411
963 0.937439
964 0.937467
965 0.937505
966 0.937533
967 0.937561
968 0.937589
969 0.937627
970 0.937655
971 0.937683
972 0.937711
973 0.937739
974 0.937777
975 0.937805
976 0.937833
977 0.937861
978 0.937889
979 0.937917
980 0.937955
981 0.937983
982 0.938011
983 0.938039
984 0.938068
985 0.938096
986 0.938124
987 0.938161
988 0.938189
989 0.938218
990 0.938246
991 0.938274
992 0.938302
993 0.93833
994 0.938358
995 0.938386
996 0.938424
997 0.938452
998 0.93848
999 0.938508
1000 0.938537
1001 0.938565
1002 0.938593
1003 0.938621
1004 0.938649
1005 0.938677
1006 0.938706
1007 0.938734
1008 0.938762
1009 0.93879
1010 0.938818
1011 0.938846
1012 0.938875
1013 0.938912
1014 0.93894
1015 0.938968
1016 0.938997
1017 0.939025
1018 0.939053
1019 0.939081
1020 0.939109
1021 0.939137
1022 0.939166
1023 0.939194
1024 0.939222
1025 0.93925
1026 0.939278
1027 0.939297
1028 0.939325
1029 0.939353
1030 0.939382
1031 0.93941
1032 0.939438
1033 0.939466
1034 0.939494
1035 0.939522
1036 0.939551
1037 0.939579
1038 0.939607
1039 0.939635
1040 0.939663
1041 0.939692
1042 0.93972
1043 0.939748
1044 0.939776
1045 0.939795
1046 0.939823
1047 0.939851
1048 0.93988
1049 0.939908
1050 0.939936
1051 0.939964
1052 0.939992
1053 0.940021
1054 0.940049
1055 0.940068
1056 0.940096
1057 0.940124
1058 0.940152
1059 0.94018
1060 0.940209
1061 0.940237
1062 0.940265
1063 0.940284
1064 0.940312
1065 0.94034
1066 0.940368
1067 0.940397
1068 0.940425
1069 0.940444
1070 0.940472
1071 0.9405
1072 0.940528
1073 0.940556
1074 0.940585
1075 0.940603
1076 0.940632
1077 0.94066
1078 0.940688
1079 0.940716
1080 0.940745
1081 0.940763
1082 0.940792
1083 0.94082
1084 0.940848
1085 0.940867
1086 0.940895
1087 0.940923
1088 0.940951
1089 0.94098
1090 0.940999
1091 0.941027
1092 0.941055
1093 0.941083
1094 0.941102
1095 0.94113
1096 0.941159
1097 0.941187
1098 0.941206
1099 0.941234
1100 0.941262
1101 0.94129
1102 0.941309
1103 0.941337
1104 0.941366
1105 0.941394
1106 0.941413
1107 0.941441
1108 0.941469
1109 0.941488
1110 0.941516
1111 0.941544
1112 0.941573
1113 0.941591
1114 0.94162
1115 0.941648
1116 0.941667
1117 0.941695
1118 0.941723
1119 0.941742
1120 0.94177
1121 0.941799
1122 0.941817
1123 0.941846
1124 0.941874
1125 0.941893
1126 0.941921
1127 0.941949
1128 0.941968
1129 0.941996
1130 0.942025
1131 0.942044
1132 0.942072
1133 0.9421
1134 0.942119
1135 0.942147
1136 0.942166
1137 0.942194
1138 0.942223
1139 0.942241
1140 0.94227
1141 0.942298
1142 0.942317
1143 0.942345
1144 0.942364
1145 0.942392
1146 0.94242
1147 0.942439
1148 0.942467
1149 0.942486
1150 0.942515
1151 0.942533
1152 0.942562
1153 0.94259
1154 0.942609
1155 0.942637
1156 0.942656
1157 0.942684
1158 0.942703
1159 0.942731
1160 0.94276
1161 0.942779
1162 0.942807
1163 0.942826
1164 0.942854
1165 0.942873
1166 0.942901
1167 0.94292
1168 0.942948
1169 0.942967
1170 0.942995
1171 0.943014
1172 0.943043
1173 0.943071
1174 0.94309
1175 0.943118
1176 0.943137
1177 0.943165
1178 0.943184
1179 0.943212
1180 0.943231
1181 0.943259
1182 0.943278
1183 0.943307
1184 0.943325
1185 0.943354
1186 0.943373
1187 0.943391
1188 0.94342
1189 0.943439
1190 0.943467
1191 0.943486
1192 0.943514
1193 0.943533
1194 0.943561
1195 0.94358
1196 0.943608
1197 0.943627
1198 0.943646
1199 0.943674
1200 0.943693
1201 0.943722
1202 0.943741
1203 0.943769
1204 0.943788
1205 0.943816
1206 0.943835
1207 0.943854
1208 0.943882
1209 0.943901
1210 0.943929
1211 0.943948
1212 0.943967
1213 0.943995
1214 0.944014
1215 0.944043
1216 0.944061
1217 0.94408
1218 0.944109
1219 0.944128
1220 0.944156
1221 0.944175
1222 0.944194
1223 0.944222
1224 0.944241
1225 0.94426
1226 0.944288
1227 0.944307
1228 0.944326
1229 0.944354
1230 0.944373
1231 0.944401
1232 0.94442
1233 0.944439
1234 0.944467
1235 0.944486
1236 0.944505
1237 0.944534
1238 0.944552
1239 0.944571
1240 0.9446
1241 0.944619
1242 0.944637
1243 0.944666
1244 0.944685
1245 0.944704
1246 0.944722
1247 0.944751
1248 0.94477
1249 0.944789
1250 0.944817
1251 0.944836
1252 0.944855
1253 0.944883
1254 0.944902
1255 0.944921
1256 0.94494
1257 0.944968
1258 0.944987
1259 0.945006
1260 0.945034
1261 0.945053
1262 0.945072
1263 0.945091
1264 0.945119
1265 0.945138
1266 0.945157
1267 0.945176
1268 0.945204
1269 0.945223
1270 0.945242
1271 0.945261
1272 0.945289
1273 0.945308
1274 0.945327
1275 0.945346
1276 0.945374
1277 0.945393
1278 0.945412
1279 0.945431
1280 0.94545
1281 0.945478
1282 0.945497
1283 0.945516
1284 0.945535
1285 0.945564
1286 0.945582
1287 0.945601
1288 0.94562
1289 0.945639
1290 0.945668
1291 0.945686
1292 0.945705
1293 0.945724
1294 0.945743
1295 0.945762
1296 0.94579
1297 0.945809
1298 0.945828
1299 0.945847
1300 0.945866
1301 0.945895
1302 0.945913
1303 0.945932
1304 0.945951
1305 0.94597
1306 0.945989
1307 0.946008
1308 0.946036
1309 0.946055
1310 0.946074
1311 0.946093
1312 0.946112
1313 0.946131
1314 0.94615
1315 0.946178
1316 0.946197
1317 0.946216
1318 0.946235
1319 0.946254
1320 0.946273
1321 0.946292
1322 0.946311
1323 0.946339
1324 0.946358
1325 0.946377
1326 0.946396
1327 0.946415
1328 0.946434
1329 0.946453
1330 0.946472
1331 0.946491
1332 0.946519
1333 0.946538
1334 0.946557
1335 0.946576
1336 0.946595
1337 0.946614
1338 0.946633
1339 0.946651
1340 0.94667
1341 0.946689
1342 0.946708
1343 0.946727
1344 0.946746
1345 0.946775
1346 0.946793
1347 0.946812
1348 0.946831
1349 0.94685
1350 0.946869
1351 0.946888
1352 0.946907
1353 0.946926
1354 0.946945
1355 0.946964
1356 0.946983
1357 0.947002
1358 0.947021
1359 0.94704
1360 0.947059
1361 0.947077
1362 0.947096
1363 0.947115
1364 0.947134
1365 0.947153
1366 0.947172
1367 0.947191
1368 0.94721
1369 0.947229
1370 0.947248
1371 0.947267
1372 0.947286
1373 0.947305
1374 0.947324
1375 0.947343
1376 0.947362
1377 0.947381
1378 0.9474
1379 0.947418
1380 0.947437
1381 0.947456
1382 0.947475
1383 0.947494
1384 0.947513
1385 0.947532
1386 0.947551
1387 0.94757
1388 0.947589
1389 0.947608
1390 0.947627
1391 0.947646
1392 0.947665
1393 0.947684
1394 0.947703
1395 0.947722
1396 0.947741
1397 0.94776
1398 0.947779
1399 0.947797
1400 0.947816
1401 0.947835
1402 0.947854
1403 0.947873
1404 0.947883
1405 0.947902
1406 0.947921
1407 0.94794
1408 0.947959
1409 0.947978
1410 0.947997
1411 0.948015
1412 0.948034
1413 0.948053
1414 0.948072
1415 0.948091
1416 0.94811
1417 0.94812
1418 0.948139
1419 0.948158
1420 0.948177
1421 0.948196
1422 0.948215
1423 0.948234
1424 0.948252
1425 0.948271
1426 0.94829
1427 0.9483
1428 0.948319
1429 0.948338
1430 0.948357
1431 0.948376
1432 0.948395
1433 0.948414
1434 0.948433
1435 0.948452
1436 0.948461
1437 0.94848
1438 0.948499
1439 0.948518
1440 0.948537
1441 0.948556
1442 0.948575
1443 0.948584
1444 0.948603
1445 0.948622
1446 0.948641
1447 0.94866
1448 0.948679
1449 0.948698
1450 0.948708
1451 0.948727
1452 0.948746
1453 0.948765
1454 0.948784
1455 0.948803
1456 0.948822
1457 0.948831
1458 0.94885
1459 0.948869
1460 0.948888
1461 0.948907
1462 0.948916
1463 0.948935
1464 0.948954
1465 0.948973
1466 0.948992
1467 0.949011
1468 0.949021
1469 0.94904
1470 0.949059
1471 0.949078
1472 0.949097
1473 0.949106
1474 0.949125
1475 0.949144
1476 0.949163
1477 0.949182
1478 0.949192
1479 0.949211
1480 0.94923
1481 0.949249
1482 0.949268
1483 0.949277
1484 0.949296
1485 0.949315
1486 0.949334
1487 0.949353
1488 0.949362
1489 0.949381
1490 0.9494
1491 0.949419
1492 0.949429
1493 0.949448
1494 0.949467
1495 0.949486
1496 0.949495
1497 0.949514
1498 0.949533
1499 0.949552
1500 0.949571
1501 0.949581
1502 0.9496
1503 0.949619
1504 0.949638
1505 0.949647
1506 0.949666
1507 0.949685
1508 0.949695
1509 0.949714
1510 0.949733
1511 0.949752
1512 0.949761
1513 0.94978
1514 0.949799
1515 0.949818
1516 0.949828
1517 0.949847
1518 0.949866
1519 0.949885
1520 0.949894
1521 0.949913
1522 0.949932
1523 0.949942
1524 0.949961
1525 0.94998
1526 0.949999
1527 0.950008
1528 0.950027
1529 0.950046
1530 0.950056
1531 0.950075
1532 0.950094
1533 0.950113
1534 0.950122
1535 0.950141
1536 0.95016
1537 0.95017
1538 0.950189
1539 0.950208
1540 0.950217
1541 0.950236
1542 0.950255
1543 0.950265
1544 0.950284
1545 0.950303
1546 0.950312
1547 0.950331
1548 0.95035
1549 0.950369
1550 0.950379
1551 0.950398
1552 0.950417
1553 0.950426
1554 0.950445
1555 0.950464
1556 0.950474
1557 0.950493
1558 0.950512
1559 0.950521
1560 0.95054
1561 0.95055
1562 0.950569
1563 0.950588
1564 0.950597
1565 0.950616
1566 0.950635
1567 0.950645
1568 0.950664
1569 0.950683
1570 0.950692
1571 0.950711
1572 0.95073
1573 0.95074
1574 0.950759
1575 0.950768
1576 0.950787
1577 0.950806
1578 0.950816
1579 0.950835
1580 0.950854
1581 0.950863
1582 0.950883
1583 0.950892
1584 0.950911
1585 0.95093
1586 0.95094
1587 0.950959
1588 0.950978
1589 0.950987
1590 0.951006
1591 0.951016
1592 0.951035
1593 0.951054
1594 0.951063
1595 0.951082
1596 0.951092
1597 0.951111
1598 0.95113
1599 0.951139
1600 0.951158
1601 0.951168
1602 0.951187
1603 0.951206
1604 0.951215
1605 0.951234
1606 0.951244
1607 0.951263
1608 0.951272
1609 0.951291
1610 0.95131
1611 0.95132
1612 0.951339
1613 0.951348
1614 0.951368
1615 0.951387
1616 0.951396
1617 0.951415
1618 0.951425
1619 0.951444
1620 0.951453
1621 0.951472
1622 0.951482
1623 0.951501
1624 0.95152
1625 0.951529
1626 0.951548
1627 0.951558
1628 0.951577
1629 0.951586
1630 0.951605
1631 0.951615
1632 0.951634
1633 0.951653
1634 0.951662
1635 0.951681
1636 0.951691
1637 0.95171
1638 0.95172
1639 0.951739
1640 0.951748
1641 0.951767
1642 0.951777
1643 0.951796
1644 0.951805
1645 0.951824
1646 0.951834
1647 0.951853
1648 0.951872
1649 0.951881
1650 0.9519
1651 0.95191
1652 0.951929
1653 0.951938
1654 0.951957
1655 0.951967
1656 0.951986
1657 0.951996
1658 0.952015
1659 0.952024
1660 0.952043
1661 0.952053
1662 0.952072
1663 0.952081
1664 0.9521
1665 0.95211
1666 0.952129
1667 0.952138
1668 0.952157
1669 0.952167
1670 0.952186
1671 0.952195
1672 0.952215
1673 0.952224
1674 0.952243
1675 0.952253
1676 0.952272
1677 0.952281
1678 0.9523
1679 0.95231
1680 0.952319
1681 0.952338
1682 0.952348
1683 0.952367
1684 0.952376
1685 0.952395
1686 0.952405
1687 0.952424
1688 0.952434
1689 0.952453
1690 0.952462
1691 0.952481
1692 0.952491
1693 0.95251
1694 0.952519
1695 0.952529
1696 0.952548
1697 0.952557
1698 0.952576
1699 0.952586
1700 0.952605
1701 0.952615
1702 0.952634
1703 0.952643
1704 0.952653
1705 0.952672
1706 0.952681
1707 0.9527
1708 0.95271
1709 0.952729
1710 0.952738
1711 0.952757
1712 0.952767
1713 0.952776
1714 0.952795
1715 0.952805
1716 0.952824
1717 0.952834
1718 0.952853
1719 0.952862
1720 0.952872
1721 0.952891
1722 0.9529
1723 0.952919
1724 0.952929
1725 0.952938
1726 0.952957
1727 0.952967
1728 0.952986
1729 0.952996
1730 0.953015
1731 0.953024
1732 0.953034
1733 0.953053
1734 0.953062
1735 0.953081
1736 0.953091
1737 0.9531
1738 0.953119
1739 0.953129
1740 0.953148
1741 0.953158
1742 0.953167
1743 0.953186
1744 0.953196
1745 0.953215
1746 0.953224
1747 0.953234
1748 0.953253
1749 0.953262
1750 0.953272
1751 0.953291
1752 0.953301
1753 0.95332
1754 0.953329
1755 0.953339
1756 0.953358
1757 0.953367
1758 0.953377
1759 0.953396
1760 0.953405
1761 0.953424
1762 0.953434
1763 0.953444
1764 0.953463
1765 0.953472
1766 0.953482
1767 0.953501
1768 0.95351
1769 0.95352
1770 0.953539
1771 0.953548
1772 0.953567
1773 0.953577
1774 0.953587
1775 0.953606
1776 0.953615
1777 0.953625
1778 0.953644
1779 0.953653
1780 0.953663
1781 0.953682
1782 0.953691
1783 0.953701
1784 0.95372
1785 0.95373
1786 0.953739
1787 0.953758
1788 0.953768
1789 0.953777
1790 0.953796
1791 0.953806
1792 0.953815
1793 0.953835
1794 0.953844
1795 0.953854
1796 0.953873
1797 0.953882
1798 0.953892
1799 0.953911
1800 0.95392
1801 0.95393
1802 0.953949
1803 0.953958
1804 0.953968
1805 0.953987
1806 0.953997
1807 0.954006
1808 0.954025
1809 0.954035
1810 0.954044
1811 0.954054
1812 0.954073
1813 0.954083
1814 0.954092
1815 0.954111
1816 0.954121
1817 0.95413
1818 0.954149
1819 0.954159
1820 0.954168
1821 0.954178
1822 0.954197
1823 0.954207
1824 0.954216
1825 0.954235
1826 0.954245
1827 0.954254
1828 0.954264
1829 0.954283
1830 0.954292
1831 0.954302
1832 0.954321
1833 0.954331
1834 0.95434
1835 0.95435
1836 0.954369
1837 0.954378
1838 0.954388
1839 0.954407
1840 0.954416
1841 0.954426
1842 0.954436
1843 0.954455
1844 0.954464
1845 0.954474
1846 0.954483
1847 0.954502
1848 0.954512
1849 0.954521
1850 0.954541
1851 0.95455
1852 0.95456
1853 0.954569
1854 0.954588
1855 0.954598
1856 0.954607
1857 0.954617
1858 0.954636
1859 0.954646
1860 0.954655
1861 0.954665
1862 0.954684
1863 0.954693
1864 0.954703
1865 0.954712
1866 0.954731
1867 0.954741
1868 0.954751
1869 0.95476
1870 0.954779
1871 0.954789
1872 0.954798
1873 0.954808
1874 0.954817
1875 0.954836
1876 0.954846
1877 0.954856
1878 0.954865
1879 0.954884
1880 0.954894
1881 0.954903
1882 0.954913
1883 0.954932
1884 0.954941
1885 0.954951
1886 0.954961
1887 0.95497
1888 0.954989
1889 0.954999
1890 0.955008
1891 0.955018
1892 0.955037
1893 0.955047
1894 0.955056
1895 0.955066
1896 0.955075
1897 0.955094
1898 0.955104
1899 0.955113
1900 0.955123
1901 0.955132
1902 0.955152
1903 0.955161
1904 0.955171
1905 0.95518
1906 0.95519
1907 0.955209
1908 0.955218
1909 0.955228
1910 0.955238
1911 0.955247
1912 0.955266
1913 0.955276
1914 0.955285
1915 0.955295
1916 0.955304
1917 0.955323
1918 0.955333
1919 0.955343
1920 0.955352
1921 0.955362
1922 0.955371
1923 0.95539
1924 0.9554
1925 0.955409
1926 0.955419
1927 0.955429
1928 0.955448
1929 0.955457
1930 0.955467
1931 0.955476
1932 0.955486
1933 0.955495
1934 0.955515
1935 0.955524
1936 0.955534
1937 0.955543
1938 0.955553
1939 0.955562
1940 0.955581
1941 0.955591
1942 0.955601
1943 0.95561
1944 0.95562
1945 0.955629
1946 0.955648
1947 0.955658
1948 0.955667
1949 0.955677
1950 0.955687
1951 0.955696
1952 0.955715
1953 0.955725
1954 0.955734
1955 0.955744
1956 0.955753
1957 0.955763
1958 0.955773
1959 0.955792
1960 0.955801
1961 0.955811
1962 0.95582
1963 0.95583
1964 0.955839
1965 0.955849
1966 0.955868
1967 0.955878
1968 0.955887
1969 0.955897
1970 0.955906
1971 0.955916
1972 0.955925
1973 0.955945
1974 0.955954
1975 0.955964
1976 0.955973
1977 0.955983
1978 0.955992
1979 0.956002
1980 0.956012
1981 0.956031
1982 0.95604
1983 0.95605
1984 0.956059
1985 0.956069
1986 0.956078
1987 0.956088
1988 0.956098
1989 0.956107
1990 0.956126
1991 0.956136
1992 0.956145
1993 0.956155
1994 0.956164
1995 0.956174
1996 0.956184
1997 0.956193
1998 0.956203
1999 0.956222
2000 0.956231
2001 0.956241
2002 0.956251
2003 0.95626
2004 0.95627
2005 0.956279
2006 0.956289
2007 0.956298
2008 0.956317
2009 0.956327
2010 0.956337
2011 0.956346
2012 0.956356
2013 0.956365
2014 0.956375
2015 0.956384
2016 0.956394
2017 0.956404
2018 0.956413
2019 0.956432
2020 0.956442
2021 0.956451
2022 0.956461
2023 0.95647
2024 0.95648
2025 0.95649
2026 0.956499
2027 0.956509
2028 0.956518
2029 0.956528
2030 0.956537
2031 0.956557
2032 0.956566
2033 0.956576
2034 0.956585
2035 0.956595
2036 0.956604
2037 0.956614
2038 0.956623
2039 0.956633
2040 0.956643
2041 0.956652
2042 0.956662
2043 0.956671
2044 0.956681
2045 0.9567
2046 0.95671
2047 0.956719
2048 0.956729
2049 0.956738
2050 0.956748
2051 0.956757
2052 0.956767
2053 0.956777
2054 0.956786
2055 0.956796
2056 0.956805
2057 0.956815
2058 0.956824
2059 0.956834
2060 0.956844
2061 0.956863
2062 0.956872
2063 0.956882
2064 0.956891
2065 0.956901
2066 0.95691
2067 0.95692
2068 0.95693
2069 0.956939
2070 0.956949
2071 0.956958
2072 0.956968
2073 0.956977
2074 0.956987
2075 0.956997
2076 0.957006
2077 0.957016
2078 0.957025
2079 0.957035
2080 0.957044
2081 0.957054
2082 0.957064
2083 0.957083
2084 0.957092
2085 0.957102
2086 0.957111
2087 0.957121
2088 0.957131
2089 0.95714
2090 0.95715
2091 0.957159
2092 0.957169
2093 0.957178
2094 0.957188
2095 0.957198
2096 0.957207
2097 0.957217
2098 0.957226
2099 0.957236
2100 0.957245
2101 0.957255
2102 0.957265
2103 0.957274
2104 0.957284
2105 0.957293
2106 0.957303
2107 0.957312
2108 0.957322
2109 0.957332
2110 0.957341
2111 0.957351
2112 0.95736
2113 0.95737
2114 0.957379
2115 0.957389
2116 0.957399
2117 0.957408
2118 0.957418
2119 0.957427
2120 0.957437
2121 0.957446
2122 0.957456
2123 0.957475
2124 0.957485
2125 0.957494
2126 0.957504
2127 0.957513
2128 0.957523
2129 0.957533
2130 0.957542
2131 0.957552
2132 0.957561
2133 0.957571
2134 0.95758
2135 0.95759
2136 0.9576
2137 0.957609
2138 0.957619
2139 0.957628
2140 0.957638
2141 0.957648
2142 0.957657
2143 0.957667
2144 0.957676
2145 0.957686
2146 0.957695
2147 0.957705
2148 0.957715
2149 0.957724
2150 0.957734
2151 0.957743
2152 0.957743
2153 0.957753
2154 0.957762
2155 0.957772
2156 0.957782
2157 0.957791
2158 0.957801
2159 0.95781
2160 0.95782
2161 0.957829
2162 0.957839
2163 0.957849
2164 0.957858
2165 0.957868
2166 0.957877
2167 0.957887
2168 0.957897
2169 0.957906
2170 0.957916
2171 0.957925
2172 0.957935
2173 0.957944
2174 0.957954
2175 0.957964
2176 0.957973
2177 0.957983
2178 0.957992
2179 0.958002
2180 0.958011
2181 0.958021
2182 0.958031
2183 0.95804
2184 0.95805
2185 0.958059
2186 0.958069
2187 0.958079
2188 0.958088
2189 0.958098
2190 0.958107
2191 0.958117
2192 0.958126
2193 0.958136
2194 0.958136
2195 0.958146
2196 0.958155
2197 0.958165
2198 0.958174
2199 0.958184
2200 0.958193
2201 0.958203
2202 0.958213
2203 0.958222
2204 0.958232
2205 0.958241
2206 0.958251
2207 0.958261
2208 0.95827
2209 0.95828
2210 0.958289
2211 0.958299
2212 0.958308
2213 0.958318
2214 0.958328
2215 0.958337
2216 0.958337
2217 0.958347
2218 0.958356
2219 0.958366
2220 0.958376
2221 0.958385
2222 0.958395
2223 0.958404
2224 0.958414
2225 0.958423
2226 0.958433
2227 0.958443
2228 0.958452
2229 0.958462
2230 0.958471
2231 0.958481
2232 0.958491
2233 0.958491
2234 0.9585
2235 0.95851
2236 0.958519
2237 0.958529
2238 0.958538
2239 0.958548
2240 0.958558
2241 0.958567
2242 0.958577
2243 0.958586
2244 0.958596
2245 0.958606
2246 0.958615
2247 0.958615
2248 0.958625
2249 0.958634
2250 0.958644
2251 0.958653
2252 0.958663
2253 0.958673
2254 0.958682
2255 0.958692
2256 0.958701
2257 0.958711
2258 0.958721
2259 0.95873
2260 0.95873
2261 0.95874
2262 0.958749
2263 0.958759
2264 0.958768
2265 0.958778
2266 0.958788
2267 0.958797
2268 0.958807
2269 0.958816
2270 0.958826
2271 0.958836
2272 0.958836
2273 0.958845
2274 0.958855
2275 0.958864
2276 0.958874
2277 0.958884
2278 0.958893
2279 0.958903
2280 0.958912
2281 0.958922
2282 0.958931
2283 0.958931
2284 0.958941
2285 0.958951
2286 0.95896
2287 0.95897
2288 0.958979
2289 0.958989
2290 0.958999
2291 0.959008
2292 0.959018
2293 0.959018
2294 0.959027
2295 0.959037
2296 0.959047
2297 0.959056
2298 0.959066
2299 0.959075
2300 0.959085
2301 0.959094
2302 0.959104
2303 0.959104
2304 0.959114
2305 0.959123
2306 0.959133
2307 0.959142
2308 0.959152
2309 0.959162
2310 0.959171
2311 0.959181
2312 0.959181
2313 0.95919
2314 0.9592
2315 0.95921
2316 0.959219
2317 0.959229
2318 0.959238
2319 0.959248
2320 0.959248
2321 0.959258
2322 0.959267
2323 0.959277
2324 0.959286
2325 0.959296
2326 0.959306
2327 0.959315
2328 0.959325
2329 0.959325
2330 0.959334
2331 0.959344
2332 0.959353
2333 0.959363
2334 0.959373
2335 0.959382
2336 0.959392
2337 0.959392
2338 0.959401
2339 0.959411
2340 0.959421
2341 0.95943
2342 0.95944
2343 0.959449
2344 0.959449
2345 0.959459
2346 0.959469
2347 0.959478
2348 0.959488
2349 0.959497
2350 0.959507
2351 0.959517
2352 0.959517
2353 0.959526
2354 0.959536
2355 0.959545
2356 0.959555
2357 0.959565
2358 0.959574
2359 0.959574
2360 0.959584
2361 0.959593
2362 0.959603
2363 0.959612
2364 0.959622
2365 0.959632
2366 0.959632
2367 0.959641
2368 0.959651
2369 0.95966
2370 0.95967
2371 0.95968
2372 0.959689
2373 0.959689
2374 0.959699
2375 0.959708
2376 0.959718
2377 0.959728
2378 0.959737
2379 0.959737
2380 0.959747
2381 0.959756
2382 0.959766
2383 0.959776
2384 0.959785
2385 0.959795
2386 0.959795
2387 0.959804
2388 0.959814
2389 0.959824
2390 0.959833
2391 0.959843
2392 0.959843
2393 0.959852
2394 0.959862
2395 0.959872
2396 0.959881
2397 0.959891
2398 0.959891
2399 0.9599
2400 0.95991
2401 0.95992
2402 0.959929
2403 0.959939
2404 0.959948
2405 0.959948
2406 0.959958
2407 0.959968
2408 0.959977
2409 0.959987
2410 0.959987
2411 0.959996
2412 0.960006
2413 0.960016
2414 0.960025
2415 0.960035
2416 0.960035
2417 0.960044
2418 0.960054
2419 0.960064
2420 0.960073
2421 0.960083
2422 0.960083
2423 0.960092
2424 0.960102
2425 0.960112
2426 0.960121
2427 0.960131
2428 0.960131
2429 0.96014
2430 0.96015
2431 0.96016
2432 0.960169
2433 0.960169
2434 0.960179
2435 0.960188
2436 0.960198
2437 0.960208
2438 0.960217
2439 0.960217
2440 0.960227
2441 0.960236
2442 0.960246
2443 0.960256
2444 0.960256
2445 0.960265
2446 0.960275
2447 0.960284
2448 0.960294
2449 0.960294
2450 0.960304
2451 0.960313
2452 0.960323
2453 0.960332
2454 0.960332
2455 0.960342
2456 0.960352
2457 0.960361
2458 0.960371
2459 0.96038
2460 0.96038
2461 0.96039
2462 0.9604
2463 0.960409
2464 0.960419
2465 0.960419
2466 0.960428
2467 0.960438
2468 0.960448
2469 0.960457
2470 0.960457
2471 0.960467
2472 0.960476
2473 0.960486
2474 0.960496
2475 0.960496
2476 0.960505
2477 0.960515
2478 0.960524
2479 0.960524
2480 0.960534
2481 0.960544
2482 0.960553
2483 0.960563
2484 0.960563
2485 0.960572
2486 0.960582
2487 0.960592
2488 0.960601
2489 0.960601
2490 0.960611
2491 0.960621
2492 0.96063
2493 0.96064
2494 0.96064
2495 0.960649
2496 0.960659
2497 0.960669
2498 0.960669
2499 0.960678
2500 0.960688
2501 0.960697
2502 0.960707
2503 0.960707
2504 0.960717
2505 0.960726
2506 0.960736
2507 0.960736
2508 0.960745
2509 0.960755
2510 0.960765
2511 0.960774
2512 0.960774
2513 0.960784
2514 0.960793
2515 0.960803
2516 0.960803
2517 0.960813
2518 0.960822
2519 0.960832
2520 0.960841
2521 0.960841
2522 0.960851
2523 0.960861
2524 0.96087
2525 0.96087
2526 0.96088
2527 0.960889
2528 0.960899
2529 0.960899
2530 0.960909
2531 0.960918
2532 0.960928
2533 0.960938
2534 0.960938
2535 0.960947
2536 0.960957
2537 0.960966
2538 0.960966
2539 0.960976
2540 0.960986
2541 0.960995
2542 0.960995
2543 0.961005
2544 0.961014
2545 0.961024
2546 0.961024
2547 0.961034
2548 0.961043
2549 0.961053
2550 0.961053
2551 0.961062
2552 0.961072
2553 0.961082
2554 0.961082
2555 0.961091
2556 0.961101
2557 0.961111
2558 0.96112
2559 0.96112
2560 0.96113
2561 0.961139
2562 0.961149
2563 0.961149
2564 0.961159
2565 0.961168
2566 0.961178
2567 0.961178
2568 0.961187
2569 0.961197
2570 0.961207
2571 0.961207
2572 0.961216
2573 0.961226
2574 0.961235
2575 0.961235
2576 0.961245
2577 0.961255
2578 0.961255
2579 0.961264
2580 0.961274
2581 0.961284
2582 0.961284
2583 0.961293
2584 0.961303
2585 0.961312
2586 0.961312
2587 0.961322
2588 0.961332
2589 0.961341
2590 0.961341
2591 0.961351
2592 0.96136
2593 0.96137
2594 0.96137
2595 0.96138
2596 0.961389
2597 0.961399
2598 0.961399
2599 0.961408
2600 0.961418
2601 0.961418
2602 0.961428
2603 0.961437
2604 0.961447
2605 0.961447
2606 0.961457
2607 0.961466
2608 0.961476
2609 0.961476
2610 0.961485
2611 0.961495
2612 0.961495
2613 0.961505
2614 0.961514
2615 0.961524
2616 0.961524
2617 0.961533
2618 0.961543
2619 0.961553
2620 0.961553
2621 0.961562
2622 0.961572
2623 0.961572
2624 0.961582
2625 0.961591
2626 0.961601
2627 0.961601
2628 0.96161
2629 0.96162
2630 0.96162
2631 0.96163
2632 0.961639
2633 0.961649
2634 0.961649
2635 0.961658
2636 0.961668
2637 0.961668
2638 0.961678
2639 0.961687
2640 0.961697
2641 0.961697
2642 0.961707
2643 0.961716
2644 0.961716
2645 0.961726
2646 0.961735
2647 0.961745
2648 0.961745
2649 0.961755
2650 0.961764
2651 0.961764
2652 0.961774
2653 0.961783
2654 0.961793
2655 0.961793
2656 0.961803
2657 0.961812
2658 0.961812
2659 0.961822
2660 0.961832
2661 0.961841
2662 0.961841
2663 0.961851
2664 0.96186
2665 0.96186
2666 0.96187
2667 0.96188
2668 0.96188
2669 0.961889
2670 0.961899
2671 0.961908
2672 0.961908
2673 0.961918
2674 0.961928
2675 0.961928
2676 0.961937
2677 0.961947
2678 0.961947
2679 0.961957
2680 0.961966
2681 0.961976
2682 0.961976
2683 0.961985
2684 0.961995
2685 0.961995
2686 0.962005
2687 0.962014
2688 0.962014
2689 0.962024
2690 0.962034
2691 0.962034
2692 0.962043
2693 0.962053
2694 0.962062
2695 0.962062
2696 0.962072
2697 0.962082
2698 0.962082
2699 0.962091
2700 0.962101
2701 0.962101
2702 0.96211
2703 0.96212
2704 0.96212
2705 0.96213
2706 0.962139
2707 0.962139
2708 0.962149
2709 0.962159
2710 0.962168
2711 0.962168
2712 0.962178
2713 0.962187
2714 0.962187
2715 0.962197
2716 0.962207
2717 0.962207
2718 0.962216
2719 0.962226
2720 0.962226
2721 0.962236
2722 0.962245
2723 0.962245
2724 0.962255
2725 0.962264
2726 0.962264
2727 0.962274
2728 0.962284
2729 0.962284
2730 0.962293
2731 0.962303
2732 0.962303
2733 0.962313
2734 0.962322
2735 0.962322
2736 0.962332
2737 0.962341
2738 0.962341
2739 0.962351
2740 0.962361
2741 0.962361
2742 0.96237
2743 0.96238
2744 0.96238
2745 0.962389
2746 0.962399
2747 0.962399
2748 0.962409
2749 0.962418
2750 0.962418
2751 0.962428
2752 0.962438
2753 0.962438
2754 0.962447
2755 0.962457
2756 0.962457
2757 0.962466
2758 0.962476
2759 0.962476
2760 0.962486
2761 0.962495
2762 0.962495
2763 0.962505
2764 0.962515
2765 0.962515
2766 0.962524
2767 0.962534
2768 0.962534
2769 0.962543
2770 0.962553
2771 0.962553
2772 0.962563
2773 0.962572
2774 0.962572
2775 0.962582
2776 0.962592
2777 0.962592
2778 0.962601
2779 0.962611
2780 0.962611
2781 0.96262
2782 0.96263
2783 0.96263
2784 0.96264
2785 0.962649
2786 0.962649
2787 0.962659
2788 0.962659
2789 0.962669
2790 0.962678
2791 0.962678
2792 0.962688
2793 0.962697
2794 0.962697
2795 0.962707
2796 0.962717
2797 0.962717
2798 0.962726
2799 0.962736
2800 0.962736
2801 0.962746
2802 0.962755
2803 0.962755
2804 0.962765
2805 0.962765
2806 0.962774
2807 0.962784
2808 0.962784
2809 0.962794
2810 0.962803
2811 0.962803
2812 0.962813
2813 0.962823
2814 0.962823
2815 0.962832
2816 0.962842
2817 0.962842
2818 0.962852
2819 0.962852
2820 0.962861
2821 0.962871
2822 0.962871
2823 0.96288
2824 0.96289
2825 0.96289
2826 0.9629
2827 0.9629
2828 0.962909
2829 0.962919
2830 0.962919
2831 0.962929
2832 0.962938
2833 0.962938
2834 0.962948
2835 0.962957
2836 0.962957
2837 0.962967
2838 0.962967
2839 0.962977
2840 0.962986
2841 0.962986
2842 0.962996
2843 0.963006
2844 0.963006
2845 0.963015
2846 0.963015
2847 0.963025
2848 0.963034
2849 0.963034
2850 0.963044
2851 0.963054
2852 0.963054
2853 0.963063
2854 0.963063
2855 0.963073
2856 0.963083
2857 0.963083
2858 0.963092
2859 0.963102
2860 0.963102
2861 0.963111
2862 0.963111
2863 0.963121
2864 0.963131
2865 0.963131
2866 0.96314
2867 0.96315
2868 0.96315
2869 0.96316
2870 0.96316
2871 0.963169
2872 0.963179
2873 0.963179
2874 0.963189
2875 0.963189
2876 0.963198
2877 0.963208
2878 0.963208
2879 0.963217
2880 0.963227
2881 0.963227
2882 0.963237
2883 0.963237
2884 0.963246
2885 0.963256
2886 0.963256
2887 0.963266
2888 0.963266
2889 0.963275
2890 0.963285
2891 0.963285
2892 0.963294
2893 0.963294
2894 0.963304
2895 0.963314
2896 0.963314
2897 0.963323
2898 0.963333
2899 0.963333
2900 0.963343
2901 0.963343
2902 0.963352
2903 0.963362
2904 0.963362
2905 0.963372
2906 0.963372
2907 0.963381
2908 0.963391
2909 0.963391
2910 0.9634
2911 0.9634
2912 0.96341
2913 0.96342
2914 0.96342
2915 0.963429
2916 0.963429
2917 0.963439
2918 0.963449
2919 0.963449
2920 0.963458
2921 0.963458
2922 0.963468
2923 0.963478
2924 0.963478
2925 0.963487
2926 0.963487
2927 0.963497
2928 0.963506
2929 0.963506
2930 0.963516
2931 0.963516
2932 0.963526
2933 0.963535
2934 0.963535
2935 0.963545
2936 0.963545
2937 0.963555
2938 0.963555
2939 0.963564
2940 0.963574
2941 0.963574
2942 0.963583
2943 0.963583
2944 0.963593
2945 0.963603
2946 0.963603
2947 0.963612
2948 0.963612
2949 0.963622
2950 0.963632
2951 0.963632
2952 0.963641
2953 0.963641
2954 0.963651
2955 0.963661
2956 0.963661
2957 0.96367
2958 0.96367
2959 0.96368
2960 0.96368
2961 0.963689
2962 0.963699
2963 0.963699
2964 0.963709
2965 0.963709
2966 0.963718
2967 0.963728
2968 0.963728
2969 0.963738
2970 0.963738
2971 0.963747
2972 0.963747
2973 0.963757
2974 0.963767
2975 0.963767
2976 0.963776
2977 0.963776
2978 0.963786
2979 0.963786
2980 0.963795
2981 0.963805
2982 0.963805
2983 0.963815
2984 0.963815
2985 0.963824
2986 0.963824
2987 0.963834
2988 0.963844
2989 0.963844
2990 0.963853
2991 0.963853
2992 0.963863
2993 0.963873
2994 0.963873
2995 0.963882
2996 0.963882
2997 0.963892
2998 0.963892
2999 0.963901
3000 0.963901
3001 0.963911
3002 0.963921
3003 0.963921
3004 0.96393
3005 0.96393
3006 0.96394
3007 0.96394
3008 0.96395
3009 0.963959
3010 0.963959
3011 0.963969
3012 0.963969
3013 0.963979
3014 0.963979
3015 0.963988
3016 0.963998
3017 0.963998
3018 0.964008
3019 0.964008
3020 0.964017
3021 0.964017
3022 0.964027
3023 0.964036
3024 0.964036
3025 0.964046
3026 0.964046
3027 0.964056
3028 0.964056
3029 0.964065
3030 0.964065
3031 0.964075
3032 0.964085
3033 0.964085
3034 0.964094
3035 0.964094
3036 0.964104
3037 0.964104
3038 0.964114
3039 0.964114
3040 0.964123
3041 0.964133
3042 0.964133
3043 0.964142
3044 0.964142
3045 0.964152
3046 0.964152
3047 0.964162
3048 0.964162
3049 0.964171
3050 0.964181
3051 0.964181
3052 0.964191
3053 0.964191
3054 0.9642
3055 0.9642
3056 0.96421
3057 0.96421
3058 0.96422
3059 0.964229
3060 0.964229
3061 0.964239
3062 0.964239
3063 0.964249
3064 0.964249
3065 0.964258
3066 0.964258
3067 0.964268
3068 0.964268
3069 0.964277
3070 0.964287
3071 0.964287
3072 0.964297
3073 0.964297
3074 0.964306
3075 0.964306
3076 0.964316
3077 0.964316
3078 0.964326
3079 0.964326
3080 0.964335
3081 0.964345
3082 0.964345
3083 0.964355
3084 0.964355
3085 0.964364
3086 0.964364
3087 0.964374
3088 0.964374
3089 0.964384
3090 0.964384
3091 0.964393
3092 0.964393
3093 0.964403
3094 0.964412
3095 0.964412
3096 0.964422
3097 0.964422
3098 0.964432
3099 0.964432
3100 0.964441
3101 0.964441
3102 0.964451
3103 0.964451
3104 0.964461
3105 0.964461
3106 0.96447
3107 0.96448
3108 0.96448
3109 0.96449
3110 0.96449
3111 0.964499
3112 0.964499
3113 0.964509
3114 0.964509
3115 0.964519
3116 0.964519
3117 0.964528
3118 0.964528
3119 0.964538
3120 0.964538
3121 0.964547
3122 0.964547
3123 0.964557
3124 0.964567
3125 0.964567
3126 0.964576
3127 0.964576
3128 0.964586
3129 0.964586
3130 0.964596
3131 0.964596
3132 0.964605
3133 0.964605
3134 0.964615
3135 0.964615
3136 0.964625
3137 0.964625
3138 0.964634
3139 0.964634
3140 0.964644
3141 0.964644
3142 0.964654
3143 0.964663
3144 0.964663
3145 0.964673
3146 0.964673
3147 0.964682
3148 0.964682
3149 0.964692
3150 0.964692
3151 0.964702
3152 0.964702
3153 0.964711
3154 0.964711
3155 0.964721
3156 0.964721
3157 0.964731
3158 0.964731
3159 0.96474
3160 0.96474
3161 0.96475
3162 0.96475
3163 0.96476
3164 0.96476
3165 0.964769
3166 0.964769
3167 0.964779
3168 0.964789
3169 0.964789
3170 0.964798
3171 0.964798
3172 0.964808
3173 0.964808
3174 0.964818
3175 0.964818
3176 0.964827
3177 0.964827
3178 0.964837
3179 0.964837
3180 0.964846
3181 0.964846
3182 0.964856
3183 0.964856
3184 0.964866
3185 0.964866
3186 0.964875
3187 0.964875
3188 0.964885
3189 0.964885
3190 0.964895
3191 0.964895
3192 0.964904
3193 0.964904
3194 0.964914
3195 0.964914
3196 0.964924
3197 0.964924
3198 0.964933
3199 0.964933
3200 0.964943
3201 0.964943
3202 0.964953
3203 0.964953
3204 0.964962
3205 0.964962
3206 0.964972
3207 0.964972
3208 0.964982
3209 0.964982
3210 0.964991
3211 0.964991
3212 0.965001
3213 0.965001
3214 0.96501
3215 0.96501
3216 0.96502
3217 0.96502
3218 0.96503
3219 0.96503
3220 0.965039
3221 0.965039
3222 0.965049
3223 0.965049
3224 0.965059
3225 0.965059
3226 0.965068
3227 0.965068
3228 0.965078
3229 0.965078
3230 0.965088
3231 0.965088
3232 0.965097
3233 0.965097
3234 0.965107
3235 0.965107
3236 0.965117
3237 0.965117
3238 0.965126
3239 0.965126
3240 0.965136
3241 0.965136
3242 0.965146
3243 0.965146
3244 0.965155
3245 0.965155
3246 0.965165
3247 0.965165
3248 0.965175
3249 0.965175
3250 0.965184
3251 0.965184
3252 0.965194
3253 0.965194
3254 0.965203
3255 0.965203
3256 0.965213
3257 0.965213
3258 0.965223
3259 0.965223
3260 0.965232
3261 0.965232
3262 0.965242
3263 0.965242
3264 0.965252
3265 0.965252
3266 0.965261
3267 0.965261
3268 0.965271
3269 0.965271
3270 0.965281
3271 0.965281
3272 0.96529
3273 0.96529
3274 0.9653
3275 0.9653
3276 0.9653
3277 0.96531
3278 0.96531
3279 0.965319
3280 0.965319
3281 0.965329
3282 0.965329
3283 0.965339
3284 0.965339
3285 0.965348
3286 0.965348
3287 0.965358
3288 0.965358
3289 0.965368
3290 0.965368
3291 0.965377
3292 0.965377
3293 0.965387
3294 0.965387
3295 0.965397
3296 0.965397
3297 0.965406
3298 0.965406
3299 0.965416
3300 0.965416
3301 0.965425
3302 0.965425
3303 0.965425
3304 0.965435
3305 0.965435
3306 0.965445
3307 0.965445
3308 0.965454
3309 0.965454
3310 0.965464
3311 0.965464
3312 0.965474
3313 0.965474
3314 0.965483
3315 0.965483
3316 0.965493
3317 0.965493
3318 0.965503
3319 0.965503
3320 0.965512
3321 0.965512
3322 0.965512
3323 0.965522
3324 0.965522
3325 0.965532
3326 0.965532
3327 0.965541
3328 0.965541
3329 0.965551
3330 0.965551
3331 0.965561
3332 0.965561
3333 0.96557
3334 0.96557
3335 0.96558
3336 0.96558
3337 0.96559
3338 0.96559
3339 0.96559
3340 0.965599
3341 0.965599
3342 0.965609
3343 0.965609
3344 0.965619
3345 0.965619
3346 0.965628
3347 0.965628
3348 0.965638
3349 0.965638
3350 0.965648
3351 0.965648
3352 0.965657
3353 0.965657
3354 0.965657
3355 0.965667
3356 0.965667
3357 0.965677
3358 0.965677
3359 0.965686
3360 0.965686
3361 0.965696
3362 0.965696
3363 0.965705
3364 0.965705
3365 0.965715
3366 0.965715
3367 0.965715
3368 0.965725
3369 0.965725
3370 0.965734
3371 0.965734
3372 0.965744
3373 0.965744
3374 0.965754
3375 0.965754
3376 0.965763
3377 0.965763
3378 0.965773
3379 0.965773
3380 0.965773
3381 0.965783
3382 0.965783
3383 0.965792
3384 0.965792
3385 0.965802
3386 0.965802
3387 0.965812
3388 0.965812
3389 0.965821
3390 0.965821
3391 0.965821
3392 0.965831
3393 0.965831
3394 0.965841
3395 0.965841
3396 0.96585
3397 0.96585
3398 0.96586
3399 0.96586
3400 0.96587
3401 0.96587
3402 0.96587
3403 0.965879
3404 0.965879
3405 0.965889
3406 0.965889
3407 0.965899
3408 0.965899
3409 0.965908
3410 0.965908
3411 0.965918
3412 0.965918
3413 0.965918
3414 0.965928
3415 0.965928
3416 0.965937
3417 0.965937
3418 0.965947
3419 0.965947
3420 0.965957
3421 0.965957
3422 0.965957
3423 0.965966
3424 0.965966
3425 0.965976
3426 0.965976
3427 0.965986
3428 0.965986
3429 0.965995
3430 0.965995
3431 0.965995
3432 0.966005
3433 0.966005
3434 0.966015
3435 0.966015
3436 0.966024
3437 0.966024
3438 0.966034
3439 0.966034
3440 0.966034
3441 0.966043
3442 0.966043
3443 0.966053
3444 0.966053
3445 0.966063
3446 0.966063
3447 0.966072
3448 0.966072
3449 0.966072
3450 0.966082
3451 0.966082
3452 0.966092
3453 0.966092
3454 0.966101
3455 0.966101
3456 0.966111
3457 0.966111
3458 0.966111
3459 0.966121
3460 0.966121
3461 0.96613
3462 0.96613
3463 0.96614
3464 0.96614
3465 0.96614
3466 0.96615
3467 0.96615
3468 0.966159
3469 0.966159
3470 0.966169
3471 0.966169
3472 0.966179
3473 0.966179
3474 0.966179
3475 0.966188
3476 0.966188
3477 0.966198
3478 0.966198
3479 0.966208
3480 0.966208
3481 0.966208
3482 0.966217
3483 0.966217
3484 0.966227
3485 0.966227
3486 0.966237
3487 0.966237
3488 0.966237
3489 0.966246
3490 0.966246
3491 0.966256
3492 0.966256
3493 0.966266
3494 0.966266
3495 0.966275
3496 0.966275
3497 0.966275
3498 0.966285
3499 0.966285
3500 0.966295
3501 0.966295
3502 0.966304
3503 0.966304
3504 0.966304
3505 0.966314
3506 0.966314
3507 0.966324
3508 0.966324
3509 0.966333
3510 0.966333
3511 0.966333
3512 0.966343
3513 0.966343
3514 0.966353
3515 0.966353
3516 0.966353
3517 0.966362
3518 0.966362
3519 0.966372
3520 0.966372
3521 0.966382
3522 0.966382
3523 0.966382
3524 0.966391
3525 0.966391
3526 0.966401
3527 0.966401
3528 0.966411
3529 0.966411
3530 0.966411
3531 0.96642
3532 0.96642
3533 0.96643
3534 0.96643
3535 0.96644
3536 0.96644
3537 0.96644
3538 0.966449
3539 0.966449
3540 0.966459
3541 0.966459
3542 0.966459
3543 0.966469
3544 0.966469
3545 0.966478
3546 0.966478
3547 0.966488
3548 0.966488
3549 0.966488
3550 0.966498
3551 0.966498
3552 0.966507
3553 0.966507
3554 0.966517
3555 0.966517
3556 0.966517
3557 0.966527
3558 0.966527
3559 0.966536
3560 0.966536
3561 0.966536
3562 0.966546
3563 0.966546
3564 0.966556
3565 0.966556
3566 0.966565
3567 0.966565
3568 0.966565
3569 0.966575
3570 0.966575
3571 0.966585
3572 0.966585
3573 0.966585
3574 0.966594
3575 0.966594
3576 0.966604
3577 0.966604
3578 0.966604
3579 0.966614
3580 0.966614
3581 0.966623
3582 0.966623
3583 0.966633
3584 0.966633
3585 0.966633
3586 0.966643
3587 0.966643
3588 0.966652
3589 0.966652
3590 0.966652
3591 0.966662
3592 0.966662
3593 0.966672
3594 0.966672
3595 0.966672
3596 0.966681
3597 0.966681
3598 0.966691
3599 0.966691
3600 0.966701
3601 0.966701
3602 0.966701
3603 0.96671
3604 0.96671
3605 0.96672
3606 0.96672
3607 0.96672
3608 0.96673
3609 0.96673
3610 0.966739
3611 0.966739
3612 0.966739
3613 0.966749
3614 0.966749
3615 0.966759
3616 0.966759
3617 0.966759
3618 0.966768
3619 0.966768
3620 0.966778
3621 0.966778
3622 0.966778
3623 0.966788
3624 0.966788
3625 0.966797
3626 0.966797
3627 0.966797
3628 0.966807
3629 0.966807
3630 0.966817
3631 0.966817
3632 0.966817
3633 0.966826
3634 0.966826
3635 0.966836
3636 0.966836
3637 0.966836
3638 0.966846
3639 0.966846
3640 0.966855
3641 0.966855
3642 0.966855
3643 0.966865
3644 0.966865
3645 0.966875
3646 0.966875
3647 0.966875
3648 0.966884
3649 0.966884
3650 0.966894
3651 0.966894
3652 0.966894
3653 0.966904
3654 0.966904
3655 0.966913
3656 0.966913
3657 0.966913
3658 0.966923
3659 0.966923
3660 0.966933
3661 0.966933
3662 0.966933
3663 0.966942
3664 0.966942
3665 0.966952
3666 0.966952
3667 0.966952
3668 0.966962
3669 0.966962
3670 0.966971
3671 0.966971
3672 0.966971
3673 0.966981
3674 0.966981
3675 0.966991
3676 0.966991
3677 0.966991
3678 0.967
3679 0.967
3680 0.967
3681 0.96701
3682 0.96701
3683 0.96702
3684 0.96702
3685 0.96702
3686 0.967029
3687 0.967029
3688 0.967039
3689 0.967039
3690 0.967039
3691 0.967049
3692 0.967049
3693 0.967058
3694 0.967058
3695 0.967058
3696 0.967068
3697 0.967068
3698 0.967078
3699 0.967078
3700 0.967078
3701 0.967087
3702 0.967087
3703 0.967087
3704 0.967097
3705 0.967097
3706 0.967107
3707 0.967107
3708 0.967107
3709 0.967116
3710 0.967116
3711 0.967126
3712 0.967126
3713 0.967126
3714 0.967136
3715 0.967136
3716 0.967136
3717 0.967145
3718 0.967145
3719 0.967155
3720 0.967155
3721 0.967155
3722 0.967165
3723 0.967165
3724 0.967174
3725 0.967174
3726 0.967174
3727 0.967184
3728 0.967184
3729 0.967184
3730 0.967194
3731 0.967194
3732 0.967203
3733 0.967203
3734 0.967203
3735 0.967213
3736 0.967213
3737 0.967223
3738 0.967223
3739 0.967223
3740 0.967232
3741 0.967232
3742 0.967232
3743 0.967242
3744 0.967242
3745 0.967252
3746 0.967252
3747 0.967252
3748 0.967261
3749 0.967261
3750 0.967261
3751 0.967271
3752 0.967271
3753 0.967281
3754 0.967281
3755 0.967281
3756 0.96729
3757 0.96729
3758 0.96729
3759 0.9673
3760 0.9673
3761 0.96731
3762 0.96731
3763 0.96731
3764 0.967319
3765 0.967319
3766 0.967319
3767 0.967329
3768 0.967329
3769 0.967339
3770 0.967339
3771 0.967339
3772 0.967348
3773 0.967348
3774 0.967348
3775 0.967358
3776 0.967358
3777 0.967368
3778 0.967368
3779 0.967368
3780 0.967377
3781 0.967377
3782 0.967377
3783 0.967387
3784 0.967387
3785 0.967397
3786 0.967397
3787 0.967397
3788 0.967406
3789 0.967406
3790 0.967406
3791 0.967416
3792 0.967416
3793 0.967426
3794 0.967426
3795 0.967426
3796 0.967435
3797 0.967435
3798 0.967435
3799 0.967445
3800 0.967445
3801 0.967455
3802 0.967455
3803 0.967455
3804 0.967464
3805 0.967464
3806 0.967464
3807 0.967474
3808 0.967474
3809 0.967474
3810 0.967484
3811 0.967484
3812 0.967493
3813 0.967493
3814 0.967493
3815 0.967503
3816 0.967503
3817 0.967503
3818 0.967513
3819 0.967513
3820 0.967523
3821 0.967523
3822 0.967523
3823 0.967532
3824 0.967532
3825 0.967532
3826 0.967542
3827 0.967542
3828 0.967542
3829 0.967552
3830 0.967552
3831 0.967561
3832 0.967561
3833 0.967561
3834 0.967571
3835 0.967571
3836 0.967571
3837 0.967581
3838 0.967581
3839 0.967581
3840 0.96759
3841 0.96759
3842 0.9676
3843 0.9676
3844 0.9676
3845 0.96761
3846 0.96761
3847 0.96761
3848 0.967619
3849 0.967619
3850 0.967619
3851 0.967629
3852 0.967629
3853 0.967639
3854 0.967639
3855 0.967639
3856 0.967648
3857 0.967648
3858 0.967648
3859 0.967658
3860 0.967658
3861 0.967658
3862 0.967668
3863 0.967668
3864 0.967668
3865 0.967677
3866 0.967677
3867 0.967687
3868 0.967687
3869 0.967687
3870 0.967697
3871 0.967697
3872 0.967697
3873 0.967706
3874 0.967706
3875 0.967706
3876 0.967716
3877 0.967716
3878 0.967716
3879 0.967726
3880 0.967726
3881 0.967735
3882 0.967735
3883 0.967735
3884 0.967745
3885 0.967745
3886 0.967745
3887 0.967755
3888 0.967755
3889 0.967755
3890 0.967764
3891 0.967764
3892 0.967764
3893 0.967774
3894 0.967774
3895 0.967784
3896 0.967784
3897 0.967784
3898 0.967793
3899 0.967793
3900 0.967793
3901 0.967803
3902 0.967803
3903 0.967803
3904 0.967813
3905 0.967813
3906 0.967813
3907 0.967822
3908 0.967822
3909 0.967822
3910 0.967832
3911 0.967832
3912 0.967842
3913 0.967842
3914 0.967842
3915 0.967852
3916 0.967852
3917 0.967852
3918 0.967861
3919 0.967861
3920 0.967861
3921 0.967871
3922 0.967871
3923 0.967871
3924 0.967881
3925 0.967881
3926 0.967881
3927 0.96789
3928 0.96789
3929 0.96789
3930 0.9679
3931 0.9679
3932 0.9679
3933 0.96791
3934 0.96791
3935 0.967919
3936 0.967919
3937 0.967919
3938 0.967929
3939 0.967929
3940 0.967929
3941 0.967939
3942 0.967939
3943 0.967939
3944 0.967948
3945 0.967948
3946 0.967948
3947 0.967958
3948 0.967958
3949 0.967958
3950 0.967968
3951 0.967968
3952 0.967968
3953 0.967977
3954 0.967977
3955 0.967977
3956 0.967987
3957 0.967987
3958 0.967987
3959 0.967997
3960 0.967997
3961 0.967997
3962 0.968006
3963 0.968006
3964 0.968016
3965 0.968016
3966 0.968016
3967 0.968026
3968 0.968026
3969 0.968026
3970 0.968035
3971 0.968035
3972 0.968035
3973 0.968045
3974 0.968045
3975 0.968045
3976 0.968055
3977 0.968055
3978 0.968055
3979 0.968064
3980 0.968064
3981 0.968064
3982 0.968074
3983 0.968074
3984 0.968074
3985 0.968084
3986 0.968084
3987 0.968084
3988 0.968093
3989 0.968093
3990 0.968093
3991 0.968103
3992 0.968103
3993 0.968103
3994 0.968113
3995 0.968113
3996 0.968113
3997 0.968123
3998 0.968123
3999 0.968123
4000 0.968132
4001 0.968132
4002 0.968132
4003 0.968142
4004 0.968142
4005 0.968142
4006 0.968152
4007 0.968152
4008 0.968152
4009 0.968161
4010 0.968161
4011 0.968161
4012 0.968171
4013 0.968171
4014 0.968171
4015 0.968181
4016 0.968181
4017 0.968181
4018 0.96819
4019 0.96819
4020 0.96819
4021 0.9682
4022 0.9682
4023 0.9682
4024 0.96821
4025 0.96821
4026 0.96821
4027 0.968219
4028 0.968219
4029 0.968219
4030 0.968229
4031 0.968229
4032 0.968229
4033 0.968239
4034 0.968239
4035 0.968239
4036 0.968248
4037 0.968248
4038 0.968248
4039 0.968258
4040 0.968258
4041 0.968258
4042 0.968268
4043 0.968268
4044 0.968268
4045 0.968277
4046 0.968277
4047 0.968277
4048 0.968287
4049 0.968287
4050 0.968287
4051 0.968297
4052 0.968297
4053 0.968297
4054 0.968306
4055 0.968306
4056 0.968306
4057 0.968316
4058 0.968316
4059 0.968316
4060 0.968326
4061 0.968326
4062 0.968326
4063 0.968335
4064 0.968335
4065 0.968335
4066 0.968345
4067 0.968345
4068 0.968345
4069 0.968355
4070 0.968355
4071 0.968355
4072 0.968365
4073 0.968365
4074 0.968365
4075 0.968374
4076 0.968374
4077 0.968374
4078 0.968384
4079 0.968384
4080 0.968384
4081 0.968394
4082 0.968394
4083 0.968394
4084 0.968403
4085 0.968403
4086 0.968403
4087 0.968403
4088 0.968413
4089 0.968413
4090 0.968413
4091 0.968423
4092 0.968423
4093 0.968423
4094 0.968432
4095 0.968432
4096 0.968432
4097 0.968442
4098 0.968442
4099 0.968442
4100 0.968452
4101 0.968452
4102 0.968452
4103 0.968461
4104 0.968461
4105 0.968461
4106 0.968471
4107 0.968471
4108 0.968471
4109 0.968481
4110 0.968481
4111 0.968481
4112 0.96849
4113 0.96849
4114 0.96849
4115 0.9685
4116 0.9685
4117 0.9685
4118 0.9685
4119 0.96851
4120 0.96851
4121 0.96851
4122 0.968519
4123 0.968519
4124 0.968519
4125 0.968529
4126 0.968529
4127 0.968529
4128 0.968539
4129 0.968539
4130 0.968539
4131 0.968549
4132 0.968549
4133 0.968549
4134 0.968558
4135 0.968558
4136 0.968558
4137 0.968568
4138 0.968568
4139 0.968568
4140 0.968568
4141 0.968578
4142 0.968578
4143 0.968578
4144 0.968587
4145 0.968587
4146 0.968587
4147 0.968597
4148 0.968597
4149 0.968597
4150 0.968607
4151 0.968607
4152 0.968607
4153 0.968616
4154 0.968616
4155 0.968616
4156 0.968626
4157 0.968626
4158 0.968626
4159 0.968626
4160 0.968636
4161 0.968636
4162 0.968636
4163 0.968645
4164 0.968645
4165 0.968645
4166 0.968655
4167 0.968655
4168 0.968655
4169 0.968665
4170 0.968665
4171 0.968665
4172 0.968674
4173 0.968674
4174 0.968674
4175 0.968674
4176 0.968684
4177 0.968684
4178 0.968684
4179 0.968694
4180 0.968694
4181 0.968694
4182 0.968703
4183 0.968703
4184 0.968703
4185 0.968713
4186 0.968713
4187 0.968713
4188 0.968713
4189 0.968723
4190 0.968723
4191 0.968723
4192 0.968733
4193 0.968733
4194 0.968733
4195 0.968742
4196 0.968742
4197 0.968742
4198 0.968752
4199 0.968752
4200 0.968752
4201 0.968762
4202 0.968762
4203 0.968762
4204 0.968762
4205 0.968771
4206 0.968771
4207 0.968771
4208 0.968781
4209 0.968781
4210 0.968781
4211 0.968791
4212 0.968791
4213 0.968791
4214 0.968791
4215 0.9688
4216 0.9688
4217 0.9688
4218 0.96881
4219 0.96881
4220 0.96881
4221 0.96882
4222 0.96882
4223 0.96882
4224 0.968829
4225 0.968829
4226 0.968829
4227 0.968829
4228 0.968839
4229 0.968839
4230 0.968839
4231 0.968849
4232 0.968849
4233 0.968849
4234 0.968858
4235 0.968858
4236 0.968858
4237 0.968858
4238 0.968868
4239 0.968868
4240 0.968868
4241 0.968878
4242 0.968878
4243 0.968878
4244 0.968888
4245 0.968888
4246 0.968888
4247 0.968897
4248 0.968897
4249 0.968897
4250 0.968897
4251 0.968907
4252 0.968907
4253 0.968907
4254 0.968917
4255 0.968917
4256 0.968917
4257 0.968926
4258 0.968926
4259 0.968926
4260 0.968926
4261 0.968936
4262 0.968936
4263 0.968936
4264 0.968946
4265 0.968946
4266 0.968946
4267 0.968955
4268 0.968955
4269 0.968955
4270 0.968955
4271 0.968965
4272 0.968965
4273 0.968965
4274 0.968975
4275 0.968975
4276 0.968975
4277 0.968984
4278 0.968984
4279 0.968984
4280 0.968984
4281 0.968994
4282 0.968994
4283 0.968994
4284 0.969004
4285 0.969004
4286 0.969004
4287 0.969004
4288 0.969013
4289 0.969013
4290 0.969013
4291 0.969023
4292 0.969023
4293 0.969023
4294 0.969033
4295 0.969033
4296 0.969033
4297 0.969033
4298 0.969043
4299 0.969043
4300 0.969043
4301 0.969052
4302 0.969052
4303 0.969052
4304 0.969062
4305 0.969062
4306 0.969062
4307 0.969062
4308 0.969072
4309 0.969072
4310 0.969072
4311 0.969081
4312 0.969081
4313 0.969081
4314 0.969081
4315 0.969091
4316 0.969091
4317 0.969091
4318 0.969101
4319 0.969101
4320 0.969101
4321 0.969101
4322 0.96911
4323 0.96911
4324 0.96911
4325 0.96912
4326 0.96912
4327 0.96912
4328 0.96913
4329 0.96913
4330 0.96913
4331 0.96913
4332 0.969139
4333 0.969139
4334 0.969139
4335 0.969149
4336 0.969149
4337 0.969149
4338 0.969149
4339 0.969159
4340 0.969159
4341 0.969159
4342 0.969169
4343 0.969169
4344 0.969169
4345 0.969169
4346 0.969178
4347 0.969178
4348 0.969178
4349 0.969188
4350 0.969188
4351 0.969188
4352 0.969188
4353 0.969198
4354 0.969198
4355 0.969198
4356 0.969207
4357 0.969207
4358 0.969207
4359 0.969207
4360 0.969217
4361 0.969217
4362 0.969217
4363 0.969227
4364 0.969227
4365 0.969227
4366 0.969227
4367 0.969236
4368 0.969236
4369 0.969236
4370 0.969246
4371 0.969246
4372 0.969246
4373 0.969246
4374 0.969256
4375 0.969256
4376 0.969256
4377 0.969265
4378 0.969265
4379 0.969265
4380 0.969265
4381 0.969275
4382 0.969275
4383 0.969275
4384 0.969285
4385 0.969285
4386 0.969285
4387 0.969285
4388 0.969295
4389 0.969295
4390 0.969295
4391 0.969304
4392 0.969304
4393 0.969304
4394 0.969304
4395 0.969314
4396 0.969314
4397 0.969314
4398 0.969324
4399 0.969324
4400 0.969324
4401 0.969324
4402 0.969333
4403 0.969333
4404 0.969333
4405 0.969343
4406 0.969343
4407 0.969343
4408 0.969343
4409 0.969353
4410 0.969353
4411 0.969353
4412 0.969362
4413 0.969362
4414 0.969362
4415 0.969362
4416 0.969372
4417 0.969372
4418 0.969372
4419 0.969372
4420 0.969382
4421 0.969382
4422 0.969382
4423 0.969391
4424 0.969391
4425 0.969391
4426 0.969391
4427 0.969401
4428 0.969401
4429 0.969401
4430 0.969411
4431 0.969411
4432 0.969411
4433 0.969411
4434 0.969421
4435 0.969421
4436 0.969421
4437 0.96943
4438 0.96943
4439 0.96943
4440 0.96943
4441 0.96944
4442 0.96944
4443 0.96944
4444 0.96944
4445 0.96945
4446 0.96945
4447 0.96945
4448 0.969459
4449 0.969459
4450 0.969459
4451 0.969459
4452 0.969469
4453 0.969469
4454 0.969469
4455 0.969469
4456 0.969479
4457 0.969479
4458 0.969479
4459 0.969488
4460 0.969488
4461 0.969488
4462 0.969488
4463 0.969498
4464 0.969498
4465 0.969498
4466 0.969508
4467 0.969508
4468 0.969508
4469 0.969508
4470 0.969517
4471 0.969517
4472 0.969517
4473 0.969517
4474 0.969527
4475 0.969527
4476 0.969527
4477 0.969537
4478 0.969537
4479 0.969537
4480 0.969537
4481 0.969547
4482 0.969547
4483 0.969547
4484 0.969547
4485 0.969556
4486 0.969556
4487 0.969556
4488 0.969566
4489 0.969566
4490 0.969566
4491 0.969566
4492 0.969576
4493 0.969576
4494 0.969576
4495 0.969576
4496 0.969585
4497 0.969585
4498 0.969585
4499 0.969585
4500 0.969595
4501 0.969595
4502 0.969595
4503 0.969605
4504 0.969605
4505 0.969605
4506 0.969605
4507 0.969614
4508 0.969614
4509 0.969614
4510 0.969614
4511 0.969624
4512 0.969624
4513 0.969624
4514 0.969634
4515 0.969634
4516 0.969634
4517 0.969634
4518 0.969643
4519 0.969643
4520 0.969643
4521 0.969643
4522 0.969653
4523 0.969653
4524 0.969653
4525 0.969653
4526 0.969663
4527 0.969663
4528 0.969663
4529 0.969673
4530 0.969673
4531 0.969673
4532 0.969673
4533 0.969682
4534 0.969682
4535 0.969682
4536 0.969682
4537 0.969692
4538 0.969692
4539 0.969692
4540 0.969692
4541 0.969702
4542 0.969702
4543 0.969702
4544 0.969711
4545 0.969711
4546 0.969711
4547 0.969711
4548 0.969721
4549 0.969721
4550 0.969721
4551 0.969721
4552 0.969731
4553 0.969731
4554 0.969731
4555 0.969731
4556 0.96974
4557 0.96974
4558 0.96974
4559 0.96974
4560 0.96975
4561 0.96975
4562 0.96975
4563 0.96976
4564 0.96976
4565 0.96976
4566 0.96976
4567 0.96977
4568 0.96977
4569 0.96977
4570 0.96977
4571 0.969779
4572 0.969779
4573 0.969779
4574 0.969779
4575 0.969789
4576 0.969789
4577 0.969789
4578 0.969789
4579 0.969799
4580 0.969799
4581 0.969799
4582 0.969799
4583 0.969808
4584 0.969808
4585 0.969808
4586 0.969818
4587 0.969818
4588 0.969818
4589 0.969818
4590 0.969828
4591 0.969828
4592 0.969828
4593 0.969828
4594 0.969837
4595 0.969837
4596 0.969837
4597 0.969837
4598 0.969847
4599 0.969847
4600 0.969847
4601 0.969847
4602 0.969857
4603 0.969857
4604 0.969857
4605 0.969857
4606 0.969867
4607 0.969867
4608 0.969867
4609 0.969867
4610 0.969876
4611 0.969876
4612 0.969876
4613 0.969886
4614 0.969886
4615 0.969886
4616 0.969886
4617 0.969896
4618 0.969896
4619 0.969896
4620 0.969896
4621 0.969905
4622 0.969905
4623 0.969905
4624 0.969905
4625 0.969915
4626 0.969915
4627 0.969915
4628 0.969915
4629 0.969925
4630 0.969925
4631 0.969925
4632 0.969925
4633 0.969934
4634 0.969934
4635 0.969934
4636 0.969934
4637 0.969944
4638 0.969944
4639 0.969944
4640 0.969944
4641 0.969954
4642 0.969954
4643 0.969954
4644 0.969954
4645 0.969963
4646 0.969963
4647 0.969963
4648 0.969963
4649 0.969973
4650 0.969973
4651 0.969973
4652 0.969973
4653 0.969983
4654 0.969983
4655 0.969983
4656 0.969983
4657 0.969993
4658 0.969993
4659 0.969993
4660 0.969993
4661 0.970002
4662 0.970002
4663 0.970002
4664 0.970002
4665 0.970012
4666 0.970012
4667 0.970012
4668 0.970012
4669 0.970022
4670 0.970022
4671 0.970022
4672 0.970022
4673 0.970031
4674 0.970031
4675 0.970031
4676 0.970031
4677 0.970041
4678 0.970041
4679 0.970041
4680 0.970041
4681 0.970051
4682 0.970051
4683 0.970051
4684 0.970051
4685 0.97006
4686 0.97006
4687 0.97006
4688 0.97006
4689 0.97007
4690 0.97007
4691 0.97007
4692 0.97007
4693 0.97008
4694 0.97008
4695 0.97008
4696 0.97008
4697 0.97009
4698 0.97009
4699 0.97009
4700 0.97009
4701 0.970099
4702 0.970099
4703 0.970099
4704 0.970099
4705 0.970109
4706 0.970109
4707 0.970109
4708 0.970109
4709 0.970119
4710 0.970119
4711 0.970119
4712 0.970119
4713 0.970128
4714 0.970128
4715 0.970128
4716 0.970128
4717 0.970138
4718 0.970138
4719 0.970138
4720 0.970138
4721 0.970148
4722 0.970148
4723 0.970148
4724 0.970148
4725 0.970157
4726 0.970157
4727 0.970157
4728 0.970157
4729 0.970167
4730 0.970167
4731 0.970167
4732 0.970167
4733 0.970177
4734 0.970177
4735 0.970177
4736 0.970177
4737 0.970187
4738 0.970187
4739 0.970187
4740 0.970187
4741 0.970196
4742 0.970196
4743 0.970196
4744 0.970196
4745 0.970206
4746 0.970206
4747 0.970206
4748 0.970206
4749 0.970206
4750 0.970216
4751 0.970216
4752 0.970216
4753 0.970216
4754 0.970225
4755 0.970225
4756 0.970225
4757 0.970225
4758 0.970235
4759 0.970235
4760 0.970235
4761 0.970235
4762 0.970245
4763 0.970245
4764 0.970245
4765 0.970245
4766 0.970255
4767 0.970255
4768 0.970255
4769 0.970255
4770 0.970264
4771 0.970264
4772 0.970264
4773 0.970264
4774 0.970274
4775 0.970274
4776 0.970274
4777 0.970274
4778 0.970274
4779 0.970284
4780 0.970284
4781 0.970284
4782 0.970284
4783 0.970293
4784 0.970293
4785 0.970293
4786 0.970293
4787 0.970303
4788 0.970303
4789 0.970303
4790 0.970303
4791 0.970313
4792 0.970313
4793 0.970313
4794 0.970313
4795 0.970322
4796 0.970322
4797 0.970322
4798 0.970322
4799 0.970322
4800 0.970332
4801 0.970332
4802 0.970332
4803 0.970332
4804 0.970342
4805 0.970342
4806 0.970342
4807 0.970342
4808 0.970352
4809 0.970352
4810 0.970352
4811 0.970352
4812 0.970361
4813 0.970361
4814 0.970361
4815 0.970361
4816 0.970361
4817 0.970371
4818 0.970371
4819 0.970371
4820 0.970371
4821 0.970381
4822 0.970381
4823 0.970381
4824 0.970381
4825 0.97039
4826 0.97039
4827 0.97039
4828 0.97039
4829 0.9704
4830 0.9704
4831 0.9704
4832 0.9704
4833 0.9704
4834 0.97041
4835 0.97041
4836 0.97041
4837 0.97041
4838 0.970419
4839 0.970419
4840 0.970419
4841 0.970419
4842 0.970429
4843 0.970429
4844 0.970429
4845 0.970429
4846 0.970439
4847 0.970439
4848 0.970439
4849 0.970439
4850 0.970439
4851 0.970449
4852 0.970449
4853 0.970449
4854 0.970449
4855 0.970458
4856 0.970458
4857 0.970458
4858 0.970458
4859 0.970468
4860 0.970468
4861 0.970468
4862 0.970468
4863 0.970468
4864 0.970478
4865 0.970478
4866 0.970478
4867 0.970478
4868 0.970487
4869 0.970487
4870 0.970487
4871 0.970487
4872 0.970497
4873 0.970497
4874 0.970497
4875 0.970497
4876 0.970497
4877 0.970507
4878 0.970507
4879 0.970507
4880 0.970507
4881 0.970516
4882 0.970516
4883 0.970516
4884 0.970516
4885 0.970526
4886 0.970526
4887 0.970526
4888 0.970526
4889 0.970526
4890 0.970536
4891 0.970536
4892 0.970536
4893 0.970536
4894 0.970546
4895 0.970546
4896 0.970546
4897 0.970546
4898 0.970546
4899 0.970555
4900 0.970555
4901 0.970555
4902 0.970555
4903 0.970565
4904 0.970565
4905 0.970565
4906 0.970565
4907 0.970575
4908 0.970575
4909 0.970575
4910 0.970575
4911 0.970575
4912 0.970584
4913 0.970584
4914 0.970584
4915 0.970584
4916 0.970594
4917 0.970594
4918 0.970594
4919 0.970594
4920 0.970594
4921 0.970604
4922 0.970604
4923 0.970604
4924 0.970604
4925 0.970614
4926 0.970614
4927 0.970614
4928 0.970614
4929 0.970614
4930 0.970623
4931 0.970623
4932 0.970623
4933 0.970623
4934 0.970633
4935 0.970633
4936 0.970633
4937 0.970633
4938 0.970643
4939 0.970643
4940 0.970643
4941 0.970643
4942 0.970643
4943 0.970652
4944 0.970652
4945 0.970652
4946 0.970652
4947 0.970662
4948 0.970662
4949 0.970662
4950 0.970662
4951 0.970662
4952 0.970672
4953 0.970672
4954 0.970672
4955 0.970672
4956 0.970681
4957 0.970681
4958 0.970681
4959 0.970681
4960 0.970681
4961 0.970691
4962 0.970691
4963 0.970691
4964 0.970691
4965 0.970701
4966 0.970701
4967 0.970701
4968 0.970701
4969 0.970701
4970 0.970711
4971 0.970711
4972 0.970711
4973 0.970711
4974 0.970711
4975 0.97072
4976 0.97072
4977 0.97072
4978 0.97072
4979 0.97073
4980 0.97073
4981 0.97073
4982 0.97073
4983 0.97073
4984 0.97074
4985 0.97074
4986 0.97074
4987 0.97074
4988 0.970749
4989 0.970749
4990 0.970749
4991 0.970749
4992 0.970749
4993 0.970759
4994 0.970759
4995 0.970759
4996 0.970759
4997 0.970769
4998 0.970769
4999 0.970769
