0.1 0.161783873483
0.2 0.288215145538
0.3 0.386146320373
0.4 0.461123201061
0.5 0.517633464383
0.6 0.559307966039
0.7 0.589083764638
0.8 0.609336143777
0.9 0.621985527294
1.0 0.628584061874
1.1 0.63038573334
1.2 0.628403147781
1.3 0.623453513285
1.4 0.616195875853
1.5 0.607161272583
1.6 0.596777148982
1.7 0.585387131139
1.8 0.57326703611
1.9 0.560637835864
2.0 0.547676154149
2.1 0.534522765433
2.2 0.521289475899
2.3 0.508064694189
2.4 0.494917941093
2.5 0.481903500004
2.6 0.469063371563
2.7 0.45642966485
2.8 0.444026532315
2.9 0.431871735245
3.0 0.419977910064
3.1 0.408353592406
3.2 0.397004045047
3.3 0.385931927039
3.4 0.375137834284
3.5 0.364620736026
3.6 0.354378327086
3.7 0.344407311912
3.8 0.334703633419
3.9 0.325262657181
4.0 0.316079319468
4.1 0.307148246059
4.2 0.298463847398
4.3 0.290020394642
4.4 0.281812080244
4.5 0.273833066055
4.6 0.266077521335
4.7 0.258539652625
4.8 0.251213727051
4.9 0.244094090336
5.0 0.237175180548
5.1 0.230451538418
5.2 0.223917814909
5.3 0.217568776576
5.4 0.211399309158
5.5 0.205404419765
5.6 0.199579237939
5.7 0.193919015837
5.8 0.188419127704
5.9 0.183075068808
6.0 0.177882453943
6.1 0.17283701561
6.2 0.167934601948
6.3 0.163171174486
6.4 0.15854280576
6.5 0.154045676839
6.6 0.14967607479
6.7 0.145430390122
6.8 0.141305114202
6.9 0.137296836691
7.0 0.133402242987
7.1 0.1296181117
7.2 0.125941312166
7.3 0.122368801993
7.4 0.118897624662
7.5 0.115524907172
7.6 0.112247857738
7.7 0.109063763538
7.8 0.105969988519
7.9 0.102963971257
8.0 0.100043222862
8.1 0.0972053249492
8.2 0.0944479276561
8.3 0.0917687477132
8.4 0.0891655665677
8.5 0.0866362285579
8.6 0.0841786391366
8.7 0.081790763145
8.8 0.0794706231322
8.9 0.0772162977233
9.0 0.0750259200318
9.1 0.0728976761168
9.2 0.0708298034836
9.3 0.0688205896258
9.4 0.066868370609
9.5 0.0649715296941
9.6 0.0631284959997
9.7 0.0613377432018
9.8 0.0595977882706
9.9 0.0579071902428
