0.1 0.0638942838932
0.2 0.120579729258
0.3 0.170731547893
0.4 0.21496435468
0.5 0.253837544777
0.6 0.287860195127
0.7 0.317495532331
0.8 0.343165005206
0.9 0.365251996974
1.0 0.384105208939
1.1 0.400041744686
1.2 0.413349921286
1.3 0.424291831628
1.4 0.433105679886
1.5 0.440007910183
1.6 0.445195146722
1.7 0.44884596207
1.8 0.451122488774
1.9 0.452171888176
2.0 0.452127689048
2.1 0.451111007551
2.2 0.449231659039
2.3 0.446589171236
2.4 0.443273707554
2.5 0.439366908457
2.6 0.434942658151
2.7 0.430067783201
2.8 0.424802689084
2.9 0.419201940184
3.0 0.413314788234
3.1 0.407185653757
3.2 0.40085456468
3.3 0.394357555894
3.4 0.387727033248
3.5 0.380992105085
3.6 0.374178884238
3.7 0.367310763067
3.8 0.360408663949
3.9 0.353491267385
4.0 0.346575219707
4.1 0.339675322205
4.2 0.332804703304
4.3 0.325974975308
4.4 0.319196377079
4.5 0.312477903889
4.6 0.305827425597
4.7 0.299251794172
4.8 0.29275694153
4.9 0.286347968524
5.0 0.280029225884
5.1 0.273804387822
5.2 0.26767651896
5.3 0.261648135157
5.4 0.255721258801
5.5 0.249897469049
5.6 0.244177947458
5.7 0.238563519432
5.8 0.233054691852
5.9 0.227651687225
6.0 0.222354474677
6.1 0.217162798058
6.2 0.212076201424
6.3 0.207094052135
6.4 0.202215561772
6.5 0.197439805086
6.6 0.192765737136
6.7 0.188192208793
6.8 0.183717980758
6.9 0.179341736215
7.0 0.175062092257
7.1 0.170877610192
7.2 0.166786804822
7.3 0.162788152804
7.4 0.158880100161
7.5 0.155061069035
7.6 0.151329463736
7.7 0.147683676169
7.8 0.144122090681
7.9 0.140643088389
8.0 0.13724505104
8.1 0.133926364437
8.2 0.13068542148
8.3 0.127520624856
8.4 0.124430389407
8.5 0.121413144214
8.6 0.118467334413
8.7 0.115591422785
8.8 0.112783891123
8.9 0.110043241409
9.0 0.107367996821
9.1 0.104756702578
9.2 0.102207926648
9.3 0.0997202603224
9.4 0.0972923186832
9.5 0.094922740963
9.6 0.0926101908143
9.7 0.0903533564959
9.8 0.0881509509852
9.9 0.0860017120254
