100 0.363525562932
101 0.372029878607
102 0.380555996749
103 0.389079319319
104 0.397737512057
105 0.406437102836
106 0.415158088851
107 0.423972072338
108 0.432769553937
109 0.441626468165
110 0.45052764484
111 0.459456459464
112 0.468508976196
113 0.477441644378
114 0.486589449692
115 0.495574103732
116 0.504755285959
117 0.513861668998
118 0.523008941662
119 0.532183961939
120 0.541372546202
121 0.550559458033
122 0.559728405161
123 0.56903045678
124 0.578289770667
125 0.58748710404
126 0.596787429111
127 0.605995660267
128 0.615286562524
129 0.624451871912
130 0.633676497183
131 0.642953732726
132 0.652276363728
133 0.661408978385
134 0.670792151145
135 0.679955171957
136 0.689116077452
137 0.698264704672
138 0.707650804689
139 0.716749041334
140 0.725801454005
141 0.735076835505
142 0.74429543829
143 0.753444181792
144 0.762509498509
145 0.771477358967
146 0.780650224253
147 0.789386519967
148 0.798643899285
149 0.807433713966
150 0.816410874833
151 0.825227204448
152 0.834227821522
153 0.843048852675
154 0.852050301795
155 0.860852253256
156 0.869436480761
157 0.878185650449
158 0.886695538308
159 0.895364080853
160 0.904195944826
161 0.912762342643
162 0.921484860635
163 0.929917898829
164 0.93849906267
165 0.946765919226
166 0.955172160583
167 0.963721513742
168 0.971926159184
169 0.980264306203
170 0.988231093505
171 0.996837816538
172 1.00506273876
173 1.01288332787
174 1.02136183453
175 1.02942480156
176 1.03704926404
177 1.04534868747
178 1.05319772951
179 1.06115864952
180 1.06863959852
181 1.07682287092
182 1.08451350933
183 1.09230811599
184 1.0995796278
185 1.10757982027
186 1.11504360387
187 1.12260220032
188 1.13025755731
189 1.13801167278
190 1.14518398595
191 1.15244102263
192 1.15978441531
193 1.16721583552
194 1.17473699509
195 1.18162290227
196 1.18931934474
197 1.19636574239
198 1.20349022629
199 1.21069421309
200 1.21720797131
201 1.22456598892
202 1.23121875273
203 1.23793854223
204 1.24553292485
205 1.25239906396
206 1.25851139544
207 1.26551073393
208 1.27258293921
209 1.27887794363
210 1.28523021536
211 1.29250901954
212 1.29898720015
213 1.30552545814
214 1.31212472381
215 1.31788191261
216 1.3245968167
217 1.33137548873
218 1.33728807324
219 1.34418766584
220 1.35020501208
221 1.35627164468
222 1.36238825269
223 1.36855553624
224 1.37477420677
225 1.38104498731
226 1.38736861278
227 1.39273617685
228 1.39915841173
229 1.40460870493
230 1.41113216108
231 1.41666741707
232 1.42224189647
233 1.4289173068
234 1.43458012602
235 1.4402837471
236 1.44602867981
237 1.45181544102
238 1.4565402653
239 1.4624033539
240 1.46830976351
241 1.47426003922
242 1.47911594366
243 1.48514631249
244 1.49006640578
245 1.49617872933
246 1.50116454391
247 1.50617988238
248 1.5124138391
249 1.51749718758
250 1.5226111054
251 1.5277559241
252 1.53293197887
253 1.53813960867
254 1.54337915629
255 1.54865096842
256 1.55395539574
257 1.55929279298
258 1.56466351902
259 1.5687868666
260 1.57421645947
261 1.5796803962
262 1.58387322072
263 1.58939784776
264 1.5936358864
265 1.59922239897
266 1.6035065812
267 1.60915619905
268 1.61348747241
269 1.61920144076
270 1.62358077161
271 1.62798077801
272 1.63240164853
273 1.638238221
274 1.64270900837
275 1.64720129218
276 1.65171526775
277 1.65625113204
278 1.66080908365
279 1.66538932285
280 1.66999205162
281 1.67461747369
282 1.67926579453
283 1.68393722144
284 1.68863196353
285 1.69186024011
286 1.69659389637
287 1.70135144079
288 1.70613308941
289 1.71093906024
290 1.71423989472
291 1.71908650838
292 1.72395804136
293 1.72730163636
294 1.73221483675
295 1.73558555019
296 1.74054107478
297 1.74393937074
298 1.74893788591
299 1.75236423436
300 1.75740641637
301 1.76086129336
302 1.76594782872
303 1.76943171664
304 1.77292707208
305 1.77807669025
306 1.78160174937
307 1.78513856521
308 1.79035267923
309 1.79391990461
310 1.79749918094
311 1.8027792343
312 1.80638963988
313 1.81001239596
314 1.81364759124
315 1.81729531485
316 1.82095565634
317 1.82636178032
318 1.83005463836
319 1.83376042433
320 1.83747922988
321 1.84121114716
322 1.84495626877
323 1.84871468781
324 1.85248649789
325 1.85627179312
326 1.86007066811
327 1.86388321802
328 1.86770953853
329 1.87154972587
330 1.87540387683
331 1.87927208875
332 1.88315445954
333 1.88520100649
334 1.88966126207
335 1.89320842629
336 1.89695428156
337 1.90052537004
338 1.90410818662
339 1.90770280839
340 1.91130931279
341 1.91492777764
342 1.91836687634
343 1.92200876982
344 1.92547003111
345 1.92894213353
346 1.93261936586
347 1.93611406014
348 1.93942417722
349 1.94294033535
350 1.94646768179
351 1.95000628693
352 1.9533577717
353 1.95671924945
354 1.9602906013
355 1.96367293853
356 1.96706545608
357 1.97046821582
358 1.97367868029
359 1.97710140795
360 1.98053456171
361 1.9837735274
362 1.98722700933
363 1.99048503942
364 1.99375234887
365 1.99702899196
366 2.00052312738
367 2.00361049721
368 2.006915469
369 2.01022999367
370 2.0135541266
371 2.01667640136
372 2.02001921607
373 2.02315891941
374 2.02652062743
375 2.02967795966
376 2.03284384755
377 2.03601833882
378 2.03920148141
379 2.04239332337
380 2.04559391299
381 2.0488032987
382 2.0518025754
383 2.05502901029
384 2.05804409702
385 2.06128776529
386 2.06431883575
387 2.06757992293
388 2.07062715203
389 2.07368219726
390 2.07674510007
391 2.0798159021
392 2.08289464507
393 2.08598137089
394 2.08907612159
395 2.09195133404
396 2.09506158397
397 2.09817998299
398 2.10107697853
399 2.10421111834
400 2.1071226145
401 2.11004109739
402 2.11319880306
403 2.11613201034
404 2.11907231302
405 2.1220197467
406 2.12497434713
407 2.12793615014
408 2.13090519168
409 2.13388150781
410 2.13686513471
411 2.13961801397
412 2.14261570385
413 2.14562081114
414 2.14839332095
415 2.15141269797
416 2.15419824967
417 2.15699005733
418 2.16003075521
419 2.16283579466
420 2.16564718198
421 2.16846494722
422 2.17128912053
423 2.17436556665
424 2.17720328879
425 2.17980039144
426 2.18265050004
427 2.18550716866
428 2.18837042795
429 2.19124030866
430 2.19386652151
431 2.19674907948
432 2.19963834926
433 2.20228211788
434 2.20518423952
435 2.20783964548
436 2.21075473466
437 2.21342188509
438 2.21609464029
439 2.21902906076
440 2.22171372006
441 2.22440406107
442 2.22710010891
443 2.22980188871
444 2.23250942571
445 2.23522274518
446 2.23794187246
447 2.24066683298
448 2.2433976522
449 2.24613435569
450 2.24887696905
451 2.25136190648
452 2.25411577148
453 2.25687562144
454 2.2593759908
455 2.2621472368
456 2.26492454345
457 2.26744054686
458 2.27022939508
459 2.27275573526
460 2.27528697761
461 2.2780929866
462 2.28063469646
463 2.28318137123
464 2.28600475276
465 2.28856202671
466 2.29112432875
467 2.2936916794
468 2.29626409925
469 2.29884160891
470 2.30142422905
471 2.30401198041
472 2.30660488374
473 2.30920295987
474 2.31180622967
475 2.31441471405
476 2.317028434
477 2.31964741055
478 2.32199125481
479 2.32462017255
480 2.32725440828
481 2.32961172981
482 2.3322560242
483 2.33490569842
484 2.33727666014
485 2.33993651132
486 2.34231646438
487 2.34498657055
488 2.34737558585
489 2.35005602544
490 2.35245417418
491 2.35485662239
492 2.3575523797
493 2.35996406701
494 2.36238010418
495 2.36480050755
496 2.36722529345
497 2.36994651774
498 2.37238071799
499 2.3748193517
