50 0.227072875759
51 0.236073045746
52 0.245168785142
53 0.254353734198
54 0.263624591387
55 0.272981784562
56 0.282398257992
57 0.291911642178
58 0.301501291547
59 0.311105644383
60 0.320814330332
61 0.330570202957
62 0.340395783289
63 0.350273518554
64 0.360184202361
65 0.370160313526
66 0.380131493001
67 0.390191478634
68 0.400270198493
69 0.410414241887
70 0.42054586158
71 0.430715473089
72 0.440911062509
73 0.451196547348
74 0.461408160508
75 0.471771456361
76 0.482031890578
77 0.492343575216
78 0.502700426882
79 0.513095998302
80 0.523523477327
81 0.533871955284
82 0.544337720567
83 0.554701741343
84 0.565174044601
85 0.575638747238
86 0.586086951038
87 0.596509445438
88 0.607026692746
89 0.617506748023
90 0.627939606057
91 0.638456921809
92 0.649060365778
93 0.659451143412
94 0.670068956205
95 0.680451994879
96 0.691064683799
97 0.701586796179
98 0.712006557926
99 0.722487839345
100 0.733031616513
101 0.74363890094
102 0.754121343139
103 0.76466012999
104 0.775057617486
105 0.785706962134
106 0.796207307582
107 0.806545319357
108 0.817141975921
109 0.827568105659
110 0.838036798675
111 0.848548622633
112 0.859104165625
113 0.869462295391
114 0.879855301926
115 0.890283614178
116 0.900747677473
117 0.911247953456
118 0.921784920038
119 0.932086789389
120 0.942415823601
121 0.953055008446
122 0.963444632993
123 0.973569178117
124 0.984010198069
125 0.994480109307
126 1.00466977192
127 1.01519301187
128 1.02542569153
129 1.03567756264
130 1.0462804688
131 1.05657705418
132 1.06689363445
133 1.07688187348
134 1.08723346792
135 1.09760582545
136 1.1076333928
137 1.11804220234
138 1.12809509256
139 1.13854135617
140 1.14862037673
141 1.15870984702
142 1.1692111779
143 1.17932804547
144 1.18945594704
145 1.19959507326
146 1.20974562113
147 1.21990779394
148 1.22964389211
149 1.23982365007
