50 3.24801132007e-06
51 3.96807572514e-06
52 4.75682190885e-06
53 5.62531759668e-06
54 6.56237530603e-06
55 7.5517914432e-06
56 8.58778399635e-06
57 9.66767278236e-06
58 1.07736880051e-05
59 1.19062911781e-05
60 1.30482045493e-05
61 1.42054727248e-05
62 1.53358789743e-05
63 1.64760998732e-05
64 1.75837234104e-05
65 1.86744336996e-05
66 1.97359611047e-05
67 2.07557143042e-05
68 2.17598415172e-05
69 2.2700301454e-05
70 2.3602515715e-05
71 2.44585595773e-05
72 2.52651710193e-05
73 2.6029182397e-05
74 2.67401510479e-05
75 2.74069486729e-05
76 2.80200859539e-05
77 2.85903145207e-05
78 2.91142338375e-05
79 2.95939340865e-05
80 3.00266911577e-05
81 3.04154244034e-05
82 3.07690258987e-05
83 3.10748401785e-05
84 3.13479343573e-05
85 3.15871843427e-05
86 3.17859013073e-05
87 3.19545063946e-05
88 3.20923144525e-05
89 3.2198732089e-05
90 3.22790225405e-05
91 3.23328119602e-05
92 3.23597960024e-05
93 3.23655180299e-05
94 3.23498059941e-05
95 3.23125355503e-05
96 3.22536307677e-05
97 3.21788075431e-05
98 3.20880363619e-05
99 3.19813170955e-05
100 3.18643657147e-05
101 3.17258431246e-05
102 3.15828177473e-05
103 3.14240182017e-05
104 3.12551522639e-05
105 3.10818268704e-05
106 3.08929901884e-05
107 3.06997897119e-05
108 3.0496778576e-05
109 3.02894764247e-05
110 3.00778958542e-05
111 2.98620562378e-05
112 2.96366940632e-05
113 2.94072123856e-05
114 2.91788590493e-05
115 2.89412251817e-05
116 2.87047346467e-05
117 2.84642375232e-05
118 2.8224832867e-05
119 2.79814645674e-05
120 2.77391538278e-05
121 2.74929388386e-05
122 2.7242899394e-05
123 2.69987545127e-05
124 2.67507790548e-05
125 2.65037925163e-05
126 2.62577555152e-05
127 2.60126316763e-05
128 2.57637896042e-05
129 2.55204378514e-05
130 2.52779068662e-05
131 2.50361711658e-05
132 2.47907835355e-05
133 2.45506145719e-05
134 2.43111786809e-05
135 2.40767555988e-05
136 2.38386968109e-05
137 2.36055406075e-05
138 2.33729811892e-05
139 2.31410105467e-05
140 2.29137107973e-05
141 2.26869073457e-05
142 2.24605975508e-05
143 2.22387482199e-05
144 2.20173121163e-05
145 2.17962913118e-05
146 2.15795394876e-05
147 2.13669455231e-05
148 2.11546268655e-05
149 2.09425910947e-05
150 2.07345463814e-05
151 2.05303912955e-05
152 2.03264004097e-05
153 2.01225858842e-05
154 1.99260705281e-05
155 1.9726095894e-05
156 1.95332373732e-05
157 1.93404012816e-05
158 1.91476044435e-05
159 1.89616299596e-05
160 1.87755955443e-05
161 1.8589520313e-05
162 1.84099927032e-05
163 1.82303340351e-05
164 1.80505653827e-05
165 1.78770868884e-05
166 1.77034162003e-05
167 1.75327041126e-05
168 1.73617843269e-05
169 1.71937481603e-05
170 1.70285298064e-05
171 1.6866065345e-05
172 1.6706292677e-05
173 1.65461989222e-05
174 1.63887336653e-05
175 1.6233838546e-05
176 1.60785877459e-05
177 1.59286910254e-05
178 1.57783829707e-05
179 1.56304792215e-05
180 1.54849277914e-05
181 1.53389410247e-05
182 1.51979690288e-05
183 1.50565146049e-05
184 1.49172670517e-05
185 1.47801798576e-05
186 1.46452077409e-05
187 1.45123066103e-05
188 1.43788677881e-05
189 1.42474616409e-05
190 1.41180463753e-05
191 1.3990581275e-05
192 1.38650266678e-05
193 1.37413438931e-05
194 1.36170654853e-05
195 1.34970357082e-05
196 1.33763804014e-05
197 1.32574935031e-05
198 1.3142684768e-05
199 1.30248859775e-05
200 1.2911098011e-05
201 1.27989437247e-05
202 1.26883914756e-05
203 1.25771661817e-05
204 1.24697452979e-05
205 1.23616300293e-05
206 1.22550350773e-05
207 1.21499316397e-05
208 1.20462915976e-05
209 1.19440874963e-05
210 1.18432925257e-05
211 1.17438805032e-05
212 1.16437482214e-05
213 1.15470432242e-05
214 1.14496029938e-05
215 1.13555064575e-05
216 1.12606610429e-05
217 1.11670863e-05
218 1.10767354188e-05
219 1.09856175586e-05
220 1.0895703401e-05
221 1.08069715444e-05
222 1.0717488722e-05
223 1.06310745763e-05
224 1.05457811346e-05
225 1.04615888298e-05
226 1.03766270068e-05
227 1.0294594612e-05
228 1.0211784888e-05
229 1.01318383814e-05
230 1.0051107585e-05
231 9.97317610358e-06
232 9.89445416589e-06
233 9.81671824365e-06
234 9.73995174009e-06
235 9.66413840797e-06
236 9.58926234068e-06
237 9.51530796378e-06
238 9.44226002663e-06
239 9.37010359434e-06
240 9.29882403994e-06
241 9.22840703676e-06
242 9.15883855107e-06
243 9.08848318368e-06
244 9.02058288417e-06
245 8.95349054353e-06
246 8.88560778286e-06
247 8.82010451911e-06
248 8.75380912821e-06
249 8.68984471708e-06
250 8.62508691831e-06
251 8.5626131118e-06
252 8.49934507409e-06
253 8.43681014274e-06
254 8.37649125563e-06
255 8.31537766422e-06
256 8.2549637724e-06
257 8.19523883053e-06
258 8.13619229548e-06
259 8.07781382586e-06
260 8.02009327745e-06
261 7.96302069865e-06
262 7.90658632612e-06
263 7.85078058051e-06
264 7.7955940623e-06
265 7.74101754774e-06
266 7.68704198497e-06
267 7.63365849011e-06
268 7.58085834358e-06
269 7.52863298641e-06
270 7.47564016285e-06
271 7.42454844918e-06
272 7.37400667869e-06
273 7.32400690184e-06
274 7.27324357418e-06
275 7.22431323892e-06
276 7.17590180626e-06
277 7.12673028944e-06
278 7.07934307473e-06
279 7.03119834292e-06
280 6.98480646616e-06
281 6.93765979341e-06
282 6.89223538832e-06
283 6.84605905092e-06
284 6.8015752225e-06
285 6.75634245721e-06
286 6.71157572481e-06
287 6.66845820564e-06
288 6.62459653422e-06
289 6.58118201522e-06
290 6.53937512481e-06
291 6.49682910806e-06
292 6.45471231432e-06
293 6.41416318673e-06
294 6.37288017109e-06
295 6.33200934305e-06
296 6.29154518934e-06
297 6.25148228885e-06
298 6.2129236526e-06
299 6.17364034656e-06
300 6.13474263405e-06
301 6.09622544374e-06
302 6.05808378766e-06
303 6.02031275959e-06
304 5.98290753343e-06
305 5.94586336165e-06
306 5.90917557375e-06
307 5.87283957478e-06
308 5.83685084382e-06
309 5.80120493262e-06
310 5.76589746416e-06
311 5.73092413131e-06
312 5.69628069546e-06
313 5.66196298522e-06
314 5.62796689518e-06
315 5.59428838461e-06
316 5.56092347628e-06
317 5.52688212821e-06
318 5.4941385831e-06
319 5.46169702368e-06
320 5.42955371561e-06
321 5.3977049823e-06
322 5.36614720383e-06
323 5.33392511856e-06
324 5.30294413954e-06
325 5.27224353532e-06
326 5.24181990307e-06
327 5.21074017428e-06
328 5.18086581365e-06
329 5.15125847504e-06
330 5.12191495724e-06
331 5.09192359026e-06
332 5.06310344401e-06
333 5.03453775416e-06
334 5.00559834406e-06
335 4.97726967422e-06
336 4.94910121765e-06
337 4.92117934433e-06
338 4.89350116316e-06
339 4.86606382545e-06
340 4.83886452409e-06
341 4.81190049293e-06
342 4.78516900595e-06
343 4.75866737667e-06
344 4.73230852909e-06
345 4.70625917497e-06
346 4.68034834397e-06
347 4.65465791733e-06
348 4.62926797281e-06
349 4.60401040803e-06
350 4.57896582605e-06
351 4.55413182161e-06
352 4.52942521485e-06
353 4.50500572061e-06
354 4.48078978592e-06
355 4.45669562704e-06
356 4.43288044968e-06
357 4.40918344136e-06
358 4.38576016734e-06
359 4.36245156453e-06
360 4.33933416663e-06
361 4.31640587344e-06
362 4.29366461356e-06
363 4.27110834399e-06
364 4.24873504959e-06
365 4.2265427427e-06
366 4.20445445202e-06
367 4.18261865423e-06
368 4.16088380475e-06
369 4.13939687119e-06
370 4.1180079086e-06
371 4.09686239876e-06
372 4.07581197007e-06
373 4.05492829841e-06
374 4.0342096152e-06
375 4.01365417531e-06
376 3.99326025668e-06
377 3.97302615996e-06
378 3.95295020816e-06
379 3.93303074628e-06
380 3.91319632679e-06
381 3.89358531592e-06
382 3.87405683996e-06
383 3.8547479048e-06
384 3.83551906905e-06
385 3.81650599858e-06
386 3.79757066169e-06
387 3.77877998809e-06
388 3.76013249837e-06
389 3.74162673204e-06
390 3.72332767274e-06
391 3.70510072074e-06
392 3.68694544613e-06
393 3.66899233666e-06
394 3.65117392186e-06
395 3.63348884879e-06
396 3.61593578152e-06
397 3.59844920215e-06
398 3.5811565139e-06
399 3.56392833795e-06
400 3.54689087343e-06
401 3.52991600062e-06
402 3.51312873183e-06
403 3.49640218743e-06
404 3.47979812806e-06
405 3.46331535328e-06
406 3.44701417321e-06
407 3.43077013514e-06
408 3.41464386987e-06
409 3.39863423449e-06
410 3.38274009996e-06
411 3.36696035092e-06
412 3.35123409736e-06
413 3.33568010434e-06
414 3.32023722872e-06
415 3.30490440787e-06
416 3.28962190295e-06
417 3.27450632398e-06
418 3.25949768543e-06
419 3.2445370899e-06
420 3.22973956952e-06
421 3.21498862753e-06
422 3.20034116548e-06
423 3.18585304854e-06
424 3.171409386e-06
425 3.15706632512e-06
426 3.14282292824e-06
427 3.12873408607e-06
428 3.11468699709e-06
429 3.10073682576e-06
430 3.08688267718e-06
431 3.0731236668e-06
432 3.05945892023e-06
433 3.04588757315e-06
434 3.03240877114e-06
435 3.01896780942e-06
436 3.00567181046e-06
437 2.99246584979e-06
438 2.9793491113e-06
439 2.96626786824e-06
440 2.95332739353e-06
441 2.94047374611e-06
442 2.92765391514e-06
443 2.91497181776e-06
444 2.90232245372e-06
445 2.88980885045e-06
446 2.87732692556e-06
447 2.86492771647e-06
448 2.85266138194e-06
449 2.84042519412e-06
450 2.82826954766e-06
451 2.81619373322e-06
452 2.80424707768e-06
453 2.79232861778e-06
454 2.78048790973e-06
455 2.76872427481e-06
456 2.75703704171e-06
457 2.74542554642e-06
458 2.73388913216e-06
459 2.72242714925e-06
460 2.71103895507e-06
461 2.69972391389e-06
462 2.68848139688e-06
463 2.67731078193e-06
464 2.66616388786e-06
465 2.6551354341e-06
466 2.64417705456e-06
467 2.63324117494e-06
468 2.62242135547e-06
469 2.61166984019e-06
470 2.60093964988e-06
471 2.59032320712e-06
472 2.57972733052e-06
473 2.5692436954e-06
474 2.55877988675e-06
475 2.54842684177e-06
476 2.53809290214e-06
477 2.52786827601e-06
478 2.51766205217e-06
479 2.50751898321e-06
480 2.49748310188e-06
481 2.48746460094e-06
482 2.47750770372e-06
483 2.46765592686e-06
484 2.45782054648e-06
485 2.44804526612e-06
486 2.43832959443e-06
487 2.42867304508e-06
488 2.41907513671e-06
489 2.40953539284e-06
490 2.40005334187e-06
491 2.39062851694e-06
492 2.38126045593e-06
493 2.37194870139e-06
494 2.36269280047e-06
495 2.35349230487e-06
496 2.34434677081e-06
497 2.33525575894e-06
498 2.32621883429e-06
499 2.31719422641e-06
500 2.30826434797e-06
501 2.29938727676e-06
502 2.29056259489e-06
503 2.2817491811e-06
504 2.27302819626e-06
505 2.26435837075e-06
506 2.25569906019e-06
507 2.24713050519e-06
508 2.23861191547e-06
509 2.23010311499e-06
510 2.22168343998e-06
511 2.21327308508e-06
512 2.20495079173e-06
513 2.19663736079e-06
514 2.1884109457e-06
515 2.18019294643e-06
516 2.17202218529e-06
517 2.16393690398e-06
518 2.15585938885e-06
519 2.14786635171e-06
520 2.13988066079e-06
521 2.13194042812e-06
522 2.12404530754e-06
523 2.11623271005e-06
524 2.10842664906e-06
525 2.10066468212e-06
526 2.092946476e-06
527 2.08527170067e-06
528 2.07767709519e-06
529 2.07008806828e-06
530 2.06254150128e-06
531 2.05503707637e-06
532 2.0475744787e-06
533 2.04015339637e-06
534 2.03277352039e-06
535 2.02543454464e-06
536 2.01813616583e-06
537 2.0108780835e-06
538 2.00365999997e-06
539 1.99648162031e-06
540 1.98934265229e-06
541 1.98224280639e-06
542 1.97514655829e-06
543 1.96812422395e-06
544 1.96114015831e-06
545 1.95419408232e-06
546 1.94728571945e-06
547 1.94041479571e-06
548 1.93354654432e-06
549 1.92674980805e-06
550 1.9199897031e-06
551 1.91323183242e-06
552 1.90654431921e-06
553 1.89989265121e-06
554 1.89324279508e-06
555 1.88666216586e-06
556 1.88011661676e-06
557 1.87357247221e-06
558 1.86709645032e-06
559 1.86062156955e-06
560 1.85421408908e-06
561 1.84780749262e-06
562 1.84146758524e-06
563 1.83512831092e-06
564 1.82885502535e-06
565 1.82258212793e-06
566 1.81637452962e-06
567 1.81016708041e-06
568 1.80402425117e-06
569 1.79788133772e-06
570 1.79177040947e-06
571 1.78572310111e-06
572 1.77967536905e-06
573 1.77365896029e-06
574 1.76770519383e-06
575 1.76175067633e-06
576 1.75582683731e-06
577 1.74993346535e-06
578 1.74410146575e-06
579 1.73826829685e-06
580 1.73246497213e-06
581 1.72669128736e-06
582 1.72094704002e-06
583 1.71526262976e-06
584 1.70957655525e-06
585 1.7039193215e-06
586 1.69829073283e-06
587 1.69269059518e-06
588 1.68711871619e-06
589 1.6815749051e-06
590 1.67605897274e-06
591 1.67057073157e-06
592 1.6651099956e-06
593 1.65967658043e-06
594 1.65427030318e-06
595 1.64889098251e-06
596 1.6435384386e-06
597 1.63821249312e-06
598 1.63291296924e-06
599 1.62763969158e-06
