0.0199169266087
0.0191463779605
0.0184196450353
0.0177334713919
0.0170848972678
0.0164712277595
0.0158900049105
0.0153389831673
0.0148161077495
0.0143194955438
0.0138474181918
0.0133982870888
0.0129706400503
0.0125631294382
0.0121745115678
0.0118036372382
0.0114494432546
0.0111109448232
0.0107872287196
0.0104774471404
0.0101808121633
0.00989659074474
0.0096241001997
0.00936270410872
0.00911180860798
0.00887085902168
0.00863933680102
0.00841675673842
0.0082026644291
0.00799663395506
0.00779826576976
0.0076071847636
0.00742303849295
0.00724549555704
0.00707424410878
0.00690899048706
0.00674945795929
0.00659538556426
0.00644652704609
0.00630264987136
0.00616353432197
0.0060289726572
0.00589876833893
0.00577273531474
0.00565069735389
0.00553248743192
0.00541794715963
0.00530692625306
0.00519928204094
0.00509487900678
0.00499358836268
0.00489528765251
0.00479986038212
0.00470719567447
0.00461718794782
0.00452973661522
0.00444474580369
0.00436212409168
0.00428178426336
0.00420364307868
0.00412762105787
0.00405364227946
0.00398163419094
0.00391152743089
0.00384325566214
0.00377675541491
0.00371196593939
0.00364882906711
0.00358728908043
0.00352729258969
0.00346878841752
0.00341172748973
0.00335606273245
0.00330174897515
0.003248742859
0.0031970027504
0.0031464886593
0.00309716216192
0.00304898632776
0.0030019256505
0.0029559459826
0.00291101447339
0.00286709951044
0.00282417066396
0.00278219863414
0.00274115520113
0.00270101317769
0.00266174636413
0.00262332950562
0.00258573825158
0.00254894911713
0.00251293944639
0.00247768737765
0.00244317181019
0.00240937237271
0.0023762693933
0.00234384387081
0.0023120774476
0.00228095238358
0.00225045153143
0.00222055831301
0.00219125669684
0.0021625311766
0.00213436675063
0.00210674890236
0.00207966358161
0.00205309718669
0.0020270365474
0.00200146890864
0.00197638191486
0.00195176359512
0.0019276023488
0.00190388693195
0.00188060644422
0.00185775031635
0.00183530829812
0.00181327044694
0.00179162711678
0.00177036894764
0.00174948685546
0.00172897202234
0.00170881588734
0.00168901013747
0.00166954669915
0.00165041772998
0.00163161561086
0.00161313293837
0.00159496251751
0.0015770973547
0.00155953065105
0.00154225579588
0.00152526636052
0.0015085560923
0.00149211890886
0.00147594889253
0.0014600402851
0.00144438748261
0.00142898503048
0.00141382761872
0.00139891007735
0.00138422737205
0.00136977459984
0.00135554698504
0.00134153987529
0.00132774873778
0.00131416915557
0.00130079682402
0.00128762754746
0.00127465723581
0.00126188190148
0.00124929765625
0.00123690070833
0.00122468735953
0.00121265400247
0.00120079711792
0.00118911327224
0.00117759911491
0.00116625137608
0.00115506686429
0.0011440424642
0.00113317513447
0.0011224619056
0.00111189987792
0.00110148621967
0.00109121816503
0.00108109301238
0.0010711081224
0.00106126091647
0.00105154887494
0.00104196953551
0.00103252049171
0.00102319939138
0.00101400393518
0.00100493187518
0.000995981013522
0.000987149201042
0.000978434336008
0.000969834362858
0.000961347270998
0.000952971093615
0.000944703906549
0.000936543827181
0.000928489013362
0.000920537662377
0.000912688009935
0.000904938329188
0.000897286929784
0.000889732156946
0.000882272390575
0.000874906044383
0.000867631565049
0.000860447431402
0.000853352153624
0.000846344272479
0.000839422358561
0.000832585011569
0.000825830859593
0.000819158558432
0.000812566790922
0.000806054266285
0.000799619719501
0.000793261910691
0.000786979624519
0.000780771669615
0.000774636878006
0.000768574104569
0.000762582226497
0.000756660142778
0.00075080677369
0.000745021060308
0.000739301964028
0.000733648466096
0.000728059567159
0.000722534286822
0.000717071663216
0.000711670752582
0.000706330628863
0.000701050383307
0.000695829124078
0.000690665975883
0.000685560079605
0.000680510591943
0.000675516685064
0.000670577546268
0.000665692377652
0.000660860395791
0.000656080831423
0.000651352929143
0.000646675947105
0.000642049156731
0.000637471842425
0.000632943301299
0.000628462842903
0.000624029788962
0.000619643473116
0.000615303240674
0.000611008448368
0.000606758464113
0.000602552666778
0.000598390445957
0.000594271201746
0.000590194344529
0.000586159294768
0.000582165482794
0.000578212348609
0.000574299341686
0.000570425920783
0.000566591553749
0.000562795717347
0.000559037897072
0.00055531758698
0.000551634289512
0.000547987515336
0.000544376783174
0.000540801619655
0.00053726155915
0.000533756143626
0.000530284922494
0.000526847452469
0.000523443297425
0.000520072028256
0.000516733222745
0.000513426465426
0.000510151347461
0.000506907466508
0.000503694426602
0.00050051183803
0.000497359317217
0.000494236486607
0.000491142974552
0.000488078415201
0.000485042448392
0.000482034719545
0.000479054879558
0.000476102584711
0.000473177496559
0.000470279281841
0.000467407612382
0.000464562165002
0.000461742621425
0.000458948668186
0.00045617999655
0.000453436302423
0.00045071728627
0.00044802265303
0.000445352112042
0.000442705376961
0.000440082165684
0.000437482200274
0.000434905206886
0.000432350915698
0.000429819060834
0.000427309380303
0.000424821615924
0.000422355513263
0.000419910821568
0.000417487293705
0.000415084686095
0.000412702758652
0.000410341274727
0.000408000001043
0.000405678707642
0.000403377167829
0.000401095158112
0.000398832458154
0.000396588850713
0.000394364121596
0.000392158059604
0.000389970456483
0.000387801106877
0.000385649808275
0.000383516360968
0.000381400568001
0.000379302235128
0.000377221170766
0.000375157185955
0.00037311009431
0.000371079711981
0.000369065857616
0.000367068352312
0.000365087019584
0.000363121685318
0.000361172177741
0.000359238327377
0.00035731996701
0.000355416931656
0.000353529058516
0.000351656186951
0.000349798158441
0.000347954816556
0.000346126006921
0.000344311577183
0.000342511376982
0.000340725257916
0.000338953073514
0.000337194679205
0.000335449932285
0.000333718691896
0.000332000818988
0.000330296176298
0.00032860462832
0.000326926041278
0.000325260283101
0.000323607223394
0.000321966733417
0.000320338686055
0.000318722955796
0.000317119418709
0.000315527952415
0.000313948436068
0.000312380750329
0.000310824777347
0.000309280400734
0.000307747505543
0.000306225978249
0.000304715706727
0.000303216580228
0.000301728489366
0.000300251326091
0.000298784983672
0.000297329356679
0.000295884340963
0.000294449833637
0.000293025733056
0.000291611938805
0.000290208351673
0.000288814873643
0.00028743140787
0.000286057858666
0.000284694131485
0.000283340132903
0.000281995770605
0.000280660953368
0.000279335591047
0.000278019594559
0.000276712875864
0.000275415347958
0.000274126924853
0.000272847521565
0.000271577054098
0.000270315439431
0.000269062595507
0.000267818441217
0.000266582896386
0.000265355881762
0.000264137319005
0.000262927130669
0.000261725240194
0.000260531571895
0.000259346050945
0.000258168603368
0.000256999156025
0.000255837636604
0.000254683973608
0.000253538096343
0.00025239993491
0.000251269420192
0.000250146483844
0.000249031058283
0.000247923076677
0.000246822472937
0.000245729181705
0.000244643138345
0.000243564278935
0.000242492540253
0.000241427859774
0.000240370175657
0.000239319426736
0.000238275552512
0.000237238493146
0.000236208189446
0.000235184582863
0.00023416761548
0.000233157230006
0.000232153369765
0.000231155978692
0.000230165001319
0.000229180382776
0.000228202068775
0.000227230005607
0.000226264140134
0.000225304419781
0.000224350792531
0.000223403206914
0.000222461612004
0.000221525957408
0.000220596193265
0.000219672270234
0.000218754139489
0.000217841752716
0.0002169350621
0.000216034020326
0.000215138580566
0.000214248696478
0.000213364322198
0.000212485412336
0.000211611921964
0.00021074380662
0.000209881022292
0.000209023525422
0.000208171272894
0.000207324222029
0.000206482330584
0.000205645556743
0.000204813859113
0.000203987196717
0.000203165528992
0.000202348815784
0.000201537017338
0.000200730094301
0.000199928007711
0.000199130718994
0.000198338189961
0.000197550382802
0.00019676726008
0.000195988784731
0.000195214920054
0.000194445629713
0.000193680877727
0.000192920628467
0.000192164846655
0.000191413497357
0.000190666545981
0.00018992395827
0.0001891857003
0.000188451738477
0.000187722039533
0.000186996570519
0.000186275298805
0.000185558192075
0.000184845218324
0.000184136345853
0.000183431543267
0.000182730779469
0.000182034023661
0.000181341245336
0.000180652414278
0.000179967500556
0.000179286474525
0.000178609306816
0.00017793596834
0.00017726643028
0.00017660066409
0.000175938641491
0.000175280334469
0.000174625715272
0.000173974756406
0.000173327430633
0.000172683710967
0.000172043570674
0.000171406983266
0.000170773922499
0.000170144362371
0.000169518277121
0.000168895641224
0.000168276429386
0.000167660616549
0.000167048177879
0.000166439088773
0.000165833324849
0.000165230861947
0.000164631676126
0.000164035743662
0.000163443041045
0.000162853544978
0.000162267232371
0.000161684080345
0.000161104066223
0.000160527167533
0.000159953362004
0.000159382627561
0.000158814942329
0.000158250284625
0.00015768863296
0.000157129966033
0.000156574262735
0.00015602150214
0.000155471663508
0.00015492472628
0.000154380670079
0.000153839474707
0.00015330112014
0.000152765586532
0.000152232854207
0.000151702903664
0.000151175715567
0.000150651270752
0.000150129550217
0.000149610535128
0.00014909420681
0.00014858054675
0.000148069536597
0.000147561158152
0.000147055393378
0.000146552224388
0.000146051633448
0.000145553602978
0.000145058115545
0.000144565153865
0.0001440747008
0.000143586739359
0.000143101252692
0.000142618224093
0.000142137636996
0.000141659474975
0.000141183721741
0.000140710361142
0.000140239377162
0.000139770753916
0.000139304475654
