1.0 9.5
2.0 2.24688691097
3.0 0.966743799935
4.0 0.531421135863
5.0 0.334091938386
6.0 0.228648841088
7.0 0.165928001365
8.0 0.125688757304
9.0 0.0983782710223
10.0 0.0790175582548
11.0 0.0648077315425
12.0 0.0540787461316
13.0 0.04578481171
14.0 0.0392443636243
15.0 0.033998032636
16.0 0.0297272024887
17.0 0.0262053430178
18.0 0.0232678788931
19.0 0.0207929502906
20.0 0.0186887913031
21.0 0.0168852491111
22.0 0.0153279624982
23.0 0.0139742885427
24.0 0.0127904028258
25.0 0.011749202452
26.0 0.0108287678055
27.0 0.010011219322
28.0 0.00928185757442
29.0 0.0086285092628
30.0 0.00804102468724
31.0 0.00751088793338
32.0 0.00703091180754
33.0 0.00659499712174
34.0 0.00619794128676
35.0 0.00583528501142
36.0 0.00550318868747
37.0 0.0051983320748
38.0 0.00491783240511
39.0 0.00465917714229
40.0 0.00442016848009
41.0 0.00419887729501
42.0 0.0039936047596
43.0 0.00380285019517
44.0 0.00362528403253
45.0 0.00345972497483
46.0 0.00330512063334
47.0 0.00316053104606
48.0 0.00302511459951
49.0 0.00289811596179
50.0 0.00277885570567
51.0 0.00266672135659
52.0 0.00256115964676
53.0 0.00246166979319
54.0 0.00236779764816
55.0 0.00227913059509
56.0 0.00219529308352
57.0 0.00211594271324
58.0 0.00204076679198
59.0 0.00196947930231
60.0 0.00190181822322
61.0 0.00183754315971
62.0 0.00177643324077
63.0 0.00171828525142
64.0 0.00166291196974
65.0 0.00161014068345
66.0 0.00155981186429
67.0 0.00151177798137
68.0 0.00146590243707
69.0 0.00142205861128
70.0 0.00138012900147
71.0 0.00134000444798
72.0 0.00130158343479
73.0 0.00126477145769
74.0 0.0012294804524
75.0 0.00119562827628
76.0 0.00116313823804
77.0 0.0011319386703
78.0 0.00110196254073
79.0 0.00107314709779
80.0 0.0010454335476
81.0 0.00101876675888
82.0 0.000993094993152
83.0 0.000968369657879
84.0 0.000944545080205
85.0 0.000921578299459
86.0 0.000899428876624
87.0 0.000878058719209
88.0 0.000857431920132
89.0 0.000837514609334
90.0 0.000818274817001
91.0 0.000799682347359
92.0 0.00078170866213
93.0 0.0007643267728
94.0 0.000747511140961
95.0 0.000731237586037
96.0 0.000715483199772
97.0 0.000700226266929
98.0 0.000685446191687
99.0 0.000671123429266
100.0 0.000657239422373
101.0 0.000643776542078
102.0 0.000630718032772
103.0 0.000618047960883
104.0 0.000605751167075
105.0 0.000593813221647
106.0 0.000582220382891
107.0 0.000570959558207
108.0 0.000560018267735
109.0 0.000549384610353
110.0 0.000539047231844
111.0 0.000528995295086
112.0 0.000519218452118
113.0 0.000509706817947
114.0 0.000500450945974
115.0 0.000491441804925
116.0 0.000482670757184
117.0 0.000474129538433
118.0 0.000465810238505
119.0 0.000457705283371
120.0 0.000449807418189
121.0 0.000442109691335
122.0 0.000434605439359
123.0 0.000427288272804
124.0 0.000420152062832
125.0 0.000413190928598
126.0 0.00040639922534
127.0 0.000399771533123
128.0 0.000393302646202
129.0 0.000386987562975
130.0 0.000380821476471
131.0 0.000374799765356
132.0 0.000368917985416
133.0 0.000363171861495
134.0 0.000357557279856
135.0 0.000352070280936
136.0 0.000346707052487
137.0 0.000341463923058
138.0 0.000336337355823
139.0 0.000331323942708
140.0 0.000326420398827
141.0 0.000321623557188
142.0 0.000316930363664
143.0 0.000312337872213
144.0 0.000307843240333
145.0 0.000303443724735
146.0 0.000299136677227
147.0 0.000294919540795
148.0 0.000290789845872
149.0 0.000286745206783
150.0 0.000282783318354
151.0 0.000278901952687
152.0 0.000275098956075
153.0 0.000271372246067
154.0 0.000267719808665
155.0 0.000264139695648
156.0 0.000260630022016
157.0 0.000257188963549
158.0 0.000253814754481
159.0 0.000250505685269
160.0 0.000247260100463
161.0 0.000244076396672
162.0 0.000240953020617
163.0 0.000237888467264
164.0 0.000234881278049
165.0 0.000231930039163
166.0 0.000229033379923
167.0 0.000226189971207
168.0 0.000223398523951
169.0 0.000220657787718
170.0 0.000217966549315
171.0 0.000215323631478
172.0 0.000212727891604
173.0 0.000210178220535
174.0 0.000207673541395
175.0 0.000205212808473
176.0 0.000202795006147
177.0 0.000200419147853
178.0 0.000198084275101
179.0 0.000195789456518
180.0 0.000193533786937
181.0 0.000191316386521
182.0 0.000189136399918
183.0 0.000186992995449
184.0 0.00018488536433
185.0 0.00018281271992
186.0 0.000180774297001
187.0 0.000178769351081
188.0 0.00017679715773
189.0 0.000174857011929
190.0 0.000172948227461
191.0 0.000171070136303
192.0 0.000169222088062
193.0 0.000167403449412
194.0 0.000165613603567
195.0 0.000163851949763
196.0 0.000162117902766
197.0 0.00016041089239
198.0 0.000158730363038
199.0 0.000157075773259
200.0 0.000155446595316
201.0 0.000153842314775
202.0 0.000152262430104
203.0 0.000150706452288
204.0 0.000149173904458
205.0 0.00014766432153
206.0 0.000146177249859
207.0 0.000144712246905
208.0 0.000143268880906
209.0 0.00014184673057
210.0 0.000140445384766
211.0 0.000139064442241
212.0 0.000137703511328
213.0 0.000136362209681
214.0 0.000135040164003
215.0 0.0001337370098
216.0 0.000132452391124
217.0 0.000131185960343
218.0 0.000129937377904
219.0 0.000128706312111
220.0 0.000127492438908
221.0 0.00012629544167
222.0 0.000125115010999
223.0 0.00012395084453
224.0 0.000122802646737
225.0 0.00012167012875
226.0 0.000120553008177
227.0 0.000119451008931
228.0 0.000118363861062
229.0 0.000117291300594
230.0 0.000116233069367
231.0 0.000115188914886
232.0 0.000114158590171
233.0 0.000113141853615
234.0 0.000112138468843
235.0 0.00011114820458
236.0 0.000110170834515
237.0 0.00010920613718
238.0 0.00010825389582
239.0 0.00010731389828
240.0 0.000106385936883
241.0 0.000105469808321
242.0 0.000104565313545
243.0 0.000103672257655
244.0 0.000102790449803
245.0 0.000101919703089
246.0 0.000101059834461
247.0 0.000100210664626
248.0 9.93720179573e-05
249.0 9.85437223999e-05
250.0 9.77256093894e-05
251.0 9.69175137653e-05
252.0 9.61192736891e-05
253.0 9.53307305654e-05
254.0 9.45517289635e-05
255.0 9.37821165428e-05
256.0 9.30217439792e-05
257.0 9.22704648942e-05
258.0 9.15281357851e-05
259.0 9.07946159583e-05
260.0 9.00697674632e-05
261.0 8.93534550288e-05
262.0 8.86455460015e-05
263.0 8.79459102844e-05
264.0 8.72544202793e-05
265.0 8.65709508288e-05
266.0 8.58953791608e-05
267.0 8.52275848346e-05
268.0 8.45674496875e-05
269.0 8.39148577842e-05
270.0 8.32696953661e-05
271.0 8.26318508028e-05
272.0 8.20012145447e-05
273.0 8.13776790765e-05
274.0 8.07611388725e-05
275.0 8.01514903525e-05
276.0 7.95486318389e-05
277.0 7.89524635152e-05
278.0 7.83628873855e-05
279.0 7.77798072345e-05
280.0 7.72031285894e-05
281.0 7.66327586817e-05
282.0 7.60686064111e-05
283.0 7.55105823095e-05
284.0 7.49585985059e-05
285.0 7.44125686926e-05
286.0 7.38724080923e-05
287.0 7.33380334251e-05
288.0 7.28093628775e-05
289.0 7.22863160715e-05
290.0 7.17688140342e-05
291.0 7.1256779169e-05
292.0 7.07501352267e-05
293.0 7.02488072776e-05
294.0 6.97527216845e-05
295.0 6.92618060757e-05
296.0 6.87759893194e-05
297.0 6.82952014983e-05
298.0 6.78193738847e-05
299.0 6.73484389166e-05
300.0 6.68823301739e-05
301.0 6.64209823554e-05
302.0 6.59643312565e-05
303.0 6.55123137471e-05
304.0 6.50648677501e-05
305.0 6.46219322206e-05
306.0 6.41834471252e-05
307.0 6.37493534221e-05
308.0 6.3319593042e-05
309.0 6.2894108868e-05
