50 0.00614269824016
51 0.00780153179526
52 0.00971578709837
53 0.0119282805613
54 0.0144370829087
55 0.0172259350246
56 0.020298441271
57 0.0236643121883
58 0.0272945786555
59 0.031202184189
60 0.0353524641958
61 0.0397699697431
62 0.0443421680233
63 0.0491761179644
64 0.0541492486726
65 0.0593070448088
66 0.0646094121067
67 0.0700101406806
68 0.0755921240422
69 0.0811835059973
70 0.0868624383087
71 0.0925910883058
72 0.0983460221757
73 0.104142327627
74 0.109926691028
75 0.115722247109
76 0.121476119778
77 0.127220690447
78 0.132928275184
79 0.138594901231
80 0.144194069691
81 0.149725332431
82 0.155219353199
83 0.160599501644
84 0.165929151394
85 0.171191172251
86 0.176336711072
87 0.181410224127
88 0.186396793234
89 0.191281410747
90 0.19608403129
91 0.200792191161
92 0.205393427496
93 0.209912777337
94 0.214340291318
95 0.218666053995
96 0.222880220293
97 0.227013547978
98 0.231058586233
99 0.235007939439
100 0.238896904853
101 0.242633699944
102 0.246341035346
103 0.249926605914
104 0.25342869424
105 0.256888181405
106 0.26020914159
107 0.263479007898
108 0.26664721654
109 0.269757254807
110 0.272806212359
111 0.275791211183
112 0.27865969276
113 0.281457567186
114 0.284232821913
115 0.28688186118
116 0.289503937251
117 0.292045758315
118 0.294557342582
119 0.296984543322
120 0.299378330627
121 0.301683752487
122 0.303898477193
123 0.306129460421
124 0.308266812233
125 0.3103637125
126 0.312419135295
127 0.314432070054
128 0.316345081389
129 0.318269730507
130 0.320148968289
131 0.321981853864
132 0.323709710747
133 0.325446837517
134 0.327134917328
135 0.328831749703
136 0.330419464627
137 0.332014840644
138 0.333558401646
139 0.335049353642
140 0.33654696169
141 0.337990951085
142 0.33938057379
143 0.340775896546
144 0.342115901659
145 0.343399890106
146 0.344688676876
147 0.345982276825
148 0.347218755132
149 0.348397461796
150 0.349580134627
151 0.350766782242
152 0.351894629173
153 0.352963077432
154 0.354097878026
155 0.355109537264
156 0.356187553362
157 0.357205031064
158 0.358161424754
159 0.359184353424
160 0.360145838905
161 0.361045361656
162 0.362011575852
163 0.362915480446
164 0.363756582642
165 0.364664510277
166 0.365509301162
167 0.366355841966
168 0.367138614884
169 0.367922816146
170 0.368708428112
171 0.369495431917
172 0.37028380744
173 0.371007339665
174 0.371731929102
175 0.37245755108
176 0.373117609471
177 0.373845087356
178 0.374506697546
179 0.375168979612
180 0.375831901627
181 0.37642826949
182 0.377092251625
183 0.377689383721
184 0.378286788885
185 0.378884428068
186 0.379482260865
187 0.380080245525
188 0.380610432003
189 0.381140481577
190 0.381670348577
191 0.382199986079
192 0.38272934593
193 0.383258378768
194 0.38371857255
195 0.384246704355
196 0.38470571656
197 0.385164017096
198 0.385690352401
199 0.386078263851
200 0.38653409801
201 0.386988996459
202 0.387442900945
203 0.387826557969
204 0.388278215972
205 0.38865935774
206 0.389039117166
207 0.389417433127
208 0.389794243962
209 0.390169487521
210 0.390543101215
211 0.390915022065
212 0.391215387703
213 0.39158366692
214 0.391880145209
215 0.392244528848
216 0.392536866575
217 0.392827012944
218 0.393185042821
219 0.393470668215
220 0.393753912782
221 0.394034713745
222 0.394242669362
223 0.394518346459
224 0.394791393499
225 0.395061748814
226 0.395258830654
227 0.39552357187
228 0.395714837541
229 0.39597372528
230 0.396158939636
231 0.396411738942
232 0.396590671658
233 0.396766363184
234 0.396938758607
235 0.397107803794
236 0.397273445429
237 0.397435631041
238 0.397594309034
239 0.397749428717
240 0.397900940333
241 0.398048795082
242 0.398192945145
243 0.398262287384
244 0.398398864307
245 0.398531599905
246 0.39858933584
247 0.39871423662
248 0.39876402324
249 0.398880926197
250 0.398922607873
251 0.399031359093
252 0.399064789442
253 0.399094039566
254 0.399190286358
255 0.399211084048
256 0.399227607482
257 0.399239827994
258 0.399247718142
259 0.399251251709
260 0.399250403702
261 0.399245150357
262 0.399235469135
263 0.399221338721
264 0.399202739024
265 0.39917965117
266 0.399152057501
267 0.399119941567
268 0.399083288125
269 0.399042083124
270 0.398925139115
271 0.398874802588
272 0.398819880284
273 0.398760362864
274 0.398625121076
275 0.39855640227
276 0.398483068031
277 0.398334044434
278 0.398251480791
279 0.398093265298
280 0.398001465173
281 0.397834058317
282 0.397733023221
283 0.397556434009
284 0.397446173814
285 0.397260419487
286 0.39707010855
287 0.39694605796
288 0.39674662347
289 0.396542658699
290 0.396404886882
291 0.396191857183
292 0.395974331826
293 0.395822932892
294 0.39559641737
295 0.395365448636
296 0.395130042756
297 0.394890216595
298 0.394716398919
299 0.394467741522
300 0.394214718248
301 0.393957348965
302 0.393695654245
303 0.393429655348
304 0.393159374202
305 0.392884833385
306 0.392606056106
307 0.392323066193
308 0.392035888064
309 0.391744546723
310 0.391449067729
311 0.391149477189
312 0.390845801734
313 0.390538068506
314 0.390226305138
315 0.389910539738
316 0.389590800873
317 0.389197678493
318 0.388870138589
319 0.3885387142
320 0.388203435557
321 0.387864333269
322 0.387521438306
323 0.387105716165
324 0.386755392638
325 0.386401372023
326 0.386043686581
327 0.38561356926
328 0.385248717167
329 0.384880299323
330 0.384508349043
331 0.384064376673
332 0.383685529962
333 0.383303252698
334 0.382869763271
335 0.382460306288
336 0.38204074956
337 0.381617958885
338 0.381191969738
339 0.38076281771
340 0.380330538502
341 0.379895167909
342 0.379456741812
343 0.379015296166
344 0.378564113346
345 0.378116744693
346 0.377659727237
347 0.377199850923
348 0.376743873122
349 0.37627837976
350 0.375810136475
351 0.375339179594
352 0.374858857883
353 0.374382591209
354 0.373903719829
355 0.373415618157
356 0.372931654575
357 0.372438550438
358 0.371949639228
359 0.37145167711
360 0.370951344458
361 0.370448677192
362 0.36994371114
363 0.369436482024
364 0.368927025458
365 0.368415376943
366 0.367895008551
367 0.367379091349
368 0.366854543242
369 0.366334497975
370 0.365805910365
371 0.365281876522
372 0.364749388446
373 0.364215006653
374 0.36367876546
375 0.363140699013
376 0.362600841287
377 0.362059226077
378 0.361515886998
379 0.360970857481
380 0.360417740858
381 0.359869439778
382 0.359313137229
383 0.358761696111
384 0.358202338475
385 0.357647887235
386 0.357085603715
387 0.356521910208
388 0.355956838407
389 0.355390419785
390 0.354829015693
391 0.354259986825
392 0.353683394447
393 0.353111898876
394 0.352539210529
395 0.351965359533
396 0.351390375789
397 0.350808030491
398 0.350230880312
399 0.349646447954
400 0.349067248209
401 0.348480844785
402 0.347899710446
403 0.347311450044
404 0.34672230859
405 0.3461323139
406 0.345547658061
407 0.344956028817
408 0.34436362831
409 0.343770483381
410 0.343176620628
411 0.342582066402
412 0.34198074582
413 0.341384897358
414 0.340788435021
415 0.340191384184
416 0.339587711672
417 0.338989569639
418 0.338390913761
419 0.33778574228
420 0.337186142345
421 0.336580096379
422 0.335973654218
423 0.3353728223
424 0.334765646993
425 0.334158145076
426 0.333550339259
427 0.332948191755
428 0.332339834453
429 0.331731239933
430 0.331122429944
431 0.330513425996
432 0.329904249363
433 0.329294921078
434 0.328685461943
435 0.328070039701
436 0.327460391203
437 0.32685067285
438 0.326240904508
439 0.325625296606
440 0.325015497844
441 0.324405707312
442 0.323790167495
443 0.323180460928
444 0.322565064155
445 0.321955515549
446 0.321340334914
447 0.320725294687
448 0.320116123296
449 0.319501405518
450 0.318886880312
451 0.318272564629
452 0.317664142284
453 0.317050284693
454 0.3164366862
455 0.315823362903
456 0.315210330693
457 0.314597605251
458 0.313985202053
459 0.313373136369
460 0.312761423265
461 0.312150077605
462 0.311539114054
463 0.310928547077
464 0.310312854908
465 0.309703134559
466 0.309093852989
467 0.308479520559
468 0.30787116826
469 0.30726329521
470 0.306650443828
471 0.306043579254
472 0.305431783748
473 0.304825978579
474 0.304215289104
475 0.303610592803
476 0.303001058058
477 0.302397518647
478 0.301789185902
479 0.301181476862
480 0.300579765106
481 0.299973326332
482 0.299367544605
483 0.298767760663
484 0.298163314388
485 0.297559556981
486 0.296956498714
487 0.296354149697
488 0.295752519879
489 0.295151619048
490 0.294551456836
491 0.293952042717
492 0.293353386009
493 0.292755495879
494 0.29215838134
495 0.291562051255
496 0.290966514338
497 0.290371779156
498 0.289777854129
499 0.289179588523
500 0.288587319057
501 0.28799588413
502 0.287405291594
503 0.286810432417
504 0.286221558167
505 0.285633549018
506 0.285041327091
507 0.284455080382
508 0.283869720273
509 0.283280199911
510 0.282696644014
511 0.282108962175
512 0.281527237038
513 0.280941419702
514 0.280361550871
515 0.279777623022
516 0.279194654181
517 0.278617620708
518 0.278036576998
519 0.277461459425
520 0.276882363438
521 0.276304254654
522 0.27572713836
523 0.275155928471
524 0.274580802314
525 0.274006683863
526 0.273433577966
527 0.272861489362
528 0.272295280393
529 0.271725230011
530 0.271156210538
531 0.270588226299
532 0.27002128152
533 0.269455380327
534 0.26889052675
535 0.268326724718
536 0.267763978066
537 0.267202290535
538 0.266641665771
539 0.266082107328
540 0.265523618668
541 0.264966203164
542 0.264405147069
543 0.263849897544
544 0.26329573074
545 0.262742649681
546 0.262190657303
547 0.26163975646
548 0.261085292118
549 0.260536592363
550 0.259988992189
551 0.259437865714
552 0.258892481941
553 0.258348205081
554 0.257800438228
555 0.257258391673
556 0.256717458671
557 0.256173071124
558 0.255634380978
559 0.255092259473
560 0.254555819808
561 0.254015971607
562 0.253481789487
563 0.252944221295
564 0.252412303231
565 0.25187702121
566 0.251347373181
567 0.250814382966
568 0.250287010429
569 0.249756317139
570 0.249226778798
571 0.248702833299
572 0.248175598609
573 0.247649521928
574 0.247129012891
575 0.246605245506
576 0.246082638659
577 0.245561193071
578 0.245045280979
579 0.244526150594
580 0.244008183326
581 0.243491379679
582 0.242975740105
583 0.242465590551
584 0.241952271113
585 0.241440116815
586 0.240929127907
587 0.240419304587
588 0.239910647008
589 0.239403155273
590 0.23889682944
591 0.238391669519
592 0.237887675476
593 0.237384847231
594 0.236883184661
595 0.236382687599
596 0.235883355833
597 0.235385189113
598 0.234888187144
599 0.234392349592
