50 0.00614268620043
51 0.00780150221468
52 0.00971572256218
53 0.0119281538889
54 0.0144368574102
55 0.017225567983
56 0.0202978896562
57 0.0236635394821
58 0.0272935623826
59 0.0312009184197
60 0.0353509618053
61 0.039768257448
62 0.0443402876291
63 0.0491741116289
64 0.0541471636265
65 0.0593049225077
66 0.0646072891717
67 0.0700080475808
68 0.07559008105
69 0.081181530977
70 0.086860540516
71 0.0925892726823
72 0.0983442899665
73 0.104140676694
74 0.109925117864
75 0.115720746282
76 0.121474685549
77 0.127219316066
78 0.132926953937
79 0.138593626356
80 0.144192834709
81 0.14972413097
82 0.155218178818
83 0.16059834867
84 0.165928013853
85 0.171190044462
86 0.176335587799
87 0.181409099929
88 0.186395662816
89 0.191280268911
90 0.196082872676
91 0.2007910104
92 0.205392219157
93 0.209911535662
94 0.214339010375
95 0.218664727627
96 0.222878842068
97 0.227012110886
98 0.231057082857
99 0.235006361897
100 0.238895244442
101 0.242631947955
102 0.246339181483
103 0.249924639752
104 0.253426604195
105 0.256885954569
106 0.260206764808
107 0.263476466087
108 0.266644493808
109 0.269754333439
110 0.272803073115
111 0.275787833171
112 0.278656053946
113 0.281453643056
114 0.284228585123
115 0.286877283607
116 0.289498986793
117 0.292040401034
118 0.294551540738
119 0.296978257075
120 0.29937151574
121 0.30167636235
122 0.30389046157
123 0.306120762133
124 0.308257372608
125 0.310353466678
126 0.312408013353
127 0.314419996684
128 0.316331977919
129 0.318255507744
130 0.320133532812
131 0.321965105522
132 0.323691545541
133 0.325427137799
134 0.327113560635
135 0.328808601282
136 0.330394389118
137 0.331987685158
138 0.333529008114
139 0.33501755434
140 0.336512572768
141 0.337953783521
142 0.339340427831
143 0.340732553678
144 0.342069138575
145 0.343349471814
146 0.344634346771
147 0.345923763944
148 0.347155784914
149 0.34832974693
150 0.34950736195
151 0.350688622767
152 0.35181075265
153 0.352873140261
154 0.354001488902
155 0.355006339587
156 0.356077121782
157 0.357086961061
158 0.358035298462
159 0.359049691864
160 0.360002192001
161 0.360892266476
162 0.361848498863
163 0.362741926897
164 0.363572045853
165 0.364468402271
166 0.365301084621
167 0.366134929606
168 0.366904444309
169 0.367674771424
170 0.368445877154
171 0.369217726739
172 0.369990284463
173 0.370697375346
174 0.37140483582
175 0.372112627093
176 0.372754204188
177 0.37346241074
178 0.374104080212
179 0.374745675554
180 0.375387153623
181 0.375961392982
182 0.376602389542
183 0.37717584057
184 0.377748777567
185 0.378321153859
186 0.378892922107
187 0.379464034341
188 0.379966649878
189 0.380468320524
190 0.380968997028
191 0.381468629646
192 0.381967168161
193 0.382464561915
194 0.382892445733
195 0.383387308083
196 0.383812393335
197 0.384235964236
198 0.38472659827
199 0.385078356288
200 0.385497073567
201 0.385914068809
202 0.386329289687
203 0.38667369504
204 0.38708513645
205 0.387425523526
206 0.38776379358
207 0.388099895245
208 0.388433777253
209 0.388765388462
210 0.389094677888
211 0.389421594734
212 0.38967656392
213 0.389998526673
214 0.390248339816
215 0.390565150113
216 0.39080961198
217 0.391051304341
218 0.391359992425
219 0.391596046832
220 0.391829191086
221 0.392059379433
222 0.392216588962
223 0.392440690373
224 0.392661702405
225 0.392879581548
226 0.393024163139
227 0.39323561072
228 0.393373615112
229 0.393578467066
230 0.393709735297
231 0.393907833109
232 0.394032211966
233 0.39415307977
234 0.394270401125
235 0.394384141433
236 0.394494266909
237 0.394600744591
238 0.394703542354
239 0.394802628919
240 0.394897973864
241 0.394989547632
242 0.395077321542
243 0.395090777312
244 0.395170854708
245 0.395247052212
246 0.395248826035
247 0.395317177139
248 0.395311046666
249 0.395371461025
250 0.395357342421
251 0.395409737051
252 0.395387553887
253 0.395361314441
254 0.395401536458
255 0.395367132447
256 0.39532862742
257 0.39528600856
258 0.395239263976
259 0.395188382698
260 0.395133354669
261 0.395074170745
262 0.395010822687
263 0.394943303158
264 0.394871605715
265 0.394795724802
266 0.394715655746
267 0.394631394746
268 0.394542938868
269 0.394450286036
270 0.394283088647
271 0.394182057097
272 0.394076828177
273 0.393967403157
274 0.39378352687
275 0.393665737711
276 0.39354376184
277 0.393347424275
278 0.393217112373
279 0.39301251049
280 0.392873889469
281 0.392661056123
282 0.392514158821
283 0.392293132687
284 0.392137997686
285 0.391908823068
286 0.391675613332
287 0.391508221131
288 0.391266940213
289 0.391021666833
290 0.390842136724
291 0.390588880989
292 0.39033168103
293 0.390140149131
294 0.389875066475
295 0.389606093056
296 0.389333248028
297 0.389056551067
298 0.388845386194
299 0.38856099571
300 0.388272814676
301 0.387980864747
302 0.387685168039
303 0.387385747115
304 0.387082624974
305 0.386775825034
306 0.386465371127
307 0.386151287477
308 0.385833598696
309 0.385512329764
310 0.385187506023
311 0.38485915316
312 0.384527297197
313 0.38419196448
314 0.383853181663
315 0.383510975702
316 0.383165373838
317 0.382748115232
318 0.382395867224
319 0.382040307236
320 0.381681463539
321 0.381319364634
322 0.380954039242
323 0.380517625894
324 0.380146000822
325 0.379771237198
326 0.379393364511
327 0.378944802634
328 0.378560869448
329 0.37817391717
330 0.377783975894
331 0.37732375528
332 0.376927997405
333 0.376529342067
334 0.376080851904
335 0.375656438196
336 0.375222569906
337 0.374785987758
338 0.374346723193
339 0.373904807698
340 0.373460272806
341 0.373013150078
342 0.372563471105
343 0.372111267493
344 0.371649940567
345 0.37119279069
346 0.370726597252
347 0.37025802228
348 0.369793694551
349 0.369320443187
350 0.368844905305
351 0.368367112521
352 0.367880533358
353 0.367398334032
354 0.366913974393
355 0.366420948829
356 0.365932371403
357 0.365435208257
358 0.364942538201
359 0.364441362457
360 0.363938231551
361 0.363433176492
362 0.362926228187
363 0.362417417436
364 0.361906774929
365 0.361394331243
366 0.360873678789
367 0.360357733192
368 0.359833657952
369 0.359314331387
370 0.358786953896
371 0.358264366236
372 0.357733805928
373 0.357201703388
374 0.356668088062
375 0.356132989246
376 0.355596436078
377 0.355058457538
378 0.354519082443
379 0.353978339447
380 0.35342995179
381 0.352886567974
382 0.352335615505
383 0.351789703539
384 0.351236298317
385 0.350687969461
386 0.350132222119
387 0.349575349716
388 0.349017379382
389 0.348458338057
390 0.347904459055
391 0.347343345806
392 0.346775054712
393 0.346211995039
394 0.345647996221
395 0.345083084044
396 0.344517284099
397 0.343944485755
398 0.343376996379
399 0.34280257918
400 0.342233500409
401 0.341657563643
402 0.341086993903
403 0.340509635241
404 0.339931606905
405 0.339352932713
406 0.338779680052
407 0.338199774432
408 0.337619293167
409 0.33703825925
410 0.336456695471
411 0.335874624411
412 0.335286086891
413 0.334703078594
414 0.334119629532
415 0.333535761463
416 0.332945556133
417 0.332360924921
418 0.331775938738
419 0.331184710129
420 0.330599087043
421 0.330007283789
422 0.329415229086
423 0.328828809313
424 0.328236301312
425 0.32764360162
426 0.327050729749
427 0.326463529063
428 0.325870359972
429 0.325277076017
430 0.324683695898
431 0.324090238118
432 0.323496720976
433 0.322903162574
434 0.322309580816
435 0.321710254043
436 0.321116689077
437 0.320523153279
438 0.319929663763
439 0.319330540546
440 0.318737204754
441 0.318143965431
442 0.317545173863
443 0.316952186895
444 0.316353701054
445 0.315761030288
446 0.315162913252
447 0.314565009136
448 0.313972934372
449 0.313375490864
450 0.312778305338
451 0.312181392443
452 0.311590325372
453 0.310993990329
454 0.31039797079
455 0.309802280683
456 0.309206933763
457 0.308611943604
458 0.308017323609
459 0.307423087003
460 0.306829246843
461 0.30623581601
462 0.305642807218
463 0.305050233011
464 0.30445267428
465 0.303861016759
466 0.303269830443
467 0.302673727466
468 0.302083529567
469 0.301493838018
470 0.300899296121
471 0.300310661797
472 0.299717220518
473 0.299129687692
474 0.298537390637
475 0.297951002335
476 0.297359891871
477 0.296774689887
478 0.296184807158
479 0.295595558607
480 0.29501221703
481 0.294424255677
482 0.293836957551
483 0.293255563675
484 0.292669609576
485 0.292084346455
486 0.291499783276
487 0.290915928861
488 0.290332791896
489 0.28975038093
490 0.289168704374
491 0.288587770506
492 0.288007587471
493 0.287428163282
494 0.286849505821
495 0.28627162284
496 0.285694521963
497 0.285118210687
498 0.284542696384
499 0.283962920355
500 0.283389031851
501 0.282815961676
502 0.282243716709
503 0.281667278721
504 0.281096714511
505 0.280526995421
506 0.279953133448
507 0.279385133836
508 0.278817998207
509 0.278246768659
510 0.277681389168
511 0.277111947786
512 0.276548347745
513 0.27598071734
514 0.275418919193
515 0.274853121715
516 0.274288253705
517 0.273729203604
518 0.27316619985
519 0.272609004041
520 0.272047884413
521 0.271487719047
522 0.270928512594
523 0.270375093056
524 0.269817808054
525 0.269261495357
526 0.268706159235
527 0.268151803861
528 0.267603207319
529 0.267050815749
530 0.266499416922
531 0.265949014653
532 0.265399612664
533 0.264851214595
534 0.264303823997
535 0.263757444335
536 0.263212078992
537 0.262667731268
538 0.262124404378
539 0.261582101459
540 0.261040825565
541 0.260500579673
542 0.259956729011
543 0.259418561338
544 0.258881432109
545 0.258345343991
546 0.257810299578
547 0.257276301389
548 0.256738771608
549 0.25620688262
550 0.25567604696
551 0.255141715091
552 0.254613002146
553 0.254085348998
554 0.253554234227
555 0.253028716063
556 0.252504263556
557 0.251976383237
558 0.251454076783
559 0.250928364657
560 0.250408210979
561 0.24988467344
562 0.24936667876
563 0.248845321709
564 0.248329491762
565 0.247810320615
566 0.24729666066
567 0.246779680367
568 0.2462681952
569 0.245753410251
570 0.2452397291
571 0.244731518656
572 0.244220038734
573 0.24370966528
574 0.243204737804
575 0.242696570498
576 0.242189511857
577 0.241683562503
578 0.241183025678
579 0.240679287586
580 0.240176660377
581 0.239675144479
582 0.239174740275
583 0.238679706107
584 0.23818151736
585 0.237684441195
586 0.237188477811
587 0.236693627363
588 0.236199889963
589 0.235707265681
590 0.235215754543
591 0.234725356536
592 0.234236071603
593 0.23374789965
594 0.23326084054
595 0.232774894099
596 0.232290060113
597 0.23180633833
598 0.231323728462
599 0.230842230181
