50 2.35151929212e-11
51 5.58729908005e-11
52 1.24172394225e-10
53 2.59456170077e-10
54 5.15019670604e-10
55 9.71166095508e-10
56 1.75784002776e-09
57 3.03817744824e-09
58 5.06643151319e-09
59 8.15150098e-09
60 1.26535071733e-08
61 1.91483252446e-08
62 2.82481216846e-08
63 4.04130506479e-08
64 5.66547970123e-08
65 7.78266079282e-08
66 1.04758566213e-07
67 1.3817038513e-07
68 1.79496884474e-07
69 2.29672951031e-07
70 2.89446615258e-07
71 3.59275590611e-07
72 4.41510488386e-07
73 5.34374117952e-07
74 6.40316560858e-07
75 7.59599519207e-07
76 8.92095037256e-07
77 1.03613995915e-06
78 1.19511424932e-06
79 1.36821585932e-06
80 1.55390562365e-06
81 1.75253918911e-06
82 1.96384166211e-06
83 2.18757776082e-06
84 2.42234377329e-06
85 2.66636964833e-06
86 2.92207861559e-06
87 3.18490133703e-06
88 3.45606286299e-06
89 3.73375901622e-06
90 4.01803108462e-06
91 4.30705345181e-06
92 4.60119572572e-06
93 4.89617074492e-06
94 5.19502087556e-06
95 5.49332126798e-06
96 5.79494460149e-06
97 6.09223329191e-06
98 6.38949392953e-06
99 6.68524366545e-06
100 6.97793729976e-06
101 7.26975897986e-06
102 7.55559310348e-06
103 7.83377444657e-06
104 8.11105944165e-06
105 8.38225248573e-06
106 8.64607534649e-06
107 8.90587884637e-06
108 9.15602098324e-06
109 9.40012115712e-06
110 9.63730156768e-06
111 9.86668946065e-06
112 1.00926691856e-05
113 1.03040100774e-05
114 1.05159486579e-05
115 1.0711589138e-05
116 1.09068407547e-05
117 1.10899827167e-05
118 1.12661191286e-05
119 1.14347932879e-05
120 1.1595561104e-05
121 1.17479930216e-05
122 1.18916759115e-05
123 1.20324701742e-05
124 1.2163879099e-05
125 1.22855343673e-05
126 1.24035385518e-05
127 1.25112308367e-05
128 1.2614857229e-05
129 1.27076674784e-05
130 1.27960392434e-05
131 1.28798471094e-05
132 1.29589704012e-05
133 1.3026517906e-05
134 1.30958942569e-05
135 1.3153416192e-05
136 1.32057682183e-05
137 1.32528654947e-05
138 1.33015445966e-05
139 1.33379226025e-05
140 1.33688277265e-05
141 1.34011686578e-05
142 1.34279518254e-05
143 1.3449124724e-05
144 1.34646421388e-05
145 1.34744662714e-05
146 1.34855775267e-05
147 1.34839310408e-05
148 1.34905432638e-05
149 1.34843575707e-05
150 1.34793864554e-05
151 1.34686070137e-05
152 1.34590143297e-05
153 1.34435979795e-05
154 1.34293443568e-05
155 1.34092603906e-05
156 1.33833578294e-05
157 1.33586010372e-05
158 1.33280375906e-05
159 1.32986074938e-05
160 1.32702902601e-05
161 1.323618144e-05
162 1.32031771731e-05
163 1.31644098903e-05
164 1.31267428183e-05
165 1.30833501059e-05
166 1.30410572074e-05
167 1.29998429411e-05
168 1.29529494557e-05
169 1.2907138229e-05
170 1.28557015398e-05
171 1.28120150956e-05
172 1.27627107589e-05
173 1.27078445499e-05
174 1.26606403105e-05
175 1.26078856163e-05
176 1.25496419709e-05
177 1.24989705344e-05
178 1.24428252984e-05
179 1.23877130636e-05
180 1.23272018606e-05
181 1.2274123299e-05
182 1.2215664551e-05
183 1.21582172929e-05
184 1.2095470634e-05
185 1.2040016877e-05
186 1.19792859451e-05
187 1.19195494831e-05
188 1.18607883568e-05
189 1.18029839181e-05
190 1.17400115962e-05
191 1.16780213918e-05
192 1.16169945722e-05
193 1.15569128713e-05
194 1.14977584749e-05
195 1.14335670069e-05
196 1.13762453348e-05
197 1.13139148851e-05
198 1.12525051352e-05
199 1.11919989852e-05
200 1.11265924137e-05
201 1.10678743379e-05
202 1.10042868206e-05
203 1.09416003128e-05
204 1.08854572981e-05
205 1.08244920549e-05
206 1.07587839453e-05
207 1.06995404679e-05
208 1.06411193528e-05
209 1.05780039557e-05
210 1.05157438759e-05
211 1.0459761524e-05
212 1.03991351547e-05
213 1.03393198031e-05
214 1.02803012248e-05
215 1.02167514027e-05
216 1.01593147829e-05
217 1.01026336948e-05
218 1.0041472206e-05
219 9.98629214208e-06
220 9.92666585406e-06
221 9.86780294912e-06
222 9.80969040157e-06
223 9.75231546861e-06
224 9.69566568287e-06
225 9.63972884528e-06
226 9.58449301808e-06
227 9.52499223415e-06
228 9.47115163067e-06
229 9.41308130408e-06
230 9.36058975517e-06
231 9.30390326034e-06
232 9.2479063637e-06
233 9.19736916332e-06
234 9.14268939952e-06
235 9.08866640083e-06
236 9.0352895569e-06
237 8.98254847484e-06
238 8.92579035584e-06
239 8.87431723483e-06
240 8.82344963371e-06
241 8.77317798215e-06
242 8.7189578647e-06
243 8.66987569392e-06
244 8.6168796571e-06
245 8.56894974442e-06
246 8.51714008143e-06
247 8.46592324506e-06
248 8.41966714251e-06
249 8.36958255722e-06
250 8.32006408321e-06
251 8.27110306112e-06
252 8.2226909991e-06
253 8.17481956888e-06
254 8.12748060197e-06
255 8.08066608601e-06
256 8.03436816115e-06
257 7.98857911656e-06
258 7.94329138701e-06
259 7.89439139857e-06
260 7.85010720323e-06
261 7.80630221906e-06
262 7.75893373996e-06
263 7.7160885592e-06
264 7.66971241621e-06
265 7.62779905979e-06
266 7.58238679818e-06
267 7.54137831056e-06
268 7.49690250497e-06
269 7.45677290926e-06
270 7.41320711895e-06
271 7.37009792689e-06
272 7.3274388418e-06
273 7.28901279015e-06
274 7.24721317806e-06
275 7.20584511177e-06
276 7.16490254756e-06
277 7.12437954846e-06
278 7.08427028201e-06
279 7.04456901803e-06
280 7.00527012645e-06
281 6.96636807523e-06
282 6.92785742829e-06
283 6.88973284351e-06
284 6.85198907078e-06
285 6.81107826836e-06
286 6.77409996164e-06
287 6.73748705977e-06
288 6.70123466461e-06
289 6.66533796088e-06
290 6.62634561873e-06
291 6.59116447411e-06
292 6.55632487804e-06
293 6.51843186662e-06
294 6.48427971248e-06
295 6.44710230043e-06
296 6.41361950026e-06
297 6.37713918512e-06
298 6.34430824672e-06
299 6.30850712853e-06
300 6.276311132e-06
301 6.24117188969e-06
302 6.20959446502e-06
303 6.17510033396e-06
304 6.14093152482e-06
305 6.11026039015e-06
306 6.07671238053e-06
307 6.04347758407e-06
308 6.01367833821e-06
309 5.98104117705e-06
310 5.94870568664e-06
311 5.91974555569e-06
312 5.88798561912e-06
313 5.85651634555e-06
314 5.82533412961e-06
315 5.79443542217e-06
316 5.76381672932e-06
317 5.73645679344e-06
318 5.70637222385e-06
319 5.67655764854e-06
320 5.64700978263e-06
321 5.61772539154e-06
322 5.58870129006e-06
323 5.55993434145e-06
324 5.53142145652e-06
325 5.50315959281e-06
326 5.47514575371e-06
327 5.44737698766e-06
328 5.41985038728e-06
329 5.39256308864e-06
330 5.36551227044e-06
331 5.33869515323e-06
332 5.31210899874e-06
333 5.28300323297e-06
334 5.25770467306e-06
335 5.23126072713e-06
336 5.20531317399e-06
337 5.17931671216e-06
338 5.15354080096e-06
339 5.1279829044e-06
340 5.10264052319e-06
341 5.07751119408e-06
342 5.05232976127e-06
343 5.02762057262e-06
344 5.00285709039e-06
345 4.97829968544e-06
346 4.95420364606e-06
347 4.93005020187e-06
348 4.90584086245e-06
349 4.88208485735e-06
350 4.8585236355e-06
351 4.83515503255e-06
352 4.81172669815e-06
353 4.78848914805e-06
354 4.76568808726e-06
355 4.74282463308e-06
356 4.72014574687e-06
357 4.69764941028e-06
358 4.67509052172e-06
359 4.65295449107e-06
360 4.63099511058e-06
361 4.60897079762e-06
362 4.58736013744e-06
363 4.56568304457e-06
364 4.54417733188e-06
365 4.52284116465e-06
366 4.50190682591e-06
367 4.48067025071e-06
368 4.45983195643e-06
369 4.43915611167e-06
370 4.41864100127e-06
371 4.39805622794e-06
372 4.37785858174e-06
373 4.35759005087e-06
374 4.33770324446e-06
375 4.31774438653e-06
376 4.29793847016e-06
377 4.27828390888e-06
378 4.25877913692e-06
379 4.23942260885e-06
380 4.2202127993e-06
381 4.20114820263e-06
382 4.18200986245e-06
383 4.16323222845e-06
384 4.14437988506e-06
385 4.12588339118e-06
386 4.10731126728e-06
387 4.08909023901e-06
388 4.07079270367e-06
389 4.05263086775e-06
390 4.03460336941e-06
391 4.016708864e-06
392 3.99894602379e-06
393 3.9813135377e-06
394 3.96381011106e-06
395 3.9462292561e-06
396 3.9289810257e-06
397 3.91185806023e-06
398 3.89465660089e-06
399 3.87778136386e-06
400 3.86082696846e-06
401 3.84399473674e-06
402 3.82748250208e-06
403 3.8108901779e-06
404 3.79441649545e-06
405 3.77806030721e-06
406 3.76182047962e-06
407 3.74569589284e-06
408 3.72968544059e-06
409 3.71378802993e-06
410 3.69800258106e-06
411 3.68213655107e-06
412 3.66657264742e-06
413 3.65111753755e-06
414 3.63558113734e-06
415 3.62034133277e-06
416 3.60501980009e-06
417 3.58980458516e-06
418 3.57488057955e-06
419 3.55987423944e-06
420 3.54497126542e-06
421 3.53017069483e-06
422 3.51547157629e-06
423 3.50105501962e-06
424 3.48655524125e-06
425 3.47197358455e-06
426 3.45767097994e-06
427 3.44346523387e-06
428 3.42935545927e-06
429 3.41534077928e-06
430 3.40124345787e-06
431 3.38741709567e-06
432 3.37368325255e-06
433 3.35986637356e-06
434 3.34631577067e-06
435 3.33268189454e-06
436 3.31931123924e-06
437 3.30585709187e-06
438 3.29249195161e-06
439 3.27938554637e-06
440 3.26619535625e-06
441 3.25309181728e-06
442 3.24007416014e-06
443 3.22714162408e-06
444 3.21429345684e-06
445 3.20152891449e-06
446 3.18884726134e-06
447 3.17624776984e-06
448 3.16372972044e-06
449 3.15129240153e-06
450 3.1389351093e-06
451 3.1264945657e-06
452 3.11429588047e-06
453 3.10217515227e-06
454 3.08997102488e-06
455 3.07800481967e-06
456 3.06611456873e-06
457 3.05414080075e-06
458 3.04240112027e-06
459 3.03057786145e-06
460 3.01882920117e-06
461 3.0073108798e-06
462 2.99570891296e-06
463 2.98417966163e-06
464 2.9728770958e-06
465 2.96149084318e-06
466 2.95017548251e-06
467 2.93893041755e-06
468 2.92775505836e-06
469 2.91664882121e-06
470 2.90561112851e-06
471 2.89464140872e-06
472 2.8837390963e-06
473 2.87290363162e-06
474 2.86213446086e-06
475 2.85143103599e-06
476 2.84079281466e-06
477 2.83021926013e-06
478 2.81956322013e-06
479 2.80911795432e-06
480 2.79873577485e-06
481 2.78827117294e-06
482 2.77801416007e-06
483 2.76781870136e-06
484 2.7575409017e-06
485 2.74746758246e-06
486 2.73731198778e-06
487 2.72735883892e-06
488 2.71732348757e-06
489 2.70748857975e-06
490 2.69757154956e-06
491 2.68771322752e-06
492 2.67805239956e-06
493 2.66830958437e-06
494 2.6586240868e-06
495 2.64899545161e-06
496 2.63942322806e-06
497 2.63004372863e-06
498 2.62058250212e-06
499 2.61117636464e-06
500 2.60182488308e-06
501 2.59252762858e-06
502 2.58328417652e-06
503 2.57409410645e-06
504 2.56495700205e-06
505 2.55587245107e-06
506 2.54684004529e-06
507 2.53785938048e-06
508 2.52893005632e-06
509 2.51992063713e-06
510 2.51109326794e-06
511 2.50231605904e-06
512 2.49358862544e-06
513 2.48478137387e-06
514 2.47615279937e-06
515 2.46757286475e-06
516 2.45891333279e-06
517 2.45043001142e-06
518 2.44199422686e-06
519 2.43347907505e-06
520 2.42513772169e-06
521 2.41671716079e-06
522 2.40846881669e-06
523 2.40014142853e-06
524 2.39198469855e-06
525 2.3837490916e-06
526 2.37555907455e-06
527 2.36753741562e-06
528 2.35943713882e-06
529 2.35150371728e-06
530 2.3434918533e-06
531 2.33552391282e-06
532 2.32759957091e-06
533 2.31983913414e-06
534 2.312000619e-06
535 2.30420474781e-06
536 2.29645120749e-06
537 2.28873968784e-06
538 2.28106988152e-06
539 2.27355970604e-06
540 2.26597202104e-06
541 2.25842514627e-06
542 2.25091878547e-06
543 2.24345264507e-06
544 2.23602643419e-06
545 2.22863986459e-06
546 2.22129265063e-06
547 2.21398450925e-06
548 2.20660041376e-06
549 2.19936995459e-06
550 2.19217773209e-06
551 2.18502347328e-06
552 2.17790690763e-06
553 2.17082776703e-06
554 2.16378578575e-06
555 2.15666855077e-06
556 2.14970046279e-06
557 2.1427687492e-06
558 2.13576209111e-06
559 2.12890271614e-06
560 2.12207895134e-06
561 2.11518055485e-06
562 2.10842761487e-06
563 2.10170954094e-06
564 2.09491715141e-06
565 2.08826842813e-06
566 2.08154560298e-06
567 2.07496526777e-06
568 2.0683110457e-06
569 2.06179815272e-06
570 2.05521158906e-06
571 2.04876520886e-06
572 2.04224537526e-06
573 2.03586459442e-06
574 2.0294105785e-06
575 2.02309449931e-06
576 2.01670540434e-06
577 2.01034860363e-06
578 2.00412808903e-06
579 1.99783489113e-06
580 1.9915733344e-06
581 1.98544644481e-06
582 1.97924720623e-06
583 1.97307897223e-06
584 1.96694153369e-06
585 1.96093664927e-06
586 1.95485986529e-06
587 1.94881326145e-06
588 1.94279663559e-06
589 1.93680978723e-06
590 1.93085251757e-06
591 1.92502472819e-06
592 1.91912571948e-06
593 1.91325570453e-06
594 1.90741449111e-06
595 1.90160188857e-06
596 1.89581770785e-06
597 1.89006176147e-06
598 1.88433386349e-06
599 1.87863382951e-06
