100 0.657263483595
101 0.658867780031
102 0.66032972275
103 0.661794850763
104 0.663116349591
105 0.664587550197
106 0.665914520327
107 0.667096387149
108 0.668428269793
109 0.669614505581
110 0.67080280302
111 0.671993167212
112 0.673185603202
113 0.674230835618
114 0.675277653921
115 0.676326061767
116 0.677376062767
117 0.678427660488
118 0.679480858458
119 0.680385019478
120 0.681290354091
121 0.682347905929
122 0.683255795756
123 0.684013424073
124 0.684923477476
125 0.685834716524
126 0.686595130167
127 0.687508545505
128 0.688270769327
129 0.689033816568
130 0.68995041005
131 0.690715277761
132 0.691480973633
133 0.692094270189
134 0.692861457195
135 0.693629476549
136 0.694244625371
137 0.695014143536
138 0.695630487417
139 0.696401509232
140 0.697019052333
141 0.697637128261
142 0.698410328885
143 0.699029609924
144 0.699649426479
145 0.700269779378
146 0.700890669443
147 0.701512097481
148 0.701978650249
149 0.702601019015
150 0.703223927996
151 0.703847377961
152 0.704315438999
153 0.70493983514
154 0.705408602049
155 0.706033946878
156 0.706503421759
157 0.707129717727
158 0.707599902624
159 0.708070391276
160 0.708698049026
161 0.709169250574
162 0.709640757172
163 0.710112569216
164 0.710584687098
165 0.711214532418
166 0.711687367647
167 0.712160509925
168 0.712633959622
169 0.713107717103
170 0.71358178273
171 0.713898107458
172 0.714372685499
173 0.714847572674
174 0.715322769328
175 0.715798275801
176 0.716274092432
177 0.716591574554
178 0.717067907154
179 0.717544550834
180 0.717862579859
181 0.718339741134
182 0.718817214381
183 0.719135792297
184 0.719613784711
185 0.71993270612
186 0.720411218683
187 0.720890044628
188 0.721209518031
189 0.721529128727
190 0.72200868445
191 0.722328640902
192 0.722808719601
193 0.723129022525
194 0.723609625107
195 0.723930275208
196 0.724251063689
197 0.724732400526
198 0.725053537167
199 0.725374812618
200 0.725696227008
201 0.726178510062
202 0.72650027385
203 0.726822176985
204 0.72714421959
205 0.727627451789
206 0.727949844982
207 0.728272378036
208 0.72859505107
209 0.7289178642
210 0.729240817539
211 0.729563911202
212 0.7298871453
213 0.7303721769
214 0.730695763759
215 0.731019491417
216 0.731343359982
217 0.731667369561
218 0.731991520259
219 0.732315812183
220 0.732640245436
221 0.732964820121
222 0.733289536342
223 0.7336143942
224 0.733776947963
225 0.734102017488
226 0.734427228917
227 0.734752582351
228 0.735078077885
229 0.735403715618
230 0.735729495645
231 0.736055418063
232 0.736381482965
233 0.736544632378
234 0.736870910351
235 0.73719733106
236 0.737523894595
237 0.737850601049
238 0.73801406738
239 0.738340987619
240 0.738668051016
241 0.738995257663
242 0.739158971239
243 0.739486392211
244 0.739813956666
245 0.740141664692
246 0.740305626295
247 0.740633549172
248 0.740961615849
249 0.741125754895
250 0.741454036794
251 0.741782462718
252 0.741946779599
253 0.74227542111
254 0.742604206868
255 0.742768701961
256 0.743097703665
257 0.743426849831
258 0.743591523509
259 0.743920885973
260 0.74408566676
261 0.744415245736
262 0.744744969522
263 0.744909929475
264 0.745239870115
265 0.745404937535
266 0.745735095238
267 0.745900270261
268 0.746230645233
269 0.746395927991
270 0.746726520436
271 0.747057258282
272 0.74722272118
273 0.747553676826
274 0.747719247791
275 0.748050421437
276 0.748216100595
277 0.748381815568
278 0.748713279911
279 0.748879103249
280 0.749210786059
281 0.749376717881
282 0.74970861935
283 0.749874659775
284 0.750206780096
285 0.750372929242
286 0.750539114413
287 0.750871526587
288 0.75103782064
289 0.751370452114
290 0.751536855162
291 0.751703294341
292 0.752036218279
293 0.752202766609
294 0.752535910287
295 0.752702567879
296 0.752869261706
297 0.753202698444
298 0.753369501684
299 0.753536341216
300 0.753870071355
301 0.754037020449
302 0.754204005893
303 0.754538029768
304 0.75470512492
305 0.754872256479
306 0.755206574423
307 0.755373815834
308 0.755541093705
309 0.755875706049
310 0.756043093914
311 0.756210518294
312 0.756377979204
313 0.756712959877
314 0.756880530959
315 0.757048138624
316 0.757215782885
317 0.757551132405
318 0.757718887013
319 0.75788667827
320 0.758054506189
321 0.758390225067
322 0.758558163505
323 0.758726138655
324 0.758894150532
325 0.759230239274
326 0.759398361838
327 0.759566521178
328 0.759734717308
329 0.759902950241
330 0.760239483397
331 0.760407827218
332 0.76057620789
333 0.760744625427
334 0.760913079841
335 0.761250058133
336 0.761418623632
337 0.761587226057
338 0.761755865418
339 0.76192454173
340 0.762093255005
341 0.762430753462
342 0.762599578049
343 0.762768439646
344 0.762937338263
345 0.763106273914
346 0.763275246611
347 0.763444256367
348 0.763613303192
349 0.763951471758
350 0.764120630184
351 0.764289825726
352 0.764459058395
353 0.764628328202
354 0.764814564407
355 0.765000845644
356 0.765187171927
357 0.76537354327
358 0.765559959689
359 0.765746421196
360 0.765915973814
361 0.766102521416
362 0.766289114149
363 0.766475752027
364 0.76664546493
365 0.766832189011
366 0.767001980254
367 0.767188790588
368 0.76735866022
369 0.767545556861
370 0.767715504931
371 0.76790248793
372 0.768072514485
373 0.768259583894
374 0.768429688982
375 0.768599831471
376 0.768770011373
377 0.768957249614
378 0.769127508142
379 0.769297804117
380 0.769468137549
381 0.769638508449
382 0.769808916828
383 0.769979362697
384 0.770149846066
385 0.770320366947
386 0.770490925349
387 0.770661521284
388 0.770832154762
389 0.770985759614
390 0.771156464432
391 0.771327206825
392 0.771497986801
393 0.771651723457
394 0.771822574853
395 0.771993463865
396 0.772147298619
397 0.772318259108
398 0.772489257243
399 0.772643190177
400 0.772814259847
401 0.772968257144
402 0.773139398388
403 0.773293460082
404 0.773447552282
405 0.773618799063
406 0.773772955712
407 0.773927142891
408 0.774098495291
409 0.77425274697
410 0.774407029203
411 0.774561342
412 0.774715685367
413 0.774887211449
414 0.775041619398
415 0.775196057942
416 0.775350527089
417 0.775505026845
418 0.77565955722
419 0.77581411822
420 0.775968709853
421 0.776123332127
422 0.77627798505
423 0.776432668628
424 0.776570193112
425 0.776724934601
426 0.776879706767
427 0.777034509619
428 0.777189343165
429 0.777327000904
430 0.77748189243
431 0.777636814671
432 0.777774551223
433 0.777929531486
434 0.778084542486
435 0.778222357909
436 0.778377426972
437 0.77851529399
438 0.778670421143
439 0.77880833978
440 0.77896352505
441 0.779101495331
442 0.779256738745
443 0.779394760694
444 0.779532806957
445 0.779688135918
446 0.779826233885
447 0.779964356185
448 0.78011977075
449 0.780257944788
450 0.780396143175
451 0.780551643402
452 0.780689893563
453 0.78082816809
454 0.780966466987
455 0.781104790261
456 0.781243137917
457 0.78138150996
458 0.781537205691
459 0.781675629587
460 0.781814077887
461 0.781952550595
462 0.782091047718
463 0.78222956926
464 0.782368115226
465 0.782489364872
466 0.782627956636
467 0.78276657284
468 0.782905213489
469 0.783043878588
470 0.783182568143
471 0.783321282158
472 0.783442678791
473 0.783581438672
474 0.783720223028
475 0.783859031865
476 0.783980511437
477 0.784119366178
478 0.784258245415
479 0.784379786565
480 0.784518711734
481 0.784657661413
482 0.784779264179
483 0.784918259818
484 0.785039902787
485 0.785178944404
486 0.78530062759
487 0.785439715204
488 0.785561438624
489 0.785700572252
490 0.785822335923
491 0.785961515583
492 0.78608331952
493 0.786222545232
494 0.786344389452
495 0.78646625247
496 0.78660554575
497 0.786727449074
498 0.786849371209
499 0.786988732096
