10 0.562651487648
11 0.582107712967
12 0.59960420401
13 0.615576815811
14 0.630139871914
15 0.643504418362
16 0.655772947825
17 0.667062601168
18 0.677482339684
19 0.68708755408
20 0.695986253703
21 0.704192752019
22 0.711771318385
23 0.718838740964
24 0.725336924928
25 0.731346945524
26 0.736944391705
27 0.742041662635
28 0.74684694902
29 0.751230045008
30 0.755219663843
31 0.75893834309
32 0.762347665109
33 0.765452335443
34 0.768277025652
35 0.770846545589
36 0.773158015558
37 0.775239343882
38 0.777072739146
39 0.778702659596
40 0.780137790111
41 0.781359021464
42 0.782384063493
43 0.783248961358
44 0.78395420152
45 0.784481845816
46 0.784880912214
47 0.785122907031
48 0.785214631037
49 0.785171033922
50 0.785015724519
51 0.784744088328
52 0.784355346943
53 0.783852828463
54 0.783244209663
55 0.78254172967
56 0.781717864483
57 0.780836124725
58 0.779876034518
59 0.778767597355
60 0.777635710441
61 0.776415134766
62 0.775140844074
63 0.773798580743
64 0.772373765938
65 0.770909132724
66 0.76933491022
67 0.767756761893
68 0.766105979837
69 0.764434632675
70 0.762670843529
71 0.760869308986
72 0.759022712865
73 0.757192671433
74 0.755235090463
75 0.753353696169
76 0.751329649618
77 0.749300372881
78 0.747262379162
79 0.745212141251
80 0.743146096322
81 0.740980604536
82 0.738870788432
83 0.73665161002
84 0.734483525561
85 0.732281509754
86 0.730041914428
87 0.727761101493
88 0.725524669191
89 0.723242325766
90 0.720910446655
91 0.718618450459
92 0.716366505163
93 0.713963702237
94 0.711693007347
95 0.709264323819
96 0.706967975332
97 0.704606944069
98 0.702177723975
99 0.699779576208
100 0.697412567659
101 0.695076761249
102 0.692666003495
103 0.690284236575
104 0.687823046293
105 0.685498235897
106 0.683091820436
107 0.680600512981
108 0.678246761837
109 0.675805987469
110 0.673389968034
111 0.670998710853
112 0.668632219873
113 0.666172367834
114 0.663735209657
115 0.661320740396
116 0.658928951903
117 0.656559833
118 0.654213369647
119 0.651765433646
120 0.649338167991
121 0.647057553943
122 0.644672512449
123 0.64218019712
124 0.639835403558
125 0.637511162853
126 0.635076822974
127 0.632792662025
128 0.63039654056
129 0.628019049697
130 0.625794290266
131 0.623454815232
132 0.62113386439
133 0.618694712802
134 0.616409847739
135 0.614143388843
136 0.611756151828
137 0.609525535382
138 0.607172456196
139 0.604977505038
140 0.602658413345
141 0.600355874597
142 0.598213651283
143 0.595944825186
144 0.593692413609
145 0.591456368951
146 0.589236642315
147 0.587033183574
148 0.58469775935
149 0.582525964195
150 0.580370283011
151 0.578230661254
152 0.575956102974
153 0.573847728978
154 0.57160299657
155 0.569525653951
156 0.567310542882
157 0.565264008098
158 0.563078306399
159 0.560906934892
160 0.558905838498
161 0.556763549963
162 0.554635431061
163 0.552521428191
164 0.550421487023
165 0.548494497086
166 0.546423071132
167 0.544365535985
168 0.542321834842
169 0.540291910349
170 0.538275704632
171 0.536110926752
172 0.534121447854
173 0.532145514775
174 0.530183067801
175 0.528234046847
176 0.526298391488
177 0.524210764328
178 0.522301143156
179 0.520404707535
180 0.518354704388
181 0.516483950258
182 0.514626199036
183 0.512613314295
184 0.51078088668
185 0.508792339831
186 0.506984997023
187 0.505190349434
188 0.503238064379
189 0.501297515525
190 0.499539619777
191 0.497622727376
192 0.495889191568
193 0.493995725324
194 0.492286305997
195 0.490416034511
196 0.488557110159
197 0.486883178767
198 0.485047103905
199 0.483222208345
200 0.481408437159
201 0.479780829772
202 0.477989447667
203 0.476209021071
204 0.474439494739
205 0.472857253048
206 0.471109654263
207 0.469372786474
208 0.467646594324
209 0.465931022445
210 0.464226015465
211 0.462531518021
212 0.460847474767
213 0.459352677313
214 0.457689646078
215 0.456036900405
216 0.454394385171
217 0.452762045319
218 0.451139825861
219 0.449527671896
220 0.447925528606
221 0.446333341277
222 0.444751055293
223 0.443178616155
224 0.441434303102
225 0.439881153106
226 0.438337689446
227 0.436803858086
228 0.435279605139
229 0.433764876866
230 0.432259619685
231 0.430763780175
232 0.429277305082
233 0.42761654725
234 0.426148419924
235 0.424689500151
236 0.423239735352
237 0.421799073136
238 0.420182948278
239 0.418760122539
240 0.417346245033
241 0.415941264133
242 0.414359952154
243 0.412972405305
244 0.411593602923
245 0.410223494204
246 0.408676220141
247 0.407323148646
248 0.405978621061
249 0.404456369263
250 0.403128586077
251 0.401809198907
252 0.40031154677
253 0.399008614623
254 0.39771393253
255 0.39624046189
256 0.394961949041
257 0.393691542276
258 0.392241839647
259 0.390987320074
260 0.389553238856
261 0.38831442144
262 0.38708347501
263 0.385672485493
264 0.38445696555
265 0.383061154415
266 0.381860880159
267 0.380480073512
268 0.379294865853
269 0.377928891267
270 0.376758572848
271 0.375595717151
272 0.374251654605
273 0.373103424483
274 0.371773767875
275 0.370639990448
276 0.369324572728
277 0.368016232271
278 0.366903732595
279 0.36560938487
280 0.364510914289
281 0.363230396129
282 0.362145788034
283 0.360878937874
284 0.359808027485
285 0.358554685374
286 0.357308064138
287 0.356257317353
288 0.355023968517
289 0.353986516007
290 0.352766283641
291 0.351552580988
292 0.350534696827
293 0.349333880933
294 0.348328898883
295 0.34714081788
296 0.345959080129
297 0.344973087783
298 0.343803861204
299 0.342640868514
300 0.3416735269
301 0.340522825243
302 0.339378249801
303 0.338429225836
304 0.337296724873
305 0.33617024414
306 0.335239210622
307 0.334124591397
308 0.333015888109
309 0.332102523693
310 0.331005472519
311 0.329914234682
312 0.328828776661
313 0.327938432299
314 0.326864353173
315 0.325795953491
316 0.324733200449
317 0.32386532916
318 0.322813687994
319 0.321767595316
320 0.320727019033
321 0.319881087129
322 0.318851361864
323 0.31782705705
324 0.316808141304
325 0.315983628246
326 0.314975308766
327 0.3139722846
328 0.312974525067
329 0.311981999656
330 0.311183511348
331 0.310201272427
332 0.309224176572
333 0.308252193967
334 0.307285294965
335 0.306512063015
336 0.305555149958
337 0.304603232109
338 0.303656280506
339 0.302714266356
340 0.30177716103
341 0.301033226989
342 0.300105758998
343 0.299183114565
344 0.298265265733
345 0.297352184711
346 0.296443843872
347 0.295540215748
348 0.294641273035
349 0.293934755831
350 0.293045005436
351 0.292159859241
352 0.291279290594
353 0.290403273005
354 0.289550521708
355 0.288702251823
356 0.287858437287
357 0.287019052196
358 0.286184070808
359 0.285353467539
360 0.284508519444
361 0.283686603666
362 0.282868990215
363 0.282055654139
364 0.281227905135
365 0.280423056955
366 0.279603764026
367 0.278807305803
368 0.27799637163
369 0.27720820664
370 0.276405535109
371 0.275625567835
372 0.274831064025
373 0.274059200145
374 0.273272770314
375 0.272490347653
376 0.271711909163
377 0.270955981155
378 0.270185432646
379 0.269418800165
380 0.268656061277
381 0.267897193693
382 0.267142175258
383 0.266390983958
384 0.265643597918
385 0.264899995398
386 0.264160154797
387 0.263424054648
388 0.262691673621
389 0.261944559935
390 0.261219563502
391 0.260498222985
392 0.259780517588
393 0.25904803786
394 0.258337550576
395 0.257630636786
396 0.256908919286
397 0.256209101472
398 0.255512796687
399 0.254801659812
400 0.254112331163
401 0.25340815293
402 0.252725721767
403 0.252028423946
404 0.251334543427
405 0.250662317949
406 0.24997520231
407 0.24929144672
408 0.248629255419
409 0.247952151343
410 0.247278351135
411 0.246607836298
412 0.245940588446
413 0.245294754613
414 0.244633974009
415 0.243976405953
416 0.243322032519
417 0.242670835894
418 0.242022798375
419 0.241377902374
420 0.240736130411
421 0.240097465116
422 0.23946188923
423 0.238829385602
424 0.238181902794
425 0.23755550439
426 0.236932127407
427 0.236311755122
428 0.235694370918
429 0.235061985022
430 0.234450539123
431 0.233842032049
432 0.233218511766
433 0.232615845318
434 0.232016069365
435 0.231401269317
436 0.230807238141
437 0.230198176879
438 0.229609827559
439 0.229006442425
440 0.22842371283
441 0.227825941946
442 0.227248770722
443 0.226656552982
444 0.226067096102
445 0.225498154606
446 0.224914160601
447 0.224332882694
448 0.223772037055
449 0.223196133435
450 0.222622901979
451 0.222070020836
452 0.221502076731
453 0.220936761675
454 0.220374061462
455 0.219813961973
456 0.219256449181
457 0.218701509142
458 0.218166728765
459 0.217616879373
460 0.217069561464
461 0.21652476144
462 0.215982465788
463 0.215442661077
464 0.214905333962
465 0.214352963246
466 0.213820564715
467 0.213290604196
468 0.212763068671
469 0.212237945203
470 0.211715220938
471 0.211194883098
472 0.210659504808
473 0.21014391462
474 0.209630672961
475 0.209119767371
476 0.208593825197
477 0.20808756731
478 0.207583608527
479 0.207064617147
480 0.206565232695
481 0.206068111067
482 0.205555961121
483 0.205063341804
484 0.204555698143
485 0.204067533834
486 0.203564349274
487 0.203080593249
488 0.202581821182
489 0.202102427294
490 0.20160802168
491 0.201132944349
492 0.200642859711
493 0.200172053916
494 0.199686245333
495 0.199202565504
496 0.198738089705
497 0.19825861953
498 0.197781245147
499 0.197323000988
500 0.196849771066
501 0.196378604572
502 0.195909490835
503 0.195459409462
504 0.194994355074
505 0.194531321858
506 0.194070299397
507 0.193611277341
508 0.193154245398
509 0.192716100807
510 0.192263004342
511 0.191811867539
512 0.191362680356
513 0.190915432812
514 0.190470114985
515 0.190026717014
516 0.189585229097
517 0.189145641491
518 0.188707944513
519 0.188272128538
520 0.187838183998
521 0.187406101384
522 0.186975871244
523 0.186547484185
524 0.186104230488
525 0.18567951506
526 0.185256614817
527 0.184835520591
528 0.184416223266
529 0.183998713782
530 0.183566365656
531 0.183152418036
532 0.182740231355
533 0.182329796768
534 0.181904543342
535 0.181497599578
536 0.181092381647
537 0.180672360534
538 0.180270581228
539 0.179870501962
540 0.17945563521
541 0.179058943301
542 0.178663926099
543 0.178254137136
544 0.177862456935
545 0.17745601647
546 0.177067640164
547 0.176664515099
548 0.176279409977
549 0.175879567602
550 0.175497701337
551 0.175101109329
552 0.174722449979
553 0.174329076392
554 0.173953592393
555 0.173563405656
556 0.17317480813
557 0.172804034731
558 0.172418577347
559 0.17205090196
560 0.171668554064
561 0.17128775692
562 0.170924677709
563 0.170546944698
564 0.170170739888
565 0.169796055835
566 0.169439004538
567 0.169067325342
568 0.168697144874
569 0.168328455861
570 0.16797731588
571 0.167611573821
572 0.167247301696
573 0.166884492399
574 0.166523138866
575 0.166179230946
576 0.165820753843
577 0.165463711601
578 0.165108097318
579 0.164753904129
580 0.164401125213
581 0.164049753785
582 0.163699783101
583 0.163351206455
584 0.163004017181
585 0.162658208649
586 0.162313774269
587 0.16197070749
588 0.161629001796
589 0.16128865071
590 0.160949647792
591 0.160611986639
592 0.160275660885
593 0.159940664201
594 0.159606990294
595 0.159274632905
596 0.158943585815
597 0.158613842837
598 0.1582697124
599 0.157942572202
600 0.157616717724
601 0.15729214292
602 0.15696884178
603 0.156646808329
604 0.156310431448
605 0.155990928266
606 0.155672675
607 0.155355665808
608 0.15502434331
609 0.154709817375
610 0.154396518144
611 0.154068928828
612 0.153758078265
613 0.153448437328
614 0.153140000406
615 0.152817303128
616 0.152511269693
617 0.152190992228
618 0.151887340023
619 0.151584864153
620 0.151268167075
621 0.150968039564
622 0.150653707018
623 0.150355906229
624 0.150059254866
625 0.149748421053
626 0.149454064455
627 0.149145541418
628 0.148853458548
629 0.148547225182
630 0.148257395237
631 0.147953430673
632 0.147665833081
633 0.147364116679
634 0.147078731099
635 0.146779242447
636 0.146480867287
637 0.146198767675
638 0.145902590024
639 0.145622652508
640 0.145328652513
641 0.145035741057
642 0.144759015556
643 0.144468252339
644 0.144193640391
645 0.1439050061
646 0.143617436073
647 0.143345964217
648 0.1430604945
649 0.142776074788
650 0.142492700367
651 0.142225353241
652 0.141944041671
653 0.141663761442
654 0.141384507941
655 0.141121211984
656 0.140843984689
657 0.140567770475
658 0.140292564825
659 0.140033248081
660 0.139760032787
661 0.139487812705
662 0.139216583417
663 0.138946340529
664 0.138677079672
665 0.138423605208
666 0.138156282332
667 0.137889928563
668 0.137624539622
669 0.137360111258
670 0.137096639239
671 0.136834119357
672 0.136572547429
673 0.13631191929
674 0.136052230802
675 0.135808161073
676 0.135550326925
677 0.135293420184
678 0.135037436796
679 0.134782372731
680 0.134528223981
681 0.134274986557
682 0.134022656495
683 0.13377122985
684 0.133520702696
685 0.133271071133
686 0.133007784579
687 0.132759944724
688 0.132512988832
689 0.132266913082
690 0.132021713676
691 0.131777386832
692 0.131533928793
693 0.131291335818
694 0.131049604187
695 0.1308087302
696 0.130568710177
697 0.130315128316
698 0.130076816945
699 0.129839348572
700 0.129602719592
701 0.129366926423
702 0.1291319655
703 0.128883493835
704 0.128650198218
705 0.128417724222
706 0.128186068356
707 0.127955227149
708 0.127710917681
709 0.127481706677
710 0.127253299983
711 0.1270256942
712 0.126784654358
713 0.126558651334
714 0.126333439088
715 0.126094818981
716 0.125871189264
717 0.12564834035
718 0.125412109565
719 0.125190823265
720 0.124970307948
721 0.12475056039
722 0.124517464228
723 0.124299253235
724 0.124067711715
725 0.123851024424
726 0.123635088935
727 0.123405848272
728 0.123191417479
729 0.122977729119
730 0.122750760724
731 0.122538558348
732 0.122313093636
733 0.122102364902
734 0.121878391437
735 0.121669124131
736 0.121460577929
737 0.121238811635
738 0.121031708812
739 0.120811403262
740 0.120605731915
741 0.120386875108
742 0.120182623453
743 0.119965203511
744 0.119762359886
745 0.119546365049
746 0.11934491791
747 0.119130336539
748 0.118930274459
749 0.118717095031
750 0.118504618694
751 0.118306617807
752 0.118095526307
753 0.117898882381
754 0.117689164483
755 0.117493866492
756 0.117285511073
757 0.11707783903
758 0.116884544153
759 0.116678218076
760 0.116472567122
761 0.116281251061
762 0.116076929808
763 0.115886916609
764 0.115683914372
765 0.11548157379
766 0.115293499756
767 0.115092462328
768 0.114892078626
769 0.11470592042
770 0.114506824243
771 0.114308373983
772 0.114110567047
773 0.113926930486
774 0.113730390574
775 0.11353448633
776 0.113352712456
777 0.113158060143
778 0.112964035953
779 0.112770637383
780 0.112591315444
781 0.112399149005
782 0.112207600788
783 0.11201666834
784 0.111826349219
785 0.111650039834
786 0.11146092862
787 0.111272423515
788 0.111084522125
789 0.110897222068
790 0.110723866051
791 0.110537750266
792 0.110352228772
793 0.11016729923
794 0.109982959316
795 0.109799206716
796 0.109616039127
797 0.109446724284
798 0.109264708814
799 0.109083271549
800 0.108902410232
801 0.108722122614
802 0.108542406461
803 0.108363259545
804 0.108184679652
805 0.108006664578
806 0.107842387275
807 0.107665484543
808 0.107489140116
809 0.107313351831
810 0.107138117537
811 0.106963435094
812 0.10678930237
813 0.106615717244
814 0.106442677607
815 0.106270181357
816 0.106098226405
817 0.105926810671
818 0.105755932083
819 0.105585588583
820 0.105415778118
821 0.10524649865
822 0.105077748147
823 0.104909524587
824 0.104741825959
825 0.104574650262
826 0.104407995502
827 0.104241859698
828 0.104076240875
829 0.103911137069
830 0.103746546327
831 0.103569549468
832 0.103405988903
833 0.103242935559
834 0.103080387518
835 0.102918342873
836 0.102756799722
837 0.102595756175
838 0.102435210352
839 0.102275160378
840 0.102115604389
841 0.101943723841
842 0.101785159819
843 0.101627084211
844 0.101469495189
845 0.101312390931
846 0.101155769627
847 0.100986872835
848 0.100831221393
849 0.100676047487
850 0.10052134934
851 0.100367125182
852 0.100213373252
853 0.100047394057
854 0.0998945904978
855 0.0997422539003
856 0.099590382536
857 0.0994263166504
858 0.099275379639
859 0.0991249026922
860 0.0989748841137
861 0.098825322215
862 0.0986636053976
863 0.0985149607077
864 0.0983667676483
865 0.0982064444313
866 0.0980591584586
867 0.0979123191368
868 0.097765924832
869 0.0976074319916
870 0.0974619315146
871 0.0973168711666
872 0.0971597365559
873 0.0970155602358
874 0.0968718192244
875 0.09672851194
876 0.0965731613655
877 0.0964307252711
878 0.0962887181717
879 0.0961346915696
880 0.0959935461706
881 0.0958403980789
882 0.0957001081059
883 0.0955602393752
884 0.0954083913942
885 0.0952693688148
886 0.0951307629168
887 0.0949802010051
888 0.09484243211
889 0.0946927236448
890 0.0945557857031
891 0.0944192569699
892 0.0942708115608
893 0.0941351048387
894 0.0939874976568
895 0.0938526070323
896 0.0937181183122
897 0.0935717516862
898 0.0934380703223
899 0.0932925270423
900 0.0931596472535
901 0.0930149214479
902 0.092882837505
903 0.0927389233547
904 0.0926076295802
905 0.0924645213177
906 0.0923340120849
907 0.0921917039939
908 0.0920619737266
909 0.0919204601416
910 0.0917915033137
911 0.0916507786191
912 0.0915225897538
913 0.0913826483839
914 0.0912552220535
915 0.0911160584916
916 0.0909893893167
917 0.0908509980948
918 0.090725080744
919 0.0905874564423
920 0.0904622856316
921 0.0903254228778
922 0.0902009933703
923 0.0900648868395
924 0.089929161597
925 0.0898058378587
926 0.0896708609114
927 0.0895482655587
928 0.0894140316977
929 0.0892801725307
930 0.0891586637163
931 0.0890255398799
932 0.0889047468177
933 0.088772353216
934 0.0886403278562
935 0.0885206025228
936 0.0883892998099
937 0.0882583615292
938 0.0881396928202
939 0.0880094696973
940 0.0878914970889
941 0.0877619842032
942 0.0876328295178
943 0.0875158953766
944 0.0873874436005
945 0.0872593463446
946 0.0871316023838
947 0.0870160383707
948 0.0868889876785
949 0.0867622866641
950 0.0866477362952
951 0.0865217214409
952 0.0863960526936
953 0.0862825055723
954 0.0861575159681
955 0.0860328689458
956 0.0859085633318
957 0.0857963400048
958 0.0856727043009
959 0.08554940654
960 0.0854264455684
961 0.0853155280394
962 0.0851932279024
963 0.0850712611484
964 0.0849496266427
965 0.0848399972249
966 0.0847190146331
967 0.084598360941
968 0.0844780350333
969 0.0843696763434
970 0.0842499935801
971 0.0841306353091
972 0.0840116004337
973 0.083892887862
974 0.0837860950342
975 0.0836680148413
976 0.083550253729
977 0.0834328106236
978 0.083315684456
979 0.0831988741616
980 0.0830939269721
981 0.0829777364265
982 0.0828618586118
983 0.0827462924811
984 0.0826310369919
985 0.0825160911061
986 0.0824014537898
987 0.0822986142893
988 0.0821845823792
989 0.0820708559879
990 0.0819574340985
991 0.0818443156989
992 0.0817314997809
993 0.0816189853404
994 0.0815067713778
995 0.0813948568976
996 0.081294657432
997 0.0811833305154
998 0.0810723001432
999 0.0809615653363
