10 0.000454501998764 0.547581449651
11 0.000564119456249 0.558759955224
12 0.000354314473359 0.286196412427
13 0.00042513004126 0.29331841623
14 0.000503493427451 0.300267275185
15 0.000589435938931 0.306933996983
16 0.000683563478942 0.313576736947
17 0.000785908853922 0.320074939563
18 0.000896636241702 0.326416030128
19 0.00101573570014 0.332531642563
20 0.00114333589455 0.338431758302
21 0.00127945437561 0.344094658959
22 0.00142410923322 0.349511998363
23 0.00157744902612 0.354716746002
24 0.00173962245483 0.35973601549
25 0.0019110715369 0.364654528946
26 0.00209102145412 0.369295749877
27 0.00228045502928 0.373855895388
28 0.00247913675484 0.37827420344
29 0.00268775202944 0.382651485112
30 0.00290491465293 0.386762575869
31 0.00313221947732 0.390845869715
32 0.00336876492906 0.394765773717
33 0.0036157870155 0.398674304027
34 0.0038715082856 0.402352842567
35 0.0041375310952 0.405988434701
36 0.00441337295469 0.409521683529
37 0.00469894113307 0.412943178103
38 0.00499465045915 0.416291081263
39 0.00530035057196 0.419549326182
40 0.0056160644124 0.422719441266
41 0.00594174069436 0.425797788498
42 0.00627756039079 0.428798590469
43 0.00662315476124 0.431696851442
44 0.00697920812025 0.43454052624
45 0.00734530697929 0.437302057535
46 0.00772165379272 0.439995245269
47 0.0081080684046 0.442610572955
48 0.00850525006515 0.445187451268
49 0.00891185869955 0.447654964086
50 0.00932893873531 0.450070801022
51 0.00975717110582 0.452466620183
52 0.0101942694862 0.454736082503
53 0.0106433557569 0.457022795774
54 0.0111008554244 0.459171479117
55 0.0115693158217 0.461294089816
56 0.0120492463444 0.463408262218
57 0.0125379109447 0.465409685613
58 0.0130374346085 0.467381683027
59 0.0135467329723 0.4692863704
60 0.0140667091365 0.471156825114
61 0.0145962718191 0.472958357829
62 0.0151367169025 0.474734437124
63 0.015684197152 0.476370397863
64 0.0162460464368 0.478087404444
65 0.0168155459058 0.479688523378
66 0.0173945524171 0.481232035736
67 0.0179856865689 0.482788999459
68 0.0185842483582 0.484237595844
69 0.0191974026633 0.485760229923
70 0.0198156963671 0.487124677096
71 0.0204420871089 0.488410863513
72 0.0210859797124 0.489833122129
73 0.0217307668325 0.491019207815
74 0.0223919772686 0.492313415778
75 0.0230569972478 0.493448001348
76 0.0237375596648 0.494667257839
77 0.0244257981113 0.495811303811
78 0.0251227409208 0.496904170315
79 0.0258289758831 0.497959437277
80 0.026545332302 0.498993644362
81 0.0272701248138 0.499978197706
82 0.0280052679128 0.500948139354
83 0.0287490488717 0.501875492018
84 0.029501611054 0.502764825442
85 0.0302643731857 0.503640241595
86 0.031035472 0.504473578902
87 0.0318152617592 0.505272373059
88 0.032604252899 0.506045777193
89 0.0334031319859 0.506804633297
90 0.0342097803446 0.50752001437
91 0.0350248439141 0.508203039002
92 0.0358491780761 0.508866647528
93 0.0366821328783 0.509503233162
94 0.037522977083 0.510104867412
95 0.0383728040364 0.510686883645
96 0.0392309796672 0.511242468729
97 0.0400967955741 0.511764541724
98 0.0409716547815 0.512271086904
99 0.0418549885284 0.512756288695
100 0.0427461631081 0.5132141126
101 0.0436444773627 0.513638311219
102 0.0445517643273 0.51405015885
103 0.0454675157656 0.514444835764
104 0.0463883373909 0.514788397316
105 0.0473191516029 0.515132980764
106 0.0482565628431 0.51544493559
107 0.0492030252652 0.515749619818
108 0.050154796744 0.516011858552
109 0.0511179289073 0.516290080861
110 0.0520851282952 0.516516776637
111 0.0530591524601 0.516719315242
112 0.0540432575935 0.516927509693
113 0.0550332008797 0.517104344523
114 0.0560282786161 0.517245427116
115 0.0570320528779 0.517382222655
116 0.0580441838835 0.51751210993
117 0.0590596660098 0.517595129344
118 0.0600871975844 0.51770238237
119 0.0611169013022 0.517755841333
120 0.0621529259721 0.517789863056
121 0.0632000604215 0.51784138317
122 0.0642527950379 0.517868794932
123 0.0653105468338 0.517869012273
124 0.0663726955423 0.517838896028
125 0.0674446290836 0.517817840254
126 0.0685199908278 0.517761362696
127 0.0696044927801 0.517710109257
128 0.070691334973 0.517618169807
129 0.0717865668167 0.517527455199
130 0.0728899801671 0.517436585396
131 0.0739940838496 0.517297518041
132 0.0751129466907 0.517201392102
133 0.0762315503364 0.517052793649
134 0.077356866115 0.516896851066
135 0.078488580495 0.516732034019
136 0.0796179719194 0.516506764275
137 0.080761227151 0.516318826608
138 0.0819098174256 0.516117277438
139 0.0830633490124 0.515900493558
140 0.0842214075563 0.515666831882
141 0.0853835579826 0.515414631204
142 0.0865592092726 0.515196304423
143 0.0877284130976 0.514902647589
144 0.0889106698599 0.514640814579
145 0.0900956056545 0.514354986613
146 0.0912826903888 0.514043425176
147 0.0924825774707 0.513761854698
148 0.093684047589 0.513452388158
149 0.094886516128 0.513113249744
150 0.0961014355521 0.512802158814
151 0.0973167022564 0.5124591658
152 0.0985316770694 0.512082469269
153 0.0997586453352 0.511731777982
154 0.100984584204 0.51134510164
155 0.102222356909 0.510983469279
156 0.103458311641 0.510583538378
157 0.104705906133 0.510207659491
158 0.105950842502 0.509791141668
159 0.107207189007 0.509397655302
160 0.108459985565 0.508961168566
161 0.109723926265 0.508546666858
162 0.110999201074 0.50815428331
163 0.112269829891 0.507715978661
164 0.113534970783 0.507229897073
165 0.114827481013 0.50683311981
166 0.116096943476 0.506317344934
167 0.117394110649 0.505891075854
168 0.118684361495 0.505413516317
169 0.119985066983 0.504954876448
170 0.121277722457 0.504442519636
171 0.122580405356 0.503947952785
172 0.123893261943 0.503471248512
173 0.125196652399 0.502937839437
174 0.126529916728 0.502496427141
175 0.127832674249 0.501921238992
176 0.129165578857 0.501438169403
177 0.130487250285 0.500894816944
178 0.131818372594 0.500367146081
179 0.133159071547 0.499855205631
180 0.134509475917 0.499359047348
181 0.13584673954 0.498799008834
182 0.137193130982 0.498253582748
183 0.13854876545 0.497722807028
184 0.139889530236 0.49712515751
185 0.141238917388 0.496540996059
186 0.142622109327 0.49605312372
187 0.143963965272 0.495413238426
188 0.145339834844 0.494869697799
189 0.146724744562 0.494339756417
190 0.148091951484 0.493738212446
191 0.149467507199 0.493149095711
192 0.15085150427 0.492572423938
193 0.152244037201 0.492008216504
194 0.153616531667 0.491368877314
195 0.155025950611 0.490829041727
196 0.156414580207 0.490212912489
197 0.157811171822 0.489608115425
198 0.159215807619 0.48901466052
199 0.160628571394 0.48843255908
200 0.162018026004 0.487770675871
201 0.163446803255 0.487210713109
202 0.164851453561 0.486569822163
203 0.166263568522 0.48593915209
204 0.16768321843 0.485318705078
205 0.169110474903 0.484708484332
206 0.170545410909 0.484108494082
207 0.171988100792 0.483518739598
208 0.173403076784 0.482843490311
209 0.174824915694 0.482177354683
210 0.176290243026 0.481617148983
211 0.177726503374 0.480969774334
212 0.179169808882 0.480331504444
213 0.180620220255 0.479702336608
214 0.182077799274 0.479082268896
215 0.1835033616 0.478371697889
216 0.18497490879 0.477769259005
217 0.186413470291 0.477075231088
218 0.18789921748 0.476490405839
219 0.189350986963 0.475812893697
220 0.19080916432 0.475143369439
221 0.192316367551 0.474584653792
222 0.193788073048 0.473931610191
223 0.195266340483 0.47328653441
224 0.196706930939 0.472544992075
225 0.198197888708 0.471915292728
226 0.199695556596 0.471293539375
227 0.201199987945 0.470679727007
228 0.202664593735 0.469967310215
229 0.204134880044 0.46926178694
230 0.205658687114 0.468670658786
231 0.207141032514 0.467979375382
232 0.208629174139 0.467294951277
233 0.210172781676 0.466726438896
234 0.211673238777 0.466056198158
235 0.213179613547 0.465392786184
236 0.214691945604 0.464736192716
237 0.216210275179 0.464086407883
238 0.217681899859 0.463331837502
239 0.219211705448 0.462695129358
240 0.220747626182 0.462065199679
241 0.222235059498 0.461328985583
242 0.223782676982 0.460712067545
243 0.22528060242 0.459987880097
244 0.226840064919 0.459383931976
245 0.228348607398 0.45867172143
246 0.229920067569 0.458080704151
247 0.231439355876 0.457380423114
248 0.23296374009 0.456685861914
249 0.234493247683 0.455997007569
250 0.236088461955 0.455431203177
251 0.237628971883 0.45475418619
252 0.239174696288 0.454082840552
253 0.240725664362 0.453417154305
254 0.24228190572 0.45275711574
255 0.243779474678 0.451983029759
256 0.245345649958 0.451333780774
257 0.246917183413 0.450690143738
258 0.248494106324 0.450052107908
259 0.250076450414 0.449419662794
260 0.251596749973 0.448670824301
261 0.253189297705 0.44804904837
262 0.254718443026 0.447309982053
263 0.256321299994 0.446698827978
264 0.257859373967 0.44596948107
265 0.259472648663 0.445368903173
266 0.261019736659 0.444649224354
267 0.262643540515 0.444059178605
268 0.264199730415 0.443349118001
269 0.2657601445 0.442643647292
270 0.267399560087 0.442069071202
271 0.268969206653 0.441373145194
272 0.270543135235 0.440681771151
273 0.272121363768 0.439994936371
274 0.273781706588 0.439440668866
275 0.275369346175 0.438763284593
276 0.276961346927 0.438090403565
277 0.278557727856 0.437422013689
278 0.280158508238 0.436758103021
279 0.281763707611 0.436098659761
280 0.283373345778 0.435443672259
281 0.284987442808 0.434793129006
282 0.286606019038 0.434147018643
283 0.288144276906 0.433373559359
284 0.289771062781 0.43273586032
285 0.291402384182 0.432102559582
286 0.293038262483 0.431473646346
287 0.294678719334 0.430849109954
288 0.296234926264 0.430095159375
289 0.297883764415 0.429478917982
290 0.299537241174 0.428867020856
291 0.301104072237 0.428124501904
292 0.302766034025 0.427520832116
293 0.304432696711 0.426921475192
294 0.306010266592 0.426190280697
295 0.307685522106 0.42559908563
296 0.309270053339 0.424875275337
297 0.310953971625 0.424292198864
298 0.312545511849 0.423575726482
299 0.314238164579 0.423000726255
300 0.315836762844 0.422291546279
301 0.317538223441 0.421724580856
302 0.319143930219 0.421022648567
303 0.320752795804 0.42032416073
304 0.322467141068 0.419768948867
305 0.324083188016 0.419077642461
306 0.325702422897 0.418389747002
307 0.327429808032 0.417846196592
308 0.329056300166 0.417165417963
309 0.33068601073 0.416488017545
310 0.332318948462 0.415813984465
311 0.3340636432 0.415285692728
312 0.335703940294 0.414618692414
313 0.337347496869 0.413955027702
314 0.338994322232 0.413294688037
315 0.340644425826 0.412637662939
316 0.342297817226 0.411983942004
317 0.344068494443 0.411478017208
318 0.345729402381 0.410831207408
319 0.347393633154 0.410187671491
320 0.349061196914 0.409547399364
321 0.35073210395 0.408910381004
322 0.352406364689 0.408276606466
323 0.354083989695 0.407646065876
324 0.35576498967 0.407018749433
325 0.357449375456 0.40639464741
326 0.35913715803 0.405773750151
327 0.360828348513 0.405156048076
328 0.362522958163 0.404541531673
329 0.364220998378 0.403930191505
330 0.365922480696 0.403322018206
331 0.367500154338 0.402567780071
332 0.369258849696 0.40202538005
333 0.370944285636 0.401396470894
334 0.372645831171 0.400785578586
335 0.374337554778 0.400162688176
336 0.376045604286 0.399557860488
337 0.377743653347 0.398940951921
338 0.379444829738 0.398327004787
339 0.381149142707 0.397716010005
340 0.382842984296 0.397092749037
341 0.384553497217 0.396487600225
342 0.3862671746 0.39588537685
343 0.387970104382 0.395270766663
344 0.389676013467 0.394659002033
345 0.391384910117 0.394050074122
346 0.393096802702 0.393443974147
347 0.394811699699 0.392840693385
348 0.396529609694 0.392240223164
349 0.398250541378 0.391642554871
350 0.399959860636 0.391032164554
351 0.401686756726 0.390440043856
352 0.403401847866 0.389835124351
353 0.405119784423 0.389232912939
354 0.406840573946 0.388633401177
355 0.408564224083 0.388036580674
356 0.410290742576 0.387442443088
357 0.412020137268 0.386850980131
358 0.4137524161 0.386262183562
359 0.415471989935 0.385660266738
360 0.417209952457 0.385076749049
361 0.418935009411 0.384480037644
362 0.420678686315 0.383901766354
363 0.422409255256 0.383310227972
364 0.424142536645 0.382721250128
365 0.425878537426 0.382134824843
366 0.427617264635 0.381550944181
367 0.429358725392 0.380969600254
368 0.43110292691 0.38039078522
369 0.432833182813 0.379798432265
370 0.434582775346 0.379224623638
371 0.436318212979 0.378637207179
372 0.438073224212 0.37806837403
373 0.439813869424 0.377485863231
374 0.441557071972 0.376905780584
375 0.443302838027 0.37632811849
376 0.44505117384 0.375752869393
377 0.446802085739 0.375180025777
378 0.448555580133 0.374609580168
379 0.450311663512 0.374041525133
380 0.452070342443 0.37347585328
381 0.453831623574 0.372912557258
382 0.455577338838 0.372335224889
383 0.457343727029 0.371776632026
384 0.459094328897 0.371203936805
385 0.460847324577 0.370633536853
386 0.462621361422 0.370081931114
387 0.464379278599 0.369516125047
388 0.466139606563 0.36895259277
389 0.46790235094 0.368391327195
390 0.469667517424 0.36783232127
391 0.471435111783 0.36727556798
392 0.473205139854 0.366721060346
393 0.474977607546 0.366168791427
394 0.476732923325 0.365602048549
395 0.478510166382 0.36505421136
396 0.480270027217 0.364491838279
397 0.48205206794 0.363948405429
398 0.483816494276 0.363390374853
399 0.485603355511 0.362851319226
400 0.487372368316 0.362297604138
401 0.489143621047 0.361746025131
402 0.490937694217 0.361213472552
403 0.492713565321 0.360666169005
404 0.494491691796 0.360120981662
405 0.496272078743 0.359577903963
406 0.498054731322 0.359036929377
407 0.499839654758 0.358498051408
408 0.501605528381 0.357944226984
409 0.50339488252 0.357409499587
410 0.505186523023 0.356876849497
411 0.506958749652 0.356329165748
412 0.508754850818 0.35580062787
413 0.510553254407 0.355274148273
414 0.512331875818 0.354732548031
415 0.514112553437 0.354192948801
416 0.515917637056 0.353672559786
417 0.51770256814 0.353136965303
418 0.51948956866 0.352603353218
419 0.521278642965 0.352071717386
420 0.523092660827 0.351559354708
421 0.524886026512 0.351031674464
422 0.526681479879 0.350505952209
423 0.528479025496 0.349982181909
424 0.530278667987 0.349460357561
425 0.532056888643 0.348923063085
426 0.533860605775 0.348405091311
427 0.535666433442 0.347889047642
428 0.537474376484 0.347374926185
429 0.539284439796 0.346862721076
430 0.541072436681 0.346334911217
431 0.542886619568 0.345826499863
432 0.544678476388 0.345302431311
433 0.546496796922 0.344797790558
434 0.548292529861 0.344277440259
435 0.550115006528 0.343776547167
436 0.55191463217 0.343259892275
437 0.553716142576 0.342745066892
438 0.555519541524 0.342232065384
439 0.557350247402 0.341738578131
440 0.559157572365 0.341229226954
441 0.560966798003 0.3407216829
442 0.562777928286 0.340215940436
443 0.564590967229 0.339711994052
444 0.566405918894 0.339209838264
445 0.568222787391 0.33870946761
446 0.570041576875 0.338210876656
447 0.571862291551 0.337714059989
448 0.573658265707 0.337201141806
449 0.575482701442 0.336707838185
450 0.577309074728 0.336216292757
451 0.579137389951 0.335726500206
452 0.580940413487 0.335220509459
453 0.582772481707 0.334734187409
454 0.584606504773 0.334249602425
455 0.586414818518 0.333748747528
456 0.588252619214 0.333267601626
457 0.59006443081 0.332770138855
458 0.591877925199 0.332274355821
459 0.593721349699 0.331798320042
460 0.595538363459 0.331305898261
461 0.597357070196 0.330815140884
462 0.599206155234 0.330344169208
463 0.601028403615 0.329856742606
464 0.602852355526 0.329370965271
465 0.604678014398 0.328886832202
466 0.6065053837 0.328404338418
467 0.608334466943 0.327923478959
468 0.610165267675 0.327444248886
469 0.611997789485 0.326966643281
470 0.613832036003 0.326490657247
471 0.615668010896 0.326016285907
472 0.617505717872 0.325543524406
473 0.619345160679 0.325072367907
474 0.621186343104 0.324602811596
475 0.623029268974 0.324134850678
476 0.624873942155 0.323668480379
477 0.626689444669 0.323185312715
478 0.628537470724 0.32272209229
479 0.630387255394 0.322260448279
480 0.632207422986 0.32178194379
481 0.634060581914 0.321323421427
482 0.635883825032 0.320847997418
483 0.637740372501 0.320392578079
484 0.639598698012 0.319938711876
485 0.64142665412 0.319467881236
486 0.643256085735 0.318998562746
487 0.645119454314 0.318549294201
488 0.646951999467 0.318083001047
489 0.648818801207 0.317636780575
490 0.650654473134 0.317173494675
491 0.652491635603 0.316711698334
492 0.654330291523 0.316251387093
493 0.65620384483 0.315811191746
494 0.658045653815 0.315353852037
495 0.659888965682 0.314897984146
496 0.661733783475 0.314443583683
497 0.66358011027 0.313990646276
498 0.665427949176 0.31353916757
499 0.667277303336 0.313089143226
500 0.669128175924 0.312640568926
501 0.671015248515 0.312212195161
502 0.672834489246 0.311747753261
503 0.674689936494 0.311303503341
504 0.676546915196 0.310860686356
505 0.67840542869 0.31041929807
506 0.680265480347 0.309979334267
507 0.682127073571 0.309540790746
508 0.683990211797 0.309103663322
509 0.685854898493 0.30866794783
510 0.687684992901 0.308214756438
511 0.689552621051 0.307781837777
512 0.691421807745 0.307350318646
513 0.693255917893 0.306901270084
514 0.695128064922 0.306472523137
515 0.697001780852 0.306045163466
516 0.698839931677 0.305600221011
517 0.700716627375 0.305175609166
518 0.702557431467 0.304733379942
519 0.704437119849 0.304311499845
520 0.706280588223 0.303871967853
521 0.708163282442 0.303452803551
522 0.710009426342 0.303015952917
523 0.711895139794 0.302599488583
524 0.713743970692 0.302165303554
525 0.715632717012 0.301751523485
526 0.717484246609 0.301319988429
527 0.719337045643 0.300889766591
528 0.721230279896 0.300479976453
529 0.723085795105 0.300052381371
530 0.724942587867 0.299626087973
531 0.72680066078 0.299201092446
532 0.72869986739 0.298796563526
533 0.730560680223 0.298374164216
534 0.732422781649 0.297953051418
535 0.734286174373 0.297533221377
536 0.736150861125 0.297114670351
537 0.738016844659 0.296697394614
538 0.739925022456 0.29630063681
539 0.741793782669 0.295885912354
540 0.743663848591 0.295472452085
541 0.745535223086 0.295060252332
542 0.747407909042 0.294649309438
543 0.749281909372 0.294239619758
544 0.751157227017 0.293831179665
545 0.753033864942 0.293423985542
546 0.75486951942 0.292998692878
547 0.756748628122 0.292593968098
548 0.758629065647 0.292190478526
549 0.760510835064 0.291788220599
550 0.762393939467 0.291387190771
551 0.764278381976 0.290987385507
552 0.766164165738 0.290588801286
553 0.768007731402 0.290172013946
554 0.769896024846 0.289775849511
555 0.771785668614 0.289380895637
556 0.773632561389 0.288967695707
557 0.775524731679 0.288575140778
558 0.777418261588 0.288183786046
559 0.77931315444 0.287793628081
560 0.781164577032 0.287385166078
561 0.783062019873 0.286997379631
562 0.784915633057 0.286591261701
563 0.786815637402 0.286205833214
564 0.788717020625 0.285821584542
565 0.790574028352 0.285418961879
566 0.792477991217 0.285037051016
567 0.794337214419 0.284636738876
568 0.796243768914 0.284257152512
569 0.798105217666 0.283859137648
570 0.800014375963 0.283481862574
571 0.801878060518 0.283086131836
572 0.803742774626 0.282691533857
573 0.805655765767 0.282317695274
574 0.807522730901 0.281925361879
575 0.809438356571 0.281553801988
576 0.811307583422 0.281163720266
577 0.813177851729 0.280774755177
578 0.815049163745 0.280386903535
579 0.816969901785 0.280019850724
580 0.81884349644 0.279634225219
581 0.820718142167 0.279249703658
582 0.822642795482 0.278886000771
583 0.824519740237 0.278503686437
584 0.826397743614 0.278122466649
585 0.828276808009 0.277742338299
586 0.83015693584 0.277363298289
587 0.832088045623 0.277005108181
588 0.833970499982 0.276628244338
589 0.835854025637 0.276252459605
590 0.837738625086 0.275877750929
591 0.839624300848 0.275504115268
592 0.84151105546 0.275131549589
593 0.843398891481 0.274760050872
594 0.845287811489 0.274389616109
595 0.847177818082 0.274020242298
596 0.849068913876 0.273651926452
597 0.850961101511 0.273284665594
598 0.852854383642 0.272918456755
599 0.854748762947 0.272553296981
600 0.856644242123 0.272189183324
601 0.858540823886 0.271826112851
602 0.860438510971 0.271464082635
603 0.862337306135 0.271103089764
604 0.864237212153 0.270743131332
605 0.866138231821 0.270384204447
606 0.868040367951 0.270026306226
607 0.869889766657 0.269649494985
608 0.871793941923 0.269293636789
609 0.873699241703 0.268938798669
610 0.875605668887 0.268584977785
611 0.877513226386 0.268232171303
612 0.879367052475 0.267860397329
613 0.881276674576 0.267509602506
614 0.883187435325 0.26715981365
615 0.88509933771 0.266811027971
616 0.886956706538 0.266443232074
617 0.88887069436 0.26609643572
618 0.890785832375 0.265750634226
619 0.892645832313 0.265385791401
620 0.894563071524 0.265041962688
621 0.896481469651 0.264699120608
622 0.898344120886 0.264337206183
623 0.90026463629 0.263996320514
624 0.902186319501 0.263656413339
625 0.904051642681 0.263297402899
626 0.905975459572 0.262959435938
627 0.907842508212 0.262602346251
628 0.909768469556 0.262266308801
629 0.91163725254 0.261911129207
630 0.91356536925 0.26157701064
631 0.915435895597 0.261223730554
632 0.917366178723 0.260891520316
633 0.919238457578 0.260540129226
634 0.921170918312 0.260209816836
635 0.923044958952 0.2598603043
636 0.924979608621 0.259531879352
637 0.926855420454 0.259184235003
638 0.928792270524 0.258857687164
639 0.930669863085 0.258511900704
640 0.932548245255 0.258167036675
641 0.934488308115 0.257843280916
642 0.936368485077 0.257500259465
643 0.938249458041 0.257158152833
644 0.94019275869 0.256837166301
645 0.942075540794 0.256496887092
646 0.943959125428 0.256157515169
647 0.945905689312 0.255839275248
648 0.947791097716 0.25550171575
649 0.949677315316 0.255165056079
650 0.951627168324 0.25484954039
651 0.953515224604 0.254514678301
652 0.955404096881 0.254180708656
653 0.957293787296 0.253847629014
654 0.959247991497 0.253535708298
655 0.961139540577 0.253204406681
656 0.963031914776 0.252873987785
657 0.964925116291 0.252544449198
658 0.966819147336 0.252215788519
659 0.968714010138 0.251888003354
660 0.970674713913 0.251581398047
661 0.972571465776 0.251255362073
662 0.974469056641 0.250930194477
663 0.976367488795 0.250605892899
664 0.978266764535 0.250282454985
665 0.980166886177 0.249959878388
666 0.982067856046 0.249638160772
667 0.983969676485 0.249317299805
668 0.985872349849 0.248997293166
669 0.987775878509 0.248678138541
670 0.989680264847 0.248359833622
671 0.991585511262 0.248042376111
672 0.993491620165 0.247725763717
673 0.995398593983 0.247409994157
674 0.997306435154 0.247095065155
675 0.999215146133 0.246780974443
676 1.00112472939 0.246467719762
677 1.0030351874 0.246155298857
678 1.00494652266 0.245843709485
679 1.00685873768 0.245532949407
680 1.00877183499 0.245223016395
681 1.01068581712 0.244913908225
682 1.01260068662 0.244605622684
683 1.01451644606 0.244298157563
684 1.01643309801 0.243991510662
685 1.01828002229 0.243665240273
686 1.02019823602 0.243360217916
687 1.02211734957 0.243056007222
688 1.02403736558 0.242752606021
689 1.02595828671 0.242450012149
690 1.0278801156 0.242148223452
691 1.02973085076 0.241826769918
692 1.0316542692 0.24152657979
693 1.03357860295 0.241227188408
694 1.03550385474 0.240928593647
695 1.03743002728 0.240630793386
696 1.03928395666 0.240313294606
697 1.04121174244 0.240017071662
698 1.04314045672 0.239721636899
699 1.04499623739 0.239406484951
700 1.04692657903 0.239112614921
701 1.04885785705 0.238819526815
702 1.05079007426 0.238527218563
703 1.05264842651 0.238215167082
704 1.05458229058 0.23792440698
705 1.05651710187 0.237634420559
706 1.05837734785 0.237324672359
707 1.06031382064 0.237036221793
708 1.06225124879 0.236748538797
709 1.06411340701 0.236441075516
710 1.06605251154 0.236154916202
711 1.06791587834 0.235848965546
712 1.06985666895 0.235564321864
713 1.07179842854 0.235280435701
714 1.07366373868 0.234976739759
715 1.07560719959 0.234694357255
716 1.07747373858 0.234392153966
717 1.07941891073 0.234111267204
718 1.08128668665 0.23381054867
719 1.08323358009 0.233531149783
720 1.08510260111 0.233231908158
721 1.08705122596 0.232953989332
722 1.08892150032 0.232656216818
723 1.09087186681 0.232379770292
724 1.09274340287 0.232083459143
725 1.09469552131 0.231808477204
726 1.09656832748 0.231513619726
727 1.09852220829 0.231240094713
728 1.10039629309 0.230946683258
729 1.10235194677 0.230674607562
730 1.1042273188 0.230382634533
731 1.10610321814 0.230091377075
732 1.10806142388 0.229821458443
733 1.10993862305 0.229531628107
734 1.1118986278 0.229263139981
735 1.11377713561 0.228974729291
736 1.11565618037 0.228687024826
737 1.11761877554 0.228420665763
738 1.11949914185 0.228134369821
739 1.12146356274 0.227869422759
740 1.12334525962 0.227584527984
741 1.12522750334 0.227300330238
742 1.12719455386 0.227037484695
743 1.12907814137 0.22675467717
744 1.13096228169 0.226472561225
745 1.13284697668 0.226191135054
746 1.13481748295 0.225931064324
747 1.13670353933 0.225651013942
748 1.13859015645 0.225371647956
749 1.14056334735 0.225113640921
750 1.14245133952 0.224835640023
751 1.14433989861 0.224558318191
752 1.14622902655 0.224281673662
753 1.14820574639 0.224026391566
754 1.15009626753 0.223751098013
755 1.1519873638 0.223476476502
756 1.15387903717 0.223202525289
757 1.1557712896 0.222929242637
758 1.15775241348 0.222677325972
759 1.15964608202 0.22240537691
760 1.16154033607 0.222134091231
761 1.16343517762 0.221863467221
762 1.1653306087 0.221593503168
763 1.16722663133 0.221324197369
764 1.16921307355 0.221076261309
765 1.17111054024 0.220808268598
766 1.17300860508 0.220540929061
767 1.17490727014 0.220274241014
768 1.1768065375 0.22000820278
769 1.17870640923 0.219742812686
770 1.18060688743 0.219478069064
771 1.18250797419 0.219213970253
772 1.18440967164 0.218950514595
773 1.18640413511 0.218708432892
774 1.18830731933 0.218446260296
775 1.19021112108 0.218184725918
776 1.1921155425 0.217923828122
777 1.19402058576 0.217663565276
778 1.19592625301 0.217403935755
779 1.19783254642 0.217144937939
780 1.19973946818 0.216886570212
781 1.20164702048 0.216628830964
782 1.20355520552 0.216371718589
783 1.2054640255 0.216115231486
784 1.20737348264 0.215859368062
785 1.20928357917 0.215604126726
786 1.21119431732 0.215349505893
787 1.21310569934 0.215095503981
788 1.21501772747 0.214842119418
789 1.21693040397 0.214589350631
790 1.21884373113 0.214337196057
791 1.2207577112 0.214085654134
792 1.22267234648 0.213834723308
793 1.22449021534 0.213563634723
794 1.22640589939 0.213313919652
795 1.22832224507 0.213064811035
796 1.23023925472 0.212816307336
797 1.23215693064 0.212568407024
798 1.23407527519 0.212321108574
799 1.23599429071 0.212074410464
800 1.23791397956 0.211828311177
801 1.23983434409 0.211582809201
802 1.24165554748 0.211317123645
803 1.24357699765 0.211072809937
804 1.24549913015 0.210829089027
805 1.24742194739 0.210585959423
806 1.24934545178 0.210343419637
807 1.25126964571 0.210101468184
808 1.25319453162 0.209860103587
809 1.25501837197 0.20959853626
810 1.25694437289 0.209358339076
811 1.2588710726 0.209118724332
812 1.26079847357 0.208879690568
813 1.26272657825 0.208641236329
814 1.26455228289 0.208382566888
815 1.26648152376 0.208145265438
816 1.26841147529 0.207908539166
817 1.27034213997 0.207672386635
818 1.27216931662 0.207416009775
819 1.27410113453 0.207180998495
820 1.27603367263 0.206946556663
821 1.27796693345 0.206712682859
822 1.27979561088 0.206458575589
823 1.2817300422 0.206225831641
824 1.28366520338 0.205993651482
825 1.28560109698 0.205762033712
826 1.2874313044 0.205510173318
827 1.28936838602 0.205279674146
828 1.29130620728 0.205049733177
829 1.29313751552 0.204799543793
830 1.29507653786 0.204570713069
831 1.29701630715 0.204342436399
832 1.29884873244 0.204093905515
833 1.300789716 0.203866730814
834 1.30273145386 0.203640106059
835 1.30456501263 0.203393221277
836 1.30650797809 0.20316769029
837 1.3084517053 0.202942705179
838 1.31028641414 0.202697454214
839 1.3122313824 0.202473554747
840 1.31417711991 0.202250197124
841 1.31601299561 0.202006567802
842 1.31795998776 0.201784287772
843 1.31979656064 0.201541733614
844 1.32174481624 0.201320525849
845 1.32369385358 0.201099853287
846 1.32553162126 0.200858900723
847 1.32748193584 0.200639292499
848 1.32932041879 0.200399401829
849 1.33127201958 0.200180852694
850 1.33311122496 0.199942018663
851 1.33506412094 0.1997245234
852 1.33701781635 0.199507554216
853 1.33885825619 0.199270294211
854 1.3408132609 0.199054371142
855 1.3426544417 0.198818154783
856 1.34461076485 0.198603272693
857 1.34645269394 0.198368094834
858 1.34841034473 0.198154248617
859 1.35025302948 0.197920104145
860 1.35221201716 0.197707288727
861 1.35405546501 0.197474172559
862 1.35601579888 0.197262382896
863 1.3578600173 0.197030289978
864 1.35982170673 0.19681952106
865 1.36166670324 0.196588446369
866 1.36362975764 0.196378693213
867 1.36547553982 0.196148631757
868 1.36743996867 0.195939889412
869 1.36928654414 0.195710836229
870 1.37125235696 0.195503099775
871 1.37309973339 0.19527504993
872 1.37506693975 0.195068314476
873 1.37691512486 0.194841263066
874 1.37876357544 0.19461471015
875 1.38073273596 0.194409465903
876 1.38258200645 0.194183904117
877 1.38455258418 0.193979648765
878 1.38640268243 0.193755073277
879 1.38825305465 0.193530990229
880 1.39022562101 0.193328208042
881 1.39207683239 0.193105104095
882 1.39405083997 0.192903298882
883 1.39590289846 0.192681169277
884 1.39775523958 0.192459526149
885 1.39973127075 0.192259176331
886 1.40158447055 0.192038500453
887 1.40356196727 0.191839115869
888 1.40541603382 0.191619402554
889 1.4072703918 0.191400169837
890 1.40924994755 0.191202223148
891 1.41110518403 0.190983946007
892 1.41296071717 0.19076614598
893 1.41494235314 0.190569626808
894 1.41679877664 0.190352775432
895 1.4186555021 0.190136397715
896 1.42063923966 0.189941295774
897 1.42249686743 0.189725859846
898 1.42435480251 0.189510894152
899 1.42634066317 0.189317199251
900 1.42819951262 0.189103168545
901 1.43005867477 0.188889604677
902 1.43191815129 0.188676506523
903 1.43390676889 0.188484671098
904 1.4357671757 0.188272498952
905 1.43762790235 0.188060789163
906 1.43961869339 0.187870337347
907 1.44148036261 0.187659546905
908 1.44334235716 0.187449215496
909 1.44520467876 0.187239342014
910 1.44719829324 0.187050718738
911 1.44906157364 0.186841755809
912 1.45092518664 0.186633247522
913 1.45278913398 0.186425192785
914 1.45478561014 0.186238380656
915 1.45665053268 0.186031227781
916 1.45851579517 0.185824525208
917 1.46038139937 0.18561827186
918 1.46238077582 0.185433253696
919 1.4642473718 0.18522789362
920 1.46611431516 0.185022979558
921 1.46798160768 0.184818510444
922 1.46984925112 0.184614485215
923 1.47185222445 0.184431684941
924 1.47372088039 0.184228542388
925 1.47558989301 0.184025840556
926 1.47745926411 0.183823578396
927 1.47932899547 0.183621754858
928 1.4811990889 0.1834203689
929 1.48320639085 0.183240195016
930 1.4850775218 0.183039679219
931 1.48694902066 0.182839597892
932 1.48882088926 0.182639950004
933 1.4906931294 0.182440734526
934 1.49256574293 0.182241950429
935 1.49457746032 0.182064365918
936 1.49645113676 0.181866439688
937 1.49832519252 0.181668941786
938 1.50019962944 0.181471871198
939 1.50207444938 0.181275226913
940 1.50394965418 0.181079007922
941 1.50582524571 0.180883213219
942 1.50770122582 0.180687841801
943 1.50971885291 0.180513652313
944 1.51159593005 0.180319122698
945 1.51347340183 0.180125013384
946 1.51535127014 0.179931323381
947 1.51722953686 0.179738051701
948 1.51910820389 0.179545197357
949 1.52098727311 0.179352759367
950 1.52286674643 0.179160736752
951 1.52474662575 0.178969128535
952 1.52662691298 0.178777933741
953 1.52850761003 0.178587151399
954 1.53038871882 0.178396780541
955 1.53241532939 0.178227564011
956 1.5342975871 0.17803801155
957 1.53618026277 0.177848867691
958 1.53806335835 0.177660131479
959 1.53994687578 0.177471801957
960 1.54183081699 0.177283878175
961 1.54371518395 0.177096359184
962 1.5455999786 0.176909244037
963 1.54748520291 0.17672253179
964 1.54937085883 0.176536221504
965 1.55125694833 0.176350312239
966 1.55314347339 0.176164803061
967 1.55503043598 0.175979693036
968 1.55691783808 0.175794981236
969 1.55880568168 0.175610666731
970 1.56069396876 0.175426748599
971 1.56258270133 0.175243225917
972 1.56447188137 0.175060097766
973 1.56636151089 0.174877363229
974 1.5682515919 0.174695021392
975 1.57014212641 0.174513071344
976 1.57203311644 0.174331512176
977 1.573924564 0.174150342982
978 1.57581647112 0.173969562859
979 1.57770883983 0.173789170906
980 1.57960167216 0.173609166224
981 1.58149497014 0.173429547919
982 1.58338873583 0.173250315096
983 1.58512876116 0.173050766841
984 1.58702313594 0.172872303751
985 1.58891798409 0.172694223472
986 1.5908133077 0.172516525119
987 1.59270910881 0.172339207814
988 1.5946053895 0.172162270677
989 1.59650215183 0.171985712835
990 1.59839939788 0.171809533414
991 1.60029712974 0.171633731543
992 1.60219534949 0.171458306357
993 1.60409405922 0.171283256989
994 1.60599326101 0.171108582576
995 1.60789295697 0.170934282259
996 1.60963461589 0.170739678188
997 1.611534968 0.170566124808
998 1.61343582012 0.170392942948
999 1.61533717437 0.170220131758
