1.92011310897
100 0.782863002259
101 0.783871429315
102 0.78478953778
103 0.785708590245
104 0.786536911555
105 0.787457763075
106 0.788287692086
107 0.78902641579
108 0.789857780423
109 0.790597767327
110 0.791338349424
111 0.792079530666
112 0.79282131486
113 0.793471223134
114 0.794121580491
115 0.794772390106
116 0.795423655039
117 0.796075378234
118 0.79672756253
119 0.797287287079
120 0.797847337864
121 0.798500770305
122 0.799061545401
123 0.799529470932
124 0.800090849549
125 0.800652565448
126 0.801121253892
127 0.801683585183
128 0.802152773471
129 0.802622187135
130 0.803185422299
131 0.803655345794
132 0.80412549935
133 0.804502126825
134 0.804972690362
135 0.805443488119
136 0.805820611365
137 0.806291826912
138 0.806669272265
139 0.807140910372
140 0.80751868233
141 0.807896597345
142 0.808368850244
143 0.808747098057
144 0.809125491839
145 0.809504032492
146 0.80988272089
147 0.810261557881
148 0.810546087688
149 0.810925180428
150 0.811304424129
151 0.811683819541
152 0.811968746175
153 0.812348403209
154 0.812633515919
155 0.813013437236
156 0.813298738534
157 0.813678926643
158 0.813964418892
159 0.814249990947
160 0.814630561591
161 0.814916327878
162 0.815202175519
163 0.815488104995
164 0.815774116777
165 0.816155306078
166 0.816441516951
167 0.816727811472
168 0.817014190058
169 0.817300653118
170 0.817587201048
171 0.817778540496
172 0.818065226104
173 0.818351997695
174 0.818638855628
175 0.818925800249
176 0.819212831896
177 0.819404468831
178 0.819691642227
179 0.819978903601
180 0.820170682433
181 0.820458087353
182 0.820745581133
183 0.820937504379
184 0.821225143371
185 0.821417156792
186 0.821704942031
187 0.82199281746
188 0.822184979072
189 0.822377175716
190 0.822665256361
191 0.822857545959
192 0.823145775673
193 0.823338159063
194 0.823626538701
195 0.823819016683
196 0.824011531099
197 0.824300120397
198 0.824492730527
199 0.824685377623
200 0.82487806185
201 0.825166922122
202 0.825359703437
203 0.825552522368
204 0.825745379067
205 0.826034513032
206 0.826227468072
207 0.826420461321
208 0.826613492917
209 0.826806562996
210 0.826999671691
211 0.82719281913
212 0.827386005442
213 0.827675660425
214 0.827868947266
215 0.828062273349
216 0.828255638791
217 0.828449043705
218 0.828642488204
219 0.828835972396
220 0.829029496388
221 0.829223060286
222 0.829416664192
223 0.829610308206
224 0.829707315851
225 0.829901017895
226 0.830094760332
227 0.830288543255
228 0.830482366754
229 0.830676230919
230 0.830870135838
231 0.831064081597
232 0.831258068279
233 0.831355228142
234 0.831549274389
235 0.831743361797
236 0.831937490446
237 0.832131660411
238 0.832228902531
239 0.832423132799
240 0.8326174046
241 0.832811718005
242 0.832909024895
243 0.833103399143
244 0.833297815197
245 0.833492273124
246 0.833589645773
247 0.833784165043
248 0.833978726374
249 0.834076146126
250 0.834270769151
251 0.834465434414
252 0.834562901752
253 0.834757629042
254 0.83495239874
255 0.83504991412
256 0.835244746161
257 0.835439620769
258 0.835537184624
259 0.835732121875
260 0.835829714504
261 0.836024714586
262 0.836219757486
263 0.836317399258
264 0.836512505264
265 0.836610176232
266 0.836805345519
267 0.83690304584
268 0.837098278576
269 0.837196008403
270 0.83739130475
271 0.837586644316
272 0.837684424347
273 0.837879827762
274 0.83797763766
275 0.838173105076
276 0.838270944975
277 0.838368794248
278 0.83856434657
279 0.838662226037
280 0.838857842711
281 0.838955752497
282 0.83915143366
283 0.839249373884
284 0.839445119667
285 0.839543090446
286 0.83964107086
287 0.839836902425
288 0.83993491356
289 0.840130810053
290 0.840228852018
291 0.840326903745
292 0.840522886457
293 0.840620969166
294 0.840817017094
295 0.840915130886
296 0.84101325456
297 0.841209389113
298 0.841307544011
299 0.841405708858
300 0.841601930264
301 0.841700126471
302 0.841798332689
303 0.84199464117
304 0.842092878878
305 0.842191126659
306 0.842387522424
307 0.84248580182
308 0.842584091346
309 0.842780574598
310 0.842878895858
311 0.842977227304
312 0.843075568953
313 0.843272161533
314 0.843370535067
315 0.843468918855
316 0.843567312916
317 0.843764015144
318 0.843862441231
319 0.843960877639
320 0.844059324384
321 0.844256136566
322 0.844354615472
323 0.844453104761
324 0.844551604448
325 0.844748526875
326 0.84484705885
327 0.844945601268
328 0.845044154142
329 0.845142717486
330 0.845339772374
331 0.845438368155
332 0.845536974448
333 0.845635591265
334 0.845734218619
335 0.845931406368
336 0.8460300663
337 0.846128736807
338 0.846227417903
339 0.846326109598
340 0.846424811904
341 0.846622154991
342 0.846720890032
343 0.84681963572
344 0.846918392067
345 0.847017159084
346 0.847115936781
347 0.84721472517
348 0.84731352426
349 0.847511067576
350 0.847609899591
351 0.847708742341
352 0.847807595835
353 0.847906460084
354 0.848015214828
355 0.848123982761
356 0.848232763893
357 0.848341558234
358 0.848450365793
359 0.848559186582
360 0.848658133285
361 0.848766979294
362 0.848875838559
363 0.84898471109
364 0.849083704625
365 0.84919260245
366 0.849291618879
367 0.849400542033
368 0.84949958139
369 0.849608529908
370 0.849707592226
371 0.849816566141
372 0.849915651454
373 0.8500246508
374 0.850123759139
375 0.850222878427
376 0.850322008671
377 0.850431057707
378 0.85053021104
379 0.850629375352
380 0.85072855065
381 0.850827736941
382 0.850926934233
383 0.851026142533
384 0.851125361847
385 0.851224592183
386 0.85132563048
387 0.851444708758
388 0.851563803259
389 0.851671007137
390 0.851790132441
391 0.851909273988
392 0.852028431784
393 0.852135692494
394 0.852254881144
395 0.852374086062
396 0.852481389086
397 0.852600624894
398 0.852719876989
399 0.852827222378
400 0.852946505399
401 0.853053878562
402 0.853173192532
403 0.853280593489
404 0.853388007603
405 0.853507367206
406 0.853614809147
407 0.853722264259
408 0.853841669544
409 0.853949152516
410 0.854056648674
411 0.854164158023
412 0.85427168057
413 0.854391160988
414 0.854498711444
415 0.854606275111
416 0.854713851995
417 0.854821442099
418 0.854929045429
419 0.855036661989
420 0.855144291784
421 0.855251934819
422 0.855359591097
423 0.855467260624
424 0.855562982202
425 0.855670676735
426 0.85577838453
427 0.855886105591
428 0.855993839922
429 0.856089618972
430 0.856197378351
431 0.856305151014
432 0.85640096406
433 0.856508761796
434 0.856616572827
435 0.856712419905
436 0.856820256033
437 0.856916125371
438 0.857023986612
439 0.857119878225
440 0.857227764595
441 0.857323678497
442 0.85743159001
443 0.857527526217
444 0.857623472911
445 0.857731421413
446 0.857827390433
447 0.85792336995
448 0.858031355473
449 0.858127357336
450 0.858223369706
451 0.858331392284
452 0.85842742702
453 0.858523472273
454 0.858619528047
455 0.858715594344
456 0.858811671168
457 0.858907758522
458 0.859015865665
459 0.859111975429
460 0.859208095733
461 0.859304226579
462 0.85940036797
463 0.859496519909
464 0.859592682399
465 0.859676836787
466 0.859773019044
467 0.859869211861
468 0.85996541524
469 0.860061629185
470 0.860157853697
471 0.860254088781
472 0.860338306543
473 0.860434561433
474 0.860530826902
475 0.860627102952
476 0.860711356482
477 0.86080765236
478 0.860903958827
479 0.860988238914
480 0.861084565224
481 0.861180902132
482 0.861265208799
483 0.861361565565
484 0.86144588957
485 0.861542266203
486 0.861626607557
487 0.861723004067
488 0.861807362778
489 0.861903779176
490 0.861988155253
491 0.862084591547
492 0.862168985
493 0.8622654412
494 0.862349852037
495 0.86243427098
496 0.862530756382
497 0.862615192723
498 0.862699637175
499 0.8627961518
