100 0.681189135561
101 0.682414688968
102 0.683530862595
103 0.684648794562
104 0.685656630214
105 0.686777912042
106 0.687788760417
107 0.688688685973
108 0.689702234729
109 0.690604556642
110 0.691508008444
111 0.692412593322
112 0.693318314396
113 0.694111938488
114 0.694906427698
115 0.695701784438
116 0.696498011062
117 0.697295109871
118 0.69809308311
119 0.698777937265
120 0.699463428452
121 0.700263777342
122 0.700950659489
123 0.701523741164
124 0.702211797236
125 0.702900498522
126 0.703475086271
127 0.704164970202
128 0.704740537436
129 0.705316549398
130 0.706008161062
131 0.706585159715
132 0.707162606447
133 0.707625066481
134 0.708203318325
135 0.708782021219
136 0.709245476535
137 0.709824990061
138 0.710289087917
139 0.710869415497
140 0.711334158988
141 0.711799188564
142 0.71238069597
143 0.712846375498
144 0.713312343114
145 0.71377859944
146 0.71424514508
147 0.714711980629
148 0.715062460055
149 0.715529801047
150 0.715997433596
151 0.716465358245
152 0.716816643305
153 0.717285077455
154 0.717636739472
155 0.718105684976
156 0.718457725611
157 0.718927184247
158 0.719322921272
159 0.71972578481
160 0.720263119105
161 0.720666490003
162 0.721070077615
163 0.72147388228
164 0.721877904328
165 0.722416799694
166 0.722821332769
167 0.72322608423
168 0.723631054386
169 0.72403624354
170 0.72444165199
171 0.724712172059
172 0.725117944434
173 0.725523936929
174 0.725930149822
175 0.726336583389
176 0.726743237901
177 0.72701457702
178 0.727421598433
179 0.727828841538
180 0.728100567805
181 0.728508179157
182 0.728916012915
183 0.729188128054
184 0.729596331343
185 0.729868689747
186 0.730277263368
187 0.730686060508
188 0.730958810439
189 0.73123165736
190 0.731640973956
191 0.731914066084
192 0.732323755282
193 0.732597093223
194 0.733007155738
195 0.73328074008
196 0.733554422363
197 0.733965007922
198 0.734238937431
199 0.734512965249
200 0.734787091491
201 0.735198351097
202 0.735472725591
203 0.735747198856
204 0.736021770997
205 0.736433706951
206 0.736708528317
207 0.736983448885
208 0.737258468756
209 0.737533588027
210 0.737808806795
211 0.738084125155
212 0.738359543202
213 0.738772761368
214 0.73904843039
215 0.739324199392
216 0.739600068463
217 0.73987603769
218 0.74015210716
219 0.74042827696
220 0.740704547172
221 0.740980917882
222 0.741257389171
223 0.741533961122
224 0.741672367812
225 0.741949089785
226 0.742225912639
227 0.742502836452
228 0.7427798613
229 0.74305698726
230 0.743334214408
231 0.743611542817
232 0.743888972562
233 0.744027799014
234 0.744305379944
235 0.744583062408
236 0.744860846477
237 0.74513873222
238 0.745277782187
239 0.745555819696
240 0.745833959068
241 0.74611220037
242 0.746251424796
243 0.7465298183
244 0.746808313914
245 0.747086911705
246 0.747226311271
247 0.747505061681
248 0.747783914441
249 0.747923439296
250 0.748202444968
251 0.748481553161
252 0.748621203643
253 0.748900465035
254 0.749179829112
255 0.749319605545
256 0.7495991231
257 0.749878743502
258 0.750018646198
259 0.750298420348
260 0.750438398703
261 0.750718326767
262 0.750998357933
263 0.751138463043
264 0.751418648383
265 0.751558829454
266 0.751839169128
267 0.751979426276
268 0.75225992044
269 0.752400253776
270 0.752680902584
271 0.752961654924
272 0.753102115823
273 0.753383023049
274 0.753523560411
275 0.753804622673
276 0.753945236601
277 0.754085875755
278 0.754367144641
279 0.754507860506
280 0.754789284775
281 0.754930077448
282 0.755211657242
283 0.75535252682
284 0.755634262278
285 0.755775208856
286 0.75591618084
287 0.756198123786
288 0.756339172901
289 0.756621271839
290 0.756762398174
291 0.756903550009
292 0.757185856883
293 0.757327086064
294 0.757609549247
295 0.75775085586
296 0.757892188059
297 0.758174859613
298 0.758316269364
299 0.758457704751
300 0.758740584922
301 0.758882097978
302 0.759023636717
303 0.759306725749
304 0.759448342271
305 0.759589984522
306 0.759873282652
307 0.760015002798
308 0.760156748719
309 0.760440256182
310 0.760582080106
311 0.760723929849
312 0.760865805423
313 0.761149574729
314 0.761291528443
315 0.761433508031
316 0.761575513505
317 0.761859545023
318 0.76200162877
319 0.762143738444
320 0.762285874056
321 0.762570168148
322 0.762712382163
323 0.762854622157
324 0.76299688814
325 0.763281445159
326 0.763423789672
327 0.763566160212
328 0.763708556793
329 0.763850979423
330 0.76413585232
331 0.764278353629
332 0.764420881026
333 0.76456343452
334 0.764706014124
335 0.764991203401
336 0.765133861828
337 0.765276546399
338 0.765419257126
339 0.765561994017
340 0.765704757084
341 0.765990316023
342 0.766133158079
343 0.766276026345
344 0.766418920829
345 0.766561841543
346 0.766704788496
347 0.766847761697
348 0.766990761155
349 0.767276796241
350 0.767419874897
351 0.767562979844
352 0.767706111091
353 0.767849268647
354 0.768006768258
355 0.768164299798
356 0.76832186328
357 0.768479458714
358 0.76863708611
359 0.76879474548
360 0.768938103476
361 0.769095823883
362 0.769253576294
363 0.769411360718
364 0.769554832319
365 0.76971267786
366 0.769856204982
367 0.770014111678
368 0.770157694357
369 0.770315662246
370 0.770459300517
371 0.770617329637
372 0.770761023535
373 0.770919113922
374 0.771062863483
375 0.771206639548
376 0.771350442126
377 0.77150865221
378 0.771652510517
379 0.771796395361
380 0.771940306751
381 0.772084244693
382 0.772228209195
383 0.772372200266
384 0.772516217913
385 0.772660262143
386 0.772804332965
387 0.772948430386
388 0.773092554414
389 0.773222291872
390 0.773366466449
391 0.773510667655
392 0.773654895497
393 0.773784726319
394 0.773929004768
395 0.774073309875
396 0.774203210185
397 0.77434756594
398 0.774491948375
399 0.774621918232
400 0.774780948671
401 0.774927213822
402 0.775089760039
403 0.775236083079
404 0.77538243354
405 0.775545074634
406 0.77569148303
407 0.77583791887
408 0.776000654915
409 0.776147148734
410 0.776293670019
411 0.776440218776
412 0.776586795012
413 0.776749687191
414 0.776896321481
415 0.777042983272
416 0.77718967257
417 0.777336389382
418 0.777483133716
419 0.777629905577
420 0.777776704974
421 0.777923531912
422 0.778070386399
423 0.778217268441
424 0.778347855741
425 0.778494789833
426 0.7786417515
427 0.778788740748
428 0.778935757585
429 0.779066464647
430 0.779213533596
431 0.779360630153
432 0.779491408046
433 0.779638556753
434 0.779785733086
435 0.779916581861
436 0.78006381038
437 0.780194705523
438 0.780341986253
439 0.780472927786
440 0.780620260749
441 0.780751248693
442 0.780898633915
443 0.781029668292
444 0.781160724519
445 0.781308186625
446 0.781439289317
447 0.781570413875
448 0.781717952917
449 0.78184912397
450 0.781980316904
451 0.782127932932
452 0.782259172393
453 0.78239043375
454 0.782521717007
455 0.782653022168
456 0.78278434924
457 0.782915698225
458 0.783063489952
459 0.783194885535
460 0.783326303047
461 0.783457742493
462 0.783589203877
463 0.783720687203
464 0.783852192478
465 0.78396727959
466 0.784098826015
467 0.784230394402
468 0.784361984754
469 0.784493597077
470 0.784625231374
471 0.784756887651
472 0.784872106826
473 0.785003804314
474 0.785135523795
475 0.785267265273
476 0.785382558966
477 0.785514341689
478 0.785646146423
479 0.78576149544
480 0.785893341443
481 0.78602520947
482 0.786140613845
483 0.786272523167
484 0.786387963659
485 0.786519914291
486 0.786635390915
487 0.786767382875
488 0.786882895645
489 0.787014928947
490 0.787130477878
491 0.787262552539
492 0.787378137645
493 0.787510253681
494 0.787625874975
495 0.787741513158
496 0.7878736899
497 0.787989364292
498 0.788105055582
499 0.788237293065
