81.0 32.7892451311
82.0 35.5478301311
83.0 36.8627201311
84.0 39.5152351311
85.0 40.8511251311
86.0 43.5526001311
87.0 44.6911701311
88.0 46.9950551311
89.0 48.1540351311
90.0 50.4854001311
91.0 51.6397101311
92.0 53.4550101311
93.0 54.3814801311
94.0 56.2435751311
95.0 57.1790451311
96.0 59.0048201311
97.0 59.2525941311
98.0 60.9263691311
99.0 61.7658041311
100.0 63.4512991311
101.0 64.2971891311
102.0 65.9951091311
103.0 66.8470541311
104.0 68.5041541311
105.0 69.3091091311
106.0 70.9240841311
107.0 71.7340241311
108.0 73.3587291311
109.0 74.1733341311
110.0 75.8070541311
111.0 76.5693841311
112.0 78.0979341311
113.0 78.8640791311
114.0 80.4000341311
115.0 81.1697641311
116.0 82.7127341311
117.0 83.4858941311
118.0 85.0354091311
119.0 85.7572291311
120.0 87.2037641311
121.0 87.9284041311
122.0 89.3803541311
123.0 90.1075891311
124.0 91.5646491311
125.0 92.2943991311
126.0 93.7563391311
127.0 94.4884491311
128.0 95.8962491311
129.0 96.5718091311
130.0 97.9249441311
131.0 98.6024441311
132.0 99.9593141311
133.0 100.638604131
134.0 101.998959131
135.0 102.679949131
136.0 104.043549131
137.0 104.726154131
138.0 106.092894131
139.0 106.720769131
140.0 107.977904131
141.0 108.607094131
142.0 109.866699131
143.0 110.497044131
144.0 111.758869131
145.0 112.390344131
146.0 113.654269131
147.0 114.286779131
148.0 115.552744131
149.0 116.186124131
150.0 117.453799131
151.0 118.088084131
152.0 119.243769131
153.0 119.821974131
154.0 120.978964131
155.0 121.557804131
156.0 122.716029131
157.0 123.295404131
158.0 124.454604131
159.0 125.034419131
160.0 126.194449131
161.0 126.774659131
162.0 127.935379131
163.0 128.515879131
164.0 129.677204131
165.0 130.257954131
166.0 131.419664131
167.0 131.940169131
168.0 132.981269131
169.0 133.501854131
170.0 134.542964131
171.0 135.063534131
172.0 136.104674131
173.0 136.625179131
174.0 137.666094131
175.0 138.186494131
176.0 139.227089131
177.0 139.747274131
178.0 140.787449131
179.0 141.307374131
180.0 142.346984131
181.0 142.866604131
182.0 143.905494131
183.0 144.424754131
184.0 145.462829131
185.0 145.981629131
186.0 146.904978631
187.0 147.366420131
188.0 148.288763131
189.0 148.749655131
190.0 149.670903131
191.0 150.131249131
192.0 151.051263131
193.0 151.510970131
194.0 152.429661131
195.0 152.888684
196.0 153.8059625
197.0 153.8574935
198.0 154.773223
199.0 153.7319115
200.0 154.646004
201.0 153.585338
202.0 154.4976575
203.0 153.4182335
204.0 154.3286945
205.0 153.098415
206.0 154.006884
207.0 152.650954
208.0 152.650954
209.0 151.281049
210.0 151.281049
211.0 149.897379
212.0 149.897379
213.0 148.502184
214.0 148.502184
215.0 147.296449
216.0 147.296449
217.0 145.949279
218.0 145.949279
219.0 144.590384
220.0 144.590384
221.0 143.220084
222.0 143.220084
223.0 141.816754
224.0 141.816754
225.0 140.418614
226.0 140.418614
227.0 139.035504
228.0 139.035504
229.0 137.642369
230.0 137.642369
231.0 136.239369
232.0 136.239369
233.0 134.826364
234.0 134.826364
235.0 133.484044
236.0 133.484044
237.0 132.091874
238.0 132.091874
239.0 130.689719
240.0 130.689719
241.0 129.279209
242.0 129.279209
243.0 127.860569
244.0 127.860569
245.0 126.431389
246.0 126.431389
247.0 125.101984
248.0 125.101984
249.0 123.787094
250.0 123.787094
251.0 122.464099
252.0 122.464099
253.0 121.134579
254.0 121.134579
255.0 119.798689
256.0 119.798689
257.0 118.456519
258.0 118.456519
259.0 117.097214
260.0 117.097214
261.0 115.958644
262.0 115.958644
263.0 114.809079
264.0 114.809079
265.0 113.654759
266.0 113.654759
267.0 112.495779
268.0 112.495779
269.0 111.332294
270.0 111.332294
271.0 110.164414
272.0 110.164414
273.0 109.010104
274.0 109.010104
275.0 108.116849
276.0 108.116849
277.0 107.194804
278.0 107.194804
279.0 106.268334
280.0 106.268334
281.0 105.338789
282.0 105.338789
283.0 104.406239
284.0 104.406239
285.0 103.470769
286.0 103.470769
287.0 102.532504
288.0 102.532504
289.0 101.644994
290.0 101.644994
291.0 101.39722
292.0 101.39722
293.0 100.560645
294.0 100.560645
295.0 99.723445
296.0 99.723445
297.0 98.88401
298.0 98.88401
299.0 98.04234
300.0 98.04234
301.0 97.198515
302.0 97.198515
303.0 96.352625
304.0 96.352625
305.0 95.50466
306.0 95.50466
307.0 94.654705
308.0 94.654705
309.0 93.80276
310.0 93.80276
