50 2.8198709205e-06
51 3.24876006218e-06
52 3.69541104325e-06
53 4.15435815514e-06
54 4.62522526944e-06
55 5.09962937069e-06
56 5.57974074372e-06
57 6.05198115109e-06
58 6.52053475732e-06
59 6.97849969464e-06
60 7.41866324148e-06
61 7.84999322276e-06
62 8.2677108109e-06
63 8.65794216351e-06
64 9.03345457385e-06
65 9.39066163226e-06
66 9.72602367697e-06
67 1.00361050504e-05
68 1.03283677957e-05
69 1.0600571267e-05
70 1.08505716504e-05
71 1.10763497245e-05
72 1.12877709106e-05
73 1.14717813699e-05
74 1.16388981313e-05
75 1.17881837834e-05
76 1.19187804205e-05
77 1.2027415678e-05
78 1.21234413022e-05
79 1.22051677762e-05
80 1.22709202161e-05
81 1.23229013906e-05
82 1.23621257548e-05
83 1.23896684195e-05
84 1.24053636085e-05
85 1.24090819872e-05
86 1.24046011967e-05
87 1.23892745129e-05
88 1.23656383956e-05
89 1.23336676729e-05
90 1.22946356678e-05
91 1.22485423863e-05
92 1.21966715135e-05
93 1.21377728735e-05
94 1.20744013484e-05
95 1.20053232854e-05
96 1.19330663939e-05
97 1.18551728738e-05
98 1.17741558599e-05
99 1.16900365027e-05
100 1.16028412469e-05
101 1.15137991082e-05
102 1.14217301792e-05
103 1.13266752542e-05
104 1.12310158217e-05
105 1.1133582857e-05
106 1.10343983498e-05
107 1.09346245554e-05
108 1.08331312486e-05
109 1.07310649562e-05
110 1.06284267166e-05
111 1.05252196389e-05
112 1.04225327126e-05
113 1.03181943338e-05
114 1.02154326377e-05
115 1.01110386475e-05
116 1.00081791695e-05
117 9.90474307558e-06
118 9.80176473748e-06
119 9.69922840672e-06
120 9.5971197528e-06
121 9.49542580181e-06
122 9.3941348775e-06
123 9.29420309166e-06
124 9.19463384052e-06
125 9.09541912458e-06
126 8.99748771614e-06
127 8.8998776433e-06
128 8.80349962859e-06
129 8.70741422493e-06
130 8.61251422848e-06
131 8.51876811462e-06
132 8.42614561715e-06
133 8.33375091972e-06
134 8.24329903313e-06
135 8.1530389252e-06
136 8.0638112903e-06
137 7.97559109377e-06
138 7.88917471623e-06
139 7.80288921397e-06
140 7.71754188667e-06
141 7.63390528248e-06
142 7.55114771852e-06
143 7.46924976152e-06
144 7.38819273785e-06
145 7.30795870332e-06
146 7.22928222045e-06
147 7.15063492687e-06
148 7.07423225077e-06
149 6.99782800671e-06
150 6.92287135982e-06
151 6.84861293676e-06
152 6.77574422678e-06
153 6.70353286507e-06
154 6.63265668241e-06
155 6.56239978012e-06
156 6.49275135252e-06
157 6.42436912852e-06
158 6.35656088397e-06
159 6.28997137025e-06
160 6.22457099318e-06
161 6.15969041881e-06
162 6.09595565546e-06
163 6.0327119341e-06
164 5.97057303374e-06
165 5.90889833418e-06
166 5.84828964478e-06
167 5.78872209407e-06
168 5.72957563101e-06
169 5.67143475263e-06
170 5.6136925348e-06
171 5.557500124e-06
172 5.50167375386e-06
173 5.44620940777e-06
174 5.39222474108e-06
175 5.33857212684e-06
176 5.28524835483e-06
177 5.23333881651e-06
178 5.18173054331e-06
179 5.13095463025e-06
180 5.08046459108e-06
181 5.03130473213e-06
182 4.98240614451e-06
183 4.93428032335e-06
184 4.8864026084e-06
185 4.8397782637e-06
186 4.79338002946e-06
187 4.74770072042e-06
188 4.702725343e-06
189 4.65843929494e-06
190 4.61434843585e-06
191 4.57092780954e-06
192 4.52816371256e-06
193 4.48604279197e-06
194 4.4445520346e-06
195 4.40322079787e-06
196 4.36295682268e-06
197 4.32283624798e-06
198 4.28330509585e-06
199 4.24435172593e-06
200 4.20552738777e-06
201 4.16769973701e-06
202 4.12998704113e-06
203 4.09281598979e-06
204 4.05659799883e-06
205 4.02047538675e-06
206 3.98444947154e-06
207 3.94934299802e-06
208 3.9147283754e-06
209 3.88019278385e-06
210 3.84613778579e-06
211 3.81295093242e-06
212 3.77982696092e-06
213 3.74715732759e-06
214 3.71493366764e-06
215 3.6827647813e-06
216 3.65141199927e-06
217 3.62048118634e-06
218 3.5895913805e-06
219 3.55948493399e-06
220 3.52941097406e-06
221 3.49973559213e-06
222 3.47045170433e-06
223 3.44155238414e-06
224 3.41303085818e-06
225 3.38488050219e-06
226 3.35709483704e-06
227 3.32932125757e-06
228 3.30224891419e-06
229 3.2751819852e-06
230 3.2487985531e-06
231 3.22241424645e-06
232 3.19636391493e-06
233 3.17097165865e-06
234 3.14556976433e-06
235 3.1204852437e-06
236 3.09571278335e-06
237 3.07124718101e-06
238 3.04676646261e-06
239 3.02290188231e-06
240 2.99932916232e-06
241 2.97604351843e-06
242 2.95273316418e-06
243 2.93001007273e-06
244 2.90725788419e-06
245 2.88507924046e-06
246 2.86286736595e-06
247 2.84092031881e-06
248 2.81952708848e-06
249 2.79809487311e-06
250 2.77691508369e-06
251 2.75598374041e-06
252 2.73529694185e-06
253 2.71485086308e-06
254 2.69464175393e-06
255 2.67466593721e-06
256 2.654919807e-06
257 2.63539982701e-06
258 2.61610252898e-06
259 2.59675443459e-06
260 2.57789432149e-06
261 2.55924685608e-06
262 2.54054459686e-06
263 2.52231475005e-06
264 2.50402764441e-06
265 2.48620296553e-06
266 2.4683187116e-06
267 2.45088721167e-06
268 2.43339396141e-06
269 2.41634409269e-06
270 2.39923043191e-06
271 2.38230329617e-06
272 2.365559967e-06
273 2.3492420839e-06
274 2.33285670535e-06
275 2.31664728887e-06
276 2.30061130728e-06
277 2.28474627872e-06
278 2.2690497657e-06
279 2.25351937412e-06
280 2.23815275235e-06
281 2.22294759037e-06
282 2.20790161883e-06
283 2.19301260822e-06
284 2.17827836805e-06
285 2.16347173322e-06
286 2.1490421151e-06
287 2.13476090639e-06
288 2.12062606485e-06
289 2.10663558331e-06
290 2.09256985043e-06
291 2.07886362979e-06
292 2.06529593679e-06
293 2.05165151498e-06
294 2.03835667088e-06
295 2.02498420483e-06
296 2.01195491023e-06
297 1.99884716773e-06
298 1.98607636618e-06
299 1.97322635452e-06
300 1.96070722282e-06
301 1.94810817932e-06
302 1.93583411834e-06
303 1.92347950136e-06
304 1.9112453474e-06
305 1.89932760751e-06
306 1.88732845097e-06
307 1.87544513925e-06
308 1.86387001086e-06
309 1.85221271889e-06
310 1.84066687337e-06
311 1.82942130098e-06
312 1.81809292322e-06
313 1.80687180096e-06
314 1.79575657759e-06
315 1.78474591793e-06
316 1.77383850782e-06
317 1.7632164187e-06
318 1.75251053396e-06
319 1.74190408882e-06
320 1.7313958492e-06
321 1.72098460013e-06
322 1.71066914542e-06
323 1.70044830729e-06
324 1.69032092607e-06
325 1.6802858598e-06
326 1.67034198398e-06
327 1.6604881912e-06
328 1.65072339085e-06
329 1.6410465088e-06
330 1.63145648714e-06
331 1.62195228382e-06
332 1.61253287243e-06
333 1.60303051804e-06
334 1.59382836123e-06
335 1.58462502617e-06
336 1.5755192862e-06
337 1.56647731931e-06
338 1.55751466239e-06
339 1.548630386e-06
340 1.5398235743e-06
341 1.53109332483e-06
342 1.52242291497e-06
343 1.51384322405e-06
344 1.50532180962e-06
345 1.49687365137e-06
346 1.48851338845e-06
347 1.48020914433e-06
348 1.47196036071e-06
349 1.46379693371e-06
350 1.45570267494e-06
351 1.44767680139e-06
352 1.43970356814e-06
353 1.4317973514e-06
354 1.42397220801e-06
355 1.41619769674e-06
356 1.40848797687e-06
357 1.40084232709e-06
358 1.39324554628e-06
359 1.38572599088e-06
360 1.3782684005e-06
361 1.37085783597e-06
362 1.36352221475e-06
363 1.35623243449e-06
364 1.34900209582e-06
365 1.34183055135e-06
366 1.33473104361e-06
367 1.32766129927e-06
368 1.32066234031e-06
369 1.31371967259e-06
370 1.30683269131e-06
371 1.29998727988e-06
372 1.29320995998e-06
373 1.2864731804e-06
374 1.27980319621e-06
375 1.27317275156e-06
376 1.26659466622e-06
377 1.26006838795e-06
378 1.2535933718e-06
379 1.24716907995e-06
380 1.24079498167e-06
381 1.23447055312e-06
382 1.22818250416e-06
383 1.22195593561e-06
384 1.21576486136e-06
385 1.20963413609e-06
386 1.20353804393e-06
387 1.19750119699e-06
388 1.19149814531e-06
389 1.18554093225e-06
390 1.17962909037e-06
391 1.17376215816e-06
392 1.16793968e-06
393 1.16216120601e-06
394 1.15642629203e-06
395 1.1507225319e-06
396 1.14507348647e-06
397 1.13946670133e-06
398 1.13388996171e-06
399 1.12836649306e-06
400 1.12287235527e-06
401 1.11741893287e-06
402 1.11201738789e-06
403 1.10664413665e-06
404 1.10131040735e-06
405 1.09601581178e-06
406 1.09075996652e-06
407 1.08554249282e-06
408 1.08036301655e-06
409 1.07522116817e-06
410 1.07011658258e-06
411 1.06503782268e-06
412 1.06000673742e-06
413 1.05501184564e-06
414 1.0500418791e-06
415 1.04511838641e-06
416 1.04021923769e-06
417 1.03535501693e-06
418 1.03053610916e-06
419 1.02574070093e-06
420 1.02097923534e-06
421 1.01625139159e-06
422 1.01155685265e-06
423 1.00690577701e-06
424 1.00227686339e-06
425 9.97669950236e-07
426 9.93105534262e-07
427 9.88572892973e-07
428 9.84071730977e-07
429 9.79601756312e-07
430 9.75152538761e-07
431 9.70744122205e-07
432 9.66366036888e-07
433 9.62007999166e-07
434 9.57689788309e-07
435 9.53391166494e-07
436 9.49131739416e-07
437 9.44891454065e-07
438 9.40679961719e-07
439 9.36506740953e-07
440 9.32352011232e-07
441 9.28225300504e-07
442 9.24126356469e-07
443 9.20054929668e-07
444 9.16010773438e-07
445 9.1199364388e-07
446 9.08003299818e-07
447 9.04039502766e-07
448 9.00102016888e-07
449 8.96190608967e-07
450 8.92305048366e-07
451 8.88435867218e-07
452 8.84601359389e-07
453 8.80792021864e-07
454 8.7699851317e-07
455 8.73238895844e-07
456 8.69503793857e-07
457 8.65783989521e-07
458 8.62097318416e-07
459 8.58425601206e-07
460 8.54777634741e-07
461 8.51162065952e-07
462 8.47560950412e-07
463 8.43982977142e-07
464 8.40436688079e-07
465 8.36904369063e-07
466 8.33394603231e-07
467 8.29907198325e-07
468 8.26441964133e-07
469 8.22998712464e-07
470 8.19577257124e-07
471 8.16177413887e-07
472 8.12799000474e-07
473 8.09441836524e-07
474 8.06105743575e-07
475 8.02790545035e-07
476 7.99496066161e-07
477 7.96222134036e-07
478 7.92960330716e-07
479 7.89727014153e-07
480 7.86513736106e-07
481 7.83312184248e-07
482 7.80138520438e-07
483 7.76984402547e-07
484 7.73841621825e-07
485 7.70726147556e-07
486 7.67621758364e-07
487 7.64544297012e-07
488 7.61477674311e-07
489 7.58437608001e-07
490 7.55408139435e-07
491 7.52397037843e-07
492 7.49411948408e-07
493 7.46437105348e-07
494 7.4348018796e-07
495 7.40541052037e-07
496 7.37619554822e-07
497 7.34723196071e-07
498 7.31836523688e-07
499 7.28967070441e-07
500 7.26114699196e-07
501 7.23279274182e-07
502 7.20460660979e-07
503 7.17658726494e-07
504 7.14873338956e-07
505 7.1210436789e-07
506 7.09351684107e-07
507 7.06615159691e-07
508 7.03894667976e-07
509 7.01182791203e-07
510 6.98494017815e-07
511 6.9582090436e-07
512 6.93163329052e-07
513 6.90513989904e-07
514 6.87887157566e-07
515 6.852755049e-07
516 6.82671814946e-07
517 6.80090198195e-07
518 6.77523412931e-07
519 6.74964325703e-07
520 6.72426889538e-07
521 6.69896979647e-07
522 6.673884455e-07
523 6.64887269535e-07
524 6.62407198818e-07
525 6.59934321771e-07
526 6.57475446415e-07
527 6.5503727927e-07
528 6.52606065515e-07
529 6.50195301082e-07
530 6.47791334108e-07
531 6.45400849829e-07
532 6.43023747295e-07
533 6.40666589399e-07
534 6.38315926828e-07
535 6.35978348915e-07
536 6.33653758424e-07
537 6.31342059021e-07
538 6.29043155265e-07
539 6.26763470905e-07
540 6.24489851998e-07
541 6.22228747804e-07
542 6.19980066353e-07
543 6.17743716522e-07
544 6.15519608021e-07
545 6.13307651386e-07
546 6.1110775797e-07
547 6.08919839934e-07
548 6.06737500136e-07
549 6.0457329504e-07
550 6.02420806445e-07
551 6.00279949658e-07
552 5.9815064075e-07
553 5.9603279655e-07
554 5.93926334632e-07
555 5.91825018302e-07
556 5.89741098306e-07
557 5.87668317616e-07
558 5.85600506447e-07
559 5.83549787881e-07
560 5.815099721e-07
561 5.7947495513e-07
562 5.77456734386e-07
563 5.75449186159e-07
564 5.7344627121e-07
565 5.71459863244e-07
566 5.69477980977e-07
567 5.67512416665e-07
568 5.65551272645e-07
569 5.63606260567e-07
570 5.61665565502e-07
571 5.5974081932e-07
572 5.57820288951e-07
573 5.55915527302e-07
574 5.54014882297e-07
575 5.5212982869e-07
576 5.50248794546e-07
577 5.48377474104e-07
578 5.46521484199e-07
579 5.44669371594e-07
580 5.4282677363e-07
581 5.40999251422e-07
582 5.39175468584e-07
583 5.37361006407e-07
584 5.35555801299e-07
585 5.33765341344e-07
586 5.31978443183e-07
587 5.30200614644e-07
588 5.28431794271e-07
589 5.26671921129e-07
590 5.24920934796e-07
591 5.23184216449e-07
592 5.21450806479e-07
593 5.19726105184e-07
594 5.18010054152e-07
595 5.16302595459e-07
596 5.14603671666e-07
597 5.12913225814e-07
598 5.11231201418e-07
599 5.09557542464e-07
