0.104825929519
0.100770410318
0.0969455001861
0.0933340599574
0.0899205119356
0.0866906724187
0.0836316047921
0.080731490354
0.0779795144708
0.0753657660198
0.0728811483781
0.0705173004676
0.0682665265804
0.0661217338853
0.0640763766725
0.062124406517
0.060260227656
0.0584786569645
0.0567748879976
0.0551444586338
0.053583221912
0.0520873197091
0.0506531589458
0.0492773900459
0.0479568874104
0.046688731693
0.0454701936896
0.0442987196759
0.0431719180479
0.0420875471319
0.0410435040514
0.0400378145453
0.0390686236471
0.0381341871423
0.0372328637304
0.0363631078266
0.0355234629437
0.0347125556014
0.0339290897163
0.0331718414282
0.0324396543262
0.0317314350379
0.0310461491523
0.030382817446
0.0297405123889
0.0291183549048
0.0285155113665
0.0279311908056
0.0273646423208
0.0268151526673
0.0262820440141
0.0257646718553
0.0252624230638
0.0247747140762
0.0243009891991
0.0238407190275
0.0233933989668
0.0229585478509
0.0225357066493
0.0221244372562
0.0217243213572
0.0213349593656
0.020955969426
0.0205869864784
0.0202276613797
0.0198776600785
0.0195366628389
0.0192043635111
0.0188804688443
0.0185646978405
0.0182567811449
0.0179564604723
0.0176634880655
0.017377626185
0.0170986466263
0.0168263302653
0.0165604666279
0.0163008534838
0.0160472964619
0.0157996086868
0.0155576104347
0.0153211288073
0.0150899974234
0.0148640561261
0.014643150706
0.0144271326375
0.01421585883
0.0140091913902
0.013806997398
0.0136091486925
0.0134155216691
0.0132259970862
0.0130404598824
0.012858799001
0.0126809072248
0.0125066810174
0.0123360203727
0.0121688286716
0.0120050125451
0.0118444817444
0.0116871490158
0.0115329299834
0.0113817430347
0.0112335092138
0.0110881521177
0.0109455977979
0.0108057746668
0.0106686134074
0.0105340468876
0.0104020100782
0.0102724399743
0.01014527552
0.0100204575366
0.0098979286538
0.00977763324393
0.00965951735854
0.00954352866811
0.0094296164041
0.00931773130339
0.00920782555503
0.00909985274917
0.00899376782813
0.00888952703934
0.00878708789028
0.00868640910518
0.00858745058347
0.00849017335982
0.00839453956583
0.00830051239318
0.00820805605818
0.00811713576781
0.00802771768694
0.00793976890686
0.00785325741503
0.00776815206596
0.00768442255316
0.00760203938218
0.00752097384465
0.00744119799324
0.00736268461765
0.00728540722133
0.00720933999918
0.00713445781601
0.00706073618575
0.0069881512515
0.00691667976613
0.0068462990738
0.00677698709189
0.00670872229376
0.00664148369201
0.00657525082235
0.00651000372805
0.00644572294489
0.00638238948666
0.00631998483114
0.00625849090654
0.00619789007847
0.00613816513725
0.00607929928571
0.00602127612739
0.00596407965513
0.00590769423999
0.00585210462064
0.00579729589298
0.00574325350018
0.00568996322303
0.00563741117053
0.00558558377091
0.00553446776282
0.00548405018688
0.00543431837744
0.00538525995464
0.00533686281672
0.00528911513253
0.00524200533433
0.00519552211075
0.00514965440004
0.00510439138347
0.00505972247894
0.00501563733482
0.00497212582394
0.00492917803779
0.00488678428085
0.00484493506514
0.00480362110492
0.00476283331151
0.00472256278834
0.00468280082603
0.00464353889776
0.00460476865465
0.00456648192131
0.00452867069159
0.00449132712434
0.00445444353936
0.00441801241348
0.00438202637668
0.00434647820839
0.00431136083385
0.00427666732064
0.00424239087518
0.00420852483948
0.00417506268785
0.00414199802379
0.00410932457692
0.00407703620003
0.00404512686615
0.00401359066577
0.00398242180409
0.00395161459837
0.00392116347531
0.00389106296857
0.0038613077163
0.00383189245873
0.00380281203591
0.00377406138535
0.00374563553991
0.0037175296256
0.00368973885951
0.00366225854778
0.0036350840836
0.00360821094529
0.00358163469444
0.00355535097402
0.00352935550667
0.0035036440929
0.00347821260942
0.00345305700749
0.00342817331128
0.00340355761634
0.00337920608806
0.00335511496013
0.00333128053315
0.00330769917318
0.00328436731032
0.00326128143745
0.00323843810881
0.00321583393878
0.00319346560059
0.00317132982515
0.00314942339977
0.00312774316708
0.00310628602384
0.00308504891983
0.00306402885681
0.00304322288742
0.00302262811414
0.00300224168833
0.0029820608092
0.00296208272288
0.00294230472143
0.002922724142
0.00290333836585
0.00288414481756
0.00286514096408
0.00284632431398
0.00282769241658
0.00280924286119
0.00279097327628
0.00277288132879
0.00275496472329
0.00273722120135
0.00271964854076
0.00270224455487
0.0026850070919
0.00266793403425
0.0026510232979
0.00263427283174
0.00261768061693
0.00260124466635
0.00258496302396
0.00256883376422
0.00255285499154
0.00253702483971
0.00252134147136
0.00250580307743
0.00249040787663
0.00247515411495
0.00246004006517
0.00244506402633
0.00243022432329
0.00241551930624
0.00240094735026
0.00238650685486
0.00237219624352
0.00235801396332
0.00234395848443
0.0023300282998
0.00231622192465
0.00230253789618
0.00228897477308
0.00227553113525
0.00226220558334
0.00224899673844
0.00223590324171
0.00222292375402
0.00221005695562
0.00219730154582
0.00218465624261
0.00217211978238
0.00215969091961
0.00214736842654
0.00213515109285
0.00212303772541
0.00211102714796
0.00209911820081
0.00208730974059
0.00207560063998
0.00206398978739
0.00205247608675
0.00204105845725
0.00202973583302
0.00201850716299
0.00200737141053
0.0019963275533
0.00198537458298
0.00197451150503
0.00196373733847
0.00195305111569
0.00194245188219
0.00193193869638
0.00192151062939
0.00191116676483
0.00190090619864
0.00189072803882
0.00188063140532
0.00187061542977
0.00186067925535
0.00185082203658
0.00184104293916
0.00183134113977
0.0018217158259
0.0018121661957
0.0018026914578
0.00179329083114
0.00178396354481
0.00177470883792
0.0017655259594
0.00175641416787
0.00174737273151
0.00173840092788
0.00172949804379
0.00172066337515
0.00171189622685
0.0017031959126
0.00169456175483
0.0016859930845
0.00167748924103
0.00166904957215
0.00166067343376
0.00165236018983
0.00164410921226
0.00163591988078
0.00162779158281
0.00161972371339
0.001611715675
0.00160376687751
0.00159587673804
0.00158804468087
0.00158027013732
0.00157255254564
0.00156489135094
0.00155728600507
0.00154973596651
0.0015422407003
0.00153479967792
0.00152741237723
0.00152007828233
0.00151279688352
0.00150556767719
0.00149839016571
0.00149126385738
0.00148418826634
0.00147716291246
0.0014701873213
0.00146326102399
0.00145638355718
0.00144955446294
0.0014427732887
0.00143603958718
0.0014293529163
0.00142271283911
0.00141611892372
0.00140957074325
0.00140306787572
0.00139660990401
0.00139019641581
0.00138382700352
0.00137750126418
0.00137121879944
0.0013649792155
0.00135878212299
0.00135262713697
0.00134651387686
0.00134044196636
0.00133441103339
0.00132842071006
0.00132247063259
0.00131656044129
0.00131068978044
0.0013048582983
0.00129906564704
0.00129331148266
0.00128759546498
0.00128191725755
0.00127627652765
0.00127067294618
0.00126510618767
0.00125957593019
0.00125408185533
0.00124862364814
0.00124320099708
0.00123781359401
0.0012324611341
0.00122714331582
0.00122185984087
0.00121661041417
0.00121139474379
0.00120621254093
0.00120106351987
0.00119594739793
0.00119086389544
0.00118581273569
0.0011807936449
0.00117580635218
0.00117085058949
0.00116592609162
0.00116103259613
0.00115616984334
0.00115133757626
0.00114653554061
0.00114176348474
0.00113702115961
0.00113230831877
0.0011276247183
0.00112297011683
0.00111834427545
0.00111374695771
0.00110917792958
0.00110463695943
0.00110012381801
0.00109563827839
0.00109118011594
0.00108674910834
0.00108234503549
0.00107796767954
0.00107361682483
0.00106929225785
0.00106499376728
0.00106072114389
0.00105647418053
0.00105225267216
0.00104805641576
0.00104388521032
0.00103973885685
0.00103561715831
0.00103151991963
0.00102744694765
0.00102339805112
0.00101937304067
0.00101537172877
0.00101139392976
0.00100743945978
0.00100350813674
0.000999599780366
0.000995714212105
0.000991851255144
0.000988010734384
0.000984192476415
0.0009803963095
0.000976622063555
0.000972869570129
0.000969138662386
0.000965429175088
0.000961740944573
0.00095807380874
0.00095442760703
0.000950802180409
0.00094719737135
0.000943613023816
0.000940048983245
0.000936505096529
0.000932981212001
0.000929477179421
0.000925992849952
0.000922528076154
0.000919082711959
0.000915656612665
0.000912249634911
0.000908861636671
0.000905492477233
0.000902142017188
0.000898810118413
0.000895496644059
0.000892201458534
0.000888924427493
0.000885665417822
0.000882424297624
0.000879200936207
0.00087599520407
0.00087280697289
0.00086963611551
0.000866482505927
0.000863346019275
0.000860226531818
0.000857123920936
0.000854038065112
0.000850968843921
0.000847916138017
0.000844879829123
0.000841859800019
0.000838855934531
0.00083586811752
0.000832896234868
0.000829940173471
0.000826999821228
0.000824075067026
0.000821165800736
0.000818271913198
0.00081539329621
0.000812529842522
0.000809681445824
0.000806848000736
0.000804029402798
0.000801225548459
0.000798436335072
0.000795661660881
0.00079290142501
0.000790155527459
0.000787423869093
0.000784706351629
0.000782002877633
0.000779313350508
0.000776637674487
0.000773975754621
0.000771327496776
0.000768692807621
0.00076607159462
0.000763463766024
0.000760869230866
0.000758287898947
0.000755719680835
0.000753164487852
0.000750622232069
0.000748092826297
0.000745576184081
0.000743072219692
0.000740580848118
0.000738101985061
0.000735635546925
0.000733181450811
