100 1.48
101 1.49
102 1.495
103 1.5
104 1.505
105 1.51
106 1.515
107 1.52
108 1.525
109 1.53
110 1.535
111 1.54
112 1.545
113 1.55
114 1.555
115 1.555
116 1.56
117 1.565
118 1.57
119 1.575
120 1.58
121 1.585
122 1.585
123 1.59
124 1.595
125 1.6
126 1.6
127 1.605
128 1.61
129 1.61
130 1.615
131 1.62
132 1.62
133 1.625
134 1.63
135 1.63
136 1.635
137 1.64
138 1.64
139 1.645
140 1.645
141 1.65
142 1.655
143 1.655
144 1.66
145 1.66
146 1.665
147 1.67
148 1.67
149 1.675
150 1.675
151 1.68
152 1.68
153 1.685
154 1.685
155 1.69
156 1.69
157 1.695
158 1.695
159 1.7
160 1.7
161 1.705
162 1.705
163 1.71
164 1.71
165 1.715
166 1.715
167 1.72
168 1.72
169 1.725
170 1.725
171 1.725
172 1.73
173 1.73
174 1.735
175 1.735
176 1.74
177 1.74
178 1.74
179 1.745
180 1.745
181 1.75
182 1.75
183 1.755
184 1.755
185 1.755
186 1.76
187 1.76
188 1.765
189 1.765
190 1.765
191 1.77
192 1.77
193 1.775
194 1.775
195 1.775
196 1.78
197 1.78
198 1.785
199 1.785
200 1.785
201 1.79
202 1.79
203 1.79
204 1.795
205 1.795
206 1.8
207 1.8
208 1.8
209 1.805
210 1.805
211 1.805
212 1.81
213 1.81
214 1.815
215 1.815
216 1.815
217 1.82
218 1.82
219 1.82
220 1.825
221 1.825
222 1.825
223 1.83
224 1.83
225 1.83
226 1.835
227 1.835
228 1.835
229 1.84
230 1.84
231 1.84
232 1.845
233 1.845
234 1.845
235 1.85
236 1.85
237 1.85
238 1.855
239 1.855
240 1.855
241 1.86
242 1.86
243 1.86
244 1.865
245 1.865
246 1.865
247 1.87
248 1.87
249 1.87
250 1.87
251 1.875
252 1.875
253 1.875
254 1.88
255 1.88
256 1.88
257 1.885
258 1.885
259 1.885
260 1.885
261 1.89
262 1.89
263 1.89
264 1.895
265 1.895
266 1.895
267 1.9
268 1.9
269 1.9
270 1.905
271 1.905
272 1.905
273 1.905
274 1.91
275 1.91
276 1.91
277 1.91
278 1.915
279 1.915
280 1.915
281 1.92
282 1.92
283 1.92
284 1.925
285 1.925
286 1.925
287 1.925
288 1.93
289 1.93
290 1.93
291 1.93
292 1.935
293 1.935
294 1.935
295 1.94
296 1.94
297 1.94
298 1.94
299 1.945
300 1.945
301 1.945
302 1.945
303 1.95
304 1.95
305 1.95
306 1.955
307 1.955
308 1.955
309 1.96
310 1.96
311 1.96
312 1.96
313 1.965
314 1.965
315 1.965
316 1.965
317 1.97
318 1.97
319 1.97
320 1.97
321 1.975
322 1.975
323 1.975
324 1.975
325 1.98
326 1.98
327 1.98
328 1.98
329 1.985
330 1.985
331 1.985
332 1.985
333 1.99
334 1.99
335 1.99
336 1.99
337 1.995
338 1.995
339 1.995
340 1.995
341 2.0
342 2.0
343 2.0
344 2.0
345 2.005
346 2.005
347 2.005
348 2.005
349 2.01
350 2.01
351 2.01
352 2.01
353 2.015
354 2.015
355 2.015
356 2.015
357 2.02
358 2.02
359 2.02
360 2.02
361 2.025
362 2.025
363 2.025
364 2.025
365 2.025
366 2.03
367 2.03
368 2.03
369 2.03
370 2.035
371 2.035
372 2.035
373 2.035
374 2.04
375 2.04
376 2.04
377 2.04
378 2.045
379 2.045
380 2.045
381 2.045
382 2.045
383 2.05
384 2.05
385 2.05
386 2.05
387 2.055
388 2.055
389 2.055
390 2.055
391 2.055
392 2.06
393 2.06
394 2.06
395 2.06
396 2.065
397 2.065
398 2.065
399 2.065
400 2.065
401 2.07
402 2.07
403 2.07
404 2.07
405 2.075
406 2.075
407 2.075
408 2.075
409 2.075
410 2.08
411 2.08
412 2.08
413 2.08
414 2.085
415 2.085
416 2.085
417 2.085
418 2.085
419 2.09
420 2.09
421 2.09
422 2.09
423 2.09
424 2.095
425 2.095
426 2.095
427 2.095
428 2.1
429 2.1
430 2.1
431 2.1
432 2.1
433 2.105
434 2.105
435 2.105
436 2.105
437 2.105
438 2.11
439 2.11
440 2.11
441 2.11
442 2.11
443 2.115
444 2.115
445 2.115
446 2.115
447 2.115
448 2.12
449 2.12
450 2.12
451 2.12
452 2.125
453 2.125
454 2.125
455 2.125
456 2.125
457 2.13
458 2.13
459 2.13
460 2.13
461 2.13
462 2.135
463 2.135
464 2.135
465 2.135
466 2.135
467 2.14
468 2.14
469 2.14
470 2.14
471 2.14
472 2.145
473 2.145
474 2.145
475 2.145
476 2.145
477 2.15
478 2.15
479 2.15
480 2.15
481 2.15
482 2.155
483 2.155
484 2.155
485 2.155
486 2.155
487 2.155
488 2.16
489 2.16
490 2.16
491 2.16
492 2.16
493 2.165
494 2.165
495 2.165
496 2.165
497 2.165
498 2.17
499 2.17
