100 0.22
101 0.225
102 0.225
103 0.23
104 0.235
105 0.235
106 0.24
107 0.24
108 0.245
109 0.25
110 0.25
111 0.255
112 0.255
113 0.26
114 0.265
115 0.265
116 0.27
117 0.27
118 0.275
119 0.275
120 0.28
121 0.28
122 0.285
123 0.29
124 0.29
125 0.295
126 0.295
127 0.3
128 0.3
129 0.305
130 0.305
131 0.31
132 0.31
133 0.315
134 0.315
135 0.315
136 0.32
137 0.32
138 0.325
139 0.325
140 0.33
141 0.33
142 0.335
143 0.335
144 0.335
145 0.34
146 0.34
147 0.345
148 0.345
149 0.345
150 0.35
151 0.35
152 0.355
153 0.355
154 0.355
155 0.36
156 0.36
157 0.36
158 0.365
159 0.365
160 0.365
161 0.37
162 0.37
163 0.37
164 0.375
165 0.375
166 0.375
167 0.38
168 0.38
169 0.38
170 0.385
171 0.385
172 0.385
173 0.385
174 0.39
175 0.39
176 0.39
177 0.395
178 0.395
179 0.395
180 0.395
181 0.4
182 0.4
183 0.4
184 0.4
185 0.405
186 0.405
187 0.405
188 0.405
189 0.41
190 0.41
191 0.41
192 0.41
193 0.415
194 0.415
195 0.415
196 0.415
197 0.42
198 0.42
199 0.42
200 0.42
201 0.42
202 0.425
203 0.425
204 0.425
205 0.425
206 0.425
207 0.43
208 0.43
209 0.43
210 0.43
211 0.43
212 0.435
213 0.435
214 0.435
215 0.435
216 0.435
217 0.435
218 0.44
219 0.44
220 0.44
221 0.44
222 0.44
223 0.445
224 0.445
225 0.445
226 0.445
227 0.445
228 0.445
229 0.45
230 0.45
231 0.45
232 0.45
233 0.45
234 0.45
235 0.45
236 0.455
237 0.455
238 0.455
239 0.455
240 0.455
241 0.455
242 0.455
243 0.46
244 0.46
245 0.46
246 0.46
247 0.46
248 0.46
249 0.46
250 0.465
251 0.465
252 0.465
253 0.465
254 0.465
255 0.465
256 0.465
257 0.465
258 0.47
259 0.47
260 0.47
261 0.47
262 0.47
263 0.47
264 0.47
265 0.47
266 0.475
267 0.475
268 0.475
269 0.475
270 0.475
271 0.475
272 0.475
273 0.475
274 0.475
275 0.48
276 0.48
277 0.48
278 0.48
279 0.48
280 0.48
281 0.48
282 0.48
283 0.48
284 0.48
285 0.485
286 0.485
287 0.485
288 0.485
289 0.485
290 0.485
291 0.485
292 0.485
293 0.485
294 0.485
295 0.49
296 0.49
297 0.49
298 0.49
299 0.49
300 0.49
301 0.49
302 0.49
303 0.49
304 0.49
305 0.49
306 0.495
307 0.495
308 0.495
309 0.495
310 0.495
311 0.495
312 0.495
313 0.495
314 0.495
315 0.495
316 0.495
317 0.5
318 0.5
319 0.5
320 0.5
321 0.5
322 0.5
323 0.5
324 0.5
325 0.5
326 0.5
327 0.5
328 0.5
329 0.5
330 0.505
331 0.505
332 0.505
333 0.505
334 0.505
335 0.505
336 0.505
337 0.505
338 0.505
339 0.505
340 0.505
341 0.505
342 0.505
343 0.505
344 0.51
345 0.51
346 0.51
347 0.51
348 0.51
349 0.51
350 0.51
351 0.51
352 0.51
353 0.51
354 0.51
355 0.51
356 0.51
357 0.51
358 0.515
359 0.515
360 0.515
361 0.515
362 0.515
363 0.515
364 0.515
365 0.515
366 0.515
367 0.515
368 0.515
369 0.515
370 0.515
371 0.515
372 0.515
373 0.515
374 0.52
375 0.52
376 0.52
377 0.52
378 0.52
379 0.52
380 0.52
381 0.52
382 0.52
383 0.52
384 0.52
385 0.52
386 0.52
387 0.52
388 0.52
389 0.52
390 0.52
391 0.525
392 0.525
393 0.525
394 0.525
395 0.525
396 0.525
397 0.525
398 0.525
399 0.525
400 0.525
401 0.525
402 0.525
403 0.525
404 0.525
405 0.525
406 0.525
407 0.525
408 0.525
409 0.53
410 0.53
411 0.53
412 0.53
413 0.53
414 0.53
415 0.53
416 0.53
417 0.53
418 0.53
419 0.53
420 0.53
421 0.53
422 0.53
423 0.53
424 0.53
425 0.53
426 0.53
427 0.53
428 0.535
429 0.535
430 0.535
431 0.535
432 0.535
433 0.535
434 0.535
435 0.535
436 0.535
437 0.535
438 0.535
439 0.535
440 0.535
441 0.535
442 0.535
443 0.535
444 0.535
445 0.535
446 0.535
447 0.535
448 0.54
449 0.54
450 0.54
451 0.54
452 0.54
453 0.54
454 0.54
455 0.54
456 0.54
457 0.54
458 0.54
459 0.54
460 0.54
461 0.54
462 0.54
463 0.54
464 0.54
465 0.54
466 0.54
467 0.54
468 0.54
469 0.54
470 0.545
471 0.545
472 0.545
473 0.545
474 0.545
475 0.545
476 0.545
477 0.545
478 0.545
479 0.545
480 0.545
481 0.545
482 0.545
483 0.545
484 0.545
485 0.545
486 0.545
487 0.545
488 0.545
489 0.545
490 0.545
491 0.545
492 0.545
493 0.55
494 0.55
495 0.55
496 0.55
497 0.55
498 0.55
499 0.55
