50 0.0523169877076
51 0.0538985918633
52 0.0554000459471
53 0.0568240177288
54 0.058174672249
55 0.0594575812968
56 0.0606669018215
57 0.0618229691347
58 0.0629218328718
59 0.063946274168
60 0.064932895352
61 0.0658656291785
62 0.0667557321804
63 0.0676011252582
64 0.0683998153143
65 0.0691644081594
66 0.069878897366
67 0.0705711579219
68 0.0712254456185
69 0.0718556509502
70 0.0724458334333
71 0.0730102304466
72 0.0735481658522
73 0.0740745266421
74 0.0745577262305
75 0.0750440778046
76 0.0754860893959
77 0.0759147803355
78 0.0763298946546
79 0.0767311835233
80 0.0771184054989
81 0.077475075364
82 0.0778333948144
83 0.0781605776468
84 0.078489135835
85 0.0788025453026
86 0.079100613842
87 0.0793831581689
88 0.0796667117331
89 0.0799345108374
90 0.0801863900092
91 0.0804390628697
92 0.0806925319198
93 0.0809128510642
94 0.0811507906204
95 0.081355295642
96 0.0815774243642
97 0.0817830045275
98 0.0819719080909
99 0.082161247984
100 0.0823510252133
101 0.0825412407873
102 0.0827145452652
103 0.0828882136037
104 0.0830448268304
105 0.0832191885929
106 0.0833764271271
107 0.0835164440539
108 0.0836742441375
109 0.0838147610641
110 0.0839555138631
111 0.0840965028979
112 0.0842377285237
113 0.0843614951657
114 0.0844854433593
115 0.0846095732898
116 0.0847338851242
117 0.084858379007
118 0.0849830550566
119 0.0850900646135
120 0.0851972077774
121 0.0853223781827
122 0.085429810774
123 0.0855194377659
124 0.0856271139421
125 0.0857349227203
126 0.0858248608127
127 0.0859329108156
128 0.0860230474358
129 0.086113272774
130 0.0862216682503
131 0.0863120871456
132 0.0864025916522
133 0.0864750411598
134 0.086565693657
135 0.0866564271663
136 0.0867290472261
137 0.0868199177272
138 0.0868926359386
139 0.0869836338681
140 0.0870564396205
141 0.0871292768521
142 0.0872204338471
143 0.0872933385207
144 0.0873662632347
145 0.0874392035122
146 0.0875121545208
147 0.0875851110592
148 0.087639683981
149 0.0877126191331
150 0.0877855418685
151 0.0878584453842
152 0.0879128815794
153 0.0879857092465
154 0.0880400271463
155 0.0881127465365
156 0.088166911961
157 0.0882394870164
158 0.088293462127
159 0.0883473210822
160 0.0884195963211
161 0.0884732012522
162 0.0885266561144
163 0.0885799486876
164 0.0886330662952
165 0.0887045988493
166 0.0887573377567
167 0.0888098609408
168 0.0888621539579
169 0.0889142019446
170 0.0889659896286
171 0.0889988326788
172 0.0890500416226
173 0.0891009421804
174 0.0891515175752
175 0.0892017506897
176 0.0892516240825
177 0.0892823918635
178 0.0893314819817
179 0.0893801583709
180 0.0894096476395
181 0.0894574306464
182 0.0895047436769
183 0.0895327868761
184 0.0895790925008
185 0.0896060741595
186 0.0896512948061
187 0.0896959482615
188 0.0897211945106
189 0.089745819566
190 0.0897886342711
191 0.0898119632066
192 0.089853456166
193 0.0898754102991
194 0.0899155023735
195 0.0899360033386
196 0.0899557464508
197 0.0899935859133
198 0.0900117597811
199 0.0900291185659
200 0.0900456435659
201 0.090080207802
202 0.0900950130152
203 0.0901089293699
204 0.0901219390294
205 0.0901529311975
206 0.0901640773412
207 0.0901742646873
208 0.0901834765174
209 0.0901916964286
210 0.0901989083464
211 0.0902050965369
212 0.0902102456179
213 0.0902332642006
214 0.0902362910132
215 0.0902382345603
216 0.0902390809669
217 0.0902388167578
218 0.0902374288649
219 0.0902349046348
220 0.0902312318345
221 0.0902263986577
222 0.0902203937296
223 0.0902132061115
224 0.0901859076386
225 0.0901763255976
226 0.090165530958
227 0.0901535145611
228 0.0901402676985
229 0.090125782113
230 0.0901100499997
231 0.0900930640056
232 0.0900748172302
233 0.0900364169156
234 0.0900156340387
235 0.0899935726494
236 0.0899702276445
237 0.0899455943653
238 0.0899008107311
239 0.0898735943982
240 0.0898450787226
241 0.0898152607916
242 0.0897653086797
243 0.0897328860041
244 0.089699155153
245 0.0896641148939
246 0.0896089677568
247 0.089571314508
248 0.0895323508527
249 0.0894733089666
250 0.0894317346981
251 0.0893888525392
252 0.0893259267158
253 0.0892804431812
254 0.0892336576178
255 0.0891668686916
256 0.0891174974981
257 0.0890668333015
258 0.088996211579
259 0.088942983632
260 0.0888698330795
261 0.0888140593629
262 0.0887570142872
263 0.0886801011821
264 0.0886205415685
265 0.0885411544554
266 0.088479104145
267 0.0883972689851
268 0.0883327539522
269 0.0882484987685
270 0.0881815470002
271 0.0881133808073
272 0.0880255431335
273 0.0879549854478
274 0.0878648057924
275 0.0877918891155
276 0.0876994017769
277 0.0876057837589
278 0.0875294010148
279 0.0874335298264
280 0.0873548763328
281 0.0872567898749
282 0.087175903233
283 0.0870756406539
284 0.0869925596745
285 0.0868901612623
286 0.0867867212174
287 0.0867004329377
288 0.0865949196183
289 0.0865065388527
290 0.0863989949409
291 0.0862904633708
292 0.086199032882
293 0.0860885363957
294 0.0859951205905
295 0.0858827036598
296 0.0857693552497
297 0.0856730541434
298 0.0855578532148
299 0.0854417553202
300 0.0853426701016
301 0.0852247885786
302 0.0851060450065
303 0.0850042781632
304 0.0848838205518
305 0.0847625360835
306 0.0846581910176
307 0.0845352625505
308 0.0844115425747
309 0.0843047232452
310 0.0841794295326
311 0.0840533797048
312 0.083926585604
313 0.0838166370021
314 0.0836883629301
315 0.0835593798792
316 0.0834296996273
317 0.083316807045
318 0.0831857401347
319 0.0830540110565
320 0.0829216314733
321 0.0828059789985
322 0.0826723052105
323 0.0825380155466
324 0.0824031215098
325 0.0822848912619
326 0.0821487942573
327 0.0820121269797
328 0.0818749007337
329 0.0817371267683
330 0.081615932687
331 0.0814770676748
332 0.0813376882289
333 0.0811978053587
334 0.0810574300087
335 0.0809335463595
336 0.0807921889705
337 0.0806503714335
338 0.08050810442
339 0.0803653985292
340 0.0802222642867
341 0.0800955096935
342 0.0799515198261
343 0.0798071326465
344 0.0796623583763
345 0.0795172071577
346 0.079371689053
347 0.0792258140436
348 0.079079592029
349 0.0789495900555
350 0.078802672587
351 0.0786554372473
352 0.0785078936038
353 0.0783600511389
354 0.0782135596908
355 0.0780667819372
356 0.0779197270848
357 0.0777724042543
358 0.0776248224799
359 0.0774769907089
360 0.0773272959141
361 0.077178993754
362 0.0770304679205
363 0.0768817270113
364 0.0767311701517
365 0.07658202766
366 0.0764310922713
367 0.0762815815474
368 0.0761303006419
369 0.0759804543294
370 0.0758288602117
371 0.0756787102486
372 0.0755268345163
373 0.0753764121353
374 0.0752242856811
375 0.0750720468274
376 0.0749197030365
377 0.0747688298752
378 0.0746162950468
379 0.0744636771414
380 0.0743109832728
381 0.0741582204681
382 0.0740053956686
383 0.0738525157297
384 0.0736995874214
385 0.0735466174287
386 0.0733936123521
387 0.0732405787079
388 0.0730875229284
389 0.0729329216444
390 0.0727798437697
391 0.072626762559
392 0.0724736841139
393 0.0723190976111
394 0.0721660458874
395 0.0720130147474
396 0.0718585027866
397 0.0717055332792
398 0.071552601453
399 0.0713982153211
