50 1.40890336011e-05
51 2.2332824117e-05
52 3.41048436019e-05
53 5.07135690722e-05
54 7.30390517456e-05
55 0.000102701835099
56 0.000141367584996
57 0.000189982501401
58 0.000250600741689
59 0.000324456209721
60 0.000413419775846
61 0.000518427251075
62 0.000641508249506
63 0.000781228515979
64 0.000943810138175
65 0.00112514640653
66 0.00132711242629
67 0.00155287716235
68 0.00179779748736
69 0.00207029186046
70 0.00235883008942
71 0.00266619833287
72 0.00300560438546
73 0.0033523199204
74 0.00372908832129
75 0.0041151966214
76 0.00452920607241
77 0.0049570701841
78 0.00539941216
79 0.00585622297696
80 0.00632804743192
81 0.00681062866356
82 0.00730662740759
83 0.00781166053
84 0.00832495790106
85 0.00884839088482
86 0.00937722809546
87 0.00991124542047
88 0.0104505992235
89 0.0109958551867
90 0.011541866401
91 0.0120892102327
92 0.0126389302165
93 0.0131890404639
94 0.0137374645322
95 0.0142858507799
96 0.0148324118716
97 0.0153752995456
98 0.0159168520475
99 0.0164555558953
100 0.0169898569237
101 0.0175181673148
102 0.0180436770837
103 0.0185651665782
104 0.0190763129869
105 0.0195858804474
106 0.020087652509
107 0.0205858282802
108 0.0210739008444
109 0.0215620591374
110 0.0220380397077
111 0.0225065413397
112 0.0229727652022
113 0.023429922819
114 0.0238770964133
115 0.0243198494467
116 0.0247576241218
117 0.0251831538635
118 0.0256091774701
119 0.0260216128739
120 0.0264266131484
121 0.0268307714523
122 0.0272266072454
123 0.0276135731391
124 0.027991128087
125 0.0283662909467
126 0.0287311770535
127 0.0290930089682
128 0.0294437130894
129 0.0297907111382
130 0.030133773578
131 0.0304645582408
132 0.0307989739952
133 0.0311204828919
134 0.0314369759164
135 0.0317482326729
136 0.0320455006118
137 0.0323455519569
138 0.0326397203761
139 0.0329277950143
140 0.033209568016
141 0.0334848347745
142 0.0337623831582
143 0.0340241075164
144 0.0342878607492
145 0.0345444589329
146 0.0347937113759
147 0.0350447622775
148 0.0352882268877
149 0.0355239224111
150 0.0357611921813
151 0.0359904619718
152 0.0362115580195
153 0.0364340123011
154 0.0366480732884
155 0.0368633919496
156 0.0370701034098
157 0.0372779740044
158 0.0374770295992
159 0.037677148104
160 0.0378682503731
161 0.038060321932
162 0.0382533676971
163 0.038437156281
164 0.0386115451077
165 0.0387970545576
166 0.0389626999498
167 0.0391394731606
168 0.039306580521
169 0.0394744013522
170 0.0396323840666
171 0.0397909990525
172 0.0399502488402
173 0.040099456949
174 0.0402599412334
175 0.0403995470566
176 0.0405504332259
177 0.0406910463624
178 0.0408321470906
179 0.0409737371013
180 0.041115818091
181 0.0412474070264
182 0.0413794171051
183 0.0415118496748
184 0.0416336184984
185 0.0417557445127
186 0.0418893814978
187 0.0420010723076
188 0.0421242761929
189 0.0422478414785
190 0.04236048806
191 0.0424734349942
192 0.042586683082
193 0.0427002331262
194 0.0428026870042
195 0.0429168129856
196 0.0430197865199
197 0.0431230071264
198 0.0432264753978
199 0.0433301919284
200 0.0434225932967
201 0.0435267803877
202 0.0436196009796
203 0.0437126195109
204 0.0438058364037
205 0.0438992520809
206 0.0439928669664
207 0.0440866814851
208 0.0441689332851
209 0.044251338541
210 0.0443457042486
211 0.0444284393031
212 0.044511328715
213 0.0445943727723
214 0.0446775717634
215 0.0447490087181
216 0.0448324962108
217 0.0449041808809
218 0.0449879578755
219 0.0450598911198
220 0.0451319393812
221 0.0452161413005
222 0.0452884393967
223 0.0453608530932
224 0.045421286279
225 0.0454939123893
226 0.0455666546243
227 0.0456395131693
228 0.0457003176046
229 0.0457612030473
230 0.0458343726616
231 0.0458954367002
232 0.0459565820916
233 0.0460300641014
234 0.0460913888498
235 0.0461527952973
236 0.0462142835523
237 0.0462758537236
238 0.0463251689077
239 0.046386886801
240 0.0464486869146
241 0.0464981862689
242 0.0465601346523
243 0.0466097527605
244 0.0466718497658
245 0.0467215869088
246 0.0467838328881
247 0.0468336893465
248 0.0468835989223
249 0.0469335616703
250 0.0469960900001
251 0.0470461725906
252 0.0470963085311
253 0.0471464978759
254 0.0471967406788
255 0.0472344578261
256 0.047284794301
257 0.0473351843801
258 0.0473856281163
259 0.0474361255618
260 0.0474740337987
261 0.0475246253454
262 0.0475626041844
263 0.0476132899827
264 0.0476513395281
265 0.0477021197241
266 0.0477402400754
267 0.0477911148099
268 0.0478293060611
269 0.0478675277062
270 0.0479185377072
271 0.0479568303709
272 0.0479951534702
273 0.0480335070142
274 0.048084693198
275 0.048123117884
276 0.0481615730426
277 0.0482000586777
278 0.0482385747918
279 0.0482771213858
280 0.0483156984588
281 0.0483543060083
282 0.0483929440301
283 0.0484187179657
284 0.0484574066075
285 0.0484961256883
286 0.0485348751952
287 0.0485736551132
288 0.0485995227221
289 0.048638353066
290 0.0486772137523
291 0.0487031344594
292 0.0487420453881
293 0.048780986565
294 0.0488069600093
295 0.0488459511909
296 0.0488719572421
297 0.0489109982317
298 0.0489370366571
299 0.048976127229
300 0.0490021977652
301 0.0490413376619
302 0.0490674400132
303 0.0490935546732
304 0.0491327627787
305 0.0491589087395
306 0.0491850667247
307 0.0492243422393
308 0.0492505309243
309 0.0492767313044
310 0.049302943258
311 0.0493423036745
312 0.0493685453742
313 0.049394798251
314 0.0494210621598
315 0.0494473369491
316 0.0494736224609
317 0.0495131010211
318 0.0495394144839
319 0.0495657381583
320 0.0495920718591
321 0.0496184153938
322 0.0496447685629
323 0.0496711311589
324 0.0496975029669
325 0.0497238837642
326 0.0497502733201
327 0.0497766713958
328 0.0498030777443
329 0.04982949211
330 0.0498559142291
331 0.0498690630306
332 0.0499008075012
333 0.0499245881509
334 0.0499497027666
335 0.0499734916074
336 0.0499986150888
337 0.0500224108466
338 0.050046209245
339 0.0500700099371
340 0.0500924786964
341 0.0501162822625
342 0.0501400870231
343 0.0501625568563
344 0.0501850258695
345 0.0502074936565
346 0.050229959801
347 0.0502524238764
348 0.0502748854457
349 0.0502973440617
350 0.0503184593795
351 0.0503409101078
352 0.0503620154313
353 0.0503831147488
354 0.0504042075609
355 0.0504252933577
356 0.0504463716189
357 0.0504674418134
358 0.0504885033996
359 0.0505082108851
360 0.0505292530267
361 0.0505489388469
362 0.0505699592509
363 0.0505896210714
364 0.0506092697287
365 0.0506289046079
366 0.0506485250836
367 0.0506681305199
368 0.0506877202707
369 0.050705943474
370 0.0507254993529
371 0.0507436863358
372 0.0507632056362
373 0.0507813536534
374 0.0507994808918
375 0.0508175866357
376 0.0508356701595
377 0.050853730728
378 0.0508717675963
379 0.0508897800099
380 0.0509077672049
381 0.0509257284083
382 0.0509423063384
383 0.0509602127253
384 0.0509767333312
385 0.0509932238481
386 0.051011041754
387 0.0510274700757
388 0.0510438658357
389 0.0510602281935
390 0.0510765563005
391 0.0510928493
392 0.0511091063278
393 0.0511253265119
394 0.0511401472057
395 0.0511562906274
396 0.051171031957
397 0.0511870950458
398 0.0512017534177
399 0.0512177325488
