50 0.0486775886534
51 0.0498183534882
52 0.0508944427156
53 0.051909026465
54 0.0528661615857
55 0.0537707254674
56 0.0546194389353
57 0.0554272701488
58 0.0561920221406
59 0.0569023105356
60 0.0575839898428
61 0.0582263233198
62 0.0588374162854
63 0.0594161394326
64 0.0599614156406
65 0.0604820890635
66 0.0609674877932
67 0.0614367342373
68 0.0618793014419
69 0.0623047256435
70 0.062702380881
71 0.0630819893975
72 0.0634431935215
73 0.063796057861
74 0.0641194973113
75 0.0644445765663
76 0.0647396129001
77 0.0650253913717
78 0.0653017776771
79 0.0655686415362
80 0.0658258567957
81 0.0660625237447
82 0.0663000415941
83 0.0665167078704
84 0.0667340822047
85 0.0669412457684
86 0.0671380991748
87 0.0673245477896
88 0.0675115141892
89 0.0676879568467
90 0.0678537906207
91 0.0680200306832
92 0.0681866780295
93 0.0683314359482
94 0.0684876727945
95 0.0686218743849
96 0.0687675562088
97 0.0689023062291
98 0.069026059021
99 0.0691500340783
100 0.0692742317993
101 0.0693986525824
102 0.0695119562847
103 0.0696254449626
104 0.0697277431681
105 0.069841584118
106 0.0699441998442
107 0.0700355403426
108 0.0701384409579
109 0.070230035004
110 0.0703217485773
111 0.0704135818068
112 0.0705055348139
113 0.0705860919298
114 0.0706667408422
115 0.0707474815882
116 0.0708283141892
117 0.0709092386479
118 0.0709902549449
119 0.0710597699751
120 0.0711293521257
121 0.0712106170225
122 0.0712803443003
123 0.0713384996027
124 0.0714083483131
125 0.0714782629363
126 0.071536572211
127 0.0716066059192
128 0.0716650122546
129 0.0717234613753
130 0.0717936633703
131 0.0718522051247
132 0.0719107869505
133 0.0719576681409
134 0.0720163169184
135 0.0720750018368
136 0.0721219549159
137 0.0721806974615
138 0.0722276870965
139 0.0722864792176
140 0.0723334965184
141 0.072380519928
142 0.072439362738
143 0.0724863970377
144 0.072533427922
145 0.0725804516709
146 0.0726274642728
147 0.0726744614127
148 0.0727095762436
149 0.072756520589
150 0.0728034346074
151 0.0728503126694
152 0.0728852579153
153 0.072932038133
154 0.0729668591877
155 0.0730135147787
156 0.073048183427
157 0.0730946846386
158 0.0731291696708
159 0.0731635474385
160 0.0732097508873
161 0.0732438925408
162 0.0732778989965
163 0.073311760195
164 0.0733454657051
165 0.0733909761596
166 0.073424342976
167 0.0734575205954
168 0.0734904971498
169 0.0735232604309
170 0.073555797899
171 0.0735760931074
172 0.0736081348288
173 0.0736399112778
174 0.0736714086998
175 0.0737026130665
176 0.0737335100902
177 0.0737520529442
178 0.073782286518
179 0.0738121685288
180 0.0738296388495
181 0.0738587672692
182 0.0738874981278
183 0.0739037587081
184 0.0739316427403
185 0.0739470177802
186 0.0739739916106
187 0.0740004885112
188 0.0740144172276
189 0.0740278303058
190 0.0740527911599
191 0.0740651270583
192 0.0740889846194
193 0.0741001791686
194 0.0741228690211
195 0.07413285837
196 0.0741422205844
197 0.0741630374168
198 0.0741710999444
199 0.0741784887459
200 0.0741851886018
201 0.074203288391
202 0.074208566226
203 0.0742131103744
204 0.0742169063523
205 0.07423204852
206 0.0742343059577
207 0.0742357730014
208 0.0742364361101
209 0.0742362820071
210 0.0742352976915
211 0.0742334704472
212 0.0742307878524
213 0.074239347606
214 0.0742349175442
215 0.0742295965736
216 0.0742233735308
217 0.0742162375856
218 0.0742081782467
219 0.0741991853677
220 0.0741892491516
221 0.074178360156
222 0.0741665092968
223 0.0741536878518
224 0.0741277938703
225 0.0741130089614
226 0.0740972296619
227 0.0740804487245
228 0.0740626592745
229 0.0740438548105
230 0.074024029205
231 0.0740031767044
232 0.0739812919286
233 0.0739463058856
234 0.0739223458174
235 0.0738973397354
236 0.0738712837429
237 0.0738441743093
238 0.073803967505
239 0.0737747468165
240 0.0737444644392
241 0.0737131182803
242 0.0736686879057
243 0.0736352147666
244 0.0736006738329
245 0.073565064393
246 0.0735163922239
247 0.073478651128
248 0.0734398415548
249 0.0733879912052
250 0.0733470534681
251 0.0733050501646
252 0.0732500324327
253 0.0732059100798
254 0.0731607278111
255 0.0731025617038
256 0.0730552748265
257 0.0730069362716
258 0.072945648544
259 0.072895224835
260 0.0728318779444
261 0.0727793847887
262 0.0727258590581
263 0.0726594512082
264 0.0726038831146
265 0.0725354629822
266 0.0724778730081
267 0.072407462612
268 0.0723478729749
269 0.0722754960114
270 0.0722139305638
271 0.0721513815377
272 0.072076096437
273 0.0720116100703
274 0.0719344241728
275 0.071868027976
276 0.0717889700702
277 0.0717089938693
278 0.0716397929569
279 0.0715579903669
280 0.0714869540008
281 0.0714033567213
282 0.0713305165251
283 0.0712451572603
284 0.0711705458279
285 0.0710834581978
286 0.0709955264277
287 0.0709183274608
288 0.0708287194216
289 0.0707498345212
290 0.0706585857483
291 0.0705665376413
292 0.0704851968873
293 0.0703915626283
294 0.0703086254657
295 0.0702134420086
296 0.0701175057755
297 0.0700322498473
298 0.0699348207702
299 0.0698366674789
300 0.0697491769939
301 0.0696495879604
302 0.0695493035855
303 0.0694596637435
304 0.0693580012582
305 0.0692556725109
306 0.0691639691876
307 0.0690603202891
308 0.0689560343164
309 0.0688623537705
310 0.0687568057452
311 0.0686506498515
312 0.0685438958467
313 0.0684477185716
314 0.0683397799617
315 0.0682312723408
316 0.0681222054059
317 0.068023684759
318 0.0679135102251
319 0.0678028052394
320 0.0676915793976
321 0.06759086759
322 0.0674786103827
323 0.0673658608273
324 0.0672526283814
325 0.0671498758553
326 0.0670356872139
327 0.066921043734
328 0.066805954704
329 0.0666904293651
330 0.0665853382157
331 0.0664689488009
332 0.0663521504357
333 0.0662349521586
334 0.0661173629535
335 0.066010159232
336 0.0658917955906
337 0.0657730675732
338 0.065653983934
339 0.0655345533667
340 0.0654147845033
341 0.0653053384274
342 0.0651848989706
343 0.0650641466831
344 0.0649430899424
345 0.0648217370598
346 0.0647000962797
347 0.0645781757792
348 0.064455983667
349 0.064344023689
350 0.0642212923845
351 0.0640983133394
352 0.0639750943855
353 0.0638516432839
354 0.0637290073391
355 0.0636061505292
356 0.0634830803901
357 0.0633598043862
358 0.0632363299095
359 0.0631126642802
360 0.0629877872056
361 0.0628637629642
362 0.0627395690975
363 0.0626152126346
364 0.0624896811176
365 0.0623650222917
366 0.0622392061931
367 0.0621142722533
368 0.0619881985384
369 0.0618630161481
370 0.0617367111954
371 0.0616113064324
372 0.0614847960347
373 0.061359194393
374 0.0612325037594
375 0.0611057333134
376 0.0609788891405
377 0.0608529699517
378 0.060725994221
379 0.0605989625858
380 0.0604718808436
381 0.0603447547206
382 0.0602175898716
383 0.060090391881
384 0.0599631662623
385 0.0598359184591
386 0.059708653845
387 0.0595813777242
388 0.0594540953316
389 0.059325844032
390 0.0591985666026
391 0.0590712981953
392 0.0589440437722
393 0.0588158487466
394 0.0586886389856
395 0.0585614576935
396 0.0584333563242
397 0.058306248066
398 0.058179182168
399 0.0580512161227
