50 0.0973193305844
51 0.0996032050611
52 0.101757570923
53 0.103788777486
54 0.10570494802
55 0.107515847146
56 0.109214922679
57 0.110832124477
58 0.112363064482
59 0.113784976045
60 0.115149584506
61 0.116435417884
62 0.117658695151
63 0.118817162202
64 0.119908669091
65 0.120950911337
66 0.121922545731
67 0.122861826646
68 0.123747700314
69 0.124599245005
70 0.125395208808
71 0.126155041494
72 0.126878030051
73 0.127584308191
74 0.128231703095
75 0.128882352694
76 0.12947288683
77 0.130044881464
78 0.130598069366
79 0.131132191273
80 0.1316469961
81 0.132120684084
82 0.132596057826
83 0.133029710505
84 0.133464765073
85 0.133879383393
86 0.134273367565
87 0.13464652915
88 0.135020714962
89 0.135373841652
90 0.135705739648
91 0.136038440607
92 0.136371946929
93 0.136661664612
94 0.136974332408
95 0.137242921057
96 0.137534463089
97 0.137804134126
98 0.138051803811
99 0.138299911662
100 0.138548458728
101 0.138797446045
102 0.139024193681
103 0.13925130596
104 0.139456032435
105 0.139683839296
106 0.139889191339
107 0.140071988898
108 0.140277902045
109 0.140461198451
110 0.140644730036
111 0.140828497196
112 0.141012500306
113 0.141173708884
114 0.141335097794
115 0.141496667221
116 0.141658417319
117 0.141820348194
118 0.141982459906
119 0.142121567343
120 0.142260806451
121 0.142423407482
122 0.142562931917
123 0.142679311241
124 0.142819074005
125 0.142958966414
126 0.143075647296
127 0.143215773757
128 0.143332644843
129 0.143449599649
130 0.143590056986
131 0.143707193492
132 0.143824408455
133 0.143918222035
134 0.14403556771
135 0.144152984125
136 0.144246936984
137 0.144364465733
138 0.144458488929
139 0.144576114075
140 0.144670189984
141 0.144764276872
142 0.14488199956
143 0.144976105824
144 0.145070204117
145 0.145164287031
146 0.145258346572
147 0.145352374141
148 0.145422638021
149 0.145516558009
150 0.145610416373
151 0.14570420188
152 0.145774122883
153 0.145867710909
154 0.145937381828
155 0.146030718895
156 0.146100083384
157 0.146193110071
158 0.146262105789
159 0.146330886246
160 0.14642331513
161 0.146491621929
162 0.146559657652
163 0.146627402196
164 0.146694834715
165 0.146785874166
166 0.146852628024
167 0.146919002882
168 0.146984975017
169 0.147050520025
170 0.14711561284
171 0.14715622301
172 0.147220323249
173 0.147283892411
174 0.147346902997
175 0.147409326961
176 0.147471135737
177 0.147508238212
178 0.147568719131
179 0.147628496452
180 0.147663452504
181 0.147721721739
182 0.147779195404
183 0.147811730694
184 0.147867509852
185 0.147898273249
186 0.147952231178
187 0.148005234839
188 0.148033104418
189 0.148059942351
190 0.14810987276
191 0.148134555602
192 0.148182278678
193 0.148204678113
194 0.148250065049
195 0.148270053396
196 0.148288787144
197 0.148330427003
198 0.148346560721
199 0.148361346672
200 0.148374754421
201 0.148410958883
202 0.14842152197
203 0.148430617386
204 0.148438216166
205 0.148468504148
206 0.148473025261
207 0.148475965304
208 0.148477297197
209 0.148476994392
210 0.14847503089
211 0.148471381262
212 0.148466020667
213 0.148483141542
214 0.148474285483
215 0.148463647352
216 0.148451204823
217 0.14843693624
218 0.148420820622
219 0.148402837681
220 0.148382967824
221 0.148361192171
222 0.148337492554
223 0.148311851533
224 0.148260068264
225 0.148230499865
226 0.148198942459
227 0.148165381555
228 0.148129803406
229 0.148092195011
230 0.148052544118
231 0.148010839222
232 0.147967069565
233 0.147897100282
234 0.147849179633
235 0.147799166752
236 0.14774705385
237 0.147692833866
238 0.14761242209
239 0.147553979211
240 0.147493412762
241 0.147430718559
242 0.147341858903
243 0.147274910372
244 0.147205826067
245 0.147134604569
246 0.147037260617
247 0.146961775454
248 0.146884153161
249 0.146780452339
250 0.146698573378
251 0.146614563115
252 0.146504527036
253 0.146416278345
254 0.14632590966
255 0.146209576355
256 0.146114998135
257 0.146018316402
258 0.145895739398
259 0.145794887051
260 0.145668191425
261 0.145563199887
262 0.145456143051
263 0.145323325074
264 0.145212183225
265 0.145075340404
266 0.144960154514
267 0.144819330894
268 0.144700145405
269 0.144555388385
270 0.14443225101
271 0.144307146347
272 0.144156572667
273 0.144027593067
274 0.143873217545
275 0.143740418038
276 0.143582298258
277 0.143422341769
278 0.143283932472
279 0.143120322973
280 0.142978242539
281 0.142811043435
282 0.142665355116
283 0.142494631822
284 0.142345400813
285 0.142171220576
286 0.141995351954
287 0.141840945563
288 0.141661724199
289 0.141503945739
290 0.141321442711
291 0.141137340917
292 0.14097465046
293 0.140787376173
294 0.140621492714
295 0.140431119848
296 0.140239241341
297 0.140068720084
298 0.139873855714
299 0.139677542831
300 0.139502552207
301 0.139303367673
302 0.139102792375
303 0.138923502798
304 0.138720171122
305 0.138515506844
306 0.138332090077
307 0.138124785348
308 0.137916206397
309 0.137728834969
310 0.137517731772
311 0.137305412768
312 0.137091897474
313 0.13689953232
314 0.136683647685
315 0.136466624962
316 0.136248483549
317 0.136051431405
318 0.135831074672
319 0.135609656976
320 0.135387197509
321 0.135185762818
322 0.134961240508
323 0.134735733447
324 0.13450926055
325 0.134303744216
326 0.134075358826
327 0.133846063709
328 0.133615877441
329 0.133384818508
330 0.133174624693
331 0.132941837517
332 0.132708232394
333 0.132473827403
334 0.132238640512
335 0.132024221349
336 0.131787485505
337 0.131550020868
338 0.131311844949
339 0.131072975135
340 0.130833428691
341 0.130614524607
342 0.130373636907
343 0.130132123512
344 0.129890001176
345 0.129647286524
346 0.129403996044
347 0.129160146093
348 0.128915752888
349 0.128691820771
350 0.128446349127
351 0.128200381974
352 0.127953934977
353 0.127707023659
354 0.127461742315
355 0.127216019218
356 0.12696986944
357 0.126723307909
358 0.126476349412
359 0.12622900859
360 0.125979245168
361 0.125731187082
362 0.125482789727
363 0.125234067162
364 0.124982994782
365 0.124733667458
366 0.124482025881
367 0.124232148299
368 0.12397999146
369 0.123729616949
370 0.123476997607
371 0.123226178326
372 0.12297314807
373 0.122721935009
374 0.122468544258
375 0.122214993873
376 0.121961296024
377 0.121709447831
378 0.12145548685
379 0.121201414051
380 0.120947241031
381 0.120692979243
382 0.120438639997
383 0.120184234462
384 0.119929773665
385 0.119675268495
386 0.119420729699
387 0.119166167886
388 0.118911593526
389 0.118655081648
390 0.11840051721
391 0.118145970815
392 0.117891452387
393 0.117635053049
394 0.117380623944
395 0.117126251777
396 0.116870039751
397 0.116615813654
398 0.116361672278
399 0.116105730904
