50 0.0415941080987
51 0.042288059258
52 0.0429385164631
53 0.0435482055749
54 0.0441202583305
55 0.0446581766507
56 0.0451605358458
57 0.0456366286765
58 0.0460855092536
59 0.046500860669
60 0.0468980916128
61 0.0472711670169
62 0.0476250074783
63 0.047959138016
64 0.0482731078574
65 0.0485721508838
66 0.0488502724424
67 0.0491185383196
68 0.0493710158437
69 0.0496132276554
70 0.0498392024943
71 0.0500545402402
72 0.0502590943619
73 0.0504586045003
74 0.0506412009662
75 0.0508244582009
76 0.0509905507981
77 0.0511512255502
78 0.0513064278838
79 0.0514561049727
80 0.0516002057675
81 0.0517326526413
82 0.0518654394785
83 0.0519864505287
84 0.0521077439186
85 0.0522232347562
86 0.0523328832378
87 0.0524366515185
88 0.0525406255561
89 0.0526386717971
90 0.0527307563105
91 0.0528230019137
92 0.0529154088885
93 0.0529956256832
94 0.0530821490008
95 0.0531564242686
96 0.0532370064282
97 0.0533114983793
98 0.0533798742287
99 0.0534483377735
100 0.0535168891252
101 0.0535855283954
102 0.0536480041166
103 0.0537105526713
104 0.0537669087069
105 0.0538295958682
106 0.0538860767757
107 0.0539363317413
108 0.0539929245773
109 0.0540432791039
110 0.0540936805259
111 0.0541441288661
112 0.0541946241416
113 0.0542388459336
114 0.0542831036215
115 0.0543273971824
116 0.0543717265819
117 0.0544160917708
118 0.0544604926832
119 0.0544985785378
120 0.0545366902985
121 0.0545811874002
122 0.0546193549513
123 0.0546511793988
124 0.0546893929943
125 0.054727631413
126 0.0547595132053
127 0.0547977957105
128 0.0548297125346
129 0.0548616442357
130 0.0548999869182
131 0.0549319501477
132 0.0549639261283
133 0.0549895060559
134 0.0550215009981
135 0.0550535056494
136 0.0550791004087
137 0.0551111168379
138 0.0551367137247
139 0.0551687357546
140 0.0551943279667
141 0.0552199133803
142 0.0552519275059
143 0.055277495441
144 0.055303049319
145 0.0553285863093
146 0.0553541033607
147 0.0553795971931
148 0.055398608714
149 0.0554240423498
150 0.0554494414797
151 0.0554748018333
152 0.055493652225
153 0.0555189182089
154 0.0555376592268
155 0.0555628105501
156 0.0555814208212
157 0.0556064349611
158 0.0556248908622
159 0.0556432589371
160 0.0556680186487
161 0.0556861926508
162 0.0557042577079
163 0.0557222062191
164 0.0557400303044
165 0.0557642192321
166 0.0557817717758
167 0.0557991746048
168 0.0558164187669
169 0.0558334950566
170 0.0558503940219
171 0.055860596561
172 0.055877109651
173 0.0558934156869
174 0.0559095043161
175 0.055925364984
176 0.0559409869452
177 0.0559498394633
178 0.0559649493038
179 0.0559797871969
180 0.0559878175112
181 0.0560020755293
182 0.0560160270644
183 0.0560231320117
184 0.0560364336757
185 0.0560428627164
186 0.056055466971
187 0.0560677052516
188 0.0560730313042
189 0.0560779652677
190 0.0560890304221
191 0.0560931447256
192 0.0561033678913
193 0.0561066144832
194 0.0561159475227
195 0.0561182786351
196 0.0561201341312
197 0.0561280421385
198 0.0561289115365
199 0.0561292704906
200 0.0561291076283
201 0.0561349523244
202 0.0561337120896
203 0.0561319166662
204 0.0561295552554
205 0.0561331576375
206 0.0561296321295
207 0.0561255092186
208 0.0561207788349
209 0.0561154311127
210 0.056109456398
211 0.056102845256
212 0.0560955884778
213 0.0560942129598
214 0.0560856372201
215 0.0560763895589
216 0.056066461732
217 0.0560558457494
218 0.0560445338806
219 0.056032518658
220 0.0560197928812
221 0.0560063496198
222 0.0559921822166
223 0.0559772842901
224 0.05595512931
225 0.0559387542143
226 0.0559216312126
227 0.0559037550453
228 0.055885120736
229 0.0558657235918
230 0.0558455592039
231 0.0558246234468
232 0.0558029124787
233 0.0557739234291
234 0.0557506543538
235 0.0557266003242
236 0.055701758622
237 0.0556761268062
238 0.0556432186306
239 0.0556160035338
240 0.0555879927346
241 0.0555591848787
242 0.0555231087933
243 0.0554927073617
244 0.0554615064827
245 0.0554295058446
246 0.0553902507859
247 0.0553566546142
248 0.0553222593403
249 0.0552806238123
250 0.0552446367906
251 0.055207853493
252 0.0551638470752
253 0.0551254800457
254 0.0550863216267
255 0.0550399600713
256 0.0549992299384
257 0.0549577152451
258 0.0549090201239
259 0.0548659494969
260 0.0548157153079
261 0.0547711012948
262 0.0547257181171
263 0.0546731983297
264 0.05462629326
265 0.0545722711464
266 0.0545238603041
267 0.0544683529905
268 0.0544184537904
269 0.0543614796561
270 0.0543101107322
271 0.0542580112593
272 0.0541988704637
273 0.0541453312553
274 0.0540847744896
275 0.0540298169008
276 0.0539678663375
277 0.053905231129
278 0.0538481914114
279 0.0537841974415
280 0.0537257968491
281 0.05366046845
282 0.0536007313819
283 0.0535340936281
284 0.053473045198
285 0.0534051238394
286 0.0533365745218
287 0.0532736112063
288 0.0532038181055
289 0.0531396089824
290 0.0530685992544
291 0.052996995713
292 0.0529309726867
293 0.0528581941576
294 0.052790993952
295 0.0527170686217
296 0.0526425849012
297 0.0525736756895
298 0.0524980880872
299 0.0524219637949
300 0.0523514098955
301 0.0522742251709
302 0.052196525676
303 0.0521243920971
304 0.052045675986
305 0.051966467165
306 0.0518928193678
307 0.0518126379609
308 0.0517319859714
309 0.0516568896499
310 0.0515753091776
311 0.0514932802496
312 0.0514108102475
313 0.0513338877616
314 0.0512505480041
315 0.051166789201
316 0.0510826186829
317 0.0510039865425
318 0.0509190046112
319 0.0508336327965
320 0.0507478783471
321 0.0506676520784
322 0.0505811439248
323 0.0504942746841
324 0.0504070514961
325 0.0503253451766
326 0.0502374251429
327 0.0501491723493
328 0.0500605938032
329 0.0499716964752
330 0.0498883000827
331 0.0497987755194
332 0.04970895282
333 0.0496188387978
334 0.0495284402241
335 0.0494435247879
336 0.0493525666529
337 0.0492613439864
338 0.0491698633824
339 0.0490781313881
340 0.0489861545033
341 0.0488996367693
342 0.0488071786372
343 0.0487144947966
344 0.0486215915515
345 0.0485284751555
346 0.0484351518108
347 0.0483416276681
348 0.0482479088259
349 0.0481596126947
350 0.0480655115735
351 0.0479712337101
352 0.047876784991
353 0.0477821712485
354 0.0476879539303
355 0.0475935808841
356 0.0474990577731
357 0.0474043902056
358 0.0473095837349
359 0.0472146438594
360 0.0471190269747
361 0.0470238376717
362 0.0469285311275
363 0.0468331126182
364 0.0467370427684
365 0.0466414170493
366 0.0465451525008
367 0.0464493400131
368 0.0463529009883
369 0.0462569217268
370 0.0461603280015
371 0.0460642015156
372 0.0459674724202
373 0.0458712178149
374 0.0457743722358
375 0.0456774759236
376 0.0455805334349
377 0.0454840792613
378 0.0453870567389
379 0.0452900013803
380 0.0451929175235
381 0.045095809452
382 0.0449986813958
383 0.0449015375309
384 0.0448043819801
385 0.0447072188127
386 0.0446100520452
387 0.0445128856415
388 0.0444157235129
389 0.0443180531097
390 0.0442209121897
391 0.0441237869677
392 0.0440266811484
393 0.0439290865089
394 0.0438320315373
395 0.0437350067786
396 0.0436375072568
397 0.0435405545139
398 0.0434436423451
399 0.0433462690202
