50 2.96736951056e-08
51 6.79961030482e-08
52 1.45698262722e-07
53 2.9758358953e-07
54 5.7383190113e-07
55 1.05980564389e-06
56 1.88371489275e-06
57 3.20678574193e-06
58 5.27902471041e-06
59 8.40362035057e-06
60 1.29983942765e-05
61 1.95354554596e-05
62 2.86648387654e-05
63 4.08682478332e-05
64 5.74351566431e-05
65 7.8806443551e-05
66 0.000106076540967
67 0.000140744763821
68 0.00018319720593
69 0.000236179552634
70 0.000298702905831
71 0.000372384740118
72 0.000462022078527
73 0.000562350758453
74 0.000681193140972
75 0.000813370700171
76 0.000966551962338
77 0.00113707885468
78 0.00132620031198
79 0.00153496030503
80 0.00176470033289
81 0.00201429198472
82 0.00228599876867
83 0.0025782410141
84 0.00289116677253
85 0.00322657081125
86 0.00358195005047
87 0.00395745764597
88 0.00435351062485
89 0.00477087109226
90 0.00520573838259
91 0.00565850540926
92 0.00613005018539
93 0.00661864705309
94 0.00712225162099
95 0.0076421658465
96 0.00817648527838
97 0.0087230410306
98 0.00928385575534
99 0.00985707510746
100 0.0104406361249
101 0.0110322747014
102 0.0116351113633
103 0.0122473856101
104 0.0128610211386
105 0.0134859964145
106 0.0141142562477
107 0.0147505591536
108 0.0153860216567
109 0.016033483173
110 0.0166761883433
111 0.0173197344981
112 0.0179708804095
113 0.0186197139875
114 0.0192642535101
115 0.0199120075837
116 0.0205618221479
117 0.0212023341788
118 0.0218523221767
119 0.0224898750212
120 0.0231238516376
121 0.0237643067211
122 0.024399100113
123 0.0250268478877
124 0.0256461503563
125 0.0262681844241
126 0.026879526524
127 0.0274919164095
128 0.0280913169673
129 0.0286900316961
130 0.0292874660732
131 0.0298686954073
132 0.0304614596259
133 0.0310362220442
134 0.0316066766552
135 0.0321721925487
136 0.0327164497762
137 0.0332699142074
138 0.0338165294448
139 0.0343556547944
140 0.034886650047
141 0.0354088767221
142 0.0359389207343
143 0.0364419490836
144 0.0369520181987
145 0.037451271921
146 0.0379390824227
147 0.0384332467562
148 0.0389151911501
149 0.0393842975918
150 0.0398590589164
151 0.0403202131711
152 0.0407671584137
153 0.0412190579964
154 0.0416559963227
155 0.0420975663681
156 0.0425234308546
157 0.042953603442
158 0.043367336754
159 0.0437850551859
160 0.0441856138707
161 0.0445898369853
162 0.0449977580529
163 0.0453876513768
164 0.0457589854702
165 0.0461554746224
166 0.0465107925998
167 0.04689131555
168 0.0472522982402
169 0.0476160598779
170 0.0479596292843
171 0.0483056776849
172 0.0486542229666
173 0.0489818005293
174 0.0493352243147
175 0.0496435870143
176 0.0499778257349
177 0.0502902049219
178 0.0506045365899
179 0.0509208329426
180 0.05123910626
181 0.051534662402
182 0.0518319233636
183 0.0521308989784
184 0.0524064746801
185 0.0526835071372
186 0.0529873948365
187 0.0532419731612
188 0.0535234222519
189 0.053806359146
190 0.0540648721907
191 0.0543246272631
192 0.0545856303308
193 0.0548478873895
194 0.0550849958837
195 0.0553496521479
196 0.055588929781
197 0.055829241816
198 0.0560705927247
199 0.0563129869981
200 0.0565293281314
201 0.0567737055269
202 0.0569918166315
203 0.0572107656672
204 0.0574305558532
205 0.0576511904208
206 0.0578726726141
207 0.0580950056894
208 0.0582902476889
209 0.0584861458453
210 0.0587108357391
211 0.0589081473809
212 0.0591061221351
213 0.0593047622302
214 0.0595040699022
215 0.0596754380867
216 0.0598759915023
217 0.0600484307986
218 0.060250237744
219 0.0604237548469
220 0.0605977716684
221 0.0608014248028
222 0.0609765292906
223 0.0611521380684
224 0.0612988649852
225 0.0614754020695
226 0.0616524475692
227 0.0618300029486
228 0.061978356314
229 0.0621270656335
230 0.0623059878807
231 0.0624554833079
232 0.0626053374287
233 0.0627856370639
234 0.0629362833421
235 0.0630872910739
236 0.0632386611262
237 0.0633903943675
238 0.0635120430344
239 0.0636644322106
240 0.0638171870189
241 0.0639396546977
242 0.0640930698516
243 0.0642160669417
244 0.0643701452908
245 0.0644936740753
246 0.0646484184802
247 0.0647724812505
248 0.0648967820833
249 0.065021321433
250 0.0651773317804
251 0.0653024094646
252 0.0654277271472
253 0.0655532852851
254 0.0656790843356
255 0.0657735919011
256 0.0658998136375
257 0.0660262775446
258 0.0661529840811
259 0.0662799337057
260 0.0663753055518
261 0.0665026816641
262 0.066598373857
263 0.0667261778547
264 0.0668221914322
265 0.0669504247108
266 0.067046760707
267 0.0671754246587
268 0.0672720841026
269 0.0673688824538
270 0.0674981640298
271 0.0675952872823
272 0.0676925500532
273 0.0677899525213
274 0.0679200411564
275 0.0680177703804
276 0.0681156398964
277 0.0682136498771
278 0.0683118004931
279 0.068410091913
280 0.0685085243031
281 0.0686070978275
282 0.0687058126481
283 0.0687716987308
284 0.0688706491795
285 0.0689697413251
286 0.0690689753179
287 0.069168351305
288 0.0692346772781
289 0.0693342899251
290 0.0694340449182
291 0.0695006227394
292 0.0696006148794
293 0.0697007496813
294 0.069767579631
295 0.0698679519895
296 0.0699349394165
297 0.0700355495184
298 0.0701026943992
299 0.0702035423888
300 0.0702708446555
301 0.070371930631
302 0.070439390168
303 0.0705069120973
304 0.0706083308178
305 0.0706760097085
306 0.0707437507532
307 0.0708455019783
308 0.0709133995471
309 0.0709813589646
310 0.0710493801029
311 0.0711515576138
312 0.0712197344464
313 0.0712879725946
314 0.0713562718958
315 0.0714246321776
316 0.0714930532582
317 0.0715958426285
318 0.0716644175814
319 0.0717330527561
320 0.0718017479296
321 0.071870502868
322 0.0719393173266
323 0.0720081910489
324 0.0720771237671
325 0.0721461152014
326 0.0722151650601
327 0.0722842730391
328 0.0723534388217
329 0.0724226620784
330 0.072491942467
331 0.0725265093257
332 0.0726097890667
333 0.0726722519936
334 0.0727382441419
335 0.0728007955603
336 0.0728668815041
337 0.0729295196669
338 0.0729921990087
339 0.0730549190471
340 0.0731141748369
341 0.0731769717522
342 0.0732398078255
343 0.0732991691988
344 0.073358562767
345 0.073417987951
346 0.0734774441563
347 0.0735369307724
348 0.0735964471729
349 0.0736559927153
350 0.0737120336365
351 0.0737716326136
352 0.0738277200568
353 0.0738838283594
354 0.0739399567934
355 0.0739961046147
356 0.0740522710626
357 0.0741084553597
358 0.0741646567118
359 0.0742173169851
360 0.0742735473031
361 0.0743262296495
362 0.0743824855537
363 0.0744351865242
364 0.0744878942086
365 0.0745406076944
366 0.0745933260521
367 0.0746460483363
368 0.0746987735844
369 0.0747479180623
370 0.0748006437585
371 0.0748497817951
372 0.0749025038931
373 0.0749516313778
374 0.0750007508278
375 0.0750498611675
376 0.0750989613059
377 0.0751480501363
378 0.0751971265362
379 0.075246189368
380 0.0752952374786
381 0.0753442696998
382 0.0753896713332
383 0.075438665863
384 0.0754840228726
385 0.0755293546536
386 0.07557828235
387 0.0756235621157
388 0.0756688128955
389 0.0757140334101
390 0.0757592223668
391 0.0758043784596
392 0.0758495003697
393 0.0758945867658
394 0.0759359966023
395 0.0759810057684
396 0.0760223315141
397 0.0760672579852
398 0.0761084941364
399 0.0761533323547
