50 0.0298547790898
51 0.030152645714
52 0.0304300729499
53 0.0306885897072
54 0.03092983479
55 0.0311555458553
56 0.0313653562084
57 0.0315633364558
58 0.0317492453374
59 0.0319206235893
60 0.0320839532367
61 0.0322368476492
62 0.0323814137925
63 0.0325175332912
64 0.0326450943565
65 0.0327662826698
66 0.0328787248958
67 0.0329869401852
68 0.0330885708909
69 0.0331858740979
70 0.0332764832687
71 0.0333626744946
72 0.0334444121993
73 0.0335240062911
74 0.0335967424551
75 0.0336696364328
76 0.0337356120836
77 0.0337993538945
78 0.0338608487236
79 0.0339200838766
80 0.0339770471109
81 0.0340293474401
82 0.0340817282743
83 0.0341294171786
84 0.0341771728117
85 0.0342226025556
86 0.0342656969625
87 0.0343064470621
88 0.0343472456234
89 0.0343856885904
90 0.0344217679483
91 0.0344578851626
92 0.034494040273
93 0.0345254053865
94 0.0345592150968
95 0.034588221199
96 0.0346196719497
97 0.0346487287935
98 0.0346753856564
99 0.0347020630265
100 0.0347287609192
101 0.0347554793495
102 0.0347797866648
103 0.0348041109753
104 0.0348260173914
105 0.0348503740186
106 0.0348723095311
107 0.0348918193323
108 0.0349137808896
109 0.0349333138364
110 0.0349528576686
111 0.0349724123786
112 0.0349919779556
113 0.0350091066835
114 0.0350262436744
115 0.035043388899
116 0.0350605423202
117 0.0350777038916
118 0.0350948735561
119 0.0351095965175
120 0.0351243251864
121 0.0351415162458
122 0.0351562570312
123 0.0351685443056
124 0.0351832945629
125 0.0351980497867
126 0.0352103479749
127 0.0352251113683
128 0.0352374152569
129 0.0352497210575
130 0.0352644937509
131 0.0352768029728
132 0.03528911273
133 0.0352989544761
134 0.0353112626305
135 0.0353235693618
136 0.0353334034879
137 0.0353457040015
138 0.0353555284794
139 0.0353678188163
140 0.0353776292914
141 0.0353874305229
142 0.0353996959268
143 0.0354094749718
144 0.0354192401377
145 0.0354289896184
146 0.0354387214679
147 0.0354484335953
148 0.0354556448391
149 0.0354653099691
150 0.0354749481876
151 0.0354845567768
152 0.0354916514139
153 0.0355011912536
154 0.0355082097035
155 0.035517667891
156 0.0355245965624
157 0.0355339587866
158 0.0355407826674
159 0.0355475478377
160 0.0355567358244
161 0.0355633709938
162 0.0355699340461
163 0.0355764201578
164 0.0355828243306
165 0.0355916296476
166 0.0355978546943
167 0.0356039817755
168 0.0356100052205
169 0.0356159192001
170 0.0356217177312
171 0.0356249039272
172 0.0356304526342
173 0.0356358670822
174 0.0356411407272
175 0.0356462669008
176 0.0356512388161
177 0.0356535568174
178 0.0356581990947
179 0.0356626661291
180 0.0356644572152
181 0.035668551841
182 0.0356724494483
183 0.0356736484727
184 0.035677129539
185 0.0356778967786
186 0.0356809313561
187 0.0356837314671
188 0.0356837946452
189 0.0356836080068
190 0.0356856588218
191 0.0356849498324
192 0.0356864632437
193 0.0356852016833
194 0.0356861474808
195 0.0356843033366
196 0.0356821568211
197 0.0356821951746
198 0.0356794217484
199 0.035676324086
200 0.0356728950504
201 0.0356716214348
202 0.0356675082963
203 0.0356630428792
204 0.0356582184218
205 0.0356555209932
206 0.0356499582264
207 0.0356440167899
208 0.0356376903953
209 0.0356309728861
210 0.0356238582425
211 0.035616340586
212 0.0356084141838
213 0.0356025624718
214 0.0355938013707
215 0.0355846152098
216 0.0355749988769
217 0.0355649474234
218 0.0355544560668
219 0.0355435201935
220 0.035532135361
221 0.0355202972996
222 0.0355080019147
223 0.0354952452879
224 0.035479543087
225 0.0354658538904
226 0.0354516928003
227 0.0354370566149
228 0.0354219423131
229 0.0354063470548
230 0.0353902681808
231 0.0353737032128
232 0.0353566498528
233 0.0353366353827
234 0.0353186003246
235 0.0353000710917
236 0.0352810461008
237 0.035261523945
238 0.0352390396155
239 0.0352185210413
240 0.0351975021589
241 0.0351759822515
242 0.0351515031139
243 0.0351289812507
244 0.0351059572476
245 0.0350824310482
246 0.0350559517799
247 0.03503142337
248 0.0350063935785
249 0.0349784174185
250 0.0349523885378
251 0.0349258604618
252 0.0348963943802
253 0.0348688730091
254 0.0348408559295
255 0.0348099107946
256 0.0347809087393
257 0.0347514156873
258 0.0347190060384
259 0.0346885387008
260 0.03465516327
261 0.0346237300342
262 0.0345918161728
263 0.034557008004
264 0.034524142528
265 0.0344883927199
266 0.0344545862604
267 0.0344179059874
268 0.0343831699876
269 0.0343455712101
270 0.0343099178764
271 0.0342738094163
272 0.0342348555466
273 0.034197849357
274 0.0341580099746
275 0.0341201199611
276 0.0340794093992
277 0.0340382702413
278 0.0339990832287
279 0.0339570954793
280 0.0339170619494
281 0.0338742412868
282 0.0338333770365
283 0.0337897395997
284 0.0337480608677
285 0.0337036232136
286 0.033658793346
287 0.0336159256999
288 0.0335703211711
289 0.0335266813257
290 0.0334803195587
291 0.0334335874284
292 0.0333888236714
293 0.0333413609744
294 0.0332958691771
295 0.0332476939646
296 0.0331991710203
297 0.0331526226899
298 0.0331034146761
299 0.0330538727754
300 0.0330063091533
301 0.0329561099436
302 0.0329055908216
303 0.0328570535494
304 0.0328059050901
305 0.0327544507724
306 0.0327049817426
307 0.0326529261741
308 0.0326005788344
309 0.0325502200512
310 0.032497299573
311 0.032444101401
312 0.032390630225
313 0.0323391515974
314 0.0322851446777
315 0.0322308787576
316 0.0321763584914
317 0.0321238343373
318 0.0320688154445
319 0.0320135560733
320 0.0319580608225
321 0.0319045647613
322 0.0318486075682
323 0.0317924281727
324 0.0317360311013
325 0.031681635762
326 0.0316248128632
327 0.0315677857275
328 0.0315105587946
329 0.0314531364802
330 0.0313977182283
331 0.0313399142578
332 0.0312819279898
333 0.0312237637376
334 0.0311654257873
335 0.0311090932714
336 0.031050416568
337 0.0309915788431
338 0.0309325842677
339 0.0308734369829
340 0.0308141410991
341 0.0307568509446
342 0.0306972659036
343 0.0306375443973
344 0.0305776904099
345 0.0305177078927
346 0.0304576007644
347 0.0303973729103
348 0.0303370281822
349 0.0302786872182
350 0.0302181159275
351 0.0301574391072
352 0.0300966604727
353 0.0300357837047
354 0.0299750220149
355 0.0299141685961
356 0.0298532270223
357 0.0297922008323
358 0.0297310935293
359 0.0296699085816
360 0.0296084424175
361 0.0295471128711
362 0.0294857158715
363 0.0294242547445
364 0.0293625274952
365 0.0293009483786
366 0.0292391104764
367 0.0291774262471
368 0.0291154904274
369 0.0290537136768
370 0.0289916923901
371 0.0289298354249
372 0.0288677408367
373 0.0288058156797
374 0.0287436596723
375 0.0286814775403
376 0.0286192721486
377 0.0285572459809
378 0.0284950020901
379 0.028432743325
380 0.0283704724113
381 0.0283081920402
382 0.0282459048684
383 0.0281836135186
384 0.0281213205794
385 0.0280590286053
386 0.0279967401174
387 0.0279344576031
388 0.0278721835165
389 0.02780972585
390 0.027747476284
391 0.0276852423099
392 0.0276230262502
393 0.0275606377083
394 0.0274984647512
395 0.0274363164833
396 0.0273740037167
397 0.0273119118133
398 0.0272498510884
399 0.0271876335632
