50 6.74711636914e-07
51 1.28589532575e-06
52 2.32609260689e-06
53 4.05376305355e-06
54 6.75556520903e-06
55 1.08866434371e-05
56 1.70284174485e-05
57 2.57563047991e-05
58 3.79541969243e-05
59 5.44882726517e-05
60 7.64948610002e-05
61 0.000105014063733
62 0.000141503654955
63 0.000186454915001
64 0.000242953414529
65 0.000310725693682
66 0.000391521229381
67 0.000487838933896
68 0.00059885487669
69 0.000729673742426
70 0.000875910709602
71 0.00103976201438
72 0.00122967135346
73 0.00143274253597
74 0.00166313786392
75 0.00190911170453
76 0.00218331011617
77 0.00247741982584
78 0.0027923482849
79 0.0031285936513
80 0.00348708175702
81 0.00386497417473
82 0.00426469777916
83 0.00468301145947
84 0.00511940370165
85 0.00557563753825
86 0.006047679757
87 0.00653527754178
88 0.00703853353281
89 0.00755796941389
90 0.00808855557739
91 0.00863061245863
92 0.00918499567478
93 0.00974951461633
94 0.0103217594031
95 0.0109031771163
96 0.01149161324
97 0.0120847461899
98 0.0126848274778
99 0.0132899116876
100 0.0138979301291
101 0.0145067007281
102 0.0151195748191
103 0.0157348607639
104 0.016344691537
105 0.0169591801176
106 0.0175705507865
107 0.0181836137539
108 0.018790027642
109 0.0194021938659
110 0.0200044520292
111 0.0206023508392
112 0.0212023059497
113 0.0217953433465
114 0.0223799252718
115 0.0229630593712
116 0.0235438273757
117 0.0241123023244
118 0.0246852991982
119 0.0252436651018
120 0.0257954212158
121 0.0263494125751
122 0.0268952416618
123 0.0274319173539
124 0.0279584490512
125 0.0284844663871
126 0.0289987514484
127 0.0295113183427
128 0.0300105615409
129 0.0305068756899
130 0.0309998393177
131 0.0314772912616
132 0.0319620968036
133 0.0324301809512
134 0.0328928557967
135 0.0333496968103
136 0.0337876820283
137 0.034231419354
138 0.0346680580479
139 0.0350971799999
140 0.0355183703034
141 0.0359312179175
142 0.036348864264
143 0.0367439594118
144 0.037143349059
145 0.0375330853521
146 0.0379127749518
147 0.038296305541
148 0.0386692977966
149 0.0390313696818
150 0.0393968317514
151 0.0397508942868
152 0.0400931897215
153 0.0404384326663
154 0.0407714465187
155 0.041107202768
156 0.041430276364
157 0.0417558890904
158 0.0420683753484
159 0.0423832001427
160 0.042684465705
161 0.0429878727039
162 0.0432934363612
163 0.0435849209949
164 0.0438620137989
165 0.0441573265323
166 0.0444214954908
167 0.0447039068491
168 0.0449713456966
169 0.0452403844834
170 0.0454940699268
171 0.0457491779113
172 0.0460057164138
173 0.0462464500703
174 0.0465057770263
175 0.0467317030288
176 0.0469762355483
177 0.0472044470478
178 0.0474337672033
179 0.0476642014008
180 0.0478957550523
181 0.0481104951853
182 0.0483261981035
183 0.0485428681236
184 0.0487423355837
185 0.0489426226754
186 0.0491620564288
187 0.0493456692391
188 0.0495484354886
189 0.0497520349248
190 0.0499378512151
191 0.050124361501
192 0.0503115683745
193 0.0504994744373
194 0.0506691898586
195 0.0508584315832
196 0.0510293533649
197 0.0512008495697
198 0.0513729221279
199 0.0515455729767
200 0.0516995274472
201 0.0518732759304
202 0.0520282091724
203 0.0521836051634
204 0.0523394652856
205 0.0524957909253
206 0.0526525834727
207 0.0528098443225
208 0.0529478328198
209 0.0530861818715
210 0.0532447377773
211 0.0533838626213
212 0.0535233509888
213 0.0536632038298
214 0.0538034220966
215 0.0539239007551
216 0.0540648002048
217 0.0541858641509
218 0.0543274480927
219 0.0544491001694
220 0.0545710246538
221 0.0547136149928
222 0.0548361317882
223 0.0549589229274
224 0.0550614588875
225 0.0551847545866
226 0.0553083263734
227 0.0554321748659
228 0.0555355937613
229 0.0556392056024
230 0.0557637950088
231 0.0558678325983
232 0.0559720642872
233 0.0560973990376
234 0.0562020590202
235 0.0563069142622
236 0.0564119651276
237 0.0565172119807
238 0.0566015508131
239 0.0567071513634
240 0.0568129489251
241 0.0568977290584
242 0.0570038821632
243 0.0570889472035
244 0.0571954570418
245 0.0572808079416
246 0.0573876757067
247 0.0574733134205
248 0.057559078912
249 0.0576449723698
250 0.0577525194785
251 0.057838701556
252 0.0579250122133
253 0.058011451639
254 0.0580980200215
255 0.0581630309643
256 0.0582498254635
257 0.0583367494359
258 0.0584238030695
259 0.0585109865518
260 0.0585764593348
261 0.0586638704839
262 0.0587295141908
263 0.0588171535704
264 0.0588829686139
265 0.0589708367833
266 0.0590368235707
267 0.0591249210836
268 0.059191080016
269 0.0592573128225
270 0.059345738891
271 0.0594121443978
272 0.0594786240055
273 0.0595451777778
274 0.0596340325503
275 0.0597007597084
276 0.0597675612416
277 0.0598344372077
278 0.0599013876626
279 0.0599684126601
280 0.0600355122522
281 0.0601026864888
282 0.0601699354173
283 0.0602148074755
284 0.0602821808001
285 0.0603496289165
286 0.0604171518618
287 0.0604847496705
288 0.0605298532986
289 0.0605975756731
290 0.0606653729666
291 0.060710608729
292 0.0607785305946
293 0.0608465274031
294 0.0608918950986
295 0.0609600164174
296 0.0610054662553
297 0.0610737119853
298 0.0611192437714
299 0.0611876137765
300 0.0612332272782
301 0.0613017213821
302 0.0613474163254
303 0.0613931433488
304 0.0614618103751
305 0.0615076183296
306 0.0615534580611
307 0.0616222972903
308 0.0616682173319
309 0.0617141687897
310 0.0617601515257
311 0.0618292103537
312 0.0618752723715
313 0.0619213652212
314 0.0619674887349
315 0.0620136427364
316 0.0620598270416
317 0.0621291982279
318 0.0621754597964
319 0.0622217510756
320 0.0622680718461
321 0.0623144218797
322 0.0623608009382
323 0.0624072087742
324 0.0624536451301
325 0.0625001097387
326 0.0625466023221
327 0.0625931225922
328 0.0626396702502
329 0.0626862449867
330 0.0627328464809
331 0.0627560752604
332 0.0628120774392
333 0.0628540602948
334 0.062898406634
335 0.0629404281598
336 0.0629848156132
337 0.0630268742322
338 0.0630689499919
339 0.0631110424606
340 0.0631507969576
341 0.0631929199291
342 0.0632350582386
343 0.0632748525424
344 0.0633146581504
345 0.0633544745528
346 0.0633943012262
347 0.0634341376342
348 0.0634739832271
349 0.0635138374414
350 0.063551330532
351 0.0635911987587
352 0.0636287017824
353 0.0636662081528
354 0.0637037172376
355 0.0637412283909
356 0.0637787409529
357 0.0638162542496
358 0.0638537675936
359 0.0638888985305
360 0.0639264084519
361 0.0639615318137
362 0.0639990353954
363 0.0640341482098
364 0.0640692539468
365 0.0641043518221
366 0.0641394410375
367 0.0641745207811
368 0.0642095902273
369 0.0642422536112
370 0.064277298625
371 0.0643099333346
372 0.0643449504526
373 0.0643775529732
374 0.0644101374406
375 0.0644427029373
376 0.0644752485324
377 0.0645077732825
378 0.0645402762311
379 0.0645727564095
380 0.0646052128359
381 0.0646376445165
382 0.0646676396611
383 0.0647000176123
384 0.0647299546568
385 0.0647598605398
386 0.0647921495464
387 0.0648219910564
388 0.0648517982185
389 0.064881569949
390 0.0649113051531
391 0.0649410027252
392 0.0649706615495
393 0.0650002804998
394 0.065027434243
395 0.0650569689257
396 0.065084033991
397 0.0651134797899
398 0.0651404515303
399 0.0651698037548
