50 4.40677378481e-35
51 1.26705467069e-33
52 3.00521084954e-32
53 5.96455964458e-31
54 1.00362318403e-29
55 1.4488541163e-28
56 1.81357893839e-27
57 1.98874829988e-26
58 1.92753584475e-25
59 1.66407513654e-24
60 1.29052219482e-23
61 9.04901649317e-23
62 5.77522481402e-22
63 3.37432708383e-21
64 1.81458434915e-20
65 9.02926969004e-20
66 4.17470064635e-19
67 1.80253232034e-18
68 7.29383230377e-18
69 2.77720673127e-17
70 9.97988524371e-17
71 3.39673175279e-16
72 1.09822221691e-15
73 3.38374942339e-15
74 9.95170654795e-15
75 2.80430333662e-14
76 7.57774580846e-14
77 1.96949602099e-13
78 4.9331143573e-13
79 1.19298575668e-12
80 2.79025821625e-12
81 6.31872179988e-12
82 1.38894673106e-11
83 2.96475661742e-11
84 6.15982603883e-11
85 1.24666054412e-10
86 2.4606135943e-10
87 4.74175870378e-10
88 8.93572975421e-10
89 1.6474611872e-09
90 2.97442243857e-09
91 5.26647095558e-09
92 9.15242948187e-09
93 1.5606693803e-08
94 2.61762285857e-08
95 4.31415413829e-08
96 7.00354678739e-08
97 1.11932379292e-07
98 1.76226700067e-07
99 2.73635330996e-07
100 4.19275141034e-07
101 6.34282305656e-07
102 9.47283351518e-07
103 1.3981620366e-06
104 2.0391493935e-06
105 2.94354618615e-06
106 4.20215660978e-06
107 5.93499371477e-06
108 8.30644161426e-06
109 1.15099447426e-05
110 1.58056701134e-05
111 2.15167332074e-05
112 2.90468780226e-05
113 3.88718320155e-05
114 5.1615699992e-05
115 6.80234632245e-05
116 8.89978449857e-05
117 0.000115625321556
118 0.000149205007749
119 0.00019115516496
120 0.00024335420902
121 0.000308120492541
122 0.00038756669861
123 0.000484392574993
124 0.000602465255203
125 0.000745314793098
126 0.000916648514603
127 0.00112247579946
128 0.0013669261114
129 0.00165678373999
130 0.00200032154796
131 0.00240279000785
132 0.00287387945149
133 0.0034206995807
134 0.00405796433174
135 0.00479515049842
136 0.00564085473494
137 0.00661590891798
138 0.00772639221934
139 0.00899829516554
140 0.0104369481785
141 0.0120660041097
142 0.0139148680913
143 0.0159861496838
144 0.018310625767
145 0.0209119065479
146 0.0238149981182
147 0.0270463148042
148 0.030611568309
149 0.0345813019212
150 0.0389666814234
151 0.0437997495951
152 0.0490780913611
153 0.0549038405031
154 0.061236285755
155 0.0681975357855
156 0.0757302364102
157 0.0839798398639
158 0.0928684205059
159 0.102492408375
160 0.112977427345
161 0.124206199567
162 0.136298200962
163 0.149297475401
164 0.163248767969
165 0.178331840594
166 0.194336242025
167 0.21143126058
168 0.229663753837
169 0.249080906925
170 0.269730154403
171 0.29143629121
172 0.314674317626
173 0.339286315148
174 0.365319888995
175 0.392822504611
176 0.421841412347
177 0.452073400535
178 0.484239626048
179 0.518060465839
180 0.553150405058
181 0.59038667665
182 0.629411130479
183 0.669742171903
184 0.712438517025
185 0.756454517844
186 0.802984548527
187 0.851509688714
188 0.901355054221
189 0.953187479743
190 1.00783935348
191 1.0637861025
192 1.12270897018
193 1.18289502012
194 1.24621655764
195 1.3107569704
196 1.37748683808
197 1.4475946061
198 1.51883007828
199 1.59232165038
200 1.66808814534
201 1.74756433388
202 1.82799927071
203 1.91075944123
204 1.99585818758
205 2.08501093053
206 2.17489776403
207 2.26715726973
208 2.36179743306
209 2.45882493206
210 2.55824515607
211 2.66006222604
212 2.76427901647
213 2.87327769056
214 2.98239218039
215 3.09391008798
216 3.20782955869
217 3.32414761977
218 3.44286020931
219 3.56396220601
220 3.68744745971
221 3.81330882241
222 3.94153817987
223 4.07212648359
224 4.20151520613
225 4.33667033296
226 4.47414960187
227 4.61394055114
228 4.75602994874
229 4.90040382515
230 5.04704750605
231 5.1959456448
232 5.34708225479
233 5.49573145997
234 5.65115315863
235 5.80875948226
236 5.96853220461
237 6.13045261641
238 6.28907057902
239 6.45507546023
240 6.62316696379
241 6.79332474851
242 6.95948166978
243 7.13354765006
244 7.30961465813
245 7.48766116784
246 7.66096876913
247 7.84273790142
248 8.02641838102
249 8.20478440457
250 8.39204315822
251 8.58114370242
252 8.76433469957
253 8.95686707145
254 9.15117086935
255 9.33895140984
256 9.5365396275
257 9.73582863649
258 9.92796293456
259 10.1303890152
260 10.3252347281
261 10.5306988306
262 10.7377459717
263 10.936553916
264 11.1464938231
265 11.3477519863
266 11.5604877683
267 11.7640930503
268 11.9795290435
269 12.1853797835
270 12.4034217243
271 12.6228412493
272 12.8319730433
273 13.0538618788
274 13.2649936717
275 13.489261669
276 13.7022979686
277 13.9161480374
278 14.1437041989
279 14.3593180912
280 14.589034721
281 14.8063222303
282 15.0381161485
283 15.2569893017
284 15.4907794849
285 15.7111526001
286 15.9321355259
287 16.168649967
288 16.3910075706
289 16.6293238701
290 16.8529764025
291 17.0771357547
292 17.3178915805
293 17.5432296698
294 17.7856074023
295 18.012050542
296 18.2389052949
297 18.4834598473
298 18.7113126419
299 18.9395235099
300 19.1861070309
301 19.415214429
302 19.6446291534
303 19.8931017414
304 20.1233169224
305 20.3537914362
306 20.604021046
307 20.835205297
308 21.0666035905
309 21.3184659073
310 21.5504884679
311 21.7826824237
312 22.0150339316
313 22.2687985873
314 22.5016677911
315 22.7346553276
316 22.9677484879
317 23.2232220031
318 23.4567351218
319 23.6903179368
320 23.9239588254
321 24.1809646223
322 24.4149361993
323 24.6489330683
324 24.8829446413
325 25.1413223297
326 25.3755834013
327 25.6098293886
328 25.844050686
329 26.0782379274
330 26.3380525987
331 26.5723982431
332 26.8066835701
333 27.0409001289
334 27.2750396909
335 27.5360904136
336 27.7703085123
337 28.0044266336
338 28.2384373978
339 28.4723336309
340 28.7061083612
341 28.9683514112
342 29.2021222687
343 29.4357522613
344 29.6692351883
345 29.9025650345
346 30.1357359681
347 30.3687423366
348 30.6015786644
349 30.8649816628
350 31.0977248698
351 31.3302829772
352 31.5626511811
353 31.7948248394
354 32.0300088881
355 32.2650431661
356 32.4999236135
357 32.7346463192
358 32.9692075186
359 33.2036035902
360 33.4344582645
361 33.6684863962
362 33.9023393276
363 34.1360139852
364 34.3660255592
365 34.5993074219
366 34.8288662366
367 35.061744381
368 35.2908398618
369 35.5233043419
370 35.7519268736
371 35.9839686826
372 36.2121095715
373 36.443720605
374 36.6713720427
375 36.8987625145
376 37.125890354
377 37.3565909503
378 37.5832161735
379 37.8095743912
380 38.0356643285
381 38.2614848033
382 38.4870347244
383 38.7123130896
384 38.9373189837
385 39.1620515769
386 39.3865101227
387 39.6106939562
388 39.8346024923
389 40.0540694343
390 40.2773983429
391 40.5004506322
392 40.7232260196
393 40.941448871
394 41.1636421939
395 41.3855581604
396 41.6028390772
397 41.8241726004
398 42.0452289139
399 42.2615680297
400 42.4820426823
401 42.6977458603
402 42.9176399627
403 43.1327084547
404 43.3474467163
405 43.5664590823
406 43.7805653485
407 43.9943429405
408 44.2124784804
409 44.4256277048
410 44.6384502624
411 44.8509469114
412 45.0631184551
413 45.2797883836
414 45.4913394837
415 45.7025681677
416 45.9134754095
417 46.1240622232
418 46.3343296615
419 46.5442788154
420 46.7539108126
421 46.9632268169
422 47.1722280273
423 47.3809156769
424 47.5841683957
425 47.7922053694
426 47.9999326581
427 48.2073516226
428 48.4144636537
429 48.6160115436
430 48.8224865159
431 49.0286588776
432 49.2291901601
433 49.4347342974
434 49.6399803865
435 49.8395085423
436 50.0441356989
437 50.2429941109
438 50.4470087524
439 50.645203866
440 50.8486125849
441 51.0461510138
442 51.2489605673
443 51.4458490832
444 51.6424019765
445 51.8443119068
446 52.0402253066
447 52.2358083527
448 52.4368346337
449 52.6317889078
450 52.8264182396
451 53.0265772817
452 53.2205888365
453 53.4142809892
454 53.607655609
455 53.8007145771
456 53.9934597867
457 54.1858931422
458 54.3840572183
459 54.575899322
460 54.7674353621
461 54.9586672843
462 55.1495970439
463 55.3402266049
464 55.5305579397
465 55.714365177
466 55.9040792097
467 56.0935009664
468 56.2826324498
469 56.4714756698
470 56.6600326423
471 56.8483053898
472 57.0298816021
473 57.2175650845
474 57.4049704257
475 57.5920996693
476 57.772434273
477 57.9589905032
478 58.1452767761
479 58.3246950961
480 58.5104206235
481 58.6958823672
482 58.8744027515
483 59.0593160758
484 59.2372395476
485 59.421612685
486 59.5989474344
487 59.7827886332
488 59.9595428624
489 60.1428603832
490 60.319042303
491 60.501844416
492 60.6774622428
493 60.8597572244
494 61.0348191775
495 61.2095934429
496 61.3911296058
497 61.5653603129
498 61.7393094716
499 61.920105387
500 62.0935232924
501 62.2666657798
502 62.4395348871
503 62.6193635235
504 62.7917177443
505 62.9638046979
506 63.1356264147
507 63.3071849229
508 63.4784822482
509 63.6569077772
510 63.8277146488
511 63.9982664125
512 64.1685650841
513 64.3386126766
514 64.5084112
515 64.6779626611
516 64.847269064
517 65.0163324091
518 65.185154694
519 65.3537379125
520 65.5220840553
521 65.6901951093
522 65.8580730579
523 66.025719881
524 66.1853611051
525 66.352525543
526 66.5194647556
527 66.6861807069
528 66.8526753572
529 67.0189506627
530 67.1770773974
531 67.342893712
532 67.5084965074
533 67.673887723
534 67.8310352967
535 67.9959829337
536 68.1607247635
537 68.3171519215
538 68.4814616277
539 68.6455712581
540 68.8012950146
541 68.9649838903
542 69.1284783797
543 69.2835156126
544 69.4466006286
545 69.601181351
546 69.7638643533
547 69.917995949
548 70.0802843565
549 70.2339741661
550 70.3958753565
551 70.5491306775
552 70.7106519873
553 70.8634800736
554 71.0246287977
555 71.1770368595
556 71.3292253328
557 71.4898154543
558 71.6415946228
559 71.8018301911
560 71.9532071543
561 72.1043733652
562 72.2640771298
563 72.4148516873
564 72.5654207237
565 72.7157859674
566 72.8747963909
567 73.0247838826
568 73.1745727435
569 73.3241646787
570 73.482509574
571 73.6317374771
572 73.7807735471
573 73.9296194657
574 74.0782769087
575 74.2358217207
576 74.3841320185
577 74.5322588471
578 74.680203859
579 74.8279687011
580 74.9755550143
581 75.1229644338
582 75.2701985889
583 75.4172591031
584 75.5641475943
585 75.7108656744
586 75.8574149497
587 76.0037970206
588 76.1500134821
589 76.2960659231
590 76.441955927
591 76.5876850716
592 76.733254929
593 76.8786670654
594 77.0239230418
595 77.1690244133
596 77.3139727295
597 77.4587695344
598 77.5937678006
599 77.7382410108
600 77.8825672892
601 78.0267481578
602 78.1707851326
603 78.3146797246
604 78.4486359325
605 78.592224976
606 78.7356761159
607 78.8789908413
608 79.012274309
609 79.1552952815
610 79.298184253
611 79.4309726933
612 79.5735766335
613 79.7160529374
614 79.8584030569
615 79.9905591333
616 80.132635709
617 80.2644726055
618 80.4062812975
619 80.5479709392
620 80.6793510168
621 80.8207812036
622 80.9518559735
623 81.0930322583
624 81.2340964962
625 81.3647350805
626 81.5055536875
627 81.6359005617
628 81.7764789861
629 81.9065395086
630 82.0468831573
631 82.1766626438
632 82.3167768829
633 82.4462806067
634 82.5861707619
635 82.7154039544
636 82.8444922132
637 82.9840431625
638 83.1128686442
639 83.2522086259
640 83.3807764589
641 83.509205724
642 83.648225932
643 83.7764051488
644 83.91522726
645 84.0431614562
646 84.1709633219
647 84.3094847258
648 84.4370490217
649 84.5644846666
650 84.6917928724
651 84.829922055
652 84.9570024766
653 85.0839590792
654 85.2107930549
655 85.3485496577
656 85.4751654809
657 85.601662239
658 85.7280411049
659 85.8654444745
660 85.9916146691
661 86.1176704766
662 86.2436130508
663 86.369443541
664 86.4951630914
665 86.632058936
666 86.7575837415
667 86.8830010296
668 87.0083119263
669 87.1335175534
670 87.2586190278
671 87.3836174622
672 87.5085139646
673 87.6333096387
674 87.7580055837
675 87.8941299936
676 88.0186536662
677 88.1430809
678 88.2674127771
679 88.3916503753
680 88.5157947681
681 88.6398470248
682 88.7638082105
683 88.8876793862
684 89.0114616086
685 89.1351559305
686 89.2469722823
687 89.3704698233
688 89.4938825767
689 89.6172115786
690 89.7404578614
691 89.8636224533
692 89.9867063789
693 90.1097106584
694 90.2326363087
695 90.3554843423
696 90.4782557682
697 90.5888971807
698 90.7114940526
699 90.8340172981
700 90.9564679108
701 91.0788468807
702 91.201155194
703 91.3111962382
704 91.4333417027
705 91.5554194237
706 91.6774303728
707 91.7993755182
708 91.9089388933
709 92.0307307297
710 92.1524596208
711 92.2741265202
712 92.3833202704
713 92.5048413528
714 92.6263032594
715 92.7352240624
716 92.8565456851
717 92.9778109163
718 93.0864668805
719 93.2075972974
720 93.3286740763
721 93.4496981374
722 93.5580205839
723 93.6789170414
724 93.7870672627
725 93.9078396594
726 94.0285638358
727 94.1364729627
728 94.2570783646
729 94.3776382113
730 94.4853139714
731 94.6057602714
732 94.713277493
733 94.8336136835
734 94.940975713
735 95.0612052057
736 95.181395234
737 95.2885415444
738 95.4086299699
739 95.5156293545
740 95.6356195268
741 95.7424752406
742 95.862370485
743 95.9690857575
744 96.0888893752
745 96.1954674109
746 96.3151826794
747 96.421626658
748 96.5412568313
749 96.6475699083
750 96.7538077472
751 96.8733035239
752 96.9794151311
753 97.0988338207
754 97.2048222916
755 97.3241670687
756 97.4300354754
757 97.5358339698
758 97.6550608843
759 97.7607438609
760 97.866359159
761 97.9854751496
762 98.0909794248
763 98.2100339278
764 98.3154301616
765 98.4207623874
766 98.5397173967
767 98.6449459928
768 98.7501127467
769 98.8689750096
770 98.9740424967
771 99.0790502823
772 99.1839990692
773 99.3027393115
774 99.4075945608
775 99.5123929198
776 99.6310558651
777 99.7357649395
778 99.8404192086
779 99.9450193563
780 100.063580571
781 100.16809702
782 100.272561401
783 100.376974389
784 100.481336654
785 100.599780033
786 100.704065459
787 100.808302178
788 100.912490853
789 101.016632143
790 101.134975079
791 101.239046267
792 101.34307205
793 101.447053077
794 101.550989994
795 101.654883447
796 101.758734075
797 101.876954312
798 101.98074406
799 102.084492918
800 102.188201516
801 102.291870487
802 102.395500457
803 102.499092053
804 102.602645899
805 102.706162616
806 102.824265159
807 102.927732518
808 103.031164621
809 103.134562081
810 103.237925508
811 103.34125551
812 103.444552696
813 103.547817668
814 103.651051029
815 103.754253379
816 103.857425317
817 103.960567439
818 104.063680338
819 104.166764608
820 104.269820837
821 104.372849614
822 104.475851526
823 104.578827155
824 104.681777086
825 104.784701898
826 104.887602168
827 104.990478475
828 105.093331392
829 105.196161492
830 105.298969346
831 105.386550423
832 105.489291878
833 105.592012765
834 105.694713646
835 105.797395083
836 105.900057637
837 106.002701865
838 106.105328323
839 106.207937566
840 106.310530148
841 106.397668767
842 106.500205825
843 106.602727843
844 106.705235368
845 106.807728944
846 106.910209113
847 106.997099608
848 107.099530589
849 107.201949755
850 107.304357642
851 107.406754785
852 107.509141716
853 107.595802373
854 107.698146326
855 107.80048163
856 107.902808811
857 107.98931968
858 108.091607942
859 108.193889624
860 108.296165246
861 108.398435327
862 108.484774844
863 108.587011019
864 108.689243172
865 108.775477775
866 108.877678974
867 108.979877657
868 109.082074333
869 109.168182244
870 109.270351873
871 109.372520984
872 109.458533837
873 109.560678788
874 109.662824696
875 109.764972059
876 109.850871246
877 109.952998274
878 110.055128217
879 110.140941973
880 110.243054406
881 110.328806797
882 110.430903575
883 110.533005661
884 110.61867933
885 110.720768545
886 110.822864494
887 110.908463426
888 111.010549263
889 111.096093854
890 111.198171389
891 111.300258
892 111.385734389
893 111.487815417
894 111.573241758
895 111.675318986
896 111.7774076
897 111.86277217
898 111.964859666
899 112.050178412
