50 0.0601173664398
51 0.0635762145247
52 0.0671511067509
53 0.0708374280672
54 0.0746609464082
55 0.0785981640669
56 0.0826882879486
57 0.0868727788288
58 0.0911995478786
59 0.0956456953295
60 0.100180865034
61 0.10488068632
62 0.109729174266
63 0.114636122131
64 0.119703630695
65 0.124914416101
66 0.130245633867
67 0.135668209177
68 0.141249921697
69 0.146972812131
70 0.152813789925
71 0.158744082454
72 0.164869983336
73 0.171030041115
74 0.177340527063
75 0.183782508592
76 0.190332567396
77 0.196922068394
78 0.203681653914
79 0.210575279023
80 0.217557289057
81 0.224650089592
82 0.231856897732
83 0.239183818691
84 0.246608764357
85 0.254105817935
86 0.26175186495
87 0.269456284571
88 0.277267658488
89 0.285164275164
90 0.293165804735
91 0.301251235922
92 0.309446260491
93 0.317679137563
94 0.326029986237
95 0.334424036647
96 0.342955560781
97 0.351483414708
98 0.36010860746
99 0.368813662547
100 0.377578868772
101 0.38645984236
102 0.395361726256
103 0.404257925491
104 0.413296949219
105 0.422377926106
106 0.43147922846
107 0.440678133311
108 0.449856383324
109 0.459095945749
110 0.468380419029
111 0.477691823265
112 0.487133935392
113 0.496443576594
114 0.505982713265
115 0.515342517964
116 0.524911706317
117 0.534397006972
118 0.543923451815
119 0.553476827129
120 0.563041792147
121 0.572601868047
122 0.582139436061
123 0.591817819038
124 0.601446908593
125 0.611005902405
126 0.620673157554
127 0.630237772785
128 0.639888688615
129 0.649400778909
130 0.658973942922
131 0.668600934718
132 0.678273959798
133 0.687738621866
134 0.697471056794
135 0.706962624052
136 0.716448968051
137 0.725919131999
138 0.735642902114
139 0.745052851277
140 0.754410483544
141 0.764006060238
142 0.773537504257
143 0.782990742742
144 0.792351188518
145 0.801603768743
146 0.81107489266
147 0.820072382005
148 0.829629387925
149 0.838679515177
150 0.847929170056
151 0.857002940851
152 0.866272912705
153 0.875346899219
154 0.884612896291
155 0.893661584981
156 0.902473491283
157 0.911460811564
158 0.920188319729
159 0.929084486557
160 0.938154251119
161 0.946936239539
162 0.955884104136
163 0.964518594921
164 0.973310406898
165 0.981762419544
166 0.990362418912
167 0.999114328173
168 1.00749411057
169 1.01601555979
170 1.02413660539
171 1.03294296103
172 1.04133780683
173 1.0492972913
174 1.05796101144
175 1.06617747571
176 1.0739224226
177 1.0823895041
178 1.09037249238
179 1.09847402835
180 1.10606025608
181 1.11439731978
182 1.12220569929
183 1.13012419556
184 1.13748194813
185 1.14561812008
186 1.15317952305
187 1.16084132744
188 1.16860554798
189 1.17647425361
190 1.18372049956
191 1.19105648816
192 1.1984838985
193 1.20600445181
194 1.21361991272
195 1.2205569239
196 1.22835773137
197 1.23546459852
198 1.24265411043
199 1.24992771854
200 1.25646544488
201 1.26390198148
202 1.27058696436
203 1.27734297255
204 1.28502924805
205 1.29194000044
206 1.29804866477
207 1.30510041499
208 1.31222913832
209 1.31853144979
210 1.32489452773
211 1.33224154868
212 1.33873784309
213 1.34529774165
214 1.35192218422
215 1.35765297682
216 1.36439984162
217 1.37121403976
218 1.37710973441
219 1.384051684
220 1.39005841582
221 1.39611745629
222 1.40222949272
223 1.40839522447
224 1.41461536325
225 1.42089063337
226 1.42722177203
227 1.43254160284
228 1.43897712301
229 1.44438500868
230 1.45092751683
231 1.45642566573
232 1.46196559149
233 1.46866855045
234 1.47430208518
235 1.47997895498
236 1.48569966267
237 1.49146471883
238 1.49610979659
239 1.50195598855
240 1.50784800145
241 1.51378637693
242 1.51857156644
243 1.52459478351
244 1.52944856683
245 1.53555845969
246 1.54048232556
247 1.54543782603
248 1.55167626192
249 1.55670407217
250 1.56176452785
251 1.56685794865
252 1.57198465841
253 1.57714498522
254 1.58233926148
255 1.58756782398
256 1.59283101397
257 1.59812917722
258 1.6034626641
259 1.60748701799
260 1.61288317439
261 1.61831564244
262 1.62241487512
263 1.62791177404
264 1.63205975132
265 1.63762223643
266 1.64181983539
267 1.6474490897
268 1.65169720851
269 1.65739444356
270 1.66169400212
271 1.66601589073
272 1.67036028432
273 1.67618708099
274 1.68058468275
275 1.68500538581
276 1.6894493732
277 1.69391682984
278 1.69840794264
279 1.70292290047
280 1.70746189421
281 1.71202511677
282 1.71661276314
283 1.72122503038
284 1.72586211768
285 1.72896837507
286 1.73364727263
287 1.73835153205
288 1.74308136054
289 1.74783696754
290 1.75102274979
291 1.75582178806
292 1.76064717473
293 1.76387978109
294 1.76874956297
295 1.7720119603
296 1.77692675436
297 1.78021935806
298 1.78517979273
299 1.78850302588
300 1.79350974127
301 1.79686403486
302 1.80191768308
303 1.80530347616
304 1.80870199056
305 1.81382246144
306 1.81725310401
307 1.82069672282
308 1.82588535336
309 1.82936174576
310 1.83285137609
311 1.83810953907
312 1.8416326057
313 1.84516917901
314 1.84871933713
315 1.85228315879
316 1.85586072333
317 1.86125178317
318 1.86486406286
319 1.86849036786
320 1.87213078032
321 1.87578538301
322 1.87945425935
323 1.88313749339
324 1.88683516987
325 1.89054737416
326 1.89427419234
327 1.89801571112
328 1.90177201794
329 1.90554320089
330 1.90932934879
331 1.91313055113
332 1.91694689816
333 1.91886191226
334 1.92327801204
335 1.92674876738
336 1.93042581275
337 1.93392239722
338 1.93743165162
339 1.94095364517
340 1.94448844761
341 1.94803612917
342 1.95139872671
343 1.95497165335
344 1.95835821989
345 1.9617565211
346 1.96536745655
347 1.96879011153
348 1.97202244794
349 1.97546830519
350 1.97892620795
351 1.98239621971
352 1.98567335247
353 1.98896132062
354 1.99246659279
355 1.99577708058
356 1.99909857034
357 2.00243111718
358 2.00556559553
359 2.00891972311
360 2.01228507186
361 2.01545045011
362 2.01883770062
363 2.02202371111
364 2.02521977737
365 2.02842594727
366 2.03185692529
367 2.0348687909
368 2.03810556189
369 2.04135263098
370 2.04461004758
371 2.04765980681
372 2.05093736921
373 2.05400601746
374 2.05730391377
375 2.06039162773
376 2.0634886094
377 2.06659490071
378 2.06971054388
379 2.07283558133
380 2.07597005578
381 2.07911401018
382 2.0820420486
383 2.08520440745
384 2.08814960978
385 2.09133053574
386 2.09429305391
387 2.09749271154
388 2.1004726993
389 2.1034611534
390 2.10645811009
391 2.10946360586
392 2.11247767738
393 2.11550036154
394 2.11853169545
395 2.12133768676
396 2.12438575925
397 2.12744259114
398 2.13027221514
399 2.13334599829
400 2.13619133372
401 2.13904425702
402 2.14214338861
403 2.1450122188
404 2.14788873148
405 2.15077295764
406 2.15366492849
407 2.15656467536
408 2.15947222978
409 2.16238762343
410 2.16531088818
411 2.16799761739
412 2.17093605749
413 2.1738824626
414 2.17659048497
415 2.17955224686
416 2.18227440034
417 2.18500335114
418 2.18798803572
419 2.19073128261
420 2.19348140635
421 2.19623843294
422 2.19900238849
423 2.20202541402
424 2.204803943
425 2.20733609213
426 2.21012802739
427 2.21292702421
428 2.2157331095
429 2.21854631032
430 2.22111009106
431 2.22393695114
432 2.22677100623
433 2.22935381301
434 2.23220168024
435 2.23479708845
436 2.2376588694
437 2.24026697183
438 2.24288115171
439 2.24576365942
440 2.2483906722
441 2.25102382894
442 2.25366315132
443 2.2563086611
444 2.25896038013
445 2.2616183304
446 2.26428253396
447 2.266953013
448 2.26962978978
449 2.2723128867
450 2.27500232624
451 2.27742839168
452 2.28012994399
453 2.28283790473
454 2.28528069414
455 2.28800089357
456 2.29072756818
457 2.29318725576
458 2.29592629672
459 2.29839715094
460 2.30087332099
461 2.30363074023
462 2.30611818992
463 2.30861100932
464 2.31138699305
465 2.31389120659
466 2.31640084446
467 2.31891592438
468 2.32143646412
469 2.32396248156
470 2.32649399463
471 2.32903102135
472 2.33157357983
473 2.33412168822
474 2.3366753648
475 2.33923462789
476 2.34179949591
477 2.34436998735
478 2.34665973162
479 2.3492408953
480 2.3518277363
481 2.35413205737
482 2.35672967306
483 2.35933302063
484 2.36165205869
485 2.36426628471
486 2.36659502188
487 2.36922019489
488 2.37155869238
489 2.37419488152
490 2.37654320105
491 2.37889616396
492 2.38154867982
493 2.38391155647
494 2.38627911993
495 2.3886513842
496 2.39102836335
497 2.39370798599
498 2.39609503175
499 2.3984868367
500 2.40088341515
501 2.40328478145
502 2.40569095
503 2.40810193528
504 2.41051775182
505 2.4129384142
506 2.41536393707
507 2.41779433512
508 2.42022962311
509 2.42236464922
510 2.42480914537
511 2.42725857425
512 2.42971295083
513 2.43186472505
514 2.43432841875
515 2.43679710359
516 2.43896143187
517 2.44143951576
518 2.44392263475
519 2.44609962769
520 2.44859222861
521 2.45077754114
522 2.45327967859
523 2.45547335867
524 2.45798508764
525 2.46018718359
526 2.46239322335
527 2.46491912003
528 2.4671336472
529 2.46966927289
530 2.47189233672
531 2.47411940106
532 2.47635047673
533 2.47890507191
534 2.48114478053
535 2.48338853483
536 2.48563634583
537 2.48788822458
538 2.49014418217
539 2.49272729969
540 2.49499203565
541 2.49726088555
542 2.49953386067
543 2.50181097228
544 2.50409223173
545 2.5063776504
546 2.50866723971
547 2.51096101113
548 2.5129305626
549 2.51523213088
550 2.51753791424
551 2.51984792432
552 2.52216217277
553 2.52448067131
554 2.52680343169
555 2.5287978914
556 2.53112859752
557 2.5334635993
558 2.53546857733
559 2.53781158799
560 2.54015892848
561 2.54217450857
562 2.54452992176
563 2.54688969932
564 2.54891596607
565 2.55128388081
566 2.55331713953
567 2.55569323374
568 2.55773352081
569 2.56011783706
570 2.56216518912
571 2.56455777028
572 2.5666122242
573 2.56901311343
574 2.57107470635
575 2.57348394712
576 2.57555271644
577 2.57762481041
578 2.58004633588
579 2.58212566138
580 2.58420833709
581 2.58664224172
582 2.58873220464
583 2.59082554362
584 2.59292226688
585 2.59537260525
586 2.59747668985
587 2.59958418491
588 2.60169509875
589 2.60380943973
590 2.60592721623
591 2.60840218428
592 2.61052743369
593 2.61265614533
594 2.61478832768
595 2.61692398927
596 2.61906313865
597 2.62120578439
598 2.6233519351
599 2.6255015994
600 2.62765478596
601 2.62981150347
602 2.63197176064
603 2.63413556622
604 2.63630292898
605 2.63847385772
606 2.64064836128
607 2.64246330278
608 2.64464438282
609 2.64682906285
610 2.64901735183
611 2.65120925872
612 2.65340479252
613 2.65523729683
614 2.65743950309
615 2.65964536194
616 2.66185488249
617 2.66369906757
618 2.66591532466
619 2.66813526945
620 2.66998816019
621 2.67221488941
622 2.67444533259
623 2.67630699099
624 2.67854426693
625 2.68078528332
626 2.68265577195
627 2.68490366991
628 2.68677990571
629 2.68903471707
630 2.69129331306
631 2.69317848345
632 2.69544404241
633 2.69733502802
634 2.69960758227
635 2.70150441015
636 2.70378399223
637 2.70568668955
638 2.70797333218
639 2.70988192632
640 2.71179320973
641 2.71409018091
642 2.71600740124
643 2.71831151416
644 2.7202346992
645 2.72216060451
646 2.72447516498
647 2.72640707571
648 2.72834172531
649 2.73066680472
650 2.73260750083
651 2.73455095457
652 2.73649717185
653 2.73883616665
654 2.74078848493
655 2.74274358573
656 2.74470147503
657 2.7470545108
658 2.74901855625
659 2.7509854094
660 2.75295507631
661 2.75492756302
662 2.75690287562
663 2.75927687106
664 2.76125842244
665 2.76324281926
666 2.76523006767
667 2.76722017384
668 2.76921314396
669 2.77120898422
670 2.77320770085
671 2.77520930008
672 2.77721378817
673 2.77922117139
674 2.78123145604
675 2.78324464843
676 2.78526075488
677 2.78727978175
678 2.78930173538
679 2.79132662218
680 2.79335444855
681 2.79538522089
682 2.79741894565
683 2.7994556293
684 2.8014952783
685 2.80353789915
686 2.80558349837
687 2.80722223682
688 2.80927321325
689 2.81132718639
690 2.81338416282
691 2.81544414915
692 2.817507152
693 2.819159839
694 2.82122828804
695 2.82329977227
696 2.82537429837
697 2.82745187307
698 2.82911623914
699 2.83119931801
700 2.83328546439
701 2.83537468508
702 2.83704838528
703 2.83914315662
704 2.8412410214
705 2.84292164977
706 2.84502509978
707 2.84713166252
708 2.84881926228
709 2.85093144512
710 2.85304676014
711 2.85474137488
712 2.85686234515
713 2.8585614926
714 2.86068814089
715 2.86281795365
716 2.86452418848
717 2.86665971489
718 2.86837052928
719 2.87051179242
720 2.87222720487
721 2.87437422793
722 2.87652446114
723 2.87824706334
724 2.8804030928
725 2.88213034083
726 2.88429219004
727 2.88602410276
728 2.8877580946
729 2.88992839174
730 2.89166707571
731 2.89384325062
732 2.89558664582
733 2.89776872245
734 2.89951684812
735 2.90170485055
736 2.903457726
737 2.90521271856
738 2.90740932312
739 2.90916909355
740 2.91093099362
741 2.91313625124
742 2.91490295751
743 2.91667180606
744 2.91888576805
745 2.92065945135
746 2.92243528965
747 2.92465800774
748 2.92643870956
749 2.92822157923
750 2.93045310556
751 2.93224086774
752 2.9340308107
753 2.93582293845
754 2.93806606251
755 2.93986312104
756 2.94166237743
757 2.94346383574
758 2.94571864832
759 2.94752507607
760 2.94933371892
761 2.95114458098
762 2.95295766634
763 2.95522704441
764 2.95704514753
765 2.95886548733
766 2.96068806795
767 2.96251289353
768 2.96433996825
769 2.96616929627
770 2.968459022
771 2.97029343553
772 2.97213011597
773 2.97396906755
774 2.9758102945
775 2.97765380103
776 2.9794995914
777 2.98134766986
778 2.98319804067
779 2.98505070813
780 2.9869056765
781 2.98876295009
782 2.99062253321
783 2.99248443017
784 2.99434864531
785 2.99621518296
786 2.99808404749
787 2.99995524324
788 3.00182877459
789 3.00370464592
790 3.00558286164
791 3.00746342614
792 3.00934634385
793 3.01123161918
794 3.01311925658
795 3.0150092605
796 3.0169016354
797 3.01879638576
798 3.02069351604
799 3.02259303076
800 3.0244949344
801 3.02639923151
802 3.02782912856
803 3.02973762486
804 3.03164852709
805 3.03356183982
806 3.03547756761
807 3.03739571505
808 3.03931628673
809 3.04075840822
810 3.04268323318
811 3.04461049507
812 3.04654019855
813 3.04847234824
814 3.04992316647
815 3.05185960806
816 3.05379850872
817 3.05573987314
818 3.05768370605
819 3.05914330012
820 3.06109146398
821 3.06304210933
822 3.0649952409
823 3.06646181972
824 3.06841931344
825 3.07037930653
826 3.07234180377
827 3.07381541769
828 3.07578230856
829 3.07775171684
830 3.07923052207
831 3.08120434726
832 3.08318070322
833 3.08515959482
834 3.08664552362
835 3.08862886414
836 3.09061475377
837 3.09210593929
838 3.09409630151
839 3.09559084669
840 3.09758569666
841 3.09958311801
842 3.10108296584
843 3.10308489887
844 3.10508941701
845 3.10659459582
846 3.10860364977
847 3.11011223578
848 3.11212584097
849 3.11414205394
850 3.11565601773
851 3.11767680634
852 3.11919420728
853 3.12121958715
854 3.12274043698
855 3.12477042379
856 3.12680305033
857 3.12832934383
858 3.13036660211
859 3.13189637495
860 3.13393828083
861 3.13547154494
862 3.13751811438
863 3.13905488175
864 3.14110613077
865 3.14264641343
866 3.14470235812
867 3.14624616818
868 3.14830682469
869 3.14985417431
870 3.15191955888
871 3.15347046027
872 3.15554058921
873 3.15709505463
874 3.15916994434
875 3.16072798611
876 3.16228756426
877 3.16436928354
878 3.16593245575
879 3.1680189759
880 3.16958575463
881 3.1716770923
882 3.17324749005
883 3.17481944255
884 3.17691769133
885 3.17849328084
886 3.1805963879
887 3.18217562708
888 3.18375643418
889 3.18586651089
890 3.18745098586
891 3.18903703655
892 3.19115411766
893 3.19274385453
894 3.19433517501
895 3.19645929549
896 3.19805432057
897 3.19965093718
898 3.20178213225
899 3.203382472
900 3.20498441127
901 3.20712271637
902 3.20872839745
903 3.21033568609
904 3.21248113689
905 3.21409218615
906 3.21570485103
907 3.21785748346
908 3.21947392788
909 3.22109199608
910 3.2227116905
911 3.22487371308
912 3.22649721183
913 3.22812234501
914 3.2297491151
915 3.23192058948
916 3.23355118891
917 3.23518343352
918 3.23681732583
919 3.23899831419
920 3.24063606106
921 3.24227546396
922 3.24391652543
923 3.24555924798
924 3.24775203197
925 3.24939864043
926 3.25104691841
927 3.25269686847
928 3.25434849314
929 3.25655316882
930 3.25820871111
931 3.25986593654
932 3.26152484771
933 3.26318544718
934 3.26484773753
935 3.26706666076
936 3.26873290681
937 3.27040085238
938 3.2720705001
939 3.27374185257
940 3.2754149124
941 3.27708968223
942 3.27932527598
943 3.28100404621
944 3.28268453519
945 3.2843667456
946 3.28605068005
947 3.28773634122
948 3.28942373177
949 3.29111285437
950 3.29280371166
951 3.29449630636
952 3.29675571137
953 3.29845237063
954 3.30015077624
955 3.30185093091
956 3.30355283734
957 3.30525649825
958 3.30696191636
959 3.30866909437
960 3.31037803505
961 3.3120887411
962 3.31380121528
963 3.31551546032
964 3.317231479
965 3.31894927404
966 3.32066884823
967 3.32239020434
968 3.32411334512
969 3.32583827338
970 3.32756499189
971 3.32929350344
972 3.33102381084
973 3.33275591689
974 3.33448982438
975 3.33622553616
976 3.33796305502
977 3.33970238381
978 3.34144352534
979 3.34318648247
980 3.34493125803
981 3.34667785488
982 3.34842627587
983 3.35017652388
984 3.35192860175
985 3.35368251237
986 3.35543825863
987 3.35719584339
988 3.35895526957
989 3.36071654005
990 3.36247965775
991 3.36424462556
992 3.36601144642
993 3.36778012324
994 3.36896036106
995 3.37073213748
996 3.37250577771
997 3.37428128466
998 3.37605866129
999 3.37783791057
