50 0.00443350523856
51 0.00463085545937
52 0.00483266572184
53 0.00503884365905
54 0.00524981814245
55 0.00546517040351
56 0.00568553918574
57 0.00590994025568
58 0.00613914952372
59 0.00637278211918
60 0.00661035709088
61 0.00685305232309
62 0.00710059248927
63 0.00735159902204
64 0.00760761919566
65 0.00786837351544
66 0.00813351454396
67 0.00840262058289
68 0.00867666743949
69 0.00895538193082
70 0.009238430755
71 0.00952541543018
72 0.00981780196594
73 0.0101133697876
74 0.0104137127724
75 0.0107185663352
76 0.0110276159249
77 0.0113399644557
78 0.011657335572
79 0.0119792472514
80 0.012305109157
81 0.0126352142675
82 0.0129696045755
83 0.0133083571456
84 0.0136511954128
85 0.0139978024097
86 0.0143491349907
87 0.0147040757997
88 0.0150632282482
89 0.0154263306658
90 0.0157936253749
91 0.0161648618935
92 0.0165403516627
93 0.0169192432784
94 0.0173024955332
95 0.0176892271162
96 0.0180805527206
97 0.0184748203549
98 0.0188732198134
99 0.0192755495512
100 0.0196815849222
101 0.020091971456
102 0.0205056189694
103 0.0209222314968
104 0.0213435147385
105 0.0217683160991
106 0.0221963949002
107 0.0226286333385
108 0.0230636937569
109 0.0235025096002
110 0.0239448980946
111 0.024390659744
112 0.0248409641523
113 0.0252928563387
114 0.0257504029698
115 0.0262090213732
116 0.026673068893
117 0.0271392640143
118 0.0276090077327
119 0.028082142296
120 0.0285584975092
121 0.0290378904553
122 0.0295201252638
123 0.0300070242172
124 0.0304964666008
125 0.0309882200879
126 0.0314842742232
127 0.0319822745627
128 0.0324843293013
129 0.0329879219376
130 0.0334952841049
131 0.0340063344142
132 0.0345209850655
133 0.0350363810857
134 0.0355578611487
135 0.036079712621
136 0.0366045763278
137 0.0371323254041
138 0.0376660033448
139 0.0381992009881
140 0.038734861085
141 0.0392762723196
142 0.0398200098604
143 0.0403659061716
144 0.0409137860788
145 0.041463466815
146 0.0420186786129
147 0.0425714806001
148 0.0431337306182
149 0.0436931585368
150 0.0442578930048
151 0.0448235912912
152 0.0453945615974
153 0.0459662435098
154 0.0465431512824
155 0.0471204999645
156 0.0476980352126
157 0.0482805886831
158 0.0488630265337
159 0.0494503995054
160 0.0500427794518
161 0.0506346746295
162 0.0512314793189
163 0.0518274530498
164 0.0524282252529
165 0.053027801654
166 0.0536320518299
167 0.0542410366177
168 0.0548483725552
169 0.0554603025895
170 0.0560701754702
171 0.0566913305346
172 0.0573102717175
173 0.057926644194
174 0.0585545962045
175 0.0591798063793
176 0.0598019035616
177 0.0604358692772
178 0.0610665325211
179 0.0617014766125
180 0.0623326287308
181 0.0629761223487
182 0.0636156152158
183 0.0642592677499
184 0.064898399155
185 0.0655503412275
186 0.0661975342113
187 0.0668487383623
188 0.0675039916405
189 0.0681633328411
190 0.0688171253514
191 0.0694747554715
192 0.0701362564932
193 0.0708016624085
194 0.071471007924
195 0.0721338220965
196 0.0728109785588
197 0.0734813276313
198 0.0741554052917
199 0.0748332417304
200 0.0755034939214
201 0.0761887595624
202 0.0768661440968
203 0.0775470461905
204 0.0782435823829
205 0.0789317797132
206 0.0796111134354
207 0.0803063438221
208 0.0810052232735
209 0.081694752961
210 0.0823876036062
211 0.0830972003862
212 0.0837969489836
213 0.0845000854579
214 0.0852066321046
215 0.0859024229925
216 0.0866156559456
217 0.0873323657515
218 0.0880377828933
219 0.0887613081671
220 0.0894731748066
221 0.0901881936655
222 0.0909063824819
223 0.0916277592966
224 0.0923523424574
225 0.0930801506232
226 0.0938112027682
227 0.0945288430809
228 0.0952662197196
229 0.0959897885317
230 0.0967335590371
231 0.0974631171127
232 0.0981955841526
233 0.0989489632772
234 0.0996875121436
235 0.10042901379
236 0.10117348251
237 0.101920932823
238 0.102652251525
239 0.103405474505
240 0.104161721531
241 0.104921008039
242 0.105663282634
243 0.106428450399
244 0.107176159767
245 0.107947263154
246 0.108700452962
247 0.109456281744
248 0.11023626537
249 0.110997643494
250 0.111761692386
251 0.11252842222
252 0.11329784333
253 0.114069966207
254 0.114844801501
255 0.11562236002
256 0.116402652739
257 0.117185690793
258 0.117971485482
259 0.118735750486
260 0.119526824769
261 0.120320688078
262 0.121092263851
263 0.121891465672
264 0.122667870253
265 0.123472449677
266 0.124253713542
267 0.125063710775
268 0.125849865355
269 0.126665321732
270 0.127456399428
271 0.128249815522
272 0.129045576273
273 0.129871778991
274 0.130672525987
275 0.131475639186
276 0.132281125258
277 0.133088990969
278 0.133899243187
279 0.13471188888
280 0.135526935119
281 0.136344389075
282 0.137164258023
283 0.137986549341
284 0.138811270511
285 0.139606856702
286 0.14043615524
287 0.141267904297
288 0.142102111757
289 0.142938785611
290 0.143744842074
291 0.144586156066
292 0.145429958572
293 0.146242239316
294 0.14709071994
295 0.147907074989
296 0.148760258351
297 0.149580703917
298 0.150438615305
299 0.151263168148
300 0.152125833522
301 0.152954510955
302 0.153821956957
303 0.154654776848
304 0.15548951862
305 0.156364011587
306 0.157202921538
307 0.158043763415
308 0.158925359574
309 0.159770396544
310 0.160617376025
311 0.161506133744
312 0.16235733644
313 0.163210492778
314 0.164065605905
315 0.164922679021
316 0.16578171538
317 0.166684598574
318 0.167547913454
319 0.168413203776
320 0.169280473021
321 0.170149724724
322 0.171020962475
323 0.171894189915
324 0.172769410745
325 0.173646628716
326 0.174525847635
327 0.175407071367
328 0.176290303829
329 0.177175548993
330 0.178062810891
331 0.178952093605
332 0.179843401278
333 0.180689123754
334 0.181598508902
335 0.182485979608
336 0.183380212588
337 0.184271503081
338 0.185164689618
339 0.186059775355
340 0.186956763494
341 0.187855657287
342 0.188751359687
343 0.189654035996
344 0.190553450287
345 0.191454705682
346 0.192363059949
347 0.193268045118
348 0.194169546923
349 0.195078195383
350 0.195988699488
351 0.196901062278
352 0.197809794817
353 0.198720312072
354 0.199638188372
355 0.200552322852
356 0.201468249912
357 0.202385972182
358 0.20329975831
359 0.204221037945
360 0.205144120692
361 0.206063151995
362 0.206989807609
363 0.207912334148
364 0.208836591202
365 0.209762581056
366 0.210696371783
367 0.211619768471
368 0.212550970779
369 0.213483915378
370 0.214418604731
371 0.215348763057
372 0.216286906153
373 0.217220436982
374 0.21816204322
375 0.219098955219
376 0.220037539402
377 0.22097779782
378 0.221919732558
379 0.222863345731
380 0.223808639488
381 0.224755616011
382 0.225697518009
383 0.226647821746
384 0.227592965818
385 0.228546605004
386 0.229494998643
387 0.230451981764
388 0.23140363271
389 0.232356892523
390 0.233311763015
391 0.234268246023
392 0.235226343415
393 0.236186057088
394 0.23714738897
395 0.238102988154
396 0.239067515301
397 0.240033666391
398 0.240993949651
399 0.241963307076
400 0.242926705849
401 0.243891641261
402 0.244865798166
403 0.245833859089
404 0.246803461447
405 0.247774606823
406 0.248747296822
407 0.249721533078
408 0.25069731725
409 0.251674651023
410 0.252653536109
411 0.253625853762
412 0.254607797047
413 0.255591296714
414 0.256568085397
415 0.257554652973
416 0.258534413148
417 0.259515636344
418 0.260506792687
419 0.261490995941
420 0.262476666284
421 0.263463805047
422 0.264452413584
423 0.265451216361
424 0.266442819898
425 0.267427071736
426 0.26842157338
427 0.269417551918
428 0.270415008843
429 0.271413945671
430 0.272405278285
431 0.273407126734
432 0.274410459552
433 0.275406034645
434 0.276412287554
435 0.277410679712
436 0.278419858433
437 0.279421072593
438 0.280423673039
439 0.281437224289
440 0.28244265424
441 0.283449474001
442 0.284457684714
443 0.285467287544
444 0.286478283673
445 0.287490674307
446 0.288504460669
447 0.289519644003
448 0.290536225573
449 0.291554206664
450 0.292573588582
451 0.293584150925
452 0.2946062822
453 0.295629818112
454 0.296644370066
455 0.297670662473
456 0.298698363507
457 0.299716914398
458 0.300747379412
459 0.301768582852
460 0.302791085775
461 0.3038256771
462 0.304850838756
463 0.305877302744
464 0.306916031545
465 0.307945160778
466 0.308975595353
467 0.31000733624
468 0.311040384422
469 0.312074740901
470 0.313110406695
471 0.314147382842
472 0.315185670395
473 0.316225270424
474 0.317266184019
475 0.318308412284
476 0.319351956343
477 0.320396817336
478 0.321431205538
479 0.32247864299
480 0.323527400676
481 0.324565507071
482 0.3256168473
483 0.326669511213
484 0.327711343504
485 0.328766596342
486 0.329810896758
487 0.33086874279
488 0.331915514783
489 0.332975958409
490 0.334025205558
491 0.335075660678
492 0.336139977317
493 0.337192912976
494 0.338247059039
495 0.339302416276
496 0.340358985471
497 0.341429736134
498 0.342488795158
499 0.343549068799
500 0.344610557901
501 0.345673263321
502 0.346737185932
503 0.347802326621
504 0.348868686291
505 0.349936265857
506 0.351005066251
507 0.352075088419
508 0.353146333321
509 0.354205056636
510 0.355278683778
511 0.356353536398
512 0.357429615511
513 0.358492912684
514 0.359571380836
515 0.360651078395
516 0.361717796974
517 0.36279988885
518 0.363883213174
519 0.3649533596
520 0.366039083769
521 0.367111496944
522 0.368199624629
523 0.369274307392
524 0.370364842374
525 0.371441797667
526 0.372519856462
527 0.373613974707
528 0.374694310421
529 0.37579084566
530 0.376873461495
531 0.377957184174
532 0.379042014317
533 0.380143324724
534 0.381230441254
535 0.382318667398
536 0.383408003823
537 0.384498451211
538 0.385590010253
539 0.386698476585
540 0.387792331948
541 0.388887301338
542 0.389983385496
543 0.391080585176
544 0.392178901142
545 0.393278334173
546 0.394378885057
547 0.395480554597
548 0.396566902652
549 0.397670739048
550 0.398775696349
551 0.399881775404
552 0.400988977074
553 0.402097302232
554 0.403206751763
555 0.404300372806
556 0.405411999287
557 0.406524752636
558 0.407621458217
559 0.408736392929
560 0.409852457111
561 0.410952252328
562 0.41207050249
563 0.413189884825
564 0.414292775069
565 0.415414348205
566 0.416519280167
567 0.417643047276
568 0.418750023277
569 0.41987598762
570 0.420985010063
571 0.422113174991
572 0.423224246364
573 0.424354615314
574 0.425467738189
575 0.426600314688
576 0.427715491721
577 0.428831658486
578 0.429967513315
579 0.431085738154
580 0.432204954397
581 0.433344095276
582 0.434465373696
583 0.435587645282
584 0.436710910567
585 0.43785441827
586 0.438979751337
587 0.440106079984
588 0.441233404785
589 0.442361726322
590 0.443491045187
591 0.444641088779
592 0.445772484213
593 0.446904879033
594 0.448038273873
595 0.449172669371
596 0.45030806618
597 0.451444464958
598 0.452581866376
599 0.453720271111
600 0.454859679854
601 0.456000093301
602 0.457141512162
603 0.458283937152
604 0.459427369
605 0.460571808442
606 0.461717256224
607 0.462842677451
608 0.463990060426
609 0.465138453803
610 0.466287858365
611 0.467438274905
612 0.468589704227
613 0.469720608552
614 0.470873980726
615 0.472028367908
616 0.473183770941
617 0.474318313242
618 0.475475664441
619 0.476634033828
620 0.477771289111
621 0.478931610723
622 0.480092952945
623 0.481232925704
624 0.482396224368
625 0.483560546146
626 0.484703241101
627 0.485869523699
628 0.487014007828
629 0.488182254096
630 0.48935152775
631 0.490498742226
632 0.491669984191
633 0.492818993113
634 0.493992206413
635 0.495143011915
636 0.496318199643
637 0.497470803925
638 0.498647969243
639 0.499802374569
640 0.500957637409
641 0.502137729408
642 0.503294796585
643 0.504476874137
644 0.505635748077
645 0.506795481886
646 0.507980497779
647 0.509142041882
648 0.510304447317
649 0.511492408702
650 0.512656628104
651 0.51382171037
652 0.514987655948
653 0.516179524675
654 0.517347289187
655 0.518515918635
656 0.519685413501
657 0.520881202559
658 0.522052521574
659 0.523224707719
660 0.524397761506
661 0.525571683453
662 0.526746474086
663 0.52794812066
664 0.529124743495
665 0.530302236866
666 0.531480601327
667 0.53265983744
668 0.533839945776
669 0.535020926912
670 0.536202781431
671 0.537385509925
672 0.538569112994
673 0.539753591243
674 0.540938945285
675 0.542125175742
676 0.54331228324
677 0.544500268416
678 0.545689131912
679 0.546878874377
680 0.548069496468
681 0.549260998849
682 0.550453382192
683 0.551646647176
684 0.552840794485
685 0.554035824814
686 0.555231738861
687 0.556400248887
688 0.557597833638
689 0.558796304012
690 0.559995660737
691 0.561195904549
692 0.562397036191
693 0.563570175678
694 0.564772984939
695 0.565976684059
696 0.567181273808
697 0.568386754966
698 0.56956374827
699 0.570770913105
700 0.57197897148
701 0.573187924203
702 0.574367989249
703 0.575578630643
704 0.5767901686
705 0.577972517715
706 0.57918574811
707 0.580399877344
708 0.58158451451
709 0.582800340067
710 0.584017066801
711 0.585203996165
712 0.586422423226
713 0.587610849781
714 0.588830979742
715 0.590052014829
716 0.591242740641
717 0.592465482828
718 0.593657710314
719 0.594882162303
720 0.596075893251
721 0.597302057796
722 0.598529133228
723 0.599725173948
724 0.600953966409
725 0.602151515496
726 0.603382027869
727 0.60458108728
728 0.605780850909
729 0.607013894234
730 0.608215170979
731 0.609449941393
732 0.610652733326
733 0.611889233889
734 0.613093543131
735 0.614331776954
736 0.615537605671
737 0.61674414223
738 0.617984926323
739 0.619192985463
740 0.620401753679
741 0.621645094567
742 0.622855388574
743 0.624066392942
744 0.625312297311
745 0.626524830783
746 0.627738075949
747 0.628986550653
748 0.630201328339
749 0.631416819102
750 0.632667871159
751 0.633884897961
752 0.635102639273
753 0.63632109551
754 0.637575556837
755 0.638795553802
756 0.640016267189
757 0.641237697433
758 0.642495580495
759 0.643718556338
760 0.644942250601
761 0.646166663738
762 0.647391796211
763 0.64865394517
764 0.64988062946
765 0.65110803473
766 0.652336161461
767 0.653565010139
768 0.654794581256
769 0.656024875309
770 0.657292982812
771 0.658524837658
772 0.659757417196
773 0.660990721945
774 0.662224752427
775 0.663459509171
776 0.66469499271
777 0.665931203581
778 0.66716814233
779 0.668405809503
780 0.669644205655
781 0.670883331345
782 0.672123187137
783 0.673363773599
784 0.674605091307
785 0.675847140838
786 0.677089922778
787 0.678333437717
788 0.679577686247
789 0.680822668971
790 0.682068386491
791 0.683314839419
792 0.684562028369
793 0.685809953961
794 0.687058616821
795 0.688308017578
796 0.689558156868
797 0.690809035332
798 0.692060653614
799 0.693313012366
800 0.694566112243
801 0.695819953906
802 0.697033699771
803 0.698288905839
804 0.699544855456
805 0.700801549302
806 0.702058988064
807 0.703317172431
808 0.7045761031
809 0.705794096244
810 0.707054398724
811 0.70831544937
812 0.709577248898
813 0.710839798028
814 0.71206080323
815 0.713324729607
816 0.714589407523
817 0.71585483772
818 0.717121020941
819 0.718345047857
820 0.719612613993
821 0.720880935164
822 0.722150012133
823 0.723376440018
824 0.724646904506
825 0.725918126859
826 0.727190107863
827 0.728418943163
828 0.729692316436
829 0.730966450483
830 0.732197065693
831 0.733472595545
832 0.734748888337
833 0.736025944887
834 0.737258979227
835 0.738537436588
836 0.739816659932
837 0.741051482882
838 0.742332110762
839 0.743568087493
840 0.744850122271
841 0.746132926741
842 0.747370698284
843 0.748654913511
844 0.749939900766
845 0.751179471127
846 0.752465873079
847 0.753706603583
848 0.754994422734
849 0.75628301781
850 0.757525553825
851 0.758815570173
852 0.760059270514
853 0.761350710723
854 0.762595577027
855 0.763888443721
856 0.765182091935
857 0.766428773494
858 0.767723852452
859 0.768971704437
860 0.77026821685
861 0.771517241009
862 0.772815189623
863 0.774065387735
864 0.775364775329
865 0.776616149206
866 0.777916978595
867 0.779169530079
868 0.780471804111
869 0.781725535076
870 0.783029256634
871 0.784284168985
872 0.785589340986
873 0.786845436659
874 0.788152062055
875 0.789409343016
876 0.790667151986
877 0.791975893042
878 0.793234890071
879 0.794545091785
880 0.795805278918
881 0.797116944359
882 0.798378323672
883 0.799640233655
884 0.800954029543
885 0.802217134636
886 0.803532401807
887 0.804796704161
888 0.806061539162
889 0.807378947602
890 0.808644982909
891 0.809911552048
892 0.811231108236
893 0.812498880791
894 0.813767188395
895 0.81508889892
896 0.816358413117
897 0.817628463612
898 0.818952335172
899 0.820223595505
900 0.821495393416
901 0.822821432818
902 0.824094443878
903 0.825367993828
904 0.826696207988
905 0.827970974465
906 0.829246281175
907 0.830576677119
908 0.831853203801
909 0.833130272091
910 0.834407882378
911 0.835741148725
912 0.837019983513
913 0.838299361714
914 0.83957928373
915 0.840915432682
916 0.842196583845
917 0.843478280281
918 0.844760522405
919 0.846099566414
920 0.847383042446
921 0.848667065665
922 0.849951636501
923 0.851236755383
924 0.85257939789
925 0.853865756667
926 0.855152665042
927 0.856440123461
928 0.857728132371
929 0.859074393009
930 0.860363647978
931 0.86165345504
932 0.862943814658
933 0.864234727294
934 0.865526193417
935 0.866876791215
936 0.868169510926
937 0.869462785787
938 0.87075661628
939 0.872051002888
940 0.873345946098
941 0.8746414464
942 0.875997114744
943 0.877293877652
944 0.878591199387
945 0.879889080453
946 0.881187521358
947 0.882486522609
948 0.883786084722
949 0.885086208213
950 0.8863868936
951 0.887688141407
952 0.889051054615
953 0.890353578273
954 0.891656666187
955 0.892960318891
956 0.894264536925
957 0.895569320832
958 0.896874671156
959 0.898180588445
960 0.899487073253
961 0.900794126133
962 0.902101747644
963 0.903409938348
964 0.904718698807
965 0.906028029591
966 0.907337931269
967 0.908648404417
968 0.90995944961
969 0.911271067429
970 0.912583258458
971 0.913896023283
972 0.915209362494
973 0.916523276683
974 0.917837766448
975 0.919152832386
976 0.920468475101
977 0.921784695197
978 0.923101493285
979 0.924418869974
980 0.925736825881
981 0.927055361623
982 0.928374477822
983 0.929694175102
984 0.931014454091
985 0.932335315419
986 0.93365675972
987 0.934978787631
988 0.936301399792
989 0.937624596847
990 0.938948379441
991 0.940272748225
992 0.941597703851
993 0.942923246975
994 0.944181781955
995 0.94550834189
996 0.946835491044
997 0.948163230087
998 0.949491559688
999 0.950820480524
