50 0.000645821646932
51 0.000927454166717
52 0.00129637006135
53 0.00176736210422
54 0.00235987369449
55 0.00308616153895
56 0.00396937280382
57 0.00501066228149
58 0.00623368778978
59 0.00764313682582
60 0.0092358079548
61 0.0110448924358
62 0.013071680523
63 0.0152785227121
64 0.0177099760204
65 0.0203582879165
66 0.0232087206324
67 0.0262390326275
68 0.0294804725489
69 0.0329163039609
70 0.0365239458241
71 0.0402748858406
72 0.0442266740959
73 0.0482641038029
74 0.0524514557721
75 0.0567654625624
76 0.0611792502592
77 0.0656351962106
78 0.0702109354212
79 0.074871706365
80 0.0795765982605
81 0.0843312120619
82 0.0891285786953
83 0.093964026568
84 0.0988148591212
85 0.103657060978
86 0.108533178929
87 0.113378964589
88 0.118219589051
89 0.123036338688
90 0.127836443364
91 0.132602980257
92 0.137347116893
93 0.142024454965
94 0.146677905815
95 0.151263421464
96 0.155830136511
97 0.160301145217
98 0.164729015724
99 0.169103221594
100 0.173413120491
101 0.1776849505
102 0.181872743488
103 0.185965705543
104 0.190032129524
105 0.194025938742
106 0.19793888751
107 0.201804734323
108 0.205574916319
109 0.20928483363
110 0.212928717421
111 0.216500820016
112 0.220041193454
113 0.223453358798
114 0.226871115286
115 0.230149439522
116 0.233426417082
117 0.236602187058
118 0.239721216402
119 0.242780119584
120 0.245775540547
121 0.248704158628
122 0.251562694486
123 0.254400825893
124 0.257163602097
125 0.259847853816
126 0.262505069413
127 0.265078673637
128 0.267621306502
129 0.270075375352
130 0.272494636255
131 0.274877709517
132 0.277223222969
133 0.279471677025
134 0.281737519171
135 0.28390269306
136 0.286024032066
137 0.288100248172
138 0.290190422707
139 0.292173006606
140 0.294106694474
141 0.296051841995
142 0.297946456319
143 0.299789331567
144 0.301579284438
145 0.303315155485
146 0.305059256116
147 0.306683924839
148 0.308379436415
149 0.309953312254
150 0.311533082718
151 0.313053546396
152 0.314579094642
153 0.31604389525
154 0.317512976486
155 0.318919900112
156 0.320263687676
157 0.321610284061
158 0.322892414081
159 0.32417658967
160 0.325462699395
161 0.326682673282
162 0.327903831871
163 0.329057607699
164 0.330211839971
165 0.331297492956
166 0.332382898351
167 0.333467936266
168 0.334482906762
169 0.335496832653
170 0.33643960717
171 0.337450873406
172 0.338390343011
173 0.339257311442
174 0.340192611973
175 0.34105480271
176 0.341843230723
177 0.342699825308
178 0.343482089689
179 0.344261024664
180 0.344964761402
181 0.345736552298
182 0.346432627182
183 0.347124644303
184 0.347740165993
185 0.348423626611
186 0.349030129353
187 0.34963191986
188 0.350228908328
189 0.350821007031
190 0.351335045086
191 0.351843797475
192 0.352347186276
193 0.352845135882
194 0.353337573038
195 0.353750839036
196 0.354231940976
197 0.354633554792
198 0.355029208362
199 0.355418844241
200 0.35572840829
201 0.356105768001
202 0.356402814562
203 0.356693503725
204 0.357052053694
205 0.357329965704
206 0.357527030529
207 0.357791906469
208 0.358050245812
209 0.358227501165
210 0.358398079261
211 0.358636549479
212 0.358793750387
213 0.358944222107
214 0.359087952575
215 0.359150221055
216 0.359280415082
217 0.359403846988
218 0.35944574138
219 0.359555619676
220 0.359583933868
221 0.359605464249
222 0.359620220699
223 0.359628215127
224 0.359629461432
225 0.359623975453
226 0.359611774931
227 0.359518091918
228 0.359492528212
229 0.359385555529
230 0.35934672676
231 0.359226574871
232 0.359099892083
233 0.359041385042
234 0.358901714317
235 0.358755617219
236 0.358603131921
237 0.358444297951
238 0.358204641839
239 0.358033269969
240 0.357855676998
241 0.357671907418
242 0.357407658318
243 0.357211714209
244 0.356935484494
245 0.35672756175
246 0.356439556187
247 0.356145772324
248 0.355920288919
249 0.355615050861
250 0.355304200736
251 0.354987795803
252 0.354665893971
253 0.354338553768
254 0.354005834296
255 0.353667795195
256 0.353324496607
257 0.352975999135
258 0.352622363814
259 0.35219038885
260 0.351826738117
261 0.351458135887
262 0.35101162654
263 0.350633387436
264 0.350177541249
265 0.349789920689
266 0.349324997668
267 0.348928252397
268 0.348454513532
269 0.348048901157
270 0.347566607971
271 0.347080186339
272 0.346589702503
273 0.346167217928
274 0.345668704431
275 0.345166326148
276 0.344660148924
277 0.344150238448
278 0.343636660228
279 0.343119479578
280 0.342598761595
281 0.34207457114
282 0.341546972823
283 0.341016030986
284 0.340481809683
285 0.339873671593
286 0.339333194738
287 0.338789629362
288 0.338243038215
289 0.337693483691
290 0.337070909773
291 0.336515729674
292 0.33595777169
293 0.33532734131
294 0.334764126795
295 0.334128810153
296 0.333560581175
297 0.332920620564
298 0.332347615537
299 0.331703249424
300 0.331125702972
301 0.330477165882
302 0.329895308727
303 0.329242831128
304 0.328588536457
305 0.328000698194
306 0.327342801287
307 0.326683254601
308 0.326089932568
309 0.325427112253
310 0.324762804511
311 0.324164481646
312 0.323497219018
313 0.322828626292
314 0.322158754873
315 0.321487655593
316 0.320815378708
317 0.320208570357
318 0.319533946424
319 0.318858291987
320 0.31818165501
321 0.317504082877
322 0.316825622398
323 0.316146319807
324 0.315466220763
325 0.314785370351
326 0.314103813085
327 0.313421592905
328 0.312738753183
329 0.312055336724
330 0.311371385765
331 0.310686941981
332 0.310002046485
333 0.309252408637
334 0.308586128596
335 0.307887410548
336 0.307194846921
337 0.306495682366
338 0.30579635882
339 0.305096913551
340 0.304397383279
341 0.303697804183
342 0.302991909607
343 0.302292353804
344 0.301586581434
345 0.300880928837
346 0.300181673244
347 0.299476345551
348 0.298765022248
349 0.298060178715
350 0.297355617361
351 0.296651369136
352 0.295941308845
353 0.295231651478
354 0.294528552596
355 0.29381977414
356 0.293111485451
357 0.292403714504
358 0.291690421575
359 0.290983782839
360 0.29027774292
361 0.289566304874
362 0.288861555082
363 0.288151487401
364 0.287442149563
365 0.286733565814
366 0.286031709356
367 0.285318755362
368 0.284612574959
369 0.283907241258
370 0.283202776343
371 0.282493325958
372 0.281790677818
373 0.281083115621
374 0.280382367563
375 0.279676775162
376 0.278972204595
377 0.278268675052
378 0.277566205343
379 0.276864813891
380 0.276164518744
381 0.275465337578
382 0.274761572598
383 0.274064685444
384 0.273363277065
385 0.272668750169
386 0.271969763118
387 0.271277659904
388 0.27058115612
389 0.269885923577
390 0.269191976719
391 0.268499329664
392 0.267807996202
393 0.267117989807
394 0.266429323635
395 0.265736483155
396 0.265050549924
397 0.264365994504
398 0.263677344286
399 0.262995594182
400 0.262309800687
401 0.261625459321
402 0.260948008437
403 0.260266588949
404 0.25958665286
405 0.258908210036
406 0.258231270073
407 0.257555842308
408 0.256881935815
409 0.256209559414
410 0.255538721671
411 0.254864129677
412 0.254196407852
413 0.253530248881
414 0.252860400808
415 0.252197403888
416 0.251530759984
417 0.250865735455
418 0.250207541143
419 0.249545761122
420 0.248885619596
421 0.248227122499
422 0.247570275552
423 0.246920220156
424 0.246266676257
425 0.245609689745
426 0.244959496529
427 0.244310979036
428 0.243664141796
429 0.243018989151
430 0.242370483899
431 0.241728726084
432 0.241088664759
433 0.240445302233
434 0.239808657826
435 0.239168745462
436 0.238535530949
437 0.237899080913
438 0.237264372796
439 0.236636331101
440 0.236005101093
441 0.235375620133
442 0.23474789028
443 0.234121913444
444 0.233497691391
445 0.232875225743
446 0.23225451798
447 0.231635569446
448 0.231018381348
449 0.23040295476
450 0.229789290626
451 0.229172622919
452 0.228562498698
453 0.22795413896
454 0.227342815367
455 0.226737998382
456 0.226134946813
457 0.225528969699
458 0.22492946159
459 0.224327052743
460 0.223726433855
461 0.223132245567
462 0.222535192692
463 0.221939928119
464 0.221351055133
465 0.220759352451
466 0.220169435506
467 0.219581303238
468 0.218994954493
469 0.218410388028
470 0.217827602507
471 0.217246596508
472 0.216667368523
473 0.216089916958
474 0.21551424014
475 0.21494033631
476 0.214368203634
477 0.213797840197
478 0.213224808888
479 0.212657989678
480 0.212092933479
481 0.211525238313
482 0.210963713122
483 0.210403944072
484 0.209841564
485 0.209285311496
486 0.208726466103
487 0.208173719824
488 0.207618398395
489 0.207069147526
490 0.20651733886
491 0.205967287949
492 0.205423264544
493 0.204876708696
494 0.204331901452
495 0.203788839643
496 0.20324752005
497 0.202712155771
498 0.202174299565
499 0.201638175659
500 0.201103780641
501 0.200571111055
502 0.2000401634
503 0.199510934134
504 0.198983419672
505 0.198457616388
506 0.197933520616
507 0.197411128653
508 0.196890436756
509 0.196367356665
510 0.195850064291
511 0.195334460508
512 0.194820541433
513 0.194304261579
514 0.19379371076
515 0.193284832773
516 0.192773613875
517 0.19226808001
518 0.191764206829
519 0.191258012029
520 0.190757458317
521 0.190254595555
522 0.189757344588
523 0.189257796902
524 0.188763831758
525 0.188267581994
526 0.187772979845
527 0.187283916389
528 0.186792586067
529 0.186306765308
530 0.185818689233
531 0.185332238701
532 0.184847409229
533 0.18436803113
534 0.18388642024
535 0.183406416892
536 0.182928016538
537 0.182451214615
538 0.181976006548
539 0.181506163035
540 0.181034119078
541 0.180563655202
542 0.180094766782
543 0.179627449181
544 0.17916169775
545 0.178697507833
546 0.178234874762
547 0.177773793862
548 0.177310572351
549 0.176852591258
550 0.176396148228
551 0.175941238555
552 0.175487857526
553 0.175036000421
554 0.174585662518
555 0.174133217076
556 0.173685912684
557 0.173240113259
558 0.172792219942
559 0.172349425431
560 0.171908121618
561 0.171464737249
562 0.171026409696
563 0.17058955855
564 0.170150639885
565 0.169716736308
566 0.169280773758
567 0.168849798594
568 0.168416772878
569 0.167988706968
570 0.16755859881
571 0.167133423001
572 0.16670621313
573 0.166283908277
574 0.165859577435
575 0.16544012441
576 0.165018653358
577 0.164598609362
578 0.164183402571
579 0.163766189519
580 0.163350389072
581 0.162939385513
582 0.162526387231
583 0.162114787137
584 0.161704580428
585 0.161299117289
586 0.160891674478
587 0.160485610697
588 0.160080921161
589 0.159677601095
590 0.159275645726
591 0.158878354926
592 0.158479106363
593 0.158081208253
594 0.157684655853
595 0.157289444426
596 0.156895569243
597 0.156503025584
598 0.156111808735
599 0.15572191399
