50 0.0250020811191
51 0.0262272470168
52 0.0274838116297
53 0.028770698994
54 0.0300929854059
55 0.0314457478005
56 0.0328365840113
57 0.0342538189774
58 0.0357066950865
59 0.037190638377
60 0.0386998771602
61 0.0402485487041
62 0.0418333896778
63 0.0434377762627
64 0.0450803717929
65 0.046757829198
66 0.0484659484154
67 0.0501995940944
68 0.0519706358534
69 0.0537757695258
70 0.0556109321275
71 0.057471235868
72 0.0593746417396
73 0.0612939159894
74 0.0632486063272
75 0.0652354708611
76 0.0672506333404
77 0.0692830026573
78 0.0713538451389
79 0.0734572202634
80 0.0755858170777
81 0.0777432525175
82 0.0799300423833
83 0.08214714089
84 0.0843911056196
85 0.0866579783743
86 0.0889596671898
87 0.0912822429353
88 0.0936332167947
89 0.0960093148026
90 0.098413556061
91 0.100842802028
92 0.103300942548
93 0.105777306987
94 0.108283895342
95 0.110809652085
96 0.113368552064
97 0.115939853094
98 0.118538479778
99 0.1211618959
100 0.123807270097
101 0.126482715972
102 0.129174511499
103 0.131878914707
104 0.13461739591
105 0.137375436411
106 0.140149993469
107 0.14295218066
108 0.145765125528
109 0.148600591225
110 0.151456267668
111 0.154329631992
112 0.157235443816
113 0.160136394464
114 0.163083824132
115 0.166019860729
116 0.168999530569
117 0.171981383447
118 0.174983112649
119 0.178002723391
120 0.181038063452
121 0.184086819893
122 0.187146516485
123 0.190240179855
124 0.193341011631
125 0.196446076471
126 0.199580515352
127 0.202714579342
128 0.205874907764
129 0.209029709462
130 0.212207181622
131 0.215406296711
132 0.218625946678
133 0.221830083245
134 0.225086123098
135 0.228321943097
136 0.231570893832
137 0.234831380044
138 0.238141803992
139 0.241421309555
140 0.244707040155
141 0.248040468003
142 0.251378408062
143 0.254718761383
144 0.258059335832
145 0.261397847182
146 0.264781281843
147 0.268109668363
148 0.271532282643
149 0.274894711402
150 0.278299249113
151 0.281691284588
152 0.285124988963
153 0.288543054078
154 0.292002204616
155 0.295442354302
156 0.298860355815
157 0.302316860747
158 0.305747481577
159 0.309215571197
160 0.312722007995
161 0.316198001808
162 0.319711133338
163 0.323189559831
164 0.326703751393
165 0.330178758896
166 0.333687996142
167 0.337232201237
168 0.340731673353
169 0.344264389501
170 0.347747391279
171 0.351347028613
172 0.354895036437
173 0.358387102686
174 0.361999401282
175 0.365553651987
176 0.369045362007
177 0.372660788115
178 0.376211379652
179 0.379791381502
180 0.383300647092
181 0.386939311765
182 0.390504725606
183 0.394098082023
184 0.397611945348
185 0.401260820612
186 0.404827473468
187 0.408420285293
188 0.412039706743
189 0.41568619822
190 0.419240927996
191 0.422819750553
192 0.426423059544
193 0.430051256636
194 0.433704751699
195 0.437254843594
196 0.440958121089
197 0.444554736728
198 0.448174158204
199 0.45181674046
200 0.455343531038
201 0.459031395541
202 0.462599996433
203 0.466188939491
204 0.469946210393
205 0.473578872081
206 0.477080815602
207 0.48075414811
208 0.484449360411
209 0.488008219227
210 0.491585162184
211 0.495343340339
212 0.498959410236
213 0.502594344452
214 0.506248402408
215 0.509749913356
216 0.513440684058
217 0.517151352737
218 0.520703331743
219 0.524452211666
220 0.528038225153
221 0.531640439698
222 0.535259061654
223 0.538894300467
224 0.542546368728
225 0.546215482222
226 0.54990185998
227 0.553405515531
228 0.557124580997
229 0.560656481214
230 0.564409035437
231 0.567969886777
232 0.5715442692
233 0.575347282974
234 0.578951688164
235 0.582570132794
236 0.586202782561
237 0.589849805386
238 0.593283765188
239 0.596957435555
240 0.600645969473
241 0.604349543721
242 0.607830348162
243 0.61156182533
244 0.615065638793
245 0.618825644694
246 0.622353001293
247 0.625891043128
248 0.629693624937
249 0.633256012398
250 0.636829458271
251 0.640414082324
252 0.644010005729
253 0.647617351071
254 0.65123624237
255 0.654866805091
256 0.658509166162
257 0.66216345399
258 0.665829798478
259 0.669224389639
260 0.672912350101
261 0.676612740301
262 0.680033297427
263 0.683755988924
264 0.687193444119
265 0.690938890075
266 0.694393611198
267 0.698162274455
268 0.70163463735
269 0.705426990621
270 0.70891737926
271 0.712415511573
272 0.715921465649
273 0.719759439381
274 0.723284167397
275 0.726816976589
276 0.730357948328
277 0.733907164775
278 0.737464708886
279 0.741030664423
280 0.744605115952
281 0.748188148855
282 0.751779849337
283 0.755380304425
284 0.758989601985
285 0.762247600826
286 0.765871698838
287 0.76950488518
288 0.773147250911
289 0.776798887956
290 0.780084095356
291 0.783751291885
292 0.787428016972
293 0.790729151303
294 0.794421890934
295 0.79773297359
296 0.801442023297
297 0.80476327484
298 0.808488935129
299 0.811820579947
300 0.815563156361
301 0.818905422703
302 0.822665225885
303 0.8260183459
304 0.82937545116
305 0.833159901438
306 0.836528197795
307 0.839900624093
308 0.843710379695
309 0.847094342715
310 0.850482583945
311 0.854318318712
312 0.857718450608
313 0.861123012603
314 0.864532050576
315 0.867945610744
316 0.871363739657
317 0.875249665387
318 0.878680378712
319 0.882115819687
320 0.885556036327
321 0.889001076988
322 0.892450990368
323 0.895905825511
324 0.899365631805
325 0.902830458984
326 0.906300357131
327 0.909775376678
328 0.913255568405
329 0.916740983447
330 0.920231673289
331 0.923727689773
332 0.927229085096
333 0.930217706472
334 0.933882892836
335 0.93729316806
336 0.940760463091
337 0.944179437014
338 0.947602651214
339 0.951030149319
340 0.954461975235
341 0.957898173144
342 0.961283786547
343 0.964728500502
344 0.968122000273
345 0.971519327016
346 0.974976956887
347 0.978382420151
348 0.981734674688
349 0.985147716139
350 0.988564789183
351 0.991985935473
352 0.995352577761
353 0.998722643057
354 1.00215551595
355 1.00553290617
356 1.00891383392
357 1.01229833727
358 1.01562563214
359 1.01901702892
360 1.02241211515
361 1.02574899227
362 1.02915119662
363 1.03249452007
364 1.03584093484
365 1.03919047585
366 1.04260698603
367 1.04589907716
368 1.04925820821
369 1.05262060698
370 1.0559863093
371 1.05928965157
372 1.06266168434
373 1.06597066593
374 1.06934916826
375 1.07266392284
376 1.07598142359
377 1.07930170291
378 1.08262479336
379 1.08595072764
380 1.0892795386
381 1.09261125926
382 1.09587599924
383 1.09921324671
384 1.10248280285
385 1.10582570491
386 1.10910019968
387 1.11244888526
388 1.11572844223
389 1.11901038154
390 1.12229473305
391 1.12558152674
392 1.1288707927
393 1.13216256118
394 1.13545686253
395 1.13867870273
396 1.14197776045
397 1.1452794414
398 1.1485075558
399 1.1518141706
400 1.15504647864
401 1.15828072753
402 1.16159476083
403 1.16483337231
404 1.16807400754
405 1.17131669391
406 1.17456145892
407 1.17780833016
408 1.18105733533
409 1.18430850222
410 1.18756185874
411 1.19073597116
412 1.19399337906
413 1.19725305948
414 1.20043235131
415 1.20369624565
416 1.20687898578
417 1.2100632857
418 1.21333349423
419 1.21652139645
420 1.21971093388
421 1.22290213141
422 1.22609501398
423 1.22937600071
424 1.23257274388
425 1.23568402279
426 1.23888389675
427 1.24208558176
428 1.24528910324
429 1.24849448673
430 1.25161244283
431 1.25482120269
432 1.25803190024
433 1.26115398294
434 1.26436820497
435 1.26749301873
436 1.27071086383
437 1.27383850244
438 1.27696737923
439 1.28019062754
440 1.28332246958
441 1.28645561847
442 1.28959009679
443 1.29272592722
444 1.29586313247
445 1.29900173532
446 1.30214175861
447 1.30528322525
448 1.30842615819
449 1.31157058046
450 1.31471651513
451 1.31776573468
452 1.3209143272
453 1.32406450045
454 1.32711673016
455 1.3302696947
456 1.3334243088
457 1.3364797405
458 1.3396372803
459 1.34269481106
460 1.34575320827
461 1.34891508042
462 1.35197570273
463 1.355037253
464 1.35820365608
465 1.36126755833
466 1.36433245045
467 1.36739835277
468 1.3704652857
469 1.37353326965
470 1.37660232509
471 1.37967247255
472 1.38274373256
473 1.38581612573
474 1.38888967269
475 1.39196439411
476 1.39504031072
477 1.39811744328
478 1.40108570798
479 1.40416488325
480 1.40724533579
481 1.41021564237
482 1.41329825717
483 1.41638221094
484 1.41935473078
485 1.422440967
486 1.42541491121
487 1.42850350961
488 1.4314789536
489 1.43456999418
490 1.4375470136
491 1.44052462633
492 1.44361924741
493 1.44659854844
494 1.44957849775
495 1.45255911337
496 1.45554041337
497 1.45864108288
498 1.46162425901
499 1.4646081749
500 1.46759284869
501 1.4705782986
502 1.47356454283
503 1.47655159962
504 1.47953948724
505 1.48252822398
506 1.48551782817
507 1.48850831814
508 1.49149971227
509 1.49436785398
510 1.4973606456
511 1.50035439554
512 1.50334912227
513 1.50621882103
514 1.50921508651
515 1.51221238324
516 1.51508331493
517 1.51808225628
518 1.52108228354
519 1.52395459949
520 1.52695637765
521 1.52982954924
522 1.53283314864
523 1.5357072422
524 1.53871273335
525 1.54158781535
526 1.54446318683
527 1.54747140596
528 1.55034786486
529 1.55335815164
530 1.55623576474
531 1.55911374791
532 1.56199211691
533 1.56500626137
534 1.5678859166
535 1.57076600605
536 1.57364654554
537 1.57652755093
538 1.57940903808
539 1.58242923952
540 1.58531221084
541 1.58819571255
542 1.59107976057
543 1.59396437081
544 1.59684955922
545 1.59973534175
546 1.60262173437
547 1.60550875306
548 1.60825390463
549 1.61114174155
550 1.61403025155
551 1.61691945067
552 1.61980935494
553 1.62269998041
554 1.62559134316
555 1.62833758327
556 1.63122997998
557 1.63412316123
558 1.6368698255
559 1.63976413238
560 1.64265927115
561 1.64540649021
562 1.64830284646
563 1.65120008207
564 1.65394798672
565 1.65684653183
566 1.65959480973
567 1.66249472514
568 1.66524343339
569 1.66814477995
570 1.67089397573
571 1.67379681438
572 1.67654655491
573 1.67945094665
574 1.68220128919
575 1.68510729511
576 1.68785829697
577 1.69060941032
578 1.69351769678
579 1.69626955462
580 1.69902156525
581 1.70193226704
582 1.70468510743
583 1.70743814195
584 1.71019138409
585 1.71310534373
586 1.71585952889
587 1.71861396305
588 1.72136865974
589 1.72412363248
590 1.7268788948
591 1.72979792524
592 1.73255429982
593 1.73531100543
594 1.73806805561
595 1.7408254639
596 1.74358324384
597 1.74634140899
598 1.74909997288
599 1.75185894908
600 1.75461835113
601 1.7573781926
602 1.76013848706
603 1.76289924806
604 1.76566048917
605 1.76842222397
606 1.77118446603
607 1.77377577734
608 1.77653856786
609 1.77930190549
610 1.7820658038
611 1.78483027638
612 1.78759533684
613 1.79018652803
614 1.79295229283
615 1.79571868537
616 1.79848571928
617 1.80107691906
618 1.8038447607
619 1.80661328361
620 1.80920449856
621 1.81197390634
622 1.81474403532
623 1.81733537483
624 1.82010646584
625 1.82287831801
626 1.82546989145
627 1.82824278284
628 1.83083441059
629 1.83360839207
630 1.83638320102
631 1.83897524415
632 1.84175122042
633 1.84434343753
634 1.847120632
635 1.84971307062
636 1.85249153421
637 1.85508424186
638 1.85786402547
639 1.86045704966
640 1.86305000175
641 1.86583159246
642 1.86842493156
643 1.87120796867
644 1.87380174226
645 1.87639550078
646 1.87918053228
647 1.8817747957
648 1.88436907809
649 1.88715621582
650 1.88975107348
651 1.89234598412
652 1.89494095882
653 1.89773089622
654 1.90032653945
655 1.90292228072
656 1.9055181311
657 1.90831106455
658 1.91090767666
659 1.91350443182
660 1.9161013411
661 1.91869841555
662 1.92129566623
663 1.92409318335
664 1.92669133461
665 1.92928969599
666 1.93188827854
667 1.93448709328
668 1.93708615125
669 1.93968546348
670 1.94228504099
671 1.94488489481
672 1.94748503596
673 1.95008547545
674 1.9526862243
675 1.95528729351
676 1.9578886941
677 1.96049043706
678 1.96309253341
679 1.96569499414
680 1.96829783024
681 1.97090105271
682 1.97350467255
683 1.97610870073
684 1.97871314826
685 1.9813180261
686 1.98392334525
687 1.986316461
688 1.98892216161
689 1.99152833563
690 1.99413499404
691 1.99674214779
692 1.99934980787
693 2.00174216073
694 2.00435032742
695 2.00695903248
696 2.00956828687
697 2.01217810155
698 2.01457000892
699 2.01718043403
700 2.01979145145
701 2.0224030721
702 2.02479470099
703 2.02740701471
704 2.03001996365
705 2.03241136162
706 2.03502506513
707 2.0376394358
708 2.04003068949
709 2.04264587616
710 2.04526176193
711 2.0476529578
712 2.05026972093
713 2.05266075859
714 2.05527843943
715 2.05789687224
716 2.0602879952
717 2.06290740697
718 2.06529846591
719 2.06791889692
720 2.07030992919
721 2.07293141966
722 2.07555373586
723 2.07794505269
724 2.08056848948
725 2.08295987344
726 2.08558447099
727 2.08797595924
728 2.09036725724
729 2.09299338738
730 2.09538484469
731 2.09801223506
732 2.10040388876
733 2.10303257943
734 2.10542446653
735 2.10805449757
736 2.11044665505
737 2.11283870229
738 2.11547053129
739 2.11786290362
740 2.12025519205
741 2.12288890646
742 2.1252815746
743 2.12767418512
744 2.13030987229
745 2.13270291704
746 2.13509593041
747 2.13773367759
748 2.1401271796
749 2.14252067641
750 2.14516057077
751 2.14755461055
752 2.14994867126
753 2.15234276137
754 2.1549854578
755 2.15738016272
756 2.15977492309
757 2.16216974739
758 2.1648153982
759 2.16721090897
760 2.16960650963
761 2.17200220864
762 2.17439801442
763 2.17704742295
764 2.17944400419
765 2.18184071811
766 2.1842375731
767 2.18663457756
768 2.18903173989
769 2.19142906846
770 2.1940838916
771 2.19648211925
772 2.19888053895
773 2.20127915904
774 2.20367798789
775 2.20607703385
776 2.20847630527
777 2.21087581048
778 2.21327555782
779 2.21567555562
780 2.21807581221
781 2.22047633588
782 2.22287713497
783 2.22527821778
784 2.2276795926
785 2.23008126774
786 2.23248325148
787 2.2348855521
788 2.2372881779
789 2.23969113713
790 2.24209443807
791 2.244498089
792 2.24690209815
793 2.2493064738
794 2.25171122418
795 2.25411635755
796 2.25652188215
797 2.2589278062
798 2.26133413795
799 2.26374088561
800 2.26614805741
801 2.26855566158
802 2.27068872035
803 2.27309665011
804 2.27550503612
805 2.27791388658
806 2.28032320969
807 2.28273301363
808 2.28514330659
809 2.28727521874
810 2.28968594556
811 2.29209718518
812 2.29450894578
813 2.29692123551
814 2.2990524041
815 2.3014652043
816 2.30387855736
817 2.30629247142
818 2.30870695462
819 2.31083755933
820 2.31325262934
821 2.31566829214
822 2.31808455586
823 2.32021473714
824 2.32263164828
825 2.32504918393
826 2.3274673522
827 2.32959722325
828 2.33201609939
829 2.33443563168
830 2.33656521676
831 2.33898550182
832 2.34140646653
833 2.343828119
834 2.34595759037
835 2.34838005575
836 2.35080323234
837 2.35293256374
838 2.35535659792
839 2.35748569917
840 2.35991062021
841 2.3623362912
842 2.36446535526
843 2.36689195764
844 2.36931933333
845 2.37144842196
846 2.37387677348
847 2.37600573999
848 2.37843509645
849 2.38086526481
850 2.38299435791
851 2.38542557552
852 2.38755461346
853 2.38998690933
854 2.39211591861
855 2.3945493217
856 2.39698359043
857 2.39911286801
858 2.4015482881
859 2.40367760353
860 2.40611420387
861 2.40824358346
862 2.41068139291
863 2.41281086293
864 2.41524991029
865 2.41737949694
866 2.41981981101
867 2.42194954046
868 2.42439114999
869 2.42652104836
870 2.42896398207
871 2.43109407541
872 2.43353836199
873 2.43566867634
874 2.43811434445
875 2.44024490578
876 2.44237533339
877 2.4448228183
878 2.44695353121
879 2.44940246838
880 2.45153349246
881 2.45398391046
882 2.45611527152
883 2.45824654186
884 2.4606989227
885 2.46283056811
886 2.46528450026
887 2.46741654644
888 2.46954853236
889 2.47200453099
890 2.47413695561
891 2.47626933807
892 2.47872746476
893 2.48086032373
894 2.48299315858
895 2.48545347483
896 2.48758682391
897 2.48972016688
898 2.49218273405
899 2.49431662886
900 2.4964505355
901 2.49891541489
902 2.50104991091
903 2.50318443665
904 2.50565168945
905 2.50778684201
906 2.50992204213
907 2.51239172945
908 2.51452759375
909 2.51666352338
910 2.51879952411
911 2.52127233734
912 2.52340905151
913 2.52554585449
914 2.52768275199
915 2.53015879728
916 2.53229645734
917 2.53443422959
918 2.53657211972
919 2.53905150297
920 2.54119020462
921 2.54332904175
922 2.54546802003
923 2.54760714513
924 2.55009068561
925 2.55223068292
926 2.55437084456
927 2.55651117618
928 2.55865168343
929 2.56113954393
930 2.56328098385
931 2.56542261684
932 2.56756444851
933 2.56970648449
934 2.57184873038
935 2.57434185632
936 2.5764851069
937 2.57862858476
938 2.58077229547
939 2.58291624462
940 2.58506043779
941 2.58720488056
942 2.58970433004
943 2.59184986094
944 2.59399565868
945 2.59614172884
946 2.59828807696
947 2.60043470859
948 2.60258162926
949 2.60472884451
950 2.60687635988
951 2.60902418088
952 2.61153291392
953 2.61368194098
954 2.61583129081
955 2.61798096892
956 2.62013098081
957 2.62228133198
958 2.62443202792
959 2.62658307412
960 2.62873447606
961 2.63088623924
962 2.63303836911
963 2.63519087116
964 2.63734375085
965 2.63949701364
966 2.641650665
967 2.64380471037
968 2.64595915521
969 2.64811400496
970 2.65026926506
971 2.65242494096
972 2.65458103808
973 2.65673756185
974 2.65889451771
975 2.66105191106
976 2.66320974734
977 2.66536803195
978 2.6675267703
979 2.6696859678
980 2.67184562986
981 2.67400576187
982 2.67616636922
983 2.67832745731
984 2.68048903152
985 2.68265109725
986 2.68481365987
987 2.68697672475
988 2.68914029728
989 2.69130438283
990 2.69346898675
991 2.69563411442
992 2.69779977119
993 2.69996596242
994 2.7017472819
995 2.70391395375
996 2.70608117546
997 2.70824895237
998 2.71041728981
999 2.71258619313
