50 0.0480045583258
51 0.0506087094169
52 0.0532912119625
53 0.056048879898
54 0.0588978493673
55 0.0618228880847
56 0.0648483846476
57 0.0679373158689
58 0.0711194292804
59 0.0743802001741
60 0.0777008336257
61 0.0811276261855
62 0.0846503099189
63 0.0882139471975
64 0.0918803898084
65 0.095638819142
66 0.0994753082694
67 0.103372487772
68 0.107370560453
69 0.11145856416
70 0.115622724434
71 0.119846184274
72 0.124190904017
73 0.128562778707
74 0.133029418437
75 0.137579680079
76 0.142200022626
77 0.146851290208
78 0.151608226431
79 0.156450051099
80 0.161350836297
81 0.166323332111
82 0.171369348583
83 0.176492291126
84 0.18167978485
85 0.186917465501
86 0.192248202607
87 0.197621641829
88 0.203064843992
89 0.208565858519
90 0.214135595488
91 0.21976254882
92 0.225460870066
93 0.231191384831
94 0.236997990098
95 0.242839988279
96 0.248768749512
97 0.254707706467
98 0.260711806127
99 0.266771628612
100 0.272876608546
101 0.279056793158
102 0.285261159826
103 0.291475613349
104 0.297780002991
105 0.304120220129
106 0.310484804215
107 0.316915186861
108 0.323348235393
109 0.329827846256
110 0.336345324004
111 0.342891156084
112 0.349520647909
113 0.35609379212
114 0.362803204603
115 0.369431567386
116 0.376185509859
117 0.382909271188
118 0.38966930196
119 0.396458082091
120 0.403267496734
121 0.410088826897
122 0.416912743686
123 0.423825873202
124 0.430727392028
125 0.437606261604
126 0.444557071254
127 0.451467929982
128 0.458439053318
129 0.465350930072
130 0.47230961465
131 0.479311251697
132 0.486351688387
133 0.493295621398
134 0.50039618154
135 0.507382744641
136 0.51438055816
137 0.521383707859
138 0.52853603667
139 0.535534832008
140 0.542519358612
141 0.54964469293
142 0.556749397329
143 0.563825775111
144 0.570865815392
145 0.577861202542
146 0.584987033679
147 0.591871334735
148 0.599069437507
149 0.606007473828
150 0.613065606581
151 0.620041309897
152 0.627135407995
153 0.634135813424
154 0.641252410626
155 0.648263301879
156 0.655157362309
157 0.662158340028
158 0.669029310339
159 0.676003460963
160 0.683083775186
161 0.690018046274
162 0.69705415607
163 0.703929372068
164 0.710901573061
165 0.717697401993
166 0.724584849603
167 0.73156636314
168 0.73835244961
169 0.745226640428
170 0.75188849761
171 0.758940161976
172 0.765772944469
173 0.772372380471
174 0.779373468481
175 0.786134097777
176 0.79263936679
177 0.799557639927
178 0.806212915175
179 0.812943027977
180 0.81939077436
181 0.826269883305
182 0.832858373314
183 0.83951675219
184 0.845864313587
185 0.852661141089
186 0.859138341347
187 0.865679563039
188 0.872286196922
189 0.878959664649
190 0.885283069626
191 0.891663870479
192 0.898103261906
193 0.904602462934
194 0.911162717687
195 0.917336466683
196 0.92401617084
197 0.930299245832
198 0.936635559257
199 0.94302616864
200 0.948992194432
201 0.955488127481
202 0.961548960663
203 0.967655504055
204 0.97431368874
205 0.980520640574
206 0.98625813928
207 0.992556341411
208 0.998904738299
209 1.00476700038
210 1.01066828124
211 1.01715912227
212 1.02314697121
213 1.02917607084
214 1.03524716034
215 1.04078504065
216 1.04693562826
217 1.0531304018
218 1.05877437805
219 1.0650528812
220 1.0707686983
221 1.07651816447
222 1.08230185481
223 1.08812035164
224 1.0939742447
225 1.09986413135
226 1.10579061672
227 1.11109906687
228 1.11709359527
229 1.12245798021
230 1.12852274563
231 1.13394499741
232 1.13939368695
233 1.14556434183
234 1.15107380985
235 1.15661109333
236 1.16217663943
237 1.16777089989
238 1.17266556604
239 1.17831168906
240 1.18398783935
241 1.18969448723
242 1.19467612234
243 1.20043797827
244 1.20546219907
245 1.21128091708
246 1.21634914242
247 1.22143668093
248 1.22734008204
249 1.23247374111
250 1.23762769875
251 1.24280227048
252 1.24799777414
253 1.25321452995
254 1.25845286055
255 1.26371309108
256 1.26899554923
257 1.27430056531
258 1.27962847232
259 1.28410801153
260 1.28947550328
261 1.2948668386
262 1.29939019989
263 1.30482287217
264 1.30937464097
265 1.3148498002
266 1.31943093004
267 1.32494974168
268 1.32956119671
269 1.33512484238
270 1.33976759798
271 1.34442312904
272 1.34909163901
273 1.35474058808
274 1.35944228703
275 1.36415762279
276 1.36888680248
277 1.3736300341
278 1.37838752656
279 1.38315948969
280 1.38794613425
281 1.39274767202
282 1.39756431576
283 1.40239627928
284 1.40724377745
285 1.41105741377
286 1.41592946369
287 1.42081765031
288 1.4257221925
289 1.43064331032
290 1.43449694224
291 1.43944447466
292 1.44440919843
293 1.44828640103
294 1.45327864022
295 1.45717035794
296 1.46219082352
297 1.4660976201
298 1.47114702795
299 1.47506946904
300 1.4801485402
301 1.48408719358
302 1.48919665464
303 1.49315209047
304 1.49711306808
305 1.50226546493
306 1.50624405218
307 1.51022854995
308 1.51542540462
309 1.51942834391
310 1.52343756354
311 1.5286804141
312 1.53270891256
313 1.53674406261
314 1.54078597896
315 1.54483477632
316 1.54889056945
317 1.55422147068
318 1.55829816214
319 1.56238222355
320 1.56647377016
321 1.57057291729
322 1.57467978038
323 1.57879447494
324 1.58291711661
325 1.58704782115
326 1.59118670447
327 1.5953338826
328 1.59948947173
329 1.60365358823
330 1.60782634863
331 1.61200786966
332 1.61619826822
333 1.61902094533
334 1.62363726529
335 1.62757198883
336 1.63165294846
337 1.63560156973
338 1.63955695717
339 1.64351920985
340 1.64748842686
341 1.65146470737
342 1.65530442922
343 1.6592944492
344 1.66314675822
345 1.66700516866
346 1.67101617426
347 1.67488773124
348 1.6786179185
349 1.68250164463
350 1.68639192725
351 1.69028885741
352 1.69404208507
353 1.69780079537
354 1.70171683524
355 1.7054874254
356 1.70926375022
357 1.71304589283
358 1.71667949716
359 1.7204728494
360 1.72427226617
361 1.72792138607
362 1.73173249812
363 1.73539213696
364 1.73905682265
365 1.7427266307
366 1.7465614056
367 1.75008191576
368 1.75376754358
369 1.75745859542
370 1.76115514663
371 1.76469417785
372 1.76840127525
373 1.77194967208
374 1.77566760691
375 1.77922565107
376 1.78278829595
377 1.78635560959
378 1.78992765996
379 1.79350451495
380 1.79708624244
381 1.80067291023
382 1.8040942111
383 1.80769029005
384 1.81111982018
385 1.81472557186
386 1.81816358392
387 1.82177926944
388 1.82522601557
389 1.82867689678
390 1.83213197381
391 1.83559130735
392 1.839054958
393 1.84252298631
394 1.84599545275
395 1.84929349308
396 1.85277434962
397 1.85625982324
398 1.85956907619
399 1.86306329092
400 1.86638008911
401 1.86970042278
402 1.87320784394
403 1.87653605603
404 1.87986796694
405 1.88320363032
406 1.88654309976
407 1.88988642876
408 1.89323367075
409 1.89658487911
410 1.89994010714
411 1.90311002744
412 1.90647279095
413 1.90983973164
414 1.91301956375
415 1.91639434848
416 1.9195808264
417 1.92277038358
418 1.92615697856
419 1.92935347339
420 1.93255319039
421 1.93575617644
422 1.93896247835
423 1.942369301
424 1.94558302157
425 1.9486017462
426 1.95182177811
427 1.9550453588
428 1.95827253462
429 1.9615033519
430 1.96453617439
431 1.96777375375
432 1.97101511123
433 1.97405666849
434 1.97730505535
435 1.98035244276
436 1.98360803533
437 1.986661422
438 1.989717557
439 1.99298395058
440 1.99604633579
441 1.99911159198
442 2.00217975938
443 2.0052508781
444 2.00832498821
445 2.01140212967
446 2.0144823424
447 2.01756566623
448 2.02065214094
449 2.02374180624
450 2.02683470176
451 2.02971570167
452 2.03281452412
453 2.03591669364
454 2.03880516883
455 2.04191349342
456 2.04502528137
457 2.04792156117
458 2.05103973116
459 2.05394119053
460 2.05684498432
461 2.05997267405
462 2.06288186016
463 2.06579348453
464 2.0689310239
465 2.07184825209
466 2.07476802176
467 2.07769036667
468 2.08061532054
469 2.08354291701
470 2.08647318966
471 2.089406172
472 2.09234189746
473 2.09528039945
474 2.09822171128
475 2.10116586623
476 2.10411289749
477 2.10706283824
478 2.10978338725
479 2.11273859955
480 2.11569681889
481 2.11842385118
482 2.12138753214
483 2.12435431721
484 2.1270881062
485 2.1300605419
486 2.13279878494
487 2.13577699574
488 2.13851981132
489 2.14150392123
490 2.14425142733
491 2.14700101723
492 2.14999387412
493 2.15274832928
494 2.15550495334
495 2.15826377408
496 2.16102481926
497 2.16403240882
498 2.16679860637
499 2.16956711257
500 2.17233795492
501 2.17511116088
502 2.17788675786
503 2.18066477321
504 2.18344523421
505 2.18622816811
506 2.18901360211
507 2.19180156335
508 2.19459207893
509 2.19713334778
510 2.19992841607
511 2.20272611828
512 2.2055264813
513 2.20807520585
514 2.21088032846
515 2.21368819089
516 2.21624262091
517 2.21905539636
518 2.22187099024
519 2.22443134537
520 2.22725200488
521 2.22981623407
522 2.23264205955
523 2.23521025781
524 2.23804134926
525 2.24061361117
526 2.24318764127
527 2.24602648804
528 2.24860472173
529 2.25144908162
530 2.25403161254
531 2.25661602503
532 2.25920234118
533 2.26205735416
534 2.26464815125
535 2.26724091908
536 2.26983567954
537 2.27243245444
538 2.27503126559
539 2.2779026338
540 2.2805061976
541 2.28311186393
542 2.28571965441
543 2.28832959062
544 2.29094169408
545 2.29355598628
546 2.29617248867
547 2.29879122267
548 2.30113613105
549 2.30375876612
550 2.30638369552
551 2.30901094051
552 2.31164052231
553 2.31427246212
554 2.31690678108
555 2.31926307909
556 2.32190158462
557 2.32454253125
558 2.32690367818
559 2.32954893122
560 2.33219668699
561 2.33456285332
562 2.33721503467
563 2.33986978012
564 2.3422411352
565 2.34490042479
566 2.34727514014
567 2.34993905172
568 2.35231720043
569 2.35498581162
570 2.35736746647
571 2.36004085461
572 2.36242608808
573 2.36510433029
574 2.3674932146
575 2.37017638776
576 2.37256899483
577 2.37496319555
578 2.37765357711
579 2.38005160688
580 2.38245128167
581 2.38514903941
582 2.38755264895
583 2.38995795456
584 2.39236497286
585 2.39507260104
586 2.39748369338
587 2.39989654907
588 2.40231118457
589 2.40472761632
590 2.40714586074
591 2.40986850091
592 2.41229102538
593 2.41471541261
594 2.41714167891
595 2.41956984051
596 2.42199991365
597 2.42443191452
598 2.4268658593
599 2.42930176411
600 2.43173964508
601 2.43417951828
602 2.43662139979
603 2.43906530562
604 2.4415112518
605 2.44395925431
606 2.4464093291
607 2.44854910129
608 2.45100274471
609 2.45345850699
610 2.45591640398
611 2.45837645153
612 2.46083866545
613 2.46298699187
614 2.4654529553
615 2.46792113124
616 2.47039153542
617 2.4725456663
618 2.47501993885
619 2.47749648551
620 2.4796549781
621 2.48213548122
622 2.48461830414
623 2.48678128231
624 2.48926814936
625 2.49175738171
626 2.4939249686
627 2.49641833239
628 2.49858887244
629 2.50108642489
630 2.50358641771
631 2.50576176925
632 2.50826603743
633 2.51044447514
634 2.51295307551
635 2.51513465188
636 2.51764764113
637 2.51983240846
638 2.52234984312
639 2.52453785354
640 2.5267272182
641 2.52925109548
642 2.53144378012
643 2.53397224233
644 2.53616829864
645 2.53836577091
646 2.5409008814
647 2.54310180159
648 2.54530417431
649 2.54784605515
650 2.55005195169
651 2.55225933714
652 2.5544682233
653 2.55701909481
654 2.55923160474
655 2.56144565152
656 2.56366124684
657 2.56622132106
658 2.56844063954
659 2.57066154246
660 2.57288404144
661 2.57510814807
662 2.57733387393
663 2.57990780325
664 2.58213739926
665 2.58436865009
666 2.58660156723
667 2.58883616217
668 2.59107244638
669 2.5933104313
670 2.59555012837
671 2.597791549
672 2.60003470459
673 2.60227960653
674 2.60452626617
675 2.60677469487
676 2.60902490396
677 2.61127690477
678 2.61353070859
679 2.61578632672
680 2.61804377043
681 2.62030305098
682 2.62256417962
683 2.62482716759
684 2.62709202611
685 2.62935876638
686 2.6316273996
687 2.63353675908
688 2.63580859026
689 2.63808234684
690 2.64035803996
691 2.64263568075
692 2.64491528034
693 2.6468320276
694 2.64911495038
695 2.65139986416
696 2.65368678002
697 2.65597570903
698 2.65789879236
699 2.66019114784
700 2.6624855485
701 2.66478200537
702 2.66671022385
703 2.66901018896
704 2.67131224217
705 2.6732442775
706 2.67554989951
707 2.67785764143
708 2.67979357714
709 2.68210494821
710 2.68441847093
711 2.68635839015
712 2.68867560216
713 2.69061804233
714 2.69293898294
715 2.69526212748
716 2.69720868806
717 2.69953562104
718 2.70148479212
719 2.70381555261
720 2.70576736951
721 2.70810199651
722 2.71043890011
723 2.71239502688
724 2.71473585644
725 2.71669471764
726 2.71903951199
727 2.72100114257
728 2.72296389365
729 2.72531437529
730 2.72727994714
731 2.72963448923
732 2.73160291656
733 2.73396155769
734 2.73593287512
735 2.73829565383
736 2.74026989588
737 2.74224533209
738 2.74461405177
739 2.74659246337
740 2.74857209321
741 2.7509468369
742 2.7529294927
743 2.75491339071
744 2.75729424126
745 2.75928121561
746 2.76126945604
747 2.76365649609
748 2.76564786308
749 2.76764051991
750 2.77003383195
751 2.77202966539
752 2.77402681233
753 2.77602528039
754 2.77842685213
755 2.78042856267
756 2.78243161787
757 2.7844360253
758 2.78684599969
759 2.7888537152
760 2.79086280637
761 2.79287328072
762 2.79488514576
763 2.79730564816
764 2.79932090247
765 2.80133757077
766 2.80335566053
767 2.80537517922
768 2.80739613428
769 2.80941853316
770 2.81185385861
771 2.81387975904
772 2.81590712642
773 2.81793596817
774 2.81996629169
775 2.82199810437
776 2.8240314136
777 2.82606622676
778 2.82810255121
779 2.83014039432
780 2.83217976344
781 2.83422066592
782 2.83626310909
783 2.83830710029
784 2.84035264685
785 2.84239975607
786 2.84444843528
787 2.84649869178
788 2.84855053287
789 2.85060396583
790 2.85265899796
791 2.85471563653
792 2.85677388881
793 2.85883376209
794 2.86089526361
795 2.86295840064
796 2.86502318043
797 2.86708961022
798 2.86915769725
799 2.87122744877
800 2.87329887201
801 2.87537197418
802 2.87701591331
803 2.87909177433
804 2.88116933498
805 2.88324860247
806 2.88532958401
807 2.88741228679
808 2.889496718
809 2.89114780147
810 2.89323508391
811 2.89532411538
812 2.89741490304
813 2.89950745407
814 2.90116367871
815 2.90325914611
816 2.9053563974
817 2.90745543972
818 2.90955628025
819 2.91121779353
820 2.91332161529
821 2.9154272557
822 2.9175347219
823 2.91920047072
824 2.92131096951
825 2.9234233145
826 2.92553751282
827 2.92720758943
828 2.92932487155
829 2.93144402736
830 2.93311728274
831 2.93523956021
832 2.93736373171
833 2.93948980436
834 2.94116754726
835 2.94329679253
836 2.94542795926
837 2.94710899906
838 2.9492433761
839 2.9509264698
840 2.95306408163
841 2.95520364834
842 2.95689012158
843 2.95903296065
844 2.96117777484
845 2.96286767742
846 2.96501580149
847 2.96670784416
848 2.96885930246
849 2.97101276923
850 2.97270832318
851 2.9748651616
852 2.97656290897
853 2.97872314333
854 2.9804231051
855 2.98258675966
856 2.98475246909
857 2.98645605577
858 2.98862522271
859 2.99033107674
860 2.99250372541
861 2.99421186762
862 2.99638802221
863 2.99809847339
864 3.00027815806
865 3.00199093897
866 3.00417417787
867 3.00588930922
868 3.0080761265
869 3.00979362896
870 3.01198404873
871 3.01370394296
872 3.01589798934
873 3.01762029594
874 3.01981799301
875 3.02154273257
876 3.02326842541
877 3.02547129748
878 3.02719945335
879 3.02940603529
880 3.03113667467
881 3.03334699054
882 3.03508013392
883 3.03681426351
884 3.03902987559
885 3.04076653908
886 3.04298594418
887 3.04472516196
888 3.04646538925
889 3.04869017658
890 3.05043298797
891 3.05217682264
892 3.05440704317
893 3.05615349167
894 3.05790097722
895 3.06013668188
896 3.06188681092
897 3.06363799072
898 3.06587923042
899 3.06763308334
900 3.0693880007
901 3.07163482631
902 3.07339244637
903 3.0751511445
904 3.0774036069
905 3.07916503725
906 3.08092755929
907 3.08318570935
908 3.0849509931
909 3.08671738212
910 3.08848488069
911 3.09075045086
912 3.09252074986
913 3.09429217196
914 3.09606472144
915 3.09833779931
916 3.10011318785
917 3.10188971727
918 3.10366739184
919 3.10594806497
920 3.10772861718
921 3.10951032801
922 3.1112932017
923 3.11307724251
924 3.11536734754
925 3.11715431371
926 3.11894246043
927 3.12073179192
928 3.12252231244
929 3.12482198353
930 3.12661547704
931 3.12841017298
932 3.13020607554
933 3.13200318895
934 3.13380151743
935 3.13611269431
936 3.13791405254
937 3.13971663919
938 3.14152045848
939 3.1433255146
940 3.14513181176
941 3.14693935415
942 3.14926406876
943 3.1510747067
944 3.1528866032
945 3.15469976245
946 3.15651418865
947 3.15832988596
948 3.16014685858
949 3.16196511068
950 3.16378464645
951 3.16560547006
952 3.16794963996
953 3.16977365222
954 3.17159896562
955 3.17342558432
956 3.17525351249
957 3.1770827543
958 3.17891331392
959 3.18074519551
960 3.18257840323
961 3.18441294125
962 3.18624881372
963 3.1880860248
964 3.18992457865
965 3.19176447942
966 3.19360573127
967 3.19544833835
968 3.19729230482
969 3.19913763483
970 3.20098433251
971 3.20283240204
972 3.20468184754
973 3.20653267318
974 3.2083848831
975 3.21023848144
976 3.21209347234
977 3.21394985996
978 3.21580764844
979 3.21766684191
980 3.21952744453
981 3.22138946044
982 3.22325289377
983 3.22511774867
984 3.22698402928
985 3.22885173975
986 3.2307208842
987 3.23259146679
988 3.23446349165
989 3.23633696293
990 3.23821188476
991 3.24008826129
992 3.24196609665
993 3.24384539499
994 3.24517819324
995 3.247059795
996 3.2489428713
997 3.25082742627
998 3.25271346404
999 3.25460098877
