15.8665235575
50 1.0
51 1.0
52 1.0
53 1.0
54 1.0
55 1.0
56 1.0
57 1.0
58 1.0
59 1.0
60 1.0
61 1.0
62 1.0
63 1.0
64 1.0
65 1.0
66 1.0
67 1.0
68 1.0
69 1.0
70 1.0
71 1.0
72 1.0
73 1.0
74 1.0
75 1.0
76 1.0
77 1.0
78 1.0
79 1.0
80 1.0
81 1.0
82 1.0
83 1.0
84 1.0
85 1.0
86 1.0
87 1.0
88 1.0
89 1.0
90 1.0
91 1.0
92 1.0
93 1.0
94 1.0
95 1.0
96 1.0
97 1.0
98 1.0
99 1.0
100 1.0
101 1.0
102 1.0
103 0.999999999999
104 0.999999999999
105 0.999999999998
106 0.999999999996
107 0.999999999994
108 0.99999999999
109 0.999999999984
110 0.999999999975
111 0.999999999962
112 0.999999999942
113 0.999999999912
114 0.999999999868
115 0.999999999804
116 0.999999999712
117 0.999999999581
118 0.999999999397
119 0.999999999139
120 0.999999998783
121 0.999999998294
122 0.999999997628
123 0.999999996728
124 0.999999995521
125 0.999999993916
126 0.999999991795
127 0.999999989012
128 0.999999985385
129 0.999999980689
130 0.999999974647
131 0.999999966921
132 0.999999957099
133 0.999999944685
134 0.999999929083
135 0.999999909578
136 0.999999885323
137 0.999999855313
138 0.999999818368
139 0.9999997731
140 0.999999717894
141 0.999999650872
142 0.999999569861
143 0.99999947236
144 0.999999355498
145 0.999999215993
146 0.99999905011
147 0.999998853614
148 0.999998621715
149 0.999998349021
150 0.999998029478
151 0.999997656313
152 0.999997221975
153 0.999996718067
154 0.999996135284
155 0.999995463343
156 0.999994690914
157 0.999993805547
158 0.9999927936
159 0.999991640165
160 0.999990328988
161 0.999988842402
162 0.999987161239
163 0.999985264763
164 0.999983130587
165 0.999980734602
166 0.999978050897
167 0.999975051689
168 0.999971707248
169 0.999967985828
170 0.999963853598
171 0.999959274575
172 0.999954210563
173 0.99994862109
174 0.999942463355
175 0.999935692169
176 0.999928259912
177 0.999920116484
178 0.999911209264
179 0.999901483077
180 0.999890880158
181 0.999879340129
182 0.999866799974
183 0.999853194025
184 0.999838453952
185 0.999822508753
186 0.999805284756
187 0.999786705624
188 0.999766692366
189 0.999745163351
190 0.999722034333
191 0.999697218472
192 0.999670626372
193 0.999642166116
194 0.999611743308
195 0.999579261122
196 0.999544620354
197 0.999507719479
198 0.999468454714
199 0.999426720083
200 0.999382407491
201 0.999335406794
202 0.999285605884
203 0.999232890766
204 0.999177145645
205 0.99911825302
206 0.999056093769
207 0.998990547251
208 0.998921491398
209 0.99884880282
210 0.998772356901
211 0.99869202791
212 0.998607689101
213 0.998519212824
214 0.998426470629
215 0.99832933338
216 0.998227671359
217 0.998121354382
218 0.998010251904
219 0.997894233136
220 0.997773167148
221 0.997646922985
222 0.997515369773
223 0.997378376829
224 0.997235813771
225 0.997087550618
226 0.996933457903
227 0.996773406773
228 0.996607269093
229 0.996434917543
230 0.996256225724
231 0.996071068247
232 0.995879320833
233 0.995680860406
234 0.995475565177
235 0.995263314742
236 0.995043990157
237 0.994817474027
238 0.994583650587
239 0.994342405776
240 0.994093627312
241 0.993837204767
242 0.993573029635
243 0.993300995397
244 0.993020997586
245 0.992732933847
246 0.992436703993
247 0.992132210063
248 0.991819356372
249 0.99149804956
250 0.991168198636
251 0.990829715025
252 0.990482512603
253 0.990126507741
254 0.989761619331
255 0.989387768825
256 0.989004880259
257 0.988612880281
258 0.988211698175
259 0.987801265879
260 0.987381518004
261 0.986952391852
262 0.986513827426
263 0.986065767441
264 0.985608157332
265 0.985140945261
266 0.984664082117
267 0.984177521523
268 0.983681219829
269 0.983175136111
270 0.982659232168
271 0.982133472509
272 0.981597824353
273 0.981052257608
274 0.980496744864
275 0.979931261379
276 0.979355785059
277 0.978770296442
278 0.978174778682
279 0.97756921752
280 0.976953601271
281 0.976327920794
282 0.97569216947
283 0.975046343174
284 0.974390440249
285 0.97372446148
286 0.973048410057
287 0.972362291554
288 0.971666113891
289 0.970959887303
290 0.97024362431
291 0.969517339679
292 0.968781050392
293 0.968034775611
294 0.96727853664
295 0.966512356891
296 0.965736261846
297 0.964950279019
298 0.964154437919
299 0.963348770014
300 0.962533308687
301 0.961708089203
302 0.960873148666
303 0.960028525984
304 0.959174261823
305 0.958310398575
306 0.957436980313
307 0.956554052754
308 0.955661663217
309 0.954759860587
310 0.953848695272
311 0.952928219163
312 0.951998485598
313 0.95105954932
314 0.950111466438
315 0.949154294388
316 0.948188091894
317 0.947212918931
318 0.946228836683
319 0.945235907509
320 0.944234194902
321 0.943223763453
322 0.942204678813
323 0.941177007654
324 0.940140817639
325 0.939096177378
326 0.938043156396
327 0.936981825097
328 0.935912254729
329 0.934834517349
330 0.933748685789
331 0.932654833622
332 0.931553035128
333 0.930443365263
334 0.929325899623
335 0.928200714417
336 0.92706788643
337 0.925927492995
338 0.924779611964
339 0.923624321674
340 0.922461700918
341 0.92129182892
342 0.9201147853
343 0.918930650053
344 0.917739503515
345 0.916541426338
346 0.915336499466
347 0.914124804104
348 0.912906421698
349 0.911681433905
350 0.91044992257
351 0.909211969703
352 0.907967657455
353 0.906717068091
354 0.905460283975
355 0.904197387541
356 0.902928461273
357 0.901653587688
358 0.900372849309
359 0.899086328648
360 0.897794108186
361 0.896496270356
362 0.895192897519
363 0.893884071949
364 0.892569875816
365 0.891250391167
366 0.889925699907
367 0.888595883788
368 0.887261024388
369 0.885921203096
370 0.8845765011
371 0.883226999369
372 0.881872778639
373 0.8805139194
374 0.879150501883
375 0.877782606045
376 0.876410311558
377 0.875033697794
378 0.873652843818
379 0.872267828371
380 0.870878729862
381 0.869485626355
382 0.868088595562
383 0.86668771483
384 0.86528306113
385 0.863874711051
386 0.862462740791
387 0.861047226143
388 0.859628242494
389 0.85820586481
390 0.856780167633
391 0.855351225072
392 0.853919110796
393 0.852483898025
394 0.851045659526
395 0.849604467608
396 0.848160394112
397 0.846713510407
398 0.845263887386
399 0.843811595459
400 0.842356704549
401 0.840899284086
402 0.839439403005
403 0.83797712974
404 0.836512532219
405 0.835045677863
406 0.833576633581
407 0.832105465768
408 0.830632240298
409 0.829157022527
410 0.827679877285
411 0.826200868879
412 0.824720061084
413 0.823237517148
414 0.821753299784
415 0.820267471175
416 0.818780092964
417 0.817291226261
418 0.815800931636
419 0.814309269122
420 0.812816298211
421 0.811322077856
422 0.809826666467
423 0.808330121917
424 0.806832501533
425 0.805333862104
426 0.803834259875
427 0.802333750553
428 0.8008323893
429 0.799330230742
430 0.797827328963
431 0.796323737507
432 0.794819509381
433 0.793314697055
434 0.79180935246
435 0.790303526996
436 0.788797271524
437 0.787290636377
438 0.785783671352
439 0.78427642572
440 0.782768948222
441 0.781261287074
442 0.779753489964
443 0.778245604059
444 0.776737676007
445 0.775229751934
446 0.77372187745
447 0.772214097651
448 0.770706457118
449 0.769198999926
450 0.767691769636
451 0.766184809309
452 0.764678161501
453 0.763171868265
454 0.761665971158
455 0.760160511242
456 0.758655529085
457 0.757151064765
458 0.755647157873
459 0.754143847515
460 0.752641172314
461 0.751139170417
462 0.749637879492
463 0.748137336735
464 0.746637578872
465 0.745138642161
466 0.743640562397
467 0.742143374914
468 0.740647114585
469 0.739151815832
470 0.737657512623
471 0.736164238478
472 0.73467202647
473 0.733180909232
474 0.731690918957
475 0.7302020874
476 0.728714445887
477 0.727228025312
478 0.725742856143
479 0.724258968427
480 0.722776391788
481 0.721295155436
482 0.719815288169
483 0.718336818372
484 0.716859774025
485 0.715384182707
486 0.713910071593
487 0.712437467465
488 0.710966396711
489 0.709496885327
490 0.708028958925
491 0.706562642732
492 0.705097961597
493 0.70363493999
494 0.702173602009
495 0.700713971382
496 0.69925607147
497 0.697799925271
498 0.696345555422
499 0.694892984204
