50 0.060133721054
51 0.063593795996
52 0.0671699749261
53 0.0708576408939
54 0.074682577287
55 0.0786212737981
56 0.0827129612456
57 0.0868990664459
58 0.091227530011
59 0.095675439036
60 0.10021241881
61 0.104914146687
62 0.109764629068
63 0.1146736013
64 0.119743230784
65 0.124956223453
66 0.130289720287
67 0.135714626985
68 0.141298769836
69 0.147024178172
70 0.152867745915
71 0.158800680135
72 0.164929350763
73 0.171092190703
74 0.177405555098
75 0.183850498188
76 0.190403584628
77 0.196996127764
78 0.203758867717
79 0.210655733111
80 0.217641034652
81 0.224737194866
82 0.231947433496
83 0.239277860643
84 0.246706370902
85 0.254207026628
86 0.261856774411
87 0.2695649211
88 0.277380086893
89 0.285280542674
90 0.293285974367
91 0.301375353383
92 0.309574392417
93 0.317811291038
94 0.326166234451
95 0.334564390238
96 0.343100109103
97 0.351632128085
98 0.360261540902
99 0.368970856222
100 0.37774034566
101 0.386625672894
102 0.395531899334
103 0.404432406327
104 0.413475830918
105 0.422561214572
106 0.431666910391
107 0.440870262193
108 0.450052909421
109 0.459296890419
110 0.468585789219
111 0.477901609744
112 0.487348219995
113 0.496662209461
114 0.506205863082
115 0.515569992874
116 0.525143657168
117 0.534633325398
118 0.54416414004
119 0.5537218747
120 0.563291174701
121 0.57285554664
122 0.582397356193
123 0.59208007075
124 0.601713413704
125 0.611276564
126 0.620948036886
127 0.630516744595
128 0.640171794703
129 0.649687862114
130 0.659265023181
131 0.668896025533
132 0.678573067714
133 0.688041529572
134 0.69777796651
135 0.707273290512
136 0.716763353779
137 0.726237190141
138 0.735964822268
139 0.745378326434
140 0.754739436239
141 0.764338666538
142 0.773873676603
143 0.783330382089
144 0.792694183618
145 0.80194999647
146 0.811424511815
147 0.820424955351
148 0.829985367722
149 0.839038437655
150 0.848291178334
151 0.857367857053
152 0.866640876694
153 0.875717717439
154 0.884986704793
155 0.894038173856
156 0.90285263588
157 0.911842634763
158 0.920572579807
159 0.929471300761
160 0.938543740202
161 0.947328141009
162 0.956278532521
163 0.964915269009
164 0.9737094348
165 0.982163501906
166 0.990765656488
167 0.999519824145
168 1.00790154321
169 1.01642502504
170 1.02454776234
171 1.03335634196
172 1.04175306347
173 1.04971406021
174 1.05837983526
175 1.06659798322
176 1.0743442274
177 1.08281315849
178 1.09079760199
179 1.09890067158
180 1.10648801976
181 1.1148267717
182 1.12263641802
183 1.13055625348
184 1.13791490556
185 1.14605255833
186 1.15361499468
187 1.16127789812
188 1.16904328371
189 1.17691322205
190 1.18416022646
191 1.19149703296
192 1.19892532035
193 1.20644681095
194 1.21406326991
195 1.22100077647
196 1.22880270019
197 1.2359101726
198 1.24310034358
199 1.25037466491
200 1.25691257392
201 1.26434992836
202 1.27103519087
203 1.27779152632
204 1.2854787763
205 1.29238995458
206 1.29849848467
207 1.30555075266
208 1.31268004194
209 1.31898234887
210 1.32534546377
211 1.33269318809
212 1.33918960563
213 1.34574966855
214 1.3523743175
215 1.35810471927
216 1.36485187017
217 1.37166639676
218 1.3775618133
219 1.38450417116
220 1.39051069909
221 1.39656957135
222 1.40268147506
223 1.40884711031
224 1.41506718798
225 1.42134243242
226 1.42767358122
227 1.43299278438
228 1.43942838268
229 1.44483570399
230 1.45137835838
231 1.45687600585
232 1.46241546039
233 1.46911866537
234 1.47475179133
235 1.48042828212
236 1.48614864076
237 1.49191337795
238 1.49655746841
239 1.50240339798
240 1.50829517831
241 1.51423335022
242 1.51901766005
243 1.52504072952
244 1.52989368539
245 1.53600348632
246 1.540926577
247 1.54588132657
248 1.55211975202
249 1.55714686271
250 1.56220664366
251 1.56729941382
252 1.57242549727
253 1.57758522205
254 1.5827789203
255 1.58800692896
256 1.59326958853
257 1.59856724444
258 1.60390024835
259 1.60792341161
260 1.6133191298
261 1.6187511825
262 1.62284928896
263 1.62834581705
264 1.63249270968
265 1.63805486772
266 1.64225142363
267 1.64788039351
268 1.65212750974
269 1.65782450322
270 1.66212309968
271 1.66644404565
272 1.67078751548
273 1.67661415218
274 1.68101086988
275 1.68543070725
276 1.68987384833
277 1.69434047726
278 1.69883078098
279 1.70334494747
280 1.70788316851
281 1.71244563712
282 1.71703254648
283 1.72164409497
284 1.72628048129
285 1.72938530438
286 1.73406353578
287 1.7387671454
288 1.7434963416
289 1.74825133352
290 1.75143576447
291 1.75623421956
292 1.76105904102
293 1.76429034376
294 1.76915959185
295 1.77242071837
296 1.77733501028
297 1.78062637273
298 1.78558633656
299 1.78890835961
300 1.79391463519
301 1.79726774817
302 1.80232098573
303 1.80570562835
304 1.80910300706
305 1.8142231114
306 1.81765264658
307 1.82109517195
308 1.82628347903
309 1.82975880595
310 1.83324738512
311 1.83850526633
312 1.84202730854
313 1.84556287142
314 1.84911203242
315 1.8526748713
316 1.85625146459
317 1.86164232202
318 1.86525365775
319 1.86887903056
320 1.87251852441
321 1.87617222036
322 1.87984020285
323 1.88352255596
324 1.88721936368
325 1.89093071112
326 1.8946566838
327 1.89839736998
328 1.90215285568
329 1.90592323016
330 1.9097085809
331 1.91350899701
332 1.91732457053
333 1.91923806997
334 1.92365364368
335 1.92712350792
336 1.93079974864
337 1.93429546584
338 1.93780386227
339 1.9413250095
340 1.94485897663
341 1.94840583382
342 1.95176754242
343 1.95533966508
344 1.95872536386
345 1.96212280779
346 1.96573297084
347 1.96915478898
348 1.97238622356
349 1.97583126381
350 1.97928835982
351 1.98275757497
352 1.98603384644
353 1.98932096258
354 1.99282546798
355 1.99613512368
356 1.99945579085
357 2.00278752355
358 2.00592112463
359 2.00927445776
360 2.01263902093
361 2.01580354898
362 2.01919003212
363 2.02237521183
364 2.02557045432
365 2.02877581123
366 2.03220605699
367 2.03521705389
368 2.0384530366
369 2.04169932674
370 2.04495597312
371 2.04800489721
372 2.05128170626
373 2.05434953711
374 2.05764669625
375 2.06073360824
376 2.06382979718
377 2.06693530362
378 2.07005016951
379 2.07317443697
380 2.07630815124
381 2.07945135237
382 2.08237857204
383 2.08554019406
384 2.08848459357
385 2.09166479763
386 2.09462652926
387 2.09782547957
388 2.10080469629
389 2.10379238616
390 2.1067885859
391 2.1097933322
392 2.11280666186
393 2.11582861039
394 2.11885921666
395 2.12166441546
396 2.12471177571
397 2.12776790034
398 2.1305967542
399 2.13366984501
400 2.13651442226
401 2.13936659644
402 2.14246505648
403 2.14533314897
404 2.14820893199
405 2.15109243483
406 2.15398368975
407 2.15688272736
408 2.15978957825
409 2.16270427476
410 2.16562684945
411 2.16831282315
412 2.17125058549
413 2.1741963198
414 2.17690360723
415 2.17986470976
416 2.18258613935
417 2.18531437426
418 2.18829841882
419 2.1910409597
420 2.19379038525
421 2.19654671901
422 2.19930998906
423 2.2023324041
424 2.20511025765
425 2.20764166743
426 2.21043293985
427 2.21323127893
428 2.21603671245
429 2.21884926813
430 2.22141233857
431 2.22423856343
432 2.22707198891
433 2.22965410361
434 2.23250135256
435 2.23509607734
436 2.23795725185
437 2.24056468337
438 2.24317819754
439 2.2460601125
440 2.24868647018
441 2.2513189768
442 2.25395765542
443 2.25660252604
444 2.2592536095
445 2.2619109314
446 2.26457451063
447 2.26724437097
448 2.26992053346
449 2.27260302228
450 2.27529185696
451 2.27771725632
452 2.28041821293
453 2.28312558444
454 2.28556772242
455 2.28828734221
456 2.29101344146
457 2.29347249029
458 2.2962109664
459 2.29868119135
460 2.30115673746
461 2.30391360585
462 2.30640044103
463 2.30889265072
464 2.31166809589
465 2.31417170764
466 2.3166807489
467 2.3191952376
468 2.32171518967
469 2.32424062549
470 2.32677155928
471 2.32930801198
472 2.33185000061
473 2.33439754256
474 2.33695065787
475 2.33950936272
476 2.34207367825
477 2.3446436218
478 2.34693275441
479 2.34951337731
480 2.35209968217
481 2.35440340597
482 2.3570004916
483 2.35960331575
484 2.361921768
485 2.36453547829
486 2.36686363563
487 2.36948830213
488 2.37182622764
489 2.3744619175
490 2.37680967373
491 2.37916207906
492 2.38181410615
493 2.38417643066
494 2.38654344614
495 2.38891516767
496 2.39129160695
497 2.39397076018
498 2.39635727386
499 2.39874855156
500 2.40114460374
501 2.40354544981
502 2.40595110105
503 2.40836157292
504 2.41077687767
505 2.41319703434
506 2.41562205387
507 2.41805195158
508 2.42048674472
509 2.42262121254
510 2.42506522147
511 2.42751416413
512 2.42996805838
513 2.43211928761
514 2.43458250582
515 2.43705071886
516 2.43921451507
517 2.44169213178
518 2.44417478881
519 2.44635125889
520 2.44884340449
521 2.45102819947
522 2.45352988786
523 2.45572306008
524 2.45823434437
525 2.46043593703
526 2.46264147635
527 2.46516693875
528 2.46738097402
529 2.46991617083
530 2.47213874717
531 2.47436532565
532 2.47659592016
533 2.47915009896
534 2.48138933431
535 2.48363261477
536 2.48587995774
537 2.48813136962
538 2.4903868627
539 2.49296958322
540 2.49523386017
541 2.49750225477
542 2.49977477784
543 2.50205144058
544 2.50433225464
545 2.50661722924
546 2.50890637986
547 2.51119971382
548 2.51316876692
549 2.51546990242
550 2.51777525736
551 2.5200848413
552 2.52239866447
553 2.5247167437
554 2.52703908465
555 2.52903306836
556 2.53136336098
557 2.53369795068
558 2.5357024597
559 2.53804506422
560 2.54039200239
561 2.5424071213
562 2.54476213715
563 2.54712151894
564 2.54914733376
565 2.55151485701
566 2.55354766881
567 2.55592337788
568 2.55796322209
569 2.56034715706
570 2.56239407101
571 2.56478627749
572 2.56684029769
573 2.56924081765
574 2.57130198332
575 2.5737108586
576 2.57577920557
577 2.57785087683
578 2.58027204572
579 2.58235095504
580 2.58443321636
581 2.58686676865
582 2.58895632206
583 2.59104925403
584 2.59314557363
585 2.59559556969
586 2.59769925384
587 2.59980635247
588 2.60191687041
589 2.60403081731
590 2.60614820439
591 2.60862284435
592 2.61074770508
593 2.61287603336
594 2.6150078331
595 2.61714311677
596 2.61928188813
597 2.62142415956
598 2.62356993472
599 2.62571922949
600 2.62787204754
601 2.6300283978
602 2.63218829102
603 2.63435173271
604 2.63651873379
605 2.63868930709
606 2.64086345304
607 2.64267798039
608 2.64485870878
609 2.64704303891
610 2.64923097896
611 2.65142253914
612 2.65361772803
613 2.65544983405
614 2.65765170032
615 2.65985722078
616 2.66206640505
617 2.66391019759
618 2.66612612196
619 2.66834573525
620 2.67019823896
621 2.67242464196
622 2.67465476012
623 2.67651603647
624 2.67875299269
625 2.68099368808
626 2.68286380238
627 2.68511138367
628 2.68698724803
629 2.68924174891
630 2.69150003704
631 2.69338483788
632 2.69565009172
633 2.69754071618
634 2.69981296759
635 2.70170943808
636 2.70398871934
637 2.70589106245
638 2.70817741045
639 2.71008565338
640 2.71199658508
641 2.71429326464
642 2.71621014002
643 2.7185139681
644 2.72043681067
645 2.72236237255
646 2.72467665259
647 2.72660822488
648 2.72854253922
649 2.73086734028
650 2.73280770472
651 2.73475083022
652 2.73669671564
653 2.73903543943
654 2.74098743237
655 2.74294220929
656 2.74489977633
657 2.74725254885
658 2.74921627747
659 2.75118280917
660 2.753152162
661 2.75512433578
662 2.7570993333
663 2.75947307365
664 2.76145431702
665 2.76343840459
666 2.76542534721
667 2.76741515018
668 2.7694078176
669 2.77140335673
670 2.77340177365
671 2.77540307325
672 2.77740726365
673 2.77941435183
674 2.78142433916
675 2.78343723918
676 2.78545305541
677 2.78747179471
678 2.78949345827
679 2.79151805967
680 2.79354560237
681 2.79557608869
682 2.79760953347
683 2.79964593225
684 2.80168530227
685 2.80372764601
686 2.80577296945
687 2.80741137706
688 2.8094620818
689 2.81151577937
690 2.81357248537
691 2.81563220508
692 2.81769493805
693 2.81934730143
694 2.82141548841
695 2.82348670606
696 2.82556096858
697 2.82763828451
698 2.82930233232
699 2.83138515218
700 2.8334710418
701 2.83556000567
702 2.83723339863
703 2.83932791722
704 2.84142552881
705 2.84310585365
706 2.84520905373
707 2.84731536647
708 2.84900266442
709 2.85111460128
710 2.85322967161
711 2.8549239916
712 2.85704471914
713 2.85874357036
714 2.86086998198
715 2.86299955326
716 2.86470549997
717 2.86684078995
718 2.86855131285
719 2.87069234486
720 2.87240747069
721 2.87455426579
722 2.87670426491
723 2.87842658593
724 2.88058239001
725 2.88230935967
726 2.88447098201
727 2.88620261687
728 2.88793633192
729 2.89010640926
730 2.89184481841
731 2.89402077464
732 2.8957638975
733 2.89794575776
734 2.89969361751
735 2.90188140546
736 2.90363401314
737 2.90538873901
738 2.90758513197
739 2.90934464048
740 2.91110627551
741 2.91331132544
742 2.91507777345
743 2.91684636483
744 2.91906012302
745 2.92083354822
746 2.9226091316
747 2.92483164917
748 2.92661209964
749 2.92839471579
750 2.93062604422
751 2.93241355732
752 2.93420324728
753 2.93599512978
754 2.93823805806
755 2.94003487481
756 2.94183388586
757 2.94363509822
758 2.94588972337
759 2.94769591037
760 2.94950431349
761 2.95131493674
762 2.95312778336
763 2.95539697777
764 2.95721484592
765 2.95903494656
766 2.96085729708
767 2.9626818855
768 2.96450872779
769 2.96633782772
770 2.96862737338
771 2.97046155923
772 2.97229801373
773 2.97413673774
774 2.97597773719
775 2.97782102324
776 2.97966658871
777 2.9815144433
778 2.98336459017
779 2.98521703771
780 2.98707178767
781 2.98892884112
782 2.99078820436
783 2.99264988305
784 2.99451388217
785 2.99638020603
786 2.99824885828
787 3.00011984186
788 3.00199315906
789 3.00386881755
790 3.00574682441
791 3.00762717992
792 3.00950988984
793 3.01139495311
794 3.01328238651
795 3.01517218154
796 3.01706435372
797 3.01895889941
798 3.02085582672
799 3.02275513691
800 3.02465684311
801 3.02656093907
802 3.02799058776
803 3.0298988831
804 3.0318095847
805 3.03372270268
806 3.03563823391
807 3.03755618731
808 3.03947656486
809 3.0409184394
810 3.04284307001
811 3.04477014124
812 3.04669965265
813 3.0486316161
814 3.05008219416
815 3.05201844546
816 3.05395715638
817 3.0558983365
818 3.05784198181
819 3.05930134367
820 3.06124932097
821 3.06319978188
822 3.06515273323
823 3.06661907866
824 3.06857639159
825 3.07053620666
826 3.07249852177
827 3.07397191004
828 3.07593861804
829 3.07790785112
830 3.07938643026
831 3.08136007881
832 3.0833362592
833 3.08531497896
834 3.08680068235
835 3.08878385159
836 3.09076956719
837 3.09226053856
838 3.09425073049
839 3.09574505682
840 3.09773973398
841 3.09973698862
842 3.10123661598
843 3.10323838752
844 3.10524273769
845 3.10674770009
846 3.10875658949
847 3.11026496459
848 3.11227840619
849 3.11429445795
850 3.11580821372
851 3.11782883869
852 3.11934602968
853 3.12137125187
854 3.122891899
855 3.12492172426
856 3.12695419323
857 3.12848028169
858 3.13051738953
859 3.13204695642
860 3.1340887062
861 3.1356217656
862 3.1376681854
863 3.13920475477
864 3.1412558471
865 3.14279593271
866 3.14485172541
867 3.14639533693
868 3.14845584686
869 3.15000299747
870 3.15206823777
871 3.15361894424
872 3.1556889243
873 3.15724319969
874 3.15931794757
875 3.16087579373
876 3.16243517811
877 3.16451675642
878 3.16607973882
879 3.16816611815
880 3.16973270615
881 3.17182390208
882 3.17339411479
883 3.17496588202
884 3.1770639924
885 3.17863939257
886 3.18074236723
887 3.18232141821
888 3.1839020449
889 3.18601198445
890 3.18759627991
891 3.18918214489
892 3.19129909879
893 3.19288865035
894 3.19447979232
895 3.19660378315
896 3.19819862963
897 3.19979506798
898 3.20192613827
899 3.20352629925
900 3.20512805752
901 3.20726623874
902 3.20887174607
903 3.21047886026
904 3.21262418878
905 3.21423506315
906 3.21584755822
907 3.21800005949
908 3.21961633447
909 3.22123423232
910 3.22285375881
911 3.22501565969
912 3.22663898744
913 3.22826395734
914 3.22989055726
915 3.23206191291
916 3.23369234719
917 3.23532442839
918 3.23695815091
919 3.23913902448
920 3.24077661032
921 3.24241584975
922 3.24405674381
923 3.24569930982
924 3.24789198144
925 3.24953842621
926 3.25118654117
927 3.25283633386
928 3.25448780304
929 3.25669236571
930 3.25834775201
931 3.26000481567
932 3.26166357086
933 3.26332401442
934 3.26498615129
935 3.26720496384
936 3.26887105378
937 3.27053884835
938 3.2722083425
939 3.27387953935
940 3.27555245033
941 3.27722706925
942 3.27946255497
943 3.28114117387
944 3.28282151319
945 3.28450357395
946 3.2861873568
947 3.2878728708
948 3.28956011592
949 3.29124909176
950 3.29293979754
951 3.29463224983
952 3.29689155754
953 3.29858807244
954 3.30028632715
955 3.30198633696
956 3.30368809905
957 3.30539161918
958 3.30709689382
959 3.30880392805
960 3.31051272663
961 3.31222329403
962 3.31393562532
963 3.31564973335
964 3.31736561252
965 3.31908326597
966 3.32080270563
967 3.3225239249
968 3.32424692594
969 3.32597171978
970 3.32769829876
971 3.32942667331
972 3.33115684433
973 3.33288881241
974 3.33462258707
975 3.3363581683
976 3.33809554639
977 3.33983474864
978 3.34157575539
979 3.34331858403
980 3.34506322356
981 3.34680969083
982 3.3485579836
983 3.35030809932
984 3.35206004454
985 3.35381382556
986 3.35556943889
987 3.35732689976
988 3.35908619454
989 3.36084733789
990 3.36261033469
991 3.3643751703
992 3.36614186819
993 3.3679104131
994 3.36909048909
995 3.37086213194
996 3.37263565246
997 3.3744110341
998 3.37618828912
999 3.37796741004
