13.8832081128
50 8.7266677183e-06
51 1.64530359958e-05
52 2.958396907e-05
53 5.09172380431e-05
54 8.4496317001e-05
55 0.000135200306487
56 0.000210111674919
57 0.000315991475944
58 0.00046325304015
59 0.000662033978558
60 0.000922279617143
61 0.00126162298516
62 0.00169465814469
63 0.00222709832762
64 0.00288446526472
65 0.00368180234698
66 0.0046315399426
67 0.0057419664457
68 0.00704122291242
69 0.00854059479898
70 0.0102466303053
71 0.0121598231957
72 0.0143254532664
73 0.0166933408792
74 0.0193113899838
75 0.02217784694
76 0.0252848849999
77 0.0285971161721
78 0.0321786895763
79 0.0360115088913
80 0.040066658279
81 0.0443516854907
82 0.0488630489858
83 0.0535985001107
84 0.0585364566188
85 0.0636505288694
86 0.0689848670521
87 0.0744673142028
88 0.0801223893116
89 0.0859247912249
90 0.0918792914166
91 0.0979605891717
92 0.104178450951
93 0.11046865772
94 0.116882959283
95 0.123354834359
96 0.129948198047
97 0.136545457474
98 0.143216617296
99 0.149940428332
100 0.156694330422
101 0.163514077613
102 0.17032023603
103 0.17708696872
104 0.183921476577
105 0.190741711874
106 0.1975269283
107 0.204330156477
108 0.211060056873
109 0.217773573732
110 0.224455296777
111 0.231089440311
112 0.237746438046
113 0.244239222541
114 0.250817938719
115 0.257198994355
116 0.263646339112
117 0.269960253912
118 0.276224136168
119 0.282427601989
120 0.288560163964
121 0.294611259697
122 0.300570281259
123 0.306538178317
124 0.312396993512
125 0.318136033288
126 0.323862545628
127 0.329452143608
128 0.335016195901
129 0.340426235938
130 0.345797700126
131 0.351126039358
132 0.356406681037
133 0.361503410797
134 0.36667299538
135 0.371645792989
136 0.376548900442
137 0.381377805919
138 0.386268609889
139 0.390937373051
140 0.395518531076
141 0.400153345466
142 0.404695095144
143 0.409139398546
144 0.413481932008
145 0.417718436703
146 0.421998317971
147 0.426011743005
148 0.430219889267
149 0.434153363699
150 0.438122764398
151 0.44196749845
152 0.44584592884
153 0.449594652321
154 0.45337484493
155 0.45702036793
156 0.460527468915
157 0.464061417099
158 0.4674522156
159 0.470867710831
160 0.474308074717
161 0.477599589576
162 0.480913841224
163 0.484074729003
164 0.487256265689
165 0.49028006753
166 0.493322482417
167 0.496383610433
168 0.499281767772
169 0.50219664761
170 0.504944483677
171 0.507891969905
172 0.51067047566
173 0.513277025498
174 0.516084410323
175 0.518717965097
176 0.521174853317
177 0.523833650632
178 0.526313978397
179 0.528805610377
180 0.531115193501
181 0.53362857361
182 0.535958169953
183 0.538297356318
184 0.540449362817
185 0.542806868952
186 0.544975538033
187 0.547152124325
188 0.549336610169
189 0.551528975819
190 0.553527668601
191 0.55553266194
192 0.557543922017
193 0.559561412899
194 0.561585096521
195 0.563409804454
196 0.56544500994
197 0.567279741944
198 0.569119076306
199 0.570962958587
200 0.572602857532
201 0.574454989971
202 0.576101744794
203 0.57775153031
204 0.579615228883
205 0.581271471678
206 0.582718378651
207 0.584379585579
208 0.58604346365
209 0.587496039447
210 0.588949993935
211 0.5906202001
212 0.592077193678
213 0.593535315078
214 0.594994477798
215 0.596237515633
216 0.597697964821
217 0.59915918815
218 0.600402499825
219 0.60186446458
220 0.603107347398
221 0.604349648829
222 0.605591274116
223 0.60683212784
224 0.608072113989
225 0.609311136018
226 0.610549096911
227 0.611563241912
228 0.612798338321
229 0.613808606166
230 0.615040448175
231 0.616046450954
232 0.617049992968
233 0.618275997088
234 0.619274692812
235 0.620270638999
236 0.621263740183
237 0.622253901244
238 0.62301420179
239 0.623997840839
240 0.624978258195
241 0.625955360702
242 0.626700888139
243 0.627670730936
244 0.628408195447
245 0.629370419336
246 0.630099470731
247 0.630824054631
248 0.63177401854
249 0.632489679522
250 0.633200625117
251 0.63390677546
252 0.63460805186
253 0.635304376829
254 0.63599567412
255 0.636681868756
256 0.637362887055
257 0.638038656667
258 0.638709106589
259 0.639141471099
260 0.639800834164
261 0.640454674902
262 0.640869602848
263 0.641511970559
264 0.6419149208
265 0.642545574346
266 0.642936320504
267 0.643555030995
268 0.643933359205
269 0.644539910186
270 0.644905619248
271 0.645264881904
272 0.645617655006
273 0.646199076384
274 0.646538871079
275 0.646872054157
276 0.647198588984
277 0.647518440554
278 0.647831575487
279 0.648137962024
280 0.648437570022
281 0.648730370946
282 0.649016337864
283 0.649295445435
284 0.649567669903
285 0.649596487672
286 0.649854786946
287 0.650106143773
288 0.65035054063
289 0.650587961517
290 0.650581532085
291 0.650804877791
292 0.651021211096
293 0.65099351221
294 0.651195718464
295 0.65115382105
296 0.651341881893
297 0.65128578358
298 0.651459691924
299 0.651389401465
300 0.651549161193
301 0.651464698151
302 0.6516103238
303 0.651511718218
304 0.651406075061
305 0.651530526726
306 0.651410807569
307 0.651284093434
308 0.651387468126
309 0.651246766161
310 0.651099122308
311 0.651181548696
312 0.651020025608
313 0.650851623602
314 0.650676366586
315 0.650494279473
316 0.65030538815
317 0.650346406722
318 0.65014391472
319 0.649934699361
320 0.649718790224
321 0.649496217749
322 0.649267013218
323 0.649031208728
324 0.648788837172
325 0.648539932216
326 0.648284528276
327 0.648022660496
328 0.647754364726
329 0.647479677501
330 0.64719863602
331 0.646911278124
332 0.646617642274
333 0.646082546851
334 0.645847108067
335 0.645487960598
336 0.645146229414
337 0.644774977027
338 0.644397743062
339 0.644014571043
340 0.643625504943
341 0.643230589163
342 0.642806469573
343 0.642400004057
344 0.641964456373
345 0.64152327201
346 0.641099833809
347 0.640647500574
348 0.640166369193
349 0.639703109957
350 0.6392344514
351 0.6387604418
352 0.638257896314
353 0.637750133137
354 0.637260397945
355 0.63674232916
356 0.636219191471
357 0.635691034852
358 0.635134789755
359 0.634596765295
360 0.63405387274
361 0.633483102982
362 0.632930645677
363 0.632350453632
364 0.631765637491
365 0.631176248407
366 0.630605291478
367 0.629983956114
368 0.629381155267
369 0.628773986178
370 0.628162499988
371 0.627523905216
372 0.62690396066
373 0.626257055852
374 0.625628857528
375 0.624973847604
376 0.624314873754
377 0.623651987084
378 0.622985238586
379 0.622314679135
380 0.621640359476
381 0.620962330219
382 0.620258063745
383 0.619572791478
384 0.618861433431
385 0.618169119273
386 0.617450870603
387 0.616751714285
388 0.616026774485
389 0.615298576701
390 0.61456717033
391 0.613832604555
392 0.613094928341
393 0.612354190429
394 0.611610439328
395 0.610841488021
396 0.610091882416
397 0.609339407826
398 0.608561959479
399 0.607803916877
400 0.607021051022
401 0.606235561278
402 0.605469533362
403 0.604678907126
404 0.603885796418
405 0.60309024718
406 0.602292305067
407 0.601492015442
408 0.600689423377
409 0.599884573647
410 0.599077510731
411 0.598246502001
412 0.59743517447
413 0.596621765445
414 0.595784630999
415 0.594967218206
416 0.59412622602
417 0.593283384155
418 0.592460300205
419 0.591613854474
420 0.59076568466
421 0.589915832003
422 0.589064337415
423 0.588232652979
424 0.587377964854
425 0.586500406304
426 0.585642746586
427 0.584783644589
428 0.583923139254
429 0.583061269192
430 0.582176880853
431 0.581312427314
432 0.580446722941
433 0.579558708493
434 0.57869064557
435 0.577800410196
436 0.576930135376
437 0.576037824553
438 0.575144545982
439 0.574271238354
440 0.573376097576
441 0.572480094222
442 0.571583262693
443 0.570685637056
444 0.569787251048
445 0.568888138072
446 0.567988331204
447 0.567087863187
448 0.566186766437
449 0.565285073044
450 0.564382814769
451 0.563459512567
452 0.562556251395
453 0.561652518697
454 0.560727933894
455 0.559823382152
456 0.55891844934
457 0.55799285348
458 0.5570872797
459 0.55616116763
460 0.555234857343
461 0.554328554478
462 0.553401898535
463 0.55247512825
464 0.551568347851
465 0.550641396841
466 0.549714412569
467 0.54878742145
468 0.547860449592
469 0.546933522803
470 0.546006666588
471 0.545079906155
472 0.544153266413
473 0.543226771976
474 0.542300447167
475 0.541374316015
476 0.540448402259
477 0.539522729351
478 0.538577715719
479 0.537652627399
480 0.536727848566
481 0.535783898499
482 0.534859838958
483 0.533936155017
484 0.532993466701
485 0.532070631753
486 0.531128902454
487 0.530207000228
488 0.529266312528
489 0.528345424608
490 0.527405858954
491 0.526466900923
492 0.525547699548
493 0.524609980279
494 0.523672925792
495 0.522736554621
496 0.521800885048
497 0.520884895107
498 0.519950648568
499 0.519017157005
