50 0.0211274798807
51 0.02214468399
52 0.0231873450857
53 0.0242546370294
54 0.0253504391886
55 0.0264709818365
56 0.0276220633584
57 0.0287947665472
58 0.0299961421008
59 0.0312226982914
60 0.032470041149
61 0.0337489326188
62 0.0350568795576
63 0.0363812437481
64 0.0377362127175
65 0.039119236813
66 0.0405271251522
67 0.0419559844071
68 0.0434148162205
69 0.0449011107085
70 0.0464117884396
71 0.0479431513694
72 0.0495087929985
73 0.0510881078946
74 0.0526958861297
75 0.0543296741838
76 0.0559865432303
77 0.0576581208318
78 0.0593604699559
79 0.0610891021625
80 0.0628385012554
81 0.0646113987484
82 0.0664081847625
83 0.0682295793294
84 0.0700729888779
85 0.0719354340275
86 0.0738258870119
87 0.0757338579732
88 0.077665005932
89 0.0796168679246
90 0.0815917180156
91 0.0835871961157
92 0.0856062300589
93 0.0876407963386
94 0.08969992171
95 0.0917752954644
96 0.0938774247226
97 0.0959907212039
98 0.0981264043189
99 0.100282569305
100 0.102457090715
101 0.10465606431
102 0.106869185121
103 0.109093646721
104 0.111345572771
105 0.113614062488
106 0.115896833839
107 0.118202230835
108 0.120517590553
109 0.122851743818
110 0.125202957981
111 0.127569341126
112 0.129961968918
113 0.132352849226
114 0.134780502842
115 0.137201512239
116 0.139657160025
117 0.142116351281
118 0.144592359913
119 0.147083690053
120 0.149588727814
121 0.152105738785
122 0.154632866032
123 0.157187381216
124 0.159749183963
125 0.162316072754
126 0.164906904734
127 0.167499366262
128 0.170113438337
129 0.1727252747
130 0.175356025033
131 0.178004918477
132 0.180671123692
133 0.183327597934
134 0.186024914535
135 0.188708966699
136 0.191404772262
137 0.194111133253
138 0.196856863203
139 0.199581292544
140 0.202312287943
141 0.205080970839
142 0.207854933664
143 0.210632598691
144 0.213412317647
145 0.216192372431
146 0.21900803279
147 0.221784246182
148 0.224633081533
149 0.227438602708
150 0.230277614208
151 0.233109105217
152 0.235973757219
153 0.238828526147
154 0.241716018477
155 0.244591094954
156 0.247451381998
157 0.250342447725
158 0.253215905836
159 0.256119363617
160 0.259053485673
161 0.261966560154
162 0.264909387471
163 0.26782794856
164 0.270775227014
165 0.273694854169
166 0.276642039269
167 0.279617341934
168 0.282560797035
169 0.285531066684
170 0.288465717735
171 0.291489947739
172 0.294477109986
173 0.297423936718
174 0.300463071632
175 0.30346027535
176 0.306412139553
177 0.309458957868
178 0.3124586966
179 0.315482350378
180 0.318454442684
181 0.32152580912
182 0.324543704
183 0.327584400839
184 0.330566879184
185 0.333652903372
186 0.336678632571
187 0.339725808063
188 0.342794773577
189 0.345885880307
190 0.348909427383
191 0.35195284658
192 0.355016438499
193 0.358100509907
194 0.36120537388
195 0.364233796133
196 0.367379625787
197 0.370446525168
198 0.373532314408
199 0.376637264979
200 0.379656304612
201 0.382798783668
202 0.385852693822
203 0.38892360723
204 0.392123515091
205 0.395230760076
206 0.398240659505
207 0.401381899341
208 0.404541320313
209 0.407599071424
210 0.4106720895
211 0.413884004805
212 0.416989829677
213 0.42011151975
214 0.423249274048
215 0.426272910954
216 0.429441612543
217 0.432626972662
218 0.435693485546
219 0.438910943507
220 0.442006336083
221 0.445115537441
222 0.448238705968
223 0.451376002503
224 0.45452759038
225 0.457693635459
226 0.460874306168
227 0.463917581602
228 0.467126080691
229 0.470193745829
230 0.473430689358
231 0.476523286745
232 0.479627616073
233 0.482907397428
234 0.486037482862
235 0.489179690902
236 0.492334148916
237 0.495500986063
238 0.498506910789
239 0.50169687472
240 0.504899595165
241 0.508115208404
242 0.511162362999
243 0.514402068889
244 0.517469505575
245 0.520733786137
246 0.523821914924
247 0.526919539351
248 0.530220506876
249 0.533339440086
250 0.536468155257
251 0.53960674424
252 0.542755300041
253 0.545913916829
254 0.549082689951
255 0.552261715941
256 0.555451092533
257 0.558650918673
258 0.561861294531
259 0.564864965558
260 0.568094484393
261 0.571334840555
262 0.574362156077
263 0.57762218251
264 0.580664925025
265 0.583944970711
266 0.587003421171
267 0.590303843118
268 0.59337828918
269 0.596699452565
270 0.599790188702
271 0.602888066072
272 0.60599314396
273 0.609354399026
274 0.612476340927
275 0.615605681744
276 0.618742483555
277 0.621886809107
278 0.625038721832
279 0.62819828584
280 0.631365565933
281 0.634540627603
282 0.637723537041
283 0.640914361137
284 0.644113167493
285 0.647042591542
286 0.650255076952
287 0.653475733337
288 0.656704631014
289 0.659941841033
290 0.662897673578
291 0.666149143568
292 0.669409124337
293 0.67238045121
294 0.675655041005
295 0.678636148337
296 0.681925573834
297 0.684916626973
298 0.688221119164
299 0.691222286863
300 0.694542081102
301 0.697553535544
302 0.700888871597
303 0.703910788421
304 0.706936777427
305 0.710294468854
306 0.713331175191
307 0.716372061344
308 0.71975261611
309 0.72280448186
310 0.725860638296
311 0.72926457797
312 0.732331983672
313 0.735403794198
314 0.738480043667
315 0.74156076651
316 0.744645997466
317 0.748095266989
318 0.751192276457
319 0.754293914528
320 0.757400217273
321 0.760511221078
322 0.763626962643
323 0.766747478983
324 0.76987280743
325 0.773002985634
326 0.77613805156
327 0.779278043495
328 0.782423000044
329 0.785572960135
330 0.788727963015
331 0.791888048257
332 0.795053255757
333 0.797819841653
334 0.801114469309
335 0.804211356264
336 0.807353590737
337 0.810459039202
338 0.81356867655
339 0.816682535682
340 0.819800649753
341 0.82292305218
342 0.826006824568
343 0.829137612068
344 0.832229254255
345 0.835324733347
346 0.838468195901
347 0.841571733358
348 0.844634496989
349 0.847745629788
350 0.850860753689
351 0.853979900225
352 0.857057210334
353 0.860138009257
354 0.863268808923
355 0.866356968301
356 0.869448702514
357 0.872544040194
358 0.875595323682
359 0.878697650911
360 0.881803667335
361 0.884864805662
362 0.887977980754
363 0.891045724264
364 0.894116658872
365 0.897190810702
366 0.90031833224
367 0.903348871415
368 0.906432833438
369 0.909520118964
370 0.912610755012
371 0.915653092754
372 0.918750196256
373 0.921798429822
374 0.924902105539
375 0.927956335066
376 0.931013443683
377 0.934073455612
378 0.937136395229
379 0.940202287064
380 0.943271155804
381 0.946343026289
382 0.949362775878
383 0.952440402174
384 0.955465317262
385 0.958548795308
386 0.961578967308
387 0.964668394218
388 0.967703915668
389 0.970741985456
390 0.973782625874
391 0.976825859346
392 0.979871708428
393 0.98292019581
394 0.985971344311
395 0.988965816991
396 0.992022025022
397 0.995080962141
398 0.998082301206
399 1.00114643115
400 1.00415234497
401 1.00716041317
402 1.01023233037
403 1.01324509963
404 1.01626008512
405 1.01927730729
406 1.02229678669
407 1.025318544
408 1.02834259998
409 1.03136897552
410 1.03439769164
411 1.03736406431
412 1.04039718213
413 1.04343270295
414 1.04640492012
415 1.04944496477
416 1.05242106291
417 1.05539896076
418 1.05844576942
419 1.06142766327
420 1.06441141304
421 1.06739703728
422 1.07038455462
423 1.07344280653
424 1.07643451385
425 1.07935865291
426 1.08235393078
427 1.08535119628
428 1.08835046856
429 1.09135176692
430 1.09428384111
431 1.09728889403
432 1.10029603016
433 1.10323293947
434 1.10624394171
435 1.10918404654
436 1.11219898932
437 1.11514235986
438 1.11808721331
439 1.12110802532
440 1.1240562498
441 1.12700600854
442 1.12995731844
443 1.13291019646
444 1.13586465964
445 1.13882072511
446 1.14177841004
447 1.1447377317
448 1.14769870742
449 1.15066135461
450 1.15362569073
451 1.15651293992
452 1.15948033811
453 1.16244947695
454 1.16534048408
455 1.16831278567
456 1.17128688025
457 1.17418178904
458 1.17715914827
459 1.18005661761
460 1.1829552087
461 1.18593740295
462 1.1888386493
463 1.19174106346
464 1.19472824369
465 1.19763340891
466 1.2005397885
467 1.20344739778
468 1.20635625207
469 1.20926636679
470 1.2121777574
471 1.2150904394
472 1.21800442838
473 1.22091973995
474 1.2238363898
475 1.22675439365
476 1.2296737673
477 1.23259452658
478 1.23542782821
479 1.23835102164
480 1.24127564747
481 1.24411171914
482 1.24703886993
483 1.24996750037
484 1.25280647122
485 1.25573771835
486 1.25857856855
487 1.2615124933
488 1.26435527987
489 1.26729194356
490 1.27013672388
491 1.27298233149
492 1.27592302004
493 1.27877070715
494 1.28161926314
495 1.28446870164
496 1.2873190363
497 1.29026646832
498 1.29311902577
499 1.2959725216
500 1.29882696963
501 1.30168238372
502 1.30453877778
503 1.30739616575
504 1.31025456162
505 1.31311397941
506 1.31597443317
507 1.31883593701
508 1.32169850507
509 1.32446122689
510 1.32732556468
511 1.33019100832
512 1.33305757211
513 1.33582275173
514 1.33869119356
515 1.34156079761
516 1.34432785828
517 1.34719942186
518 1.35007219008
519 1.35284124725
520 1.35571605711
521 1.3584863784
522 1.36136328433
523 1.36413492048
524 1.36701397718
525 1.36978697915
526 1.3725604838
527 1.3754426606
528 1.37821760707
529 1.38110207153
530 1.3838785114
531 1.38665551566
532 1.38943309636
533 1.39232187879
534 1.3951010549
535 1.39788084474
536 1.40066126047
537 1.4034423143
538 1.40622401846
539 1.40911946886
540 1.4119029222
541 1.41468706363
542 1.41747190549
543 1.42025746014
544 1.42304373996
545 1.42583075737
546 1.42861852481
547 1.43140705474
548 1.43407953724
549 1.43686920957
550 1.439659681
551 1.44245096409
552 1.44524307143
553 1.44803601563
554 1.45082980933
555 1.45350470386
556 1.45629980798
557 1.4590957987
558 1.46177166645
559 1.46456903925
560 1.46736733598
561 1.47004427807
562 1.47284402892
563 1.47564474124
564 1.47832285933
565 1.48112509822
566 1.48380391925
567 1.4866077326
568 1.48928730103
569 1.4920927369
570 1.49477309733
571 1.49758020396
572 1.50026140115
573 1.50307022693
574 1.50575230576
575 1.50856289926
576 1.51124590479
577 1.51392917931
578 1.51674229216
579 1.51942656035
580 1.52211112984
581 1.52492686935
582 1.52761249981
583 1.53029846402
584 1.53298477256
585 1.53580403084
586 1.53849148998
587 1.54117932609
588 1.54386754983
589 1.54655617184
590 1.54924520279
591 1.55206986669
592 1.55476018279
593 1.55745094075
594 1.56014215131
595 1.56283382521
596 1.56552597319
597 1.56821860605
598 1.57091173454
599 1.57360536949
600 1.57629952169
601 1.57899420198
602 1.58168942119
603 1.58438519019
604 1.58708151985
605 1.58977842104
606 1.59247590466
607 1.59503170342
608 1.59772993581
609 1.60042878254
610 1.60312825456
611 1.60582836283
612 1.60852911835
613 1.61108557553
614 1.6137872045
615 1.61648951286
616 1.61919251162
617 1.62174946228
618 1.62445341756
619 1.62715809554
620 1.62971541145
621 1.63242110807
622 1.63512755979
623 1.63768532817
624 1.64039286086
625 1.64310118116
626 1.64565948952
627 1.64836895331
628 1.65092752492
629 1.65363817342
630 1.65634966368
631 1.6589089209
632 1.66162165872
633 1.66418127526
634 1.6668953021
635 1.66945531621
636 1.67217067358
637 1.67473112357
638 1.6774478531
639 1.68000877734
640 1.68256973045
641 1.68528835767
642 1.68784984197
643 1.69056994483
644 1.69313199888
645 1.6956941277
646 1.69841628168
647 1.70097903741
648 1.70354189541
649 1.70626619239
650 1.7088297346
651 1.71139340662
652 1.71395721742
653 1.71668435242
654 1.71924892353
655 1.72181366104
656 1.72437857393
657 1.72710870896
658 1.72967445849
659 1.7322404111
660 1.7348065758
661 1.7373729616
662 1.73993957751
663 1.74267426914
664 1.74524183582
665 1.74780966042
666 1.75037775199
667 1.75294611957
668 1.75551477221
669 1.75808371896
670 1.76065296888
671 1.76322253102
672 1.76579241447
673 1.7683626283
674 1.77093318158
675 1.77350408341
676 1.77607534286
677 1.77864696905
678 1.78121897107
679 1.78379135803
680 1.78636413903
681 1.78893732321
682 1.79151091969
683 1.79408493758
684 1.79665938604
685 1.79923427419
686 1.80180961119
687 1.80420623599
688 1.80678201619
689 1.80935827191
690 1.81193501231
691 1.81451224658
692 1.81708998389
693 1.81948619793
694 1.82206448225
695 1.82464329637
696 1.82722264949
697 1.82980255082
698 1.83219857197
699 1.83477910679
700 1.83736021665
701 1.83994191076
702 1.84233783339
703 1.84492023003
704 1.84750323781
705 1.8498990576
706 1.85248281938
707 1.85506721923
708 1.857463008
709 1.86004821338
710 1.86263408381
711 1.86502991343
712 1.86761664098
713 1.87001238438
714 1.87260000299
715 1.87518833139
716 1.87758423489
717 1.88017350604
718 1.88256940179
719 1.88515964968
720 1.88755556883
721 1.89014682748
722 1.89273885859
723 1.89513510462
724 1.89772819834
725 1.90012454634
726 1.90271873675
727 1.90511521791
728 1.9075115424
729 1.91010718465
730 1.91250368845
731 1.91510051189
732 1.91749722624
733 1.92009526502
734 1.92249222113
735 1.92509150946
736 1.92748873858
737 1.92988587802
738 1.93248684406
739 1.93488430272
740 1.93728169383
741 1.93988441222
742 1.94228216878
743 1.94467987994
744 1.9472844254
745 1.94968254825
746 1.95208064784
747 1.95468709515
748 1.95708565271
749 1.95948420915
750 1.96209263316
751 1.96449169386
752 1.96689077559
753 1.96928988553
754 1.97190088353
755 1.97430055901
756 1.97670028485
757 1.97910006823
758 1.9817137714
759 1.98411418163
760 1.98651467156
761 1.98891524834
762 1.99131591917
763 1.99393305302
764 1.99633442704
765 1.99873591725
766 2.00113753084
767 2.00353927498
768 2.00594115683
769 2.00834318357
770 2.01096524308
771 2.01336807939
772 2.01577108276
773 2.01817426035
774 2.02057761934
775 2.02298116691
776 2.02538491021
777 2.02778885643
778 2.03019301274
779 2.03259738629
780 2.03500198428
781 2.03740681386
782 2.0398118822
783 2.04221719648
784 2.04462276386
785 2.04702859152
786 2.04943468662
787 2.05184105634
788 2.05424770784
789 2.05665464829
790 2.05906188486
791 2.06146942472
792 2.06387727504
793 2.066285443
794 2.06869393575
795 2.07110276048
796 2.07351192434
797 2.07592143452
798 2.07833129818
799 2.08074152249
800 2.08315211462
801 2.08556308175
802 2.08773827322
803 2.09014949183
804 2.09256110625
805 2.09497312363
806 2.09738555116
807 2.09979839601
808 2.10221166535
809 2.10438561019
810 2.10679922517
811 2.10921328544
812 2.11162779817
813 2.11404277054
814 2.11621587971
815 2.11863126456
816 2.12104712984
817 2.12346348272
818 2.12588033039
819 2.12805275969
820 2.13047008662
821 2.13288792913
822 2.13530629439
823 2.13747819684
824 2.13989709452
825 2.14231653573
826 2.14473652765
827 2.14690800182
828 2.14932857929
829 2.15174972825
830 2.15392082622
831 2.15634260021
832 2.15876496649
833 2.16118793224
834 2.16335877357
835 2.16578241741
836 2.16820668152
837 2.17037727429
838 2.17280225595
839 2.17497255222
840 2.17739827727
841 2.17982465696
842 2.18199479475
843 2.18442195726
844 2.1868497952
845 2.1890198288
846 2.19144848897
847 2.1936183208
848 2.19604782901
849 2.19847804704
850 2.20064786449
851 2.20307896995
852 2.20524864455
853 2.20768066323
854 2.20985021832
855 2.21228317599
856 2.21471689149
857 2.21688655732
858 2.21932125118
859 2.22149085628
860 2.22392655427
861 2.22609612188
862 2.22853284976
863 2.23070240313
864 2.23314018666
865 2.23530974902
866 2.23774861394
867 2.23991820849
868 2.24235818056
869 2.24452783049
870 2.24696893543
871 2.24913866392
872 2.25158092747
873 2.25375075767
874 2.25619420556
875 2.25836416061
876 2.26053393528
877 2.26297892159
878 2.26514885523
879 2.26759508945
880 2.26976520515
881 2.27221271299
882 2.27438303383
883 2.27655321251
884 2.27900239006
885 2.28117280791
886 2.2836233226
887 2.28579400266
888 2.28796456768
889 2.2904168455
890 2.29258770669
891 2.294758469
892 2.29721256551
893 2.29938365791
894 2.30155466756
895 2.30401063832
896 2.30618201193
897 2.30835331891
898 2.31081121944
899 2.31298292422
900 2.31515457844
901 2.31761446426
902 2.3197865501
903 2.32195860143
904 2.32442052804
905 2.32659304477
906 2.32876554301
907 2.3312295659
908 2.33340256328
909 2.33557555818
910 2.33774855578
911 2.34021526059
912 2.34238880186
913 2.3445623618
914 2.34673594555
915 2.34920542883
916 2.35137960073
917 2.35355381239
918 2.35572806896
919 2.3582004272
920 2.36037531633
921 2.36255026629
922 2.36472528219
923 2.36690036917
924 2.36937630471
925 2.37155207939
926 2.37372794103
927 2.37590389473
928 2.37807994561
929 2.38055960717
930 2.38273640081
931 2.38491330747
932 2.38709033227
933 2.38926748029
934 2.39144475664
935 2.39392896227
936 2.39610704707
937 2.398285276
938 2.40046365414
939 2.40264218659
940 2.40482087842
941 2.40699973471
942 2.40948940606
943 2.41166914708
944 2.41384906833
945 2.41602917487
946 2.41820947177
947 2.4203899641
948 2.42257065691
949 2.42475155526
950 2.42693266421
951 2.42911398881
952 2.43161169539
953 2.43379401288
954 2.43597656173
955 2.43815934699
956 2.44034237371
957 2.44252564691
958 2.44470917165
959 2.44689295295
960 2.44907699585
961 2.45126130537
962 2.45344588656
963 2.45563074442
964 2.457815884
965 2.46000131031
966 2.46218702838
967 2.46437304321
968 2.46655935983
969 2.46874598326
970 2.4709329185
971 2.47312017056
972 2.47530774445
973 2.47749564519
974 2.47968387777
975 2.4818724472
976 2.48406135848
977 2.4862506166
978 2.48844022657
979 2.49063019339
980 2.49282052203
981 2.49501121751
982 2.4972022848
983 2.4993937289
984 2.50158555479
985 2.50377776746
986 2.5059703719
987 2.50816337308
988 2.51035677599
989 2.5125505856
990 2.5147448069
991 2.51693944486
992 2.51913450445
993 2.52132999065
994 2.52318628714
995 2.52538206973
996 2.5275782932
997 2.52977496253
998 2.53197208268
999 2.5341696586
