50 14.1227506917
51 14.4052057056
52 14.6876607194
53 14.9701157332
54 15.2525707471
55 15.5350257609
56 15.8174807747
57 16.0999357886
58 16.3823908024
59 16.6648458162
60 16.9473008301
61 17.2297558439
62 17.5122108577
63 17.7946658716
64 18.0771208854
65 18.3595758992
66 18.6420309131
67 18.9244859269
68 19.2069409407
69 19.4893959546
70 19.7718509684
71 20.0543059822
72 20.3367609961
73 20.6192160099
74 20.9016710237
75 21.1841260376
76 21.4665810514
77 21.7490360653
78 22.0314910791
79 22.3139460929
80 22.5964011068
81 22.8788561206
82 23.1613111344
83 23.4437661483
84 23.7262211621
85 24.0086761759
86 24.2911311898
87 24.5735862036
88 24.8560412174
89 25.1384962313
90 25.4209512451
91 25.7034062589
92 25.9858612728
93 26.2683162866
94 26.5507713004
95 26.8332263143
96 27.1156813281
97 27.3981363419
98 27.6805913558
99 27.9630463696
100 28.2455013834
101 28.5279563973
102 28.8104114111
103 29.0928664249
104 29.3753214388
105 29.6577764526
106 29.9402314664
107 30.2226864803
108 30.5051414941
109 30.787596508
110 31.0700515218
111 31.3525065356
112 31.6349615495
113 31.9174165633
114 32.1998715771
115 32.482326591
116 32.7647816048
117 33.0472366186
118 33.3296916325
119 33.6121466463
120 33.8946016601
121 34.177056674
122 34.4595116878
123 34.7419667016
124 35.0244217155
125 35.3068767293
126 35.5893317431
127 35.871786757
128 36.1542417708
129 36.4366967846
130 36.7191517985
131 37.0016068123
132 37.2840618261
133 37.56651684
134 37.8489718538
135 38.1314268676
136 38.4138818815
137 38.6963368953
138 38.9787919092
139 39.261246923
140 39.5437019368
141 39.8261569507
142 40.1086119645
143 40.3910669783
144 40.6735219922
145 40.955977006
146 41.2384320198
147 41.5208870337
148 41.8033420475
149 42.0857970613
150 42.3682520752
151 42.650707089
152 42.9331621028
153 43.2156171167
154 43.4980721305
155 43.7805271443
156 44.0629821582
157 44.345437172
158 44.6278921858
159 44.9103471997
160 45.1928022135
161 45.4752572273
162 45.7577122412
163 46.040167255
164 46.3226222688
165 46.6050772827
166 46.8875322965
167 47.1699873103
168 47.4524423242
169 47.734897338
170 48.0173523519
171 48.2998073657
172 48.5822623795
173 48.8647173934
174 49.1471724072
175 49.429627421
176 49.7120824349
177 49.9945374487
178 50.2769924625
179 50.5594474764
180 50.8419024902
181 51.124357504
182 51.4068125179
183 51.6892675317
184 51.9717225455
185 52.2541775594
186 52.5366325732
187 52.819087587
188 53.1015426009
189 53.3839976147
190 53.6664526285
191 53.9489076424
192 54.2313626562
193 54.51381767
194 54.7962726839
195 55.0787276977
196 55.3611827115
197 55.6436377254
198 55.9260927392
199 56.2085477531
200 56.4910027669
201 56.7734577807
202 57.0559127946
203 57.3383678084
204 57.6208228222
205 57.9032778361
206 58.1857328499
207 58.4681878637
208 58.7506428776
209 59.0330978914
210 59.3155529052
211 59.5980079191
212 59.8804629329
213 60.1629179467
214 60.4453729606
215 60.7278279744
216 61.0102829882
217 61.2927380021
218 61.5751930159
219 61.8576480297
220 62.1401030436
221 62.4225580574
222 62.7050130712
223 62.9874680851
224 63.2699230989
225 63.5523781127
226 63.8348331266
227 64.1172881404
228 64.3997431542
229 64.6821981681
230 64.9646531819
231 65.2471081958
232 65.5295632096
233 65.8120182234
234 66.0944732373
235 66.3769282511
236 66.6593832649
237 66.9418382788
238 67.2242932926
239 67.5067483064
240 67.7892033203
241 68.0716583341
242 68.3541133479
243 68.6365683618
244 68.9190233756
245 69.2014783894
246 69.4839334033
247 69.7663884171
248 70.0488434309
249 70.3312984448
250 70.6137534586
251 70.8962084724
252 71.1786634863
253 71.4611185001
254 71.7435735139
255 72.0260285278
256 72.3084835416
257 72.5909385554
258 72.8733935693
259 73.1558485831
260 73.4383035969
261 73.7207586108
262 74.0032136246
263 74.2856686385
264 74.5681236523
265 74.8505786661
266 75.13303368
267 75.4154886938
268 75.6979437076
269 75.9803987215
270 76.2628537353
271 76.5453087491
272 76.827763763
273 77.1102187768
274 77.3926737906
275 77.6751288045
276 77.9575838183
277 78.2400388321
278 78.522493846
279 78.8049488598
280 79.0874038736
281 79.3698588875
282 79.6523139013
283 79.9347689151
284 80.217223929
285 80.4996789428
286 80.7821339566
287 81.0645889705
288 81.3470439843
289 81.6294989981
290 81.911954012
291 82.1944090258
292 82.4768640397
293 82.7593190535
294 83.0417740673
295 83.3242290812
296 83.606684095
297 83.8891391088
298 84.1715941227
299 84.4540491365
