50 1.0 0.00512525837937
51 1.0 0.00683510957492
52 1.0 0.00890547699957
53 1.0 0.0114114738702
54 1.0 0.0143335482425
55 1.0 0.0177362274137
56 1.0 0.0216564398652
57 1.0 0.0260500429012
58 1.0 0.0309721116394
59 1.0 0.0363977202968
60 1.0 0.0423488147394
61 1.0 0.0487833977511
62 1.0 0.0557300272799
63 1.0 0.0630333189463
64 1.0 0.0709386548374
65 1.0 0.0791739198878
66 1.0 0.0877789709378
67 1.0 0.0968346255721
68 1.0 0.106115789503
69 1.0 0.115900126846
70 1.0 0.125746803043
71 1.0 0.135750628286
72 1.0 0.146306637414
73 1.0 0.156637357955
74 1.0 0.167418695717
75 1.0 0.178050998654
76 1.0 0.189043678079
77 1.0 0.200014831761
78 1.0 0.210989749634
79 1.0 0.221975052892
80 1.0 0.232988871757
81 1.0 0.243939492417
82 0.999999999999 0.254895280948
83 0.999999999998 0.265767545092
84 0.999999999997 0.276550747288
85 0.999999999995 0.287292979073
86 0.99999999999 0.297906653201
87 0.999999999983 0.308398798305
88 0.999999999969 0.318782673194
89 0.999999999948 0.329077786227
90 0.999999999912 0.339196984253
91 0.999999999853 0.349162203479
92 0.999999999761 0.359001752118
93 0.999999999615 0.368688855478
94 0.999999999391 0.37819654028
95 0.999999999051 0.38756224593
96 0.99999999854 0.396763531598
97 0.999999997784 0.405777910502
98 0.999999996679 0.414651936654
99 0.999999995084 0.423367618005
100 0.999999992806 0.43190697605
101 0.999999989591 0.440252106532
102 0.9999999851 0.448459863679
103 0.999999978893 0.4565166613
104 0.999999970398 0.464331692177
105 0.999999958881 0.472044787629
106 0.99999994341 0.479566679126
107 0.999999922808 0.486965259428
108 0.999999895607 0.494148944948
109 0.999999859983 0.501271741475
110 0.999999813693 0.508158841805
111 0.999999753997 0.514883454302
112 0.999999677572 0.521523451848
113 0.999999580415 0.527985425541
114 0.999999457738 0.534260679138
115 0.999999303845 0.540430618402
116 0.999999112009 0.546489897086
117 0.999998874327 0.552341295718
118 0.999998581567 0.558162454408
119 0.999998223011 0.563763442545
120 0.999997786274 0.569231150339
121 0.999997257121 0.574656249909
122 0.999996619274 0.579940004518
123 0.999995854208 0.585077581864
124 0.999994940935 0.590064252611
125 0.999993855788 0.594994403181
126 0.999992572191 0.599766097585
127 0.999991060432 0.604475459766
128 0.99998928742 0.609019070796
129 0.999987216454 0.613494733457
130 0.999984806982 0.617900453449
131 0.999982014357 0.622130718822
132 0.999978789607 0.626389945405
133 0.999975079201 0.630468462387
134 0.999970824815 0.634467943767
135 0.999965963118 0.63838655294
136 0.999960425556 0.642115618111
137 0.999954138149 0.645866466208
138 0.999947021303 0.649531126156
139 0.999938989626 0.65310788588
140 0.999929951768 0.656595067738
141 0.999919810272 0.659991029826
142 0.999908461439 0.663404556101
143 0.999895795217 0.666613836321
144 0.9998816951 0.669838641727
145 0.999866038058 0.67296704878
146 0.999848694475 0.675997563711
147 0.999829528114 0.679041725701
148 0.999808396102 0.681986096563
149 0.99978514894 0.684829261601
150 0.999759630524 0.687684279648
151 0.999731678196 0.690436294151
152 0.99970112282 0.693083975217
153 0.999667788865 0.695741809594
154 0.999631494523 0.698293622595
155 0.999592051839 0.70085479503
156 0.999549266863 0.703308313032
157 0.999502939826 0.70577042019
158 0.999452865322 0.708123297042
159 0.999398832524 0.710484017846
160 0.999340625401 0.712733991887
161 0.999278022964 0.714991091188
162 0.999210799515 0.717255338314
163 0.999138724921 0.719407028473
164 0.999061564891 0.721445106861
165 0.99897908127 0.723609365883
166 0.998891032345 0.72553860161
167 0.99879717315 0.72759405073
168 0.998697255796 0.729533910139
169 0.998591029787 0.731478941463
170 0.998478242365 0.733307117741
171 0.998358638837 0.735139863157
172 0.998231962922 0.73697718913
173 0.998097957094 0.738696169486
174 0.997956362923 0.740542383692
175 0.997806921424 0.742146167981
176 0.997649373398 0.743877204847
177 0.997483459777 0.745488211321
178 0.99730892196 0.747102706733
179 0.997125502154 0.74872069864
180 0.996932943699 0.750342194614
181 0.9967309914 0.751842076809
182 0.996519391844 0.753344957166
183 0.996297893714 0.754850841676
184 0.996066248097 0.756233880004
185 0.995824208778 0.757619452337
186 0.995571532536 0.759133881268
187 0.995307979417 0.760398217594
188 0.995033313014 0.761791419829
189 0.994747300718 0.763187174691
190 0.994449713979 0.764458261771
191 0.99414032854 0.765731465845
192 0.993818924669 0.767006790438
193 0.993485287378 0.768284239083
194 0.993139206632 0.76943576185
195 0.992780477539 0.770717255943
196 0.992408900544 0.771872425374
197 0.992024281593 0.773029326201
198 0.991626432304 0.774187961019
199 0.991215170108 0.775348332426
200 0.990790318396 0.776381233658
201 0.990351706641 0.777544892394
202 0.989899170518 0.778580719833
203 0.989432552005 0.779617927178
204 0.988951699481 0.780656516266
205 0.988456467807 0.781696488939
206 0.987946718399 0.78273784704
207 0.98742231929 0.783780592414
208 0.986883145183 0.784694134066
209 0.986329077492 0.785608740505
210 0.985760004376 0.786655310417
211 0.985175820757 0.78757220272
212 0.984576428341 0.788490163714
213 0.983961735618 0.789409194644
214 0.983331657858 0.790329296759
215 0.982686117105 0.791118809235
216 0.982025042148 0.792040904004
217 0.981348368501 0.792832126319
218 0.980656038365 0.793756218058
219 0.979948000589 0.794549153914
220 0.979224210616 0.795342881886
221 0.978484630434 0.796269900057
222 0.977729228512 0.797065346996
223 0.976957979734 0.797861588561
224 0.976170865327 0.798525730776
225 0.975367872784 0.799323431215
226 0.974548995782 0.800121928531
227 0.973714234097 0.800921223518
228 0.972863593509 0.801587912582
229 0.971997085711 0.802255156599
230 0.971114728211 0.80305658261
231 0.970216544229 0.803725049152
232 0.969302562591 0.804394072128
233 0.968372817624 0.805197634844
234 0.967427349044 0.805867883604
235 0.966466201846 0.806538690282
236 0.965489426185 0.80721005534
237 0.964497077264 0.807881979245
238 0.963489215214 0.808419921051
239 0.962465904974 0.809092852052
240 0.96142721617 0.809766343202
241 0.960373222998 0.810305539743
242 0.959304004092 0.810980040338
243 0.958219642413 0.81152004504
244 0.957120225114 0.812195556592
245 0.956005843424 0.812736370666
246 0.954876592521 0.813412894691
247 0.953732571408 0.81395451935
248 0.95257388279 0.814496504658
249 0.951400632952 0.815038850857
250 0.950212931632 0.815717291473
251 0.949010891905 0.816260450554
252 0.947794630054 0.816803971305
253 0.946564265457 0.81734785397
254 0.945319920462 0.817892098787
255 0.944061720269 0.818300520209
256 0.942789792815 0.818845399375
257 0.941504268654 0.819390641359
258 0.940205280848 0.819936246401
259 0.938892964843 0.820482214743
260 0.93756745837 0.820891929561
261 0.936228901321 0.821438534261
262 0.934877435651 0.821848726625
263 0.933513205264 0.822395968425
264 0.932136355909 0.822806638892
265 0.930747035076 0.823354518534
266 0.929345391893 0.823765667661
267 0.927931577028 0.824314185888
268 0.926505742586 0.824725814234
269 0.925068042016 0.825137648129
270 0.923618630015 0.825687079913
271 0.922157662433 0.826099393825
272 0.920685296184 0.826511913629
273 0.919201689158 0.826924639429
274 0.91770700013 0.82747526111
275 0.916201388679 0.827888467966
276 0.914685015099 0.82830188116
277 0.913158040325 0.828715500795
278 0.911620625847 0.829129326975
279 0.910072933638 0.829543359803
280 0.908515126074 0.829957599381
281 0.906947365863 0.830372045814
282 0.905369815973 0.830786699204
283 0.903782639562 0.831063249824
284 0.902185999911 0.831478248373
285 0.900580060357 0.831893454154
286 0.898964984232 0.832308867273
287 0.897340934795 0.832724487831
288 0.895708075179 0.833001683499
289 0.894066568328 0.833417650021
290 0.892416576942 0.833833824259
291 0.890758263421 0.834111389201
292 0.889091789815 0.834527909864
293 0.887417317768 0.83494463852
294 0.885735008474 0.835222573227
295 0.884045022624 0.835639648769
296 0.882347520364 0.83591781483
297 0.880642661249 0.836335237547
298 0.878930604199 0.836613635154
299 0.877211507458 0.837031405335
300 0.875485528556 0.837310034681
301 0.873752824269 0.837728152615
302 0.872013550585 0.838007013893
303 0.870267862663 0.838285967997
304 0.868515914807 0.838704573272
305 0.866757860426 0.838983759579
306 0.86499385201 0.83926303882
307 0.863224041095 0.839682132004
308 0.861448578237 0.839961643718
309 0.859667612986 0.840241248476
310 0.857881293859 0.840520946308
311 0.856089768315 0.840940667638
312 0.854293182733 0.841220598292
313 0.852491682388 0.841500622128
314 0.850685411436 0.841780739178
315 0.848874512884 0.842060949473
316 0.847059128582 0.842341253043
317 0.845239399199 0.842761883359
318 0.843415464207 0.843042420255
319 0.84158746187 0.843323050536
320 0.839755529222 0.843603774232
321 0.83791980206 0.843884591375
322 0.836080414931 0.844165501996
323 0.834237501114 0.844446506126
324 0.832391192617 0.844727603795
325 0.830541620162 0.845008795037
326 0.82868891318 0.84529007988
327 0.826833199798 0.845571458357
328 0.824974606834 0.845852930499
329 0.823113259792 0.846134496337
330 0.821249282852 0.846416155901
331 0.81938279887 0.846557020841
332 0.817513929367 0.846895192353
333 0.815642794531 0.847148909636
334 0.813769513212 0.847416804786
335 0.811894202916 0.847670678336
336 0.810016979809 0.847938738485
337 0.80813795871 0.848192768399
338 0.806257253095 0.848446874416
339 0.804374975092 0.84870105656
340 0.802491235486 0.848941187395
341 0.800606143716 0.849195517627
342 0.79871980788 0.849449924054
343 0.796832334732 0.849690266772
344 0.794943829689 0.849930677493
345 0.79305439683 0.850171156235
346 0.791164138901 0.850411703018
347 0.789273157321 0.850652317862
348 0.787381552178 0.850893000784
349 0.785489422242 0.851133751806
350 0.783596864966 0.851360403227
351 0.78170397649 0.851601286495
352 0.779810851647 0.851828062418
353 0.777917583971 0.85205489873
354 0.776024265698 0.852281795447
355 0.774130987778 0.852508752585
356 0.772237839877 0.852735770161
357 0.770344910387 0.852962848189
358 0.76845228643 0.853189986687
359 0.766560053868 0.853402983962
360 0.76466829731 0.853630239666
361 0.762777100117 0.853843346849
362 0.760886544414 0.854070719818
363 0.758996711095 0.854283936966
364 0.757107679834 0.854497207344
365 0.755219529091 0.854710530964
366 0.753332336121 0.854923907839
367 0.751446176985 0.855137337984
368 0.749561126557 0.855350821412
369 0.747677258534 0.855550120695
370 0.745794645442 0.855763707173
371 0.743913358653 0.85596310266
372 0.742033468387 0.856176792238
373 0.740155043723 0.856376283975
374 0.738278152612 0.856575822194
375 0.736402861884 0.856775406906
376 0.734529237259 0.856975038122
377 0.732657343355 0.857174715852
378 0.730787243701 0.857374440108
379 0.728919000745 0.857574210901
380 0.727052675863 0.85777402824
381 0.725188329373 0.857973892138
382 0.723326020542 0.858159521741
383 0.721465807596 0.858359475459
384 0.719607747734 0.858545188486
385 0.717751897132 0.858730941694
386 0.715898310961 0.858931028555
387 0.714047043391 0.859116865242
388 0.712198147603 0.859302742137
389 0.710351675801 0.859488659247
390 0.708507679223 0.859674616582
391 0.706666208147 0.85986061415
392 0.704827311904 0.860046651961
393 0.702991038892 0.860232730022
394 0.701157436578 0.860404530119
395 0.699326551516 0.86059068561
396 0.697498429354 0.860762557196
397 0.695673114843 0.860948790149
398 0.69385065185 0.861120733254
399 0.692031083368 0.861307043701
400 0.690214451523 0.861479058353
401 0.688400797588 0.861651107359
402 0.68659016199 0.861837532557
403 0.684782584323 0.862009653155
404 0.682978103354 0.862181808128
405 0.68117675704 0.862353997483
406 0.679378582528 0.862526221226
407 0.677583616174 0.862698479364
408 0.675791893548 0.862856412879
409 0.674003449444 0.863028736962
410 0.672218317892 0.863201095459
411 0.670436532165 0.863359120988
412 0.668658124791 0.863531545467
413 0.66688312756 0.863704004383
414 0.665111571536 0.863862121978
415 0.663343487065 0.86402026852
416 0.661578903784 0.86419282504
417 0.659817850632 0.864351032124
418 0.658060355856 0.86450926817
419 0.656306447026 0.864667533185
420 0.654556151035 0.864840218972
421 0.652809494118 0.864998544574
422 0.651066501855 0.86515689916
423 0.64932719918 0.865315282735
424 0.647591610391 0.865473695306
425 0.645859759161 0.8656177319
426 0.644131668541 0.86577619984
427 0.642407360975 0.865934696791
428 0.640686858302 0.866093222757
429 0.638970181771 0.866251777745
430 0.637257352045 0.866395943831
431 0.635548389209 0.866554554238
432 0.633843312783 0.866698770714
433 0.632142141722 0.866857436559
434 0.630444894434 0.867001703442
435 0.628751588778 0.867160424745
436 0.62706224208 0.867304742053
437 0.625376871136 0.867449083379
438 0.623695492221 0.867593448727
439 0.622018121099 0.86775227836
440 0.620344773024 0.867896694167
441 0.618675462757 0.868041134008
442 0.617010204565 0.868185597889
443 0.615349012232 0.868330085811
444 0.613691899068 0.86847459778
445 0.612038877912 0.868619133799
446 0.610389961142 0.868763693873
447 0.608745160682 0.868908278005
448 0.607104488007 0.869038424298
449 0.605467954152 0.869183054152
450 0.603835569718 0.869327708076
451 0.602207344878 0.869472386075
452 0.600583289385 0.86960261686
453 0.598963412577 0.86974734061
454 0.597347723387 0.869892088446
455 0.595736230343 0.870022382095
456 0.594128941582 0.870167175704
457 0.59252586485 0.870297510556
458 0.590927007511 0.870427864929
459 0.589332376554 0.870572726021
460 0.587741978597 0.870703121617
461 0.586155819894 0.870833536744
462 0.584573906343 0.87097846535
463 0.582996243485 0.871108921717
464 0.581422836519 0.871239397625
465 0.5798536903 0.871369893076
466 0.578288809351 0.871500408072
467 0.576728197862 0.871630942617
468 0.575171859702 0.871761496714
469 0.573619798418 0.871892070366
470 0.572072017247 0.872022663574
471 0.570528519116 0.872153276344
472 0.568989306649 0.872283908676
473 0.567454382173 0.872414560575
474 0.565923747724 0.872545232043
475 0.564397405047 0.872675923084
476 0.562875355607 0.872806633699
477 0.561357600591 0.872922837349
478 0.559844140913 0.873053584947
479 0.558334977218 0.873184352129
480 0.55683010989 0.873300606067
481 0.555329539051 0.873431410249
482 0.553833264573 0.87354769708
483 0.552341286075 0.873678538271
484 0.550853602932 0.873809399059
485 0.549370214279 0.873925736215
486 0.547891119013 0.874042088859
487 0.546416315802 0.874173004101
488 0.544945803084 0.874289389666
489 0.543479579072 0.874420341948
490 0.542017641763 0.874536760444
491 0.540559988936 0.874653194439
492 0.53910661816 0.874769643935
493 0.537657526794 0.874900668151
494 0.536212711997 0.875017150596
495 0.534772170726 0.875133648549
496 0.533335899742 0.875250162012
497 0.531903895615 0.875366690988
498 0.530476154725 0.875483235478
499 0.529052673268 0.875599795485
500 0.527633447259 0.87571637101
501 0.526218472534 0.875847537028
502 0.524807744757 0.875949568624
503 0.523401259418 0.876066190718
504 0.521999011841 0.876182828338
505 0.520600997186 0.876299481487
506 0.519207210453 0.876416150167
507 0.517817646482 0.876532834379
508 0.516432299961 0.876649534128
509 0.515051165425 0.876766249413
510 0.513674237262 0.876868388034
511 0.512301509714 0.876985132457
512 0.51093297688 0.877101892423
513 0.509568632723 0.877204070145
514 0.508208471066 0.87732085926
515 0.506852485602 0.877437663924
516 0.505500669891 0.877539880762
517 0.504153017366 0.877656714586
518 0.502809521335 0.877758956942
519 0.501470174985 0.877875819933
520 0.500134971381 0.877978087814
521 0.498803903474 0.87809497998
522 0.497476964097 0.878197273392
523 0.496154145976 0.87831419474
524 0.494835441722 0.878416513689
525 0.493520843844 0.878533464226
526 0.492210344745 0.878635808718
527 0.490903936725 0.878738165134
528 0.489601611985 0.878855158495
529 0.48830336263 0.878957540463
530 0.487009180668 0.879059934358
531 0.485719058016 0.879162340182
532 0.4844329865 0.879279390017
533 0.483150957858 0.879381821406
534 0.48187296374 0.879484264728
535 0.480598995714 0.879586719984
536 0.479329045266 0.879689187175
537 0.478063103801 0.879791666303
538 0.476801162647 0.879908799925
539 0.475543213057 0.880011304637
540 0.474289246207 0.880113821291
541 0.473039253205 0.880216349886
542 0.471793225087 0.880318890426
543 0.47055115282 0.880421442912
544 0.469313027306 0.880524007344
545 0.468078839382 0.880626583724
546 0.466848579823 0.880714515847
547 0.465622239342 0.880817114421
548 0.464399808592 0.880919724946
549 0.463181278172 0.881022347426
550 0.46196663862 0.88112498186
551 0.460755880425 0.881227628251
552 0.459548994019 0.881330286599
553 0.458345969786 0.881418288988
554 0.457146798058 0.881520969547
555 0.455951469122 0.881623662069
556 0.454759973216 0.881711693751
557 0.453572300535 0.881814408491
558 0.452388441229 0.881917135196
559 0.451208385407 0.882019873868
560 0.450032123136 0.882107945113
561 0.448859644446 0.882210706014
562 0.447690939328 0.882298796314
563 0.446525997737 0.882401579448
564 0.445364809591 0.882504374556
565 0.444207364777 0.882592494179
566 0.443053653148 0.882695311527
567 0.441903664524 0.882783450216
568 0.440757388698 0.882886289809
569 0.439614815433 0.882974447568
570 0.438475934464 0.883077309411
571 0.437340735499 0.883165486243
572 0.436209208222 0.88325367188
573 0.435081342292 0.883356566252
574 0.433957127345 0.883444770968
575 0.432836552995 0.883547687602
576 0.431719608836 0.883635911402
577 0.43060628444 0.883724144011
578 0.429496569363 0.88381238543
579 0.428390453141 0.883915344889
580 0.427287925294 0.884003605401
581 0.426188975327 0.884091874725
582 0.42509359273 0.884194866743
583 0.424001766977 0.884283155165
584 0.422913487532 0.884371452403
585 0.421828743845 0.884459758457
586 0.420747525356 0.884548073329
587 0.419669821495 0.884651118492
588 0.418595621682 0.884739452471
589 0.417524915328 0.884827795271
590 0.416457691837 0.884916146892
591 0.415393940607 0.885004507335
592 0.414333651029 0.885092876601
593 0.413276812488 0.885181254691
594 0.412223414367 0.885269641606
595 0.411173446043 0.885358037346
596 0.410126896891 0.885446441912
597 0.409083756285 0.885534855306
598 0.408044013594 0.885623277529
599 0.407007658192 0.88571170858
600 0.405974679446 0.885800148461
601 0.40494506673 0.885888597173
602 0.403918809416 0.885977054717
603 0.402895896877 0.886065521094
604 0.401876318492 0.886153996304
605 0.40086006364 0.886242480349
606 0.399847121707 0.886330973228
607 0.39883748208 0.886404724045
608 0.397831134154 0.886493233125
609 0.396828067328 0.886581751043
610 0.395828271008 0.8866702778
611 0.394831734606 0.886758813396
612 0.393838447543 0.886832599812
613 0.392848399246 0.886921151617
614 0.391861579151 0.887009712263
615 0.390877976705 0.887098281752
616 0.38989758136 0.887172096416
617 0.388920382583 0.887260682119
618 0.387946369847 0.887349276668
619 0.38697553264 0.887423112217
620 0.386007860458 0.887511722985
621 0.385043342811 0.887600342601
622 0.38408196922 0.88767419904
623 0.383123729219 0.88776283488
624 0.382168612357 0.88785147957
625 0.381216608194 0.887925356906
626 0.380267706305 0.888014017824
627 0.37932189628 0.888087908685
628 0.378379167722 0.888176585834
629 0.377439510253 0.888250490222
630 0.376502913506 0.888339183605
631 0.375569367133 0.888413101523
632 0.3746388608 0.888501811143
633 0.373711384194 0.888575742593
634 0.372786927013 0.888664468453
635 0.371865478977 0.888738413438
636 0.370947029822 0.888827155541
637 0.370031569301 0.888901114062
638 0.369119087188 0.888989872411
639 0.368209573274 0.889063844472
640 0.367303017368 0.889137822689
641 0.3663994093 0.889226604673
642 0.365498738918 0.889300596433
643 0.364600996092 0.889374594349
644 0.363706170709 0.889463399976
645 0.362814252679 0.889537411438
646 0.361925231932 0.88961142906
647 0.361039098418 0.889700258335
648 0.360155842108 0.889774289507
649 0.359275452996 0.889848326838
650 0.358397921096 0.889937179768
651 0.357523236445 0.890011230654
652 0.356651389101 0.890085287701
653 0.355782369145 0.890159350911
654 0.35491616668 0.890248234897
655 0.354052771832 0.890322311665
656 0.35319217475 0.890396394597
657 0.352334365605 0.890470483694
658 0.351479334594 0.890544578955
659 0.350627071934 0.890618680382
660 0.349777567867 0.890707610233
661 0.348930812661 0.890781725225
662 0.348086796605 0.890855846385
663 0.347245510014 0.890929973712
664 0.346406943225 0.891004107207
665 0.345571086603 0.891078246871
666 0.344737930535 0.891152392703
667 0.343907465433 0.891226544706
668 0.343079681736 0.891300702878
669 0.342254569905 0.891374867221
670 0.341432120428 0.891449037736
671 0.340612323819 0.891523214422
672 0.339795170616 0.89159739728
673 0.338980651383 0.891671586311
674 0.338168756709 0.891745781515
675 0.337359477212 0.891819982892
676 0.336552803531 0.891894190444
677 0.335748726335 0.891968404171
678 0.334947236318 0.892042624073
679 0.334148324198 0.892116850151
680 0.333351980724 0.892191082405
681 0.332558196666 0.892265320836
682 0.331766962825 0.892339565444
683 0.330978270026 0.89241381623
684 0.330192109122 0.892488073194
685 0.329408470992 0.892547483214
686 0.328627346541 0.892621751301
687 0.327848726703 0.892696025567
688 0.327072602437 0.892770306014
689 0.326298964731 0.892844592642
690 0.325527804599 0.89291888545
691 0.32475911308 0.892978324148
692 0.323992881244 0.893052628085
693 0.323229100187 0.893126938204
694 0.32246776103 0.893201254507
695 0.321708854925 0.893275576993
696 0.320952373049 0.893335039435
697 0.320198306606 0.893409373053
698 0.31944664683 0.893483712857
699 0.318697384979 0.893543189154
700 0.317950512343 0.893617540092
701 0.317206020236 0.893691897217
702 0.3164639 0.89376626053
703 0.315724143006 0.893825755635
704 0.314986740652 0.893900130085
705 0.314251684363 0.893974510724
706 0.313518965593 0.894034019692
707 0.312788575823 0.894108411472
708 0.312060506562 0.894182809442
709 0.311334749346 0.894242332275
710 0.31061129574 0.894316741389
711 0.309890137335 0.894376273138
712 0.309171265751 0.894450693396
713 0.308454672636 0.894525119847
714 0.307740349665 0.894584665467
715 0.307028288542 0.894659103066
716 0.306318480996 0.894718657604
717 0.305610918787 0.894793106353
718 0.304905593701 0.894852669811
719 0.304202497553 0.89492712971
720 0.303501622183 0.894986702091
721 0.302802959462 0.895061173143
722 0.302106501287 0.895120754446
723 0.301412239584 0.895195236652
724 0.300720166304 0.895254826879
725 0.300030273428 0.895329320242
726 0.299342552964 0.895388919394
727 0.298656996949 0.895463423914
728 0.297973597444 0.895523031994
729 0.297292346542 0.895597547673
730 0.296613236361 0.895657164681
731 0.295936259046 0.895716785657
732 0.295261406772 0.895791317459
733 0.294588671739 0.895850947365
734 0.293918046176 0.89592549033
735 0.293249522339 0.895985129168
736 0.292583092511 0.896044771976
737 0.291918749002 0.896119331069
738 0.291256484152 0.89617898281
739 0.290596290324 0.896253553071
740 0.289938159912 0.896313213747
741 0.289282085336 0.896372878394
742 0.288628059042 0.896447464788
743 0.287976073505 0.896507138372
744 0.287326121225 0.896566815928
745 0.286678194731 0.896626497457
746 0.286032286578 0.896701104955
747 0.285388389349 0.896760795423
748 0.284746495652 0.896820489864
749 0.284106598123 0.896895113504
750 0.283468689426 0.896954816887
751 0.28283276225 0.897014524244
752 0.282198809311 0.897074235575
753 0.281566823352 0.897148880329
754 0.280936797143 0.897208600603
755 0.280308723481 0.897268324854
756 0.279682595187 0.89732805308
757 0.279058405111 0.897387785282
758 0.278436146129 0.897462456126
759 0.277815811142 0.897522197274
760 0.277197393079 0.8975819424
761 0.276580884895 0.897641691502
762 0.27596627957 0.897701444582
763 0.275353570111 0.897761201639
764 0.274742749551 0.897835903555
765 0.274133810948 0.897895669563
766 0.273526747389 0.897955439549
767 0.272921551983 0.898015213514
768 0.272318217867 0.898074991458
769 0.271716738204 0.898134773381
770 0.271117106182 0.898194559283
771 0.270519315015 0.898254349166
772 0.269923357941 0.898314143028
773 0.269329228226 0.898388890954
774 0.26873691916 0.898448693772
775 0.268146424059 0.898508500571
776 0.267557736265 0.898568311352
777 0.266970849142 0.898628126113
778 0.266385756083 0.898687944857
779 0.265802450505 0.898747767582
780 0.265220925849 0.89880759429
781 0.264641175583 0.89886742498
782 0.264063193196 0.898927259653
783 0.263486972208 0.898987098309
784 0.262912506157 0.899046940948
785 0.262339788611 0.899106787571
786 0.261768813161 0.899166638177
787 0.261199573421 0.899226492768
788 0.260632063032 0.899286351342
789 0.260066275657 0.899346213902
790 0.259502204986 0.899406080446
791 0.258939844731 0.899465950975
792 0.258379188629 0.89952582549
793 0.257820230442 0.899570733992
794 0.257262963956 0.899630615482
795 0.256707382979 0.899690500958
796 0.256153481346 0.89975039042
797 0.255601252913 0.899810283869
798 0.255050691562 0.899870181305
799 0.254501791197 0.899930082728
800 0.253954545747 0.899989988139
801 0.253408949164 0.900049897537
802 0.252864995423 0.900094832202
803 0.252322678525 0.90015474858
804 0.25178199249 0.900214668946
805 0.251242931365 0.9002745933
806 0.250705489219 0.900334521644
807 0.250169660144 0.900394453976
808 0.249635438255 0.900454390298
809 0.24910281769 0.900499345158
810 0.24857179261 0.900559288463
811 0.248042357199 0.900619235758
812 0.247514505663 0.900679187043
813 0.246988232233 0.900739142319
814 0.24646353116 0.900784111395
815 0.245940396719 0.900844073655
816 0.245418823207 0.900904039907
817 0.244898804942 0.900964010151
818 0.244380336268 0.901008990453
819 0.243863411548 0.901068967683
820 0.243348025168 0.901128948905
821 0.242834171536 0.901188934121
822 0.242321845083 0.901233925652
823 0.241811040261 0.901293917855
824 0.241301751545 0.901353914052
825 0.240793973429 0.901413914242
826 0.240287700433 0.901458917006
827 0.239782927094 0.901518924186
828 0.239279647974 0.901578935361
829 0.238777857656 0.901623946363
830 0.238277550743 0.901683964529
831 0.23777872186 0.901743986689
832 0.237281365654 0.901789005932
833 0.236785476792 0.901849035085
834 0.236291049964 0.901909068234
835 0.235798079878 0.901954095718
836 0.235306561266 0.90201413586
837 0.234816488879 0.902074179999
838 0.23432785749 0.902119215727
839 0.233840661891 0.902179266861
840 0.233354896898 0.902239321992
841 0.232870557344 0.902284365964
842 0.232387638084 0.902344428092
843 0.231906133993 0.902389477311
844 0.231426039969 0.902449546435
845 0.230947350926 0.902509619558
846 0.230470061801 0.902554677025
847 0.22999416755 0.902614757146
848 0.229519663151 0.902659819861
849 0.229046543599 0.902719906982
850 0.228574803911 0.902764974947
851 0.228104439123 0.902825069067
852 0.227635444292 0.902885167187
853 0.227167814493 0.902930243403
854 0.226701544821 0.902990348524
855 0.226236630392 0.903035429991
856 0.225773066341 0.903095542114
857 0.22531084782 0.903140628833
858 0.224849970004 0.903200747959
859 0.224390428084 0.903245839929
860 0.223932217272 0.903305966059
861 0.223475332799 0.903351063283
862 0.223019769915 0.903411196417
863 0.222565523889 0.903456298894
864 0.222112590008 0.903516439034
865 0.221660963579 0.903561546765
866 0.221210639926 0.90362169391
867 0.220761614395 0.903666806897
868 0.220313882347 0.903726961049
869 0.219867439164 0.903772079291
870 0.219422280244 0.90383224045
871 0.218978401006 0.903877363948
872 0.218535796887 0.903937532116
873 0.21809446334 0.903982660871
874 0.217654395839 0.904027791878
875 0.217215589873 0.90408797006
876 0.216778040952 0.904133106325
877 0.216341744603 0.904193291517
878 0.215906696371 0.90423843304
879 0.215472891817 0.904283576817
880 0.215040326522 0.904343772026
881 0.214608996083 0.904388921062
882 0.214178896118 0.904449123282
883 0.213750022258 0.904494277578
884 0.213322370153 0.904539434128
885 0.212895935473 0.904599646368
886 0.212470713903 0.904644808178
887 0.212046701144 0.904705027433
888 0.211623892917 0.904750194504
889 0.211202284958 0.90479536383
890 0.210781873022 0.904855593107
891 0.210362652879 0.904900767695
892 0.209944620318 0.904945944539
893 0.209527771142 0.905006183839
894 0.209112101174 0.905051365945
895 0.208697606252 0.905096550308
896 0.208284282231 0.905156799633
897 0.207872124982 0.905201989259
898 0.207461130393 0.905247181141
899 0.207051294368 0.905307440494
900 0.206642612829 0.90535263764
901 0.206235081713 0.905397837043
902 0.205828696973 0.905443038703
903 0.205423454578 0.905503311093
904 0.205019350515 0.905548518019
905 0.204616380785 0.905593727201
906 0.204214541406 0.905654009622
907 0.203813828412 0.905699224071
908 0.203414237852 0.905744440777
909 0.203015765791 0.905789659741
910 0.202618408312 0.905849955204
911 0.20222216151 0.905895179436
912 0.201827021497 0.905940405925
913 0.201432984403 0.905985634673
914 0.20104004637 0.906045943181
915 0.200648203556 0.906091177198
916 0.200257452137 0.906136413472
917 0.199867788302 0.906181652005
918 0.199479208255 0.906241973562
919 0.199091708216 0.906287217365
920 0.19870528442 0.906332463427
921 0.198319933117 0.906377711747
922 0.197935650572 0.906422962327
923 0.197552433065 0.906483299947
924 0.197170276891 0.906528555798
925 0.196789178358 0.906573813909
926 0.196409133792 0.906619074279
927 0.196030139531 0.906664336908
928 0.195652191929 0.906709601797
929 0.195275287353 0.906769958498
930 0.194899422186 0.906815228661
931 0.194524592826 0.906860501083
932 0.194150795683 0.906905775766
933 0.193778027184 0.906951052709
934 0.193406283767 0.906996331912
935 0.193035561887 0.9070567077
936 0.192665858013 0.907101992178
937 0.192297168626 0.907147278917
938 0.191929490223 0.907192567917
939 0.191562819314 0.907237859178
940 0.191197152423 0.9072831527
941 0.190832486088 0.907328448484
942 0.19046881686 0.907373746529
943 0.190106141306 0.907434147439
944 0.189744456004 0.907479450761
945 0.189383757548 0.907524756345
946 0.189024042542 0.90757006419
947 0.188665307607 0.907615374297
948 0.188307549377 0.907660686667
949 0.187950764497 0.907706001299
950 0.187594949627 0.907751318193
951 0.187240101442 0.907796637349
952 0.186886216626 0.907841958768
953 0.18653329188 0.90788728245
954 0.186181323917 0.907932608394
955 0.18583030946 0.907993046506
956 0.185480245251 0.908038377731
957 0.185131128039 0.908083711219
958 0.18478295459 0.90812904697
959 0.184435721681 0.908174384984
960 0.184089426101 0.908219725262
961 0.183744064654 0.908265067803
962 0.183399634154 0.908310412609
963 0.183056131431 0.908355759678
964 0.182713553324 0.908401109011
965 0.182371896687 0.908446460608
966 0.182031158384 0.908491814469
967 0.181691335295 0.908537170594
968 0.18135242431 0.908582528984
969 0.18101442233 0.908627889638
970 0.180677326271 0.908673252557
971 0.180341133059 0.908718617741
972 0.180005839635 0.908763985189
973 0.179671442948 0.908809354903
974 0.179337939963 0.908854726881
975 0.179005327655 0.908900101125
976 0.17867360301 0.908945477634
977 0.178342763028 0.908990856408
978 0.17801280472 0.909036237448
979 0.177683725108 0.909081620754
980 0.177355521227 0.909127006325
981 0.177028190123 0.909172394162
982 0.176701728853 0.909217784265
983 0.176376134487 0.909248045593
984 0.176051404106 0.909293439473
985 0.175727534801 0.909338835619
986 0.175404523678 0.909384234032
987 0.17508236785 0.909429634711
988 0.174761064445 0.909475037656
989 0.174440610599 0.909520442869
990 0.174121003463 0.909565850348
991 0.173802240196 0.909611260095
992 0.173484317969 0.909656672108
993 0.173167233966 0.909702086388
994 0.172850985379 0.909747502936
995 0.172535569413 0.909792921751
996 0.172220983283 0.909823202221
997 0.171907224217 0.909868624816
998 0.17159428945 0.909914049678
999 0.171282176231 0.909959476808
