1 5.0037609541e-05
2 0.000200150438164
3 0.000450338485869
4 0.000800601752656
5 0.00125094023853
6 0.00180135394348
7 0.00245184286751
8 0.00320240701062
9 0.00405304637282
10 0.0050037609541
11 0.00605455075446
12 0.0072054157739
13 0.00845635601243
14 0.00980737147004
15 0.0112584621467
16 0.0128096280425
17 0.0144608691573
18 0.0162121854913
19 0.0180635770443
20 0.0200150438164
21 0.0220665858076
22 0.0242182030178
23 0.0264698954472
24 0.0288216630956
25 0.0312735059631
26 0.0338254240497
27 0.0364774173554
28 0.0392294858801
29 0.042081629624
30 0.0450338485869
31 0.0480861427689
32 0.05123851217
33 0.0544909567902
34 0.0578434766294
35 0.0612960716877
36 0.0648487419651
37 0.0685014874616
38 0.0722543081772
39 0.0761072041119
40 0.0800601752656
41 0.0841132216384
42 0.0882663432303
43 0.0925195400413
44 0.0968728120714
45 0.101326159321
46 0.105879581789
47 0.110533079476
48 0.115286652382
49 0.120140300508
50 0.125094023853
51 0.130147822416
52 0.135301696199
53 0.140555645201
54 0.145909669422
55 0.151363768862
56 0.156917943521
57 0.162572193399
58 0.168326518496
59 0.174180918812
60 0.180135394348
61 0.186189945102
62 0.192344571076
63 0.198599272268
64 0.20495404868
65 0.211408900311
66 0.217963827161
67 0.22461882923
68 0.231373906518
69 0.238229059025
70 0.245184286751
71 0.252239589696
72 0.259394967861
73 0.266650421244
74 0.274005949847
75 0.281461553668
76 0.289017232709
77 0.296672986969
78 0.304428816447
79 0.312284721145
80 0.320240701062
81 0.328296756199
82 0.336452886554
83 0.344709092128
84 0.353065372921
85 0.361521728934
86 0.370078160165
87 0.378734666616
88 0.387491248286
89 0.396347905174
90 0.405304637282
91 0.414361444609
92 0.423518327155
93 0.43277528492
94 0.442132317904
95 0.451589426108
96 0.46114660953
97 0.470803868171
98 0.480561202032
99 0.490418611111
100 0.50037609541
101 0.510433654928
102 0.520591289665
103 0.53084899962
104 0.541206784795
105 0.55166464519
106 0.562222580803
107 0.572880591635
108 0.583638677686
109 0.594496838957
110 0.605455075446
111 0.616513387155
112 0.627671774082
113 0.638930236229
114 0.650288773595
115 0.66174738618
116 0.673306073984
117 0.684964837007
118 0.696723675249
119 0.70858258871
120 0.72054157739
121 0.73260064129
122 0.744759780408
123 0.757018994746
124 0.769378284302
125 0.781837649078
126 0.794397089073
127 0.807056604287
128 0.81981619472
129 0.832675860372
130 0.845635601243
131 0.858695417333
132 0.871855308642
133 0.885115275171
134 0.898475316918
135 0.911935433885
136 0.92549562607
137 0.939155893475
138 0.952916236099
139 0.966776653942
140 0.980737147004
141 0.994797715285
142 1.00895835878
143 1.0232190775
144 1.03757987144
145 1.0520407406
146 1.06660168498
147 1.08126270457
148 1.09602379939
149 1.11088496942
150 1.12584621467
151 1.14090753514
152 1.15606893084
153 1.17133040175
154 1.18669194787
155 1.20215356922
156 1.21771526579
157 1.23337703758
158 1.24913888458
159 1.26500080681
160 1.28096280425
161 1.29702487691
162 1.31318702479
163 1.32944924789
164 1.34581154621
165 1.36227391975
166 1.37883636851
167 1.39549889249
168 1.41226149169
169 1.4291241661
170 1.44608691573
171 1.46314974059
172 1.48031264066
173 1.49757561595
174 1.51493866646
175 1.53240179219
176 1.54996499314
177 1.56762826931
178 1.5853916207
179 1.6032550473
180 1.62121854913
181 1.63928212617
182 1.65744577844
183 1.67570950592
184 1.69407330862
185 1.71253718654
186 1.73110113968
187 1.74976516804
188 1.76852927162
189 1.78739345041
190 1.80635770443
191 1.82542203367
192 1.84458643812
193 1.86385091779
194 1.88321547269
195 1.9026801028
196 1.92224480813
197 1.94190958868
198 1.96167444445
199 1.98153937543
200 2.00150438164
201 2.02156946307
202 2.04173461971
203 2.06199985158
204 2.08236515866
205 2.10283054096
206 2.12339599848
207 2.14406153122
208 2.16482713918
209 2.18569282236
210 2.20665858076
211 2.22772441437
212 2.24889032321
213 2.27015630727
214 2.29152236654
215 2.31298850103
216 2.33455471074
217 2.35622099568
218 2.37798735583
219 2.3998537912
220 2.42182030178
221 2.44388688759
222 2.46605354862
223 2.48832028486
224 2.51068709633
225 2.53315398301
226 2.55572094492
227 2.57838798204
228 2.60115509438
229 2.62402228194
230 2.64698954472
231 2.67005688272
232 2.69322429593
233 2.71649178437
234 2.73985934803
235 2.7633269869
236 2.786894701
237 2.81056249031
238 2.83433035484
239 2.85819829459
240 2.88216630956
241 2.90623439975
242 2.93040256516
243 2.95467080579
244 2.97903912163
245 3.0035075127
246 3.02807597898
247 3.05274452049
248 3.07751313721
249 3.10238182915
250 3.12735059631
251 3.15241943869
252 3.17758835629
253 3.20285734911
254 3.22822641715
255 3.2536955604
256 3.27926477888
257 3.30493407257
258 3.33070344149
259 3.35657288562
260 3.38254240497
261 3.40861199954
262 3.43478166933
263 3.46105141434
264 3.48742123457
265 3.51389113002
266 3.54046110068
267 3.56713114657
268 3.59390126767
269 3.620771464
270 3.64774173554
271 3.6748120823
272 3.70198250428
273 3.72925300148
274 3.7566235739
275 3.78409422154
276 3.8116649444
277 3.83933574247
278 3.86710661577
279 3.89497756428
280 3.92294858801
281 3.95101968697
282 3.97919086114
283 4.00746211053
284 4.03583343514
285 4.06430483497
286 4.09287631002
287 4.12154786028
288 4.15031948577
289 4.17919118647
290 4.2081629624
291 4.23723481354
292 4.2664067399
293 4.29567874149
294 4.32505081829
295 4.35452297031
296 4.38409519754
297 4.4137675
298 4.44353987768
299 4.47341233058
