50 13.9675727507
51 14.2469242057
52 14.5262756608
53 14.8056271158
54 15.0849785708
55 15.3643300258
56 15.6436814808
57 15.9230329358
58 16.2023843908
59 16.4817358459
60 16.7610873009
61 17.0404387559
62 17.3197902109
63 17.5991416659
64 17.8784931209
65 18.1578445759
66 18.437196031
67 18.716547486
68 18.995898941
69 19.275250396
70 19.554601851
71 19.833953306
72 20.113304761
73 20.3926562161
74 20.6720076711
75 20.9513591261
76 21.2307105811
77 21.5100620361
78 21.7894134911
79 22.0687649461
80 22.3481164012
81 22.6274678562
82 22.9068193112
83 23.1861707662
84 23.4655222212
85 23.7448736762
86 24.0242251313
87 24.3035765863
88 24.5829280413
89 24.8622794963
90 25.1416309513
91 25.4209824063
92 25.7003338613
93 25.9796853164
94 26.2590367714
95 26.5383882264
96 26.8177396814
97 27.0970911364
98 27.3764425914
99 27.6557940464
100 27.9351455015
101 28.2144969565
102 28.4938484115
103 28.7731998665
104 29.0525513215
105 29.3319027765
106 29.6112542315
107 29.8906056866
108 30.1699571416
109 30.4493085966
110 30.7286600516
111 31.0080115066
112 31.2873629616
113 31.5667144166
114 31.8460658717
115 32.1254173267
116 32.4047687817
117 32.6841202367
118 32.9634716917
119 33.2428231467
120 33.5221746017
121 33.8015260568
122 34.0808775118
123 34.3602289668
124 34.6395804218
125 34.9189318768
126 35.1982833318
127 35.4776347868
128 35.7569862419
129 36.0363376969
130 36.3156891519
131 36.5950406069
132 36.8743920619
133 37.1537435169
134 37.4330949719
135 37.712446427
136 37.991797882
137 38.271149337
138 38.550500792
139 38.829852247
140 39.109203702
141 39.3885551571
142 39.6679066121
143 39.9472580671
144 40.2266095221
145 40.5059609771
146 40.7853124321
147 41.0646638871
148 41.3440153422
149 41.6233667972
150 41.9027182522
151 42.1820697072
152 42.4614211622
153 42.7407726172
154 43.0201240722
155 43.2994755273
156 43.5788269823
157 43.8581784373
158 44.1375298923
159 44.4168813473
160 44.6962328023
161 44.9755842573
162 45.2549357124
163 45.5342871674
164 45.8136386224
165 46.0929900774
166 46.3723415324
167 46.6516929874
168 46.9310444424
169 47.2103958975
170 47.4897473525
171 47.7690988075
172 48.0484502625
173 48.3278017175
174 48.6071531725
175 48.8865046275
176 49.1658560826
177 49.4452075376
178 49.7245589926
179 50.0039104476
180 50.2832619026
181 50.5626133576
182 50.8419648126
183 51.1213162677
184 51.4006677227
185 51.6800191777
186 51.9593706327
187 52.2387220877
188 52.5180735427
189 52.7974249977
190 53.0767764528
191 53.3561279078
192 53.6354793628
193 53.9148308178
194 54.1941822728
195 54.4735337278
196 54.7528851828
197 55.0322366379
198 55.3115880929
199 55.5909395479
200 55.8702910029
201 56.1496424579
202 56.4289939129
203 56.708345368
204 56.987696823
205 57.267048278
206 57.546399733
207 57.825751188
208 58.105102643
209 58.384454098
210 58.6638055531
211 58.9431570081
212 59.2225084631
213 59.5018599181
214 59.7812113731
215 60.0605628281
216 60.3399142831
217 60.6192657382
218 60.8986171932
219 61.1779686482
220 61.4573201032
221 61.7366715582
222 62.0160230132
223 62.2953744682
224 62.5747259233
225 62.8540773783
226 63.1334288333
227 63.4127802883
228 63.6921317433
229 63.9714831983
230 64.2508346533
231 64.5301861084
232 64.8095375634
233 65.0888890184
234 65.3682404734
235 65.6475919284
236 65.9269433834
237 66.2062948384
238 66.4856462935
239 66.7649977485
240 67.0443492035
241 67.3237006585
242 67.6030521135
243 67.8824035685
244 68.1617550235
245 68.4411064786
246 68.7204579336
247 68.9998093886
248 69.2791608436
249 69.5585122986
250 69.8378637536
251 70.1172152086
252 70.3965666637
253 70.6759181187
254 70.9552695737
255 71.2346210287
256 71.5139724837
257 71.7933239387
258 72.0726753938
259 72.3520268488
260 72.6313783038
261 72.9107297588
262 73.1900812138
263 73.4694326688
264 73.7487841238
265 74.0281355789
266 74.3074870339
267 74.5868384889
268 74.8661899439
269 75.1455413989
270 75.4248928539
271 75.7042443089
272 75.983595764
273 76.262947219
274 76.542298674
275 76.821650129
276 77.101001584
277 77.380353039
278 77.659704494
279 77.9390559491
280 78.2184074041
281 78.4977588591
282 78.7771103141
283 79.0564617691
284 79.3358132241
285 79.6151646791
286 79.8945161342
287 80.1738675892
288 80.4532190442
289 80.7325704992
290 81.0119219542
291 81.2912734092
292 81.5706248642
293 81.8499763193
294 82.1293277743
295 82.4086792293
296 82.6880306843
297 82.9673821393
298 83.2467335943
299 83.5260850493
