0.01 0.994336457668
0.02 0.988704991048
0.03 0.983105418478
0.04 0.977537559324
0.05 0.972001233976
0.06 0.966496263841
0.07 0.961022471337
0.08 0.955579679889
0.09 0.950167713921
0.1 0.944786398851
0.11 0.939435561086
0.12 0.934115028018
0.13 0.928824628014
0.14 0.923564190415
0.15 0.918333545526
0.16 0.913132524617
0.17 0.907960959909
0.18 0.902818684577
0.19 0.897705532739
0.2 0.892621339453
0.21 0.887565940711
0.22 0.882539173434
0.23 0.877540875465
0.24 0.872570885569
0.25 0.867629043422
0.26 0.862715189606
0.27 0.857829165609
0.28 0.852970813817
0.29 0.848139977505
0.3 0.843336500839
0.31 0.838560228867
0.32 0.833811007513
0.33 0.829088683575
0.34 0.824393104719
0.35 0.819724119473
0.36 0.815081577222
0.37 0.810465328205
0.38 0.805875223511
0.39 0.801311115068
0.4 0.796772855647
0.41 0.79226029885
0.42 0.78777329911
0.43 0.783311711683
0.44 0.778875392645
0.45 0.774464198887
0.46 0.770077988113
0.47 0.765716618828
0.48 0.761379950343
0.49 0.757067842764
0.5 0.752780156989
0.51 0.748516754703
0.52 0.744277498377
0.53 0.740062251258
0.54 0.73587087737
0.55 0.731703241506
0.56 0.727559209223
0.57 0.723438646843
0.58 0.719341421442
0.59 0.715267400851
0.6 0.711216453648
0.61 0.707188449155
0.62 0.703183257437
0.63 0.699200749292
0.64 0.69524079625
0.65 0.691303270569
0.66 0.687388045233
0.67 0.68349499394
0.68 0.679623991108
0.69 0.675774911865
0.7 0.671947632045
0.71 0.668142028186
0.72 0.664357977526
0.73 0.660595357997
0.74 0.656854048223
0.75 0.653133927515
0.76 0.649434875868
0.77 0.645756773957
0.78 0.642099503132
0.79 0.638462945415
0.8 0.634846983496
0.81 0.631251500731
0.82 0.627676381135
0.83 0.624121509379
0.84 0.620586770791
0.85 0.617072051344
0.86 0.61357723766
0.87 0.610102217
0.88 0.606646877268
0.89 0.603211106998
0.9 0.599794795358
0.91 0.596397832145
0.92 0.593020107776
0.93 0.589661513292
0.94 0.58632194035
0.95 0.583001281221
0.96 0.579699428785
0.97 0.57641627653
0.98 0.573151718548
0.99 0.569905649527
1.0 0.566677964756
1.01 0.563468560114
1.02 0.560277332071
1.03 0.557104177684
1.04 0.55394899459
1.05 0.55081168101
1.06 0.547692135738
1.07 0.544590258142
1.08 0.541505948162
1.09 0.538439106301
1.1 0.53538963363
1.11 0.532357431776
1.12 0.529342402925
1.13 0.526344449818
1.14 0.523363475746
1.15 0.520399384546
1.16 0.517452080602
1.17 0.514521468839
1.18 0.51160745472
1.19 0.508709944243
1.2 0.505828843939
1.21 0.502964060869
1.22 0.500115502619
1.23 0.497283077299
1.24 0.49446669354
1.25 0.491666260489
1.26 0.48888168781
1.27 0.486112885676
1.28 0.48335976477
1.29 0.480622236281
1.3 0.4779002119
1.31 0.47519360382
1.32 0.472502324729
1.33 0.469826287811
1.34 0.467165406741
1.35 0.464519595684
1.36 0.46188876929
1.37 0.459272842693
1.38 0.456671731506
1.39 0.454085351823
1.4 0.451513620211
1.41 0.44895645371
1.42 0.446413769829
1.43 0.443885486546
1.44 0.441371522302
1.45 0.438871796002
1.46 0.436386227007
1.47 0.433914735137
1.48 0.431457240667
1.49 0.42901366432
1.5 0.426583927271
1.51 0.424167951141
1.52 0.421765657994
1.53 0.419376970336
1.54 0.417001811111
1.55 0.414640103702
1.56 0.412291771922
1.57 0.409956740019
1.58 0.407634932667
1.59 0.40532627497
1.6 0.403030692454
1.61 0.400748111066
1.62 0.398478457175
1.63 0.396221657564
1.64 0.393977639434
1.65 0.391746330395
1.66 0.38952765847
1.67 0.387321552087
1.68 0.385127940081
1.69 0.382946751689
1.7 0.38077791655
1.71 0.378621364701
1.72 0.376477026574
1.73 0.374344832997
1.74 0.372224715189
1.75 0.370116604757
1.76 0.368020433699
1.77 0.365936134393
1.78 0.363863639606
1.79 0.36180288248
1.8 0.359753796539
1.81 0.357716315683
1.82 0.355690374187
1.83 0.353675906696
1.84 0.351672848226
1.85 0.349681134163
1.86 0.347700700257
1.87 0.345731482623
1.88 0.343773417736
1.89 0.341826442432
1.9 0.339890493905
1.91 0.337965509705
1.92 0.336051427734
1.93 0.334148186247
1.94 0.332255723849
1.95 0.330373979492
1.96 0.328502892474
1.97 0.326642402437
1.98 0.324792449363
1.99 0.322952973577
2.0 0.32112391574
2.01 0.319305216849
2.02 0.317496818237
2.03 0.315698661567
2.04 0.313910688833
2.05 0.312132842358
2.06 0.310365064793
2.07 0.30860729911
2.08 0.306859488608
2.09 0.305121576904
2.1 0.303393507937
2.11 0.301675225961
2.12 0.299966675549
2.13 0.298267801584
2.14 0.296578549263
2.15 0.294898864095
2.16 0.293228691894
2.17 0.291567978785
2.18 0.289916671195
2.19 0.288274715855
2.2 0.286642059798
2.21 0.285018650359
2.22 0.283404435167
2.23 0.281799362151
2.24 0.280203379535
2.25 0.278616435833
2.26 0.277038479855
2.27 0.275469460696
2.28 0.273909327745
2.29 0.272358030672
2.3 0.270815519436
2.31 0.269281744278
2.32 0.26775665572
2.33 0.266240204565
2.34 0.264732341896
2.35 0.263233019072
2.36 0.261742187725
2.37 0.260259799765
2.38 0.258785807372
2.39 0.257320162997
2.4 0.255862819361
2.41 0.254413729452
2.42 0.252972846526
2.43 0.251540124101
2.44 0.25011551596
2.45 0.248698976147
2.46 0.247290458968
2.47 0.245889918985
2.48 0.24449731102
2.49 0.243112590149
2.5 0.241735711704
2.51 0.240366631267
2.52 0.239005304676
2.53 0.237651688015
2.54 0.23630573762
2.55 0.234967410072
2.56 0.233636662198
2.57 0.232313451072
2.58 0.230997734007
2.59 0.229689468562
2.6 0.228388612534
2.61 0.227095123959
2.62 0.225808961111
2.63 0.224530082501
2.64 0.223258446874
2.65 0.221994013209
2.66 0.220736740718
2.67 0.219486588843
2.68 0.218243517256
2.69 0.217007485857
2.7 0.215778454775
2.71 0.214556384362
2.72 0.213341235196
2.73 0.21213296808
2.74 0.210931544035
2.75 0.209736924306
2.76 0.208549070357
2.77 0.207367943869
2.78 0.20619350674
2.79 0.205025721086
2.8 0.203864549236
2.81 0.202709953731
2.82 0.201561897327
2.83 0.200420342989
2.84 0.199285253893
2.85 0.198156593421
2.86 0.197034325166
2.87 0.195918412925
2.88 0.1948088207
2.89 0.193705512697
2.9 0.192608453326
2.91 0.191517607197
2.92 0.190432939121
2.93 0.189354414109
2.94 0.188281997369
2.95 0.187215654307
2.96 0.186155350524
2.97 0.185101051816
2.98 0.184052724173
2.99 0.183010333779
