0.01 0.973502841816
0.02 0.947707783024
0.03 0.922596219985
0.04 0.898150042004
0.05 0.874351618268
0.06 0.85118378513
0.07 0.828629833732
0.08 0.806673497952
0.09 0.785298942674
0.1 0.764490752368
0.11 0.744233919972
0.12 0.724513836069
0.13 0.705316278348
0.14 0.686627401351
0.15 0.668433726484
0.16 0.650722132298
0.17 0.633479845025
0.18 0.616694429365
0.19 0.600353779519
0.2 0.584446110456
0.21 0.568959949418
0.22 0.553884127637
0.23 0.539207772292
0.24 0.524920298655
0.25 0.511011402468
0.26 0.497471052503
0.27 0.484289483333
0.28 0.471457188286
0.29 0.458964912591
0.3 0.446803646701
0.31 0.434964619798
0.32 0.423439293462
0.33 0.412219355522
0.34 0.401296714052
0.35 0.390663491541
0.36 0.380312019209
0.37 0.370234831477
0.38 0.360424660582
0.39 0.350874431337
0.4 0.341577256028
0.41 0.332526429443
0.42 0.323715424041
0.43 0.315137885244
0.44 0.306787626849
0.45 0.298658626571
0.46 0.2907450217
0.47 0.283041104869
0.48 0.275541319941
0.49 0.268240258
0.5 0.261132653452
0.51 0.254213380227
0.52 0.247477448078
0.53 0.24091999899
0.54 0.234536303667
0.55 0.228321758129
0.56 0.222271880387
0.57 0.216382307212
0.58 0.21064879099
0.59 0.205067196654
0.6 0.199633498706
0.61 0.194343778312
0.62 0.189194220476
0.63 0.184181111288
0.64 0.179300835248
0.65 0.174549872654
0.66 0.169924797067
0.67 0.16542227284
0.68 0.161039052709
0.69 0.156771975456
0.7 0.152617963623
0.71 0.148574021299
0.72 0.144637231955
0.73 0.140804756341
0.74 0.137073830439
0.75 0.133441763471
0.76 0.129905935956
0.77 0.126463797822
0.78 0.123112866566
0.79 0.119850725466
0.8 0.116675021835
0.81 0.113583465326
0.82 0.110573826278
0.83 0.107643934112
0.84 0.104791675762
0.85 0.102014994153
0.86 0.0993118867159
0.87 0.0966804039441
0.88 0.0941186479875
0.89 0.0916247712837
0.9 0.0891969752254
0.91 0.0868335088633
0.92 0.0845326676433
0.93 0.0822927921771
0.94 0.0801122670453
0.95 0.077989519633
0.96 0.0759230189946
0.97 0.0739112747505
0.98 0.0719528360118
0.99 0.0700462903342
1.0 0.068190262699
1.01 0.0663834145217
1.02 0.0646244426863
1.03 0.0629120786059
1.04 0.0612450873074
1.05 0.059622266541
1.06 0.0580424459132
1.07 0.0565044860425
1.08 0.0550072777377
1.09 0.0535497411982
1.1 0.052130825235
1.11 0.0507495065125
1.12 0.0494047888106
1.13 0.0480957023065
1.14 0.0468213028745
1.15 0.0455806714058
1.16 0.0443729131455
1.17 0.0431971570468
1.18 0.0420525551434
1.19 0.0409382819377
1.2 0.0398535338055
1.21 0.038797528416
1.22 0.0377695041684
1.23 0.0367687196419
1.24 0.0357944530614
1.25 0.0348460017765
1.26 0.0339226817553
1.27 0.0330238270909
1.28 0.0321487895206
1.29 0.0312969379592
1.3 0.0304676580435
1.31 0.0296603516888
1.32 0.0288744366583
1.33 0.0281093461427
1.34 0.0273645283515
1.35 0.0266394461151
1.36 0.0259335764975
1.37 0.0252464104188
1.38 0.0245774522883
1.39 0.0239262196473
1.4 0.0232922428205
1.41 0.0226750645781
1.42 0.0220742398051
1.43 0.0214893351812
1.44 0.0209199288676
1.45 0.0203656102032
1.46 0.0198259794082
1.47 0.0193006472956
1.48 0.0187892349912
1.49 0.0182913736595
1.5 0.0178067042382
1.51 0.0173348771793
1.52 0.0168755521966
1.53 0.0164283980206
1.54 0.0159930921595
1.55 0.0155693206667
1.56 0.0151567779142
1.57 0.0147551663722
1.58 0.0143641963948
1.59 0.0139835860108
1.6 0.0136130607203
1.61 0.013252353297
1.62 0.0129012035954
1.63 0.0125593583629
1.64 0.0122265710577
1.65 0.0119026016703
1.66 0.0115872165511
1.67 0.0112801882412
1.68 0.010981295309
1.69 0.0106903221902
1.7 0.0104070590321
1.71 0.0101313015427
1.72 0.00986285084308
1.73 0.00960151332415
1.74 0.00934710050679
1.75 0.0090994289061
1.76 0.00885831989899
1.77 0.00862359959538
1.78 0.00839509871279
1.79 0.00817265245423
1.8 0.00795610038937
1.81 0.00774528633882
1.82 0.00754005826152
1.83 0.00734026814505
1.84 0.0071457718989
1.85 0.00695642925054
1.86 0.0067721036443
1.87 0.0065926621428
1.88 0.00641797533115
1.89 0.00624791722358
1.9 0.00608236517258
1.91 0.00592119978047
1.92 0.00576430481325
1.93 0.00561156711679
1.94 0.00546287653524
1.95 0.00531812583154
1.96 0.00517721061014
1.97 0.00504002924166
1.98 0.00490648278959
1.99 0.00477647493898
2.0 0.00464991192696
2.01 0.00452670247509
2.02 0.00440675772356
2.03 0.00428999116708
2.04 0.00417631859252
2.05 0.00406565801815
2.06 0.00395792963452
2.07 0.00385305574691
2.08 0.00375096071929
2.09 0.00365157091977
2.1 0.00355481466749
2.11 0.00346062218093
2.12 0.00336892552759
2.13 0.00327965857497
2.14 0.00319275694292
2.15 0.00310815795716
2.16 0.00302580060411
2.17 0.00294562548687
2.18 0.0028675747824
2.19 0.00279159219978
2.2 0.00271762293968
2.21 0.00264561365476
2.22 0.00257551241126
2.23 0.00250726865149
2.24 0.00244083315742
2.25 0.00237615801515
2.26 0.00231319658035
2.27 0.00225190344465
2.28 0.00219223440286
2.29 0.00213414642112
2.3 0.00207759760581
2.31 0.0020225471734
2.32 0.00196895542102
2.33 0.00191678369777
2.34 0.00186599437692
2.35 0.00181655082875
2.36 0.00176841739409
2.37 0.00172155935866
2.38 0.00167594292801
2.39 0.00163153520314
2.4 0.00158830415678
2.41 0.0015462186103
2.42 0.00150524821119
2.43 0.00146536341123
2.44 0.00142653544513
2.45 0.00138873630978
2.46 0.00135193874411
2.47 0.00131611620935
2.48 0.00128124286996
2.49 0.00124729357497
2.5 0.00121424383981
2.51 0.00118206982871
2.52 0.00115074833747
2.53 0.00112025677675
2.54 0.00109057315573
2.55 0.00106167606631
2.56 0.00103354466764
2.57 0.00100615867109
2.58 0.000979498325624
2.59 0.000953544403549
2.6 0.000928278186653
2.61 0.000903681452702
2.62 0.000879736462302
2.63 0.0008564259461
2.64 0.000833733092334
2.65 0.000811641534703
2.66 0.000790135340569
2.67 0.000769198999463
2.68 0.0007488174119
2.69 0.000728975878486
2.7 0.000709660089321
2.71 0.000690856113678
2.72 0.000672550389951
2.73 0.000654729715882
2.74 0.000637381239032
2.75 0.000620492447518
2.76 0.000604051160984
2.77 0.000588045521821
2.78 0.00057246398661
2.79 0.000557295317802
2.8 0.000542528575611
2.81 0.000528153110123
2.82 0.000514158553619
2.83 0.000500534813092
2.84 0.000487272062973
2.85 0.000474360738042
2.86 0.00046179152653
2.87 0.000449555363403
2.88 0.000437643423827
2.89 0.000426047116797
2.9 0.00041475807895
2.91 0.000403768168524
2.92 0.000393069459493
2.93 0.000382654235847
2.94 0.00037251498603
2.95 0.00036264439752
2.96 0.000353035351554
2.97 0.000343680917999
2.98 0.00033457435035
2.99 0.000325709080865
