10 0.00423989786563
11 0.00513027641741
12 0.0061054529265
13 0.00716542739291
14 0.00831019981663
15 0.00953977019766
16 0.010854138536
17 0.0122533048317
18 0.0137372690846
19 0.0153060312949
20 0.0169595914625
21 0.0186979495874
22 0.0205211056696
23 0.0224290597092
24 0.024421811706
25 0.0264993616602
26 0.0286617095716
27 0.0309088554404
28 0.0332407992665
29 0.0356575410499
30 0.0381590807906
31 0.0407454184887
32 0.043416554144
33 0.0461724877567
34 0.0490132193266
35 0.0519387488539
36 0.0549490763385
37 0.0580442017804
38 0.0612241251796
39 0.0644888465362
40 0.06783836585
41 0.0712726831212
42 0.0747917983496
43 0.0783957115354
44 0.0820844226785
45 0.0858579317789
46 0.0897162388366
47 0.0936593438517
48 0.097687246824
49 0.101799947754
50 0.105997446641
51 0.110279743485
52 0.114646838287
53 0.119098731045
54 0.123635421762
55 0.128256910435
56 0.132963197066
57 0.137754281654
58 0.1426301642
59 0.147590844702
60 0.152636323163
61 0.15776659958
62 0.162981673955
63 0.168281546287
64 0.173666216576
65 0.179135684823
66 0.184689951027
67 0.190329015188
68 0.196052877307
69 0.201861537382
70 0.207754995416
71 0.213733251406
72 0.219796305354
73 0.225944157259
74 0.232176807122
75 0.238494254941
76 0.244896500719
77 0.251383544453
78 0.257955386145
79 0.264612025794
80 0.2713534634
81 0.278179698964
82 0.285090732485
83 0.292086563963
84 0.299167193399
85 0.306332620791
86 0.313582846142
87 0.320917869449
88 0.328337690714
89 0.335842309936
90 0.343431727116
91 0.351105942252
92 0.358864955347
93 0.366708766398
94 0.374637375407
95 0.382650782373
96 0.390748987296
97 0.398931990177
98 0.407199791015
99 0.41555238981
100 0.423989786563
101 0.432511981272
102 0.44111897394
103 0.449810764564
104 0.458587353146
105 0.467448739685
106 0.476394924182
107 0.485425906635
108 0.494541687047
109 0.503742265415
110 0.513027641741
111 0.522397816024
112 0.531852788264
113 0.541392558462
114 0.551017126617
115 0.560726492729
116 0.570520656799
117 0.580399618825
118 0.59036337881
119 0.600411936751
120 0.61054529265
121 0.620763446506
122 0.63106639832
123 0.64145414809
124 0.651926695819
125 0.662484041504
126 0.673126185147
127 0.683853126747
128 0.694664866304
129 0.705561403819
130 0.716542739291
131 0.72760887272
132 0.738759804107
133 0.74999553345
134 0.761316060752
135 0.77272138601
136 0.784211509226
137 0.795786430399
138 0.80744614953
139 0.819190666617
140 0.831019981663
141 0.842934094665
142 0.854933005625
143 0.867016714542
144 0.879185221416
145 0.891438526248
146 0.903776629037
147 0.916199529783
148 0.928707228487
149 0.941299725147
150 0.953977019766
151 0.966739112341
152 0.979586002874
153 0.992517691364
154 1.00553417781
155 1.01863546222
156 1.03182154458
157 1.0450924249
158 1.05844810317
159 1.07188857941
160 1.0854138536
161 1.09902392575
162 1.11271879585
163 1.12649846392
164 1.14036292994
165 1.15431219392
166 1.16834625585
167 1.18246511574
168 1.19666877359
169 1.2109572294
170 1.22533048317
171 1.23978853489
172 1.25433138457
173 1.2689590322
174 1.2836714778
175 1.29846872135
176 1.31335076286
177 1.32831760232
178 1.34336923974
179 1.35850567512
180 1.37372690846
181 1.38903293976
182 1.40442376901
183 1.41989939622
184 1.43545982139
185 1.45110504451
186 1.46683506559
187 1.48264988463
188 1.49854950163
189 1.51453391658
190 1.53060312949
191 1.54675714036
192 1.56299594918
193 1.57931955597
194 1.59572796071
195 1.6122211634
196 1.62879916406
197 1.64546196267
198 1.66220955924
199 1.67904195377
200 1.69595914625
201 1.71296113669
202 1.73004792509
203 1.74721951145
204 1.76447589576
205 1.78181707803
206 1.79924305826
207 1.81675383644
208 1.83434941258
209 1.85202978668
210 1.86979495874
211 1.88764492875
212 1.90557969673
213 1.92359926266
214 1.94170362654
215 1.95989278839
216 1.97816674819
217 1.99652550594
218 2.01496906166
219 2.03349741533
220 2.05211056696
221 2.07080851655
222 2.08959126409
223 2.1084588096
224 2.12741115306
225 2.14644829447
226 2.16557023385
227 2.18477697118
228 2.20406850647
229 2.22344483971
230 2.24290597092
231 2.26245190008
232 2.28208262719
233 2.30179815227
234 2.3215984753
235 2.34148359629
236 2.36145351524
237 2.38150823214
238 2.401647747
239 2.42187205982
240 2.4421811706
241 2.46257507933
242 2.48305378602
243 2.50361729067
244 2.52426559328
245 2.54499869384
246 2.56581659236
247 2.58671928884
248 2.60770678327
249 2.62877907567
250 2.64993616602
251 2.67117805432
252 2.69250474059
253 2.71391622481
254 2.73541250699
255 2.75699358712
256 2.77865946522
257 2.80041014127
258 2.82224561527
259 2.84416588724
260 2.86617095716
261 2.88826082504
262 2.91043549088
263 2.93269495467
264 2.95503921643
265 2.97746827614
266 2.9999821338
267 3.02258078943
268 3.04526424301
269 3.06803249454
270 3.09088554404
271 3.11382339149
272 3.1368460369
273 3.15995348027
274 3.1831457216
275 3.20642276088
276 3.22978459812
277 3.25323123332
278 3.27676266647
279 3.30037889758
280 3.32407992665
281 3.34786575368
282 3.37173637866
283 3.3956918016
284 3.4197320225
285 3.44385704135
286 3.46806685817
287 3.49236147294
288 3.51674088566
289 3.54120509635
290 3.56575410499
291 3.59038791159
292 3.61510651615
293 3.63990991866
294 3.66479811913
295 3.68977111756
296 3.71482891395
297 3.73997150829
298 3.76519890059
299 3.79051109085
300 3.81590807906
301 3.84138986523
302 3.86695644936
303 3.89260783145
304 3.9183440115
305 3.9441649895
306 3.97007076546
307 3.99606133937
308 4.02213671125
309 4.04829688108
310 4.07454184887
311 4.10087161461
312 4.12728617831
313 4.15378553997
314 4.18036969959
315 4.20703865717
316 4.2337924127
317 4.26063096619
318 4.28755431763
319 4.31456246704
320 4.3416554144
321 4.36883315972
322 4.39609570299
323 4.42344304423
324 4.45087518342
325 4.47839212057
326 4.50599385567
327 4.53368038873
328 4.56145171975
329 4.58930784873
330 4.61724877567
331 4.64527450056
332 4.67338502341
333 4.70158034421
334 4.72986046298
335 4.7582253797
336 4.78667509438
337 4.81520960701
338 4.8438289176
339 4.87253302615
340 4.90132193266
341 4.93019563713
342 4.95915413955
343 4.98819743993
344 5.01732553827
345 5.04653843456
346 5.07583612881
347 5.10521862102
348 5.13468591119
349 5.16423799931
350 5.19387488539
351 5.22359656943
352 5.25340305142
353 5.28329433138
354 5.31327040929
355 5.34333128515
356 5.37347695898
357 5.40370743076
358 5.4340227005
359 5.4644227682
360 5.49490763385
361 5.52547729746
362 5.55613175903
363 5.58687101856
364 5.61769507604
365 5.64860393148
366 5.67959758488
367 5.71067603623
368 5.74183928554
369 5.77308733281
370 5.80442017804
371 5.83583782122
372 5.86734026237
373 5.89892750147
374 5.93059953852
375 5.96235637354
376 5.99419800651
377 6.02612443743
378 6.05813566632
379 6.09023169316
380 6.12241251796
381 6.15467814072
382 6.18702856143
383 6.21946378011
384 6.25198379674
385 6.28458861132
386 6.31727822387
387 6.35005263437
388 6.38291184283
389 6.41585584924
390 6.44888465362
391 6.48199825595
392 6.51519665623
393 6.54847985448
394 6.58184785068
395 6.61530064484
396 6.64883823696
397 6.68246062703
398 6.71616781506
399 6.74995980105
400 6.783836585
401 6.8177981669
402 6.85184454676
403 6.88597572458
404 6.92019170036
405 6.95449247409
406 6.98887804578
407 7.02334841543
408 7.05790358303
409 7.0925435486
410 7.12726831212
411 7.16207787359
412 7.19697223303
413 7.23195139042
414 7.26701534577
415 7.30216409907
416 7.33739765034
417 7.37271599956
418 7.40811914673
419 7.44360709187
420 7.47917983496
421 7.51483737601
422 7.55057971502
423 7.58640685198
424 7.62231878691
425 7.65831551979
426 7.69439705062
427 7.73056337942
428 7.76681450617
429 7.80315043088
430 7.83957115354
431 7.87607667416
432 7.91266699274
433 7.94934210928
434 7.98610202378
435 8.02294673623
436 8.05987624664
437 8.09689055501
438 8.13398966133
439 8.17117356561
440 8.20844226785
441 8.24579576805
442 8.2832340662
443 8.32075716231
444 8.35836505638
445 8.3960577484
446 8.43383523839
447 8.47169752633
448 8.50964461222
449 8.54767649608
450 8.58579317789
451 8.62399465766
452 8.66228093539
453 8.70065201107
454 8.73910788471
455 8.77764855631
456 8.81627402587
457 8.85498429338
458 8.89377935885
459 8.93265922228
460 8.97162388366
461 9.01067334301
462 9.0498076003
463 9.08902665556
464 9.12833050878
465 9.16771915995
466 9.20719260908
467 9.24675085616
468 9.28639390121
469 9.32612174421
470 9.36593438517
471 9.40583182408
472 9.44581406095
473 9.48588109578
474 9.52603292857
475 9.56626955932
476 9.60659098802
477 9.64699721468
478 9.68748823929
479 9.72806406187
480 9.7687246824
481 9.80947010089
482 9.85030031733
483 9.89121533174
484 9.9322151441
485 9.97329975442
486 10.0144691627
487 10.0557233689
488 10.0970623731
489 10.1384861753
490 10.1799947754
491 10.2215881734
492 10.2632663694
493 10.3050293634
494 10.3468771554
495 10.3888097452
496 10.4308271331
497 10.4729293189
498 10.5151163027
499 10.5573880844
500 10.5997446641
501 10.6421860417
502 10.6847122173
503 10.7273231908
504 10.7700189623
505 10.8127995318
506 10.8556648992
507 10.8986150646
508 10.9416500279
509 10.9847697892
510 11.0279743485
511 11.0712637057
512 11.1146378609
513 11.158096814
514 11.2016405651
515 11.2452691141
516 11.2889824611
517 11.3327806061
518 11.376663549
519 11.4206312898
520 11.4646838287
521 11.5088211654
522 11.5530433002
523 11.5973502329
524 11.6417419635
525 11.6862184921
526 11.7307798187
527 11.7754259432
528 11.8201568657
529 11.8649725861
530 11.9098731045
531 11.9548584209
532 11.9999285352
533 12.0450834475
534 12.0903231577
535 12.1356476659
536 12.181056972
537 12.2265510761
538 12.2721299782
539 12.3177936782
540 12.3635421762
541 12.4093754721
542 12.455293566
543 12.5012964578
544 12.5473841476
545 12.5935566354
546 12.6398139211
547 12.6861560048
548 12.7325828864
549 12.779094566
550 12.8256910435
551 12.872372319
552 12.9191383925
553 12.9659892639
554 13.0129249333
555 13.0599454006
556 13.1070506659
557 13.1542407291
558 13.2015155903
559 13.2488752495
560 13.2963197066
561 13.3438489617
562 13.3914630147
563 13.4391618657
564 13.4869455146
565 13.5348139615
566 13.5827672064
567 13.6308052492
568 13.67892809
569 13.7271357287
570 13.7754281654
571 13.8238054001
572 13.8722674327
573 13.9208142632
574 13.9694458917
575 14.0181623182
576 14.0669635427
577 14.115849565
578 14.1648203854
579 14.2138760037
580 14.26301642
581 14.3122416342
582 14.3615516464
583 14.4109464565
584 14.4604260646
585 14.5099904706
586 14.5596396746
587 14.6093736766
588 14.6591924765
589 14.7090960744
590 14.7590844702
591 14.809157664
592 14.8593156558
593 14.9095584455
594 14.9598860332
595 15.0102984188
596 15.0607956024
597 15.1113775839
598 15.1620443634
599 15.2127959408
600 15.2636323163
601 15.3145534896
602 15.3655594609
603 15.4166502302
604 15.4678257975
605 15.5190861627
606 15.5704313258
607 15.6218612869
608 15.673376046
609 15.724975603
610 15.776659958
611 15.8284291109
612 15.8802830618
613 15.9322218107
614 15.9842453575
615 16.0363537023
616 16.088546845
617 16.1408247857
618 16.1931875243
619 16.2456350609
620 16.2981673955
621 16.350784528
622 16.4034864584
623 16.4562731869
624 16.5091447133
625 16.5621010376
626 16.6151421599
627 16.6682680802
628 16.7214787984
629 16.7747743145
630 16.8281546287
631 16.8816197408
632 16.9351696508
633 16.9888043588
634 17.0425238648
635 17.0963281687
636 17.1502172705
637 17.2041911704
638 17.2582498682
639 17.3123933639
640 17.3666216576
641 17.4209347493
642 17.4753326389
643 17.5298153264
644 17.584382812
645 17.6390350955
646 17.6937721769
647 17.7485940563
648 17.8035007337
649 17.858492209
650 17.9135684823
651 17.9687295535
652 18.0239754227
653 18.0793060898
654 18.1347215549
655 18.190221818
656 18.245806879
657 18.301476738
658 18.3572313949
659 18.4130708498
660 18.4689951027
661 18.5250041535
662 18.5810980022
663 18.6372766489
664 18.6935400936
665 18.7498883363
666 18.8063213769
667 18.8628392154
668 18.9194418519
669 18.9761292864
670 19.0329015188
671 19.0897585492
672 19.1467003775
673 19.2037270038
674 19.260838428
675 19.3180346503
676 19.3753156704
677 19.4326814885
678 19.4901321046
679 19.5476675187
680 19.6052877307
681 19.6629927406
682 19.7207825485
683 19.7786571544
684 19.8366165582
685 19.89466076
686 19.9527897597
687 20.0110035574
688 20.0693021531
689 20.1276855467
690 20.1861537382
691 20.2447067278
692 20.3033445152
693 20.3620671007
694 20.4208744841
695 20.4797666654
696 20.5387436447
697 20.597805422
698 20.6569519972
699 20.7161833704
700 20.7754995416
701 20.8349005107
702 20.8943862777
703 20.9539568427
704 21.0136122057
705 21.0733523666
706 21.1331773255
707 21.1930870823
708 21.2530816371
709 21.3131609899
710 21.3733251406
711 21.4335740893
712 21.4939078359
713 21.5543263805
714 21.614829723
715 21.6754178635
716 21.736090802
717 21.7968485384
718 21.8576910728
719 21.9186184051
720 21.9796305354
721 22.0407274636
722 22.1019091898
723 22.163175714
724 22.2245270361
725 22.2859631562
726 22.3474840742
727 22.4090897902
728 22.4707803042
729 22.5325556161
730 22.5944157259
731 22.6563606337
732 22.7183903395
733 22.7805048432
734 22.8427041449
735 22.9049882446
736 22.9673571422
737 23.0298108377
738 23.0923493313
739 23.1549726227
740 23.2176807122
741 23.2804735996
742 23.3433512849
743 23.4063137682
744 23.4693610495
745 23.5324931287
746 23.5957100059
747 23.659011681
748 23.7223981541
749 23.7858694251
750 23.8494254941
751 23.9130663611
752 23.976792026
753 24.0406024889
754 24.1044977497
755 24.1684778085
756 24.2325426653
757 24.29669232
758 24.3609267726
759 24.4252460233
760 24.4896500719
761 24.5541389184
762 24.6187125629
763 24.6833710053
764 24.7481142457
765 24.8129422841
766 24.8778551204
767 24.9428527547
768 25.0079351869
769 25.0731024171
770 25.1383544453
771 25.2036912714
772 25.2691128955
773 25.3346193175
774 25.4002105375
775 25.4658865554
776 25.5316473713
777 25.5974929852
778 25.663423397
779 25.7294386067
780 25.7955386145
781 25.8617234201
782 25.9279930238
783 25.9943474254
784 26.0607866249
785 26.1273106224
786 26.1939194179
787 26.2606130113
788 26.3273914027
789 26.3942545921
790 26.4612025794
791 26.5282353646
792 26.5953529478
793 26.662555329
794 26.7298425081
795 26.7972144852
796 26.8646712603
797 26.9322128333
798 26.9998392042
799 27.0675503731
800 27.13534634
801 27.2032271048
802 27.2711926676
803 27.3392430284
804 27.4073781871
805 27.4755981437
806 27.5439028983
807 27.6122924509
808 27.6807668014
809 27.7493259499
810 27.8179698964
811 27.8866986408
812 27.9555121831
813 28.0244105234
814 28.0933936617
815 28.1624615979
816 28.2316143321
817 28.3008518643
818 28.3701741944
819 28.4395813224
820 28.5090732485
821 28.5786499724
822 28.6483114944
823 28.7180578143
824 28.7878889321
825 28.8578048479
826 28.9278055617
827 28.9978910734
828 29.0680613831
829 29.1383164907
830 29.2086563963
831 29.2790810998
832 29.3495906013
833 29.4201849008
834 29.4908639982
835 29.5616278936
836 29.6324765869
837 29.7034100782
838 29.7744283675
839 29.8455314547
840 29.9167193399
841 29.987992023
842 30.0593495041
843 30.1307917831
844 30.2023188601
845 30.273930735
846 30.3456274079
847 30.4174088788
848 30.4892751476
849 30.5612262144
850 30.6332620791
851 30.7053827418
852 30.7775882025
853 30.8498784611
854 30.9222535177
855 30.9947133722
856 31.0672580247
857 31.1398874751
858 31.2126017235
859 31.2854007699
860 31.3582846142
861 31.4312532564
862 31.5043066967
863 31.5774449348
864 31.650667971
865 31.7239758051
866 31.7973684371
867 31.8708458671
868 31.9444080951
869 32.018055121
870 32.0917869449
871 32.1656035668
872 32.2395049866
873 32.3134912043
874 32.38756222
875 32.4617180337
876 32.5359586453
877 32.6102840549
878 32.6846942624
879 32.7591892679
880 32.8337690714
881 32.9084336728
882 32.9831830722
883 33.0580172695
884 33.1329362648
885 33.207940058
886 33.2830286492
887 33.3582020384
888 33.4334602255
889 33.5088032106
890 33.5842309936
891 33.6597435746
892 33.7353409535
893 33.8110231304
894 33.8867901053
895 33.9626418781
896 34.0385784489
897 34.1145998176
898 34.1907059843
899 34.266896949
900 34.3431727116
901 34.4195332721
902 34.4959786306
903 34.5725087871
904 34.6491237415
905 34.7258234939
906 34.8026080443
907 34.8794773926
908 34.9564315388
909 35.0334704831
910 35.1105942252
911 35.1878027654
912 35.2650961035
913 35.3424742395
914 35.4199371735
915 35.4974849055
916 35.5751174354
917 35.6528347633
918 35.7306368891
919 35.8085238129
920 35.8864955347
921 35.9645520544
922 36.042693372
923 36.1209194876
924 36.1992304012
925 36.2776261128
926 36.3561066222
927 36.4346719297
928 36.5133220351
929 36.5920569385
930 36.6708766398
931 36.7497811391
932 36.8287704363
933 36.9078445315
934 36.9870034247
935 37.0662471158
936 37.1455756048
937 37.2249888918
938 37.3044869768
939 37.3840698598
940 37.4637375407
941 37.5434900195
942 37.6233272963
943 37.7032493711
944 37.7832562438
945 37.8633479145
946 37.9435243831
947 38.0237856497
948 38.1041317143
949 38.1845625768
950 38.2650782373
951 38.3456786957
952 38.4263639521
953 38.5071340064
954 38.5879888587
955 38.668928509
956 38.7499529572
957 38.8310622033
958 38.9122562475
959 38.9935350896
960 39.0748987296
961 39.1563471676
962 39.2378804036
963 39.3194984375
964 39.4012012693
965 39.4829888992
966 39.564861327
967 39.6468185527
968 39.7288605764
969 39.8109873981
970 39.8931990177
971 39.9754954352
972 40.0578766508
973 40.1403426643
974 40.2228934757
975 40.3055290851
976 40.3882494925
977 40.4710546978
978 40.553944701
979 40.6369195023
980 40.7199791015
981 40.8031234986
982 40.8863526937
983 40.9696666868
984 41.0530654778
985 41.1365490668
986 41.2201174537
987 41.3037706386
988 41.3875086214
989 41.4713314022
990 41.555238981
991 41.6392313577
992 41.7233085324
993 41.807470505
994 41.8917172756
995 41.9760488442
996 42.0604652107
997 42.1449663751
998 42.2295523375
999 42.3142230979
