0.1 0.0246036198124
0.11 0.0269106956302
0.12 0.0291908483516
0.13 0.0314443089441
0.14 0.0336713066223
0.15 0.035872068861
0.16 0.0380468214068
0.17 0.0401957882909
0.18 0.042319191841
0.19 0.0444172526936
0.2 0.0464901898059
0.21 0.0485382204679
0.22 0.050561560314
0.23 0.052560423335
0.24 0.0545350218898
0.25 0.0564855667168
0.26 0.0584122669459
0.27 0.0603153301094
0.28 0.0621949621536
0.29 0.0640513674505
0.3 0.0658847488084
0.31 0.0676953074833
0.32 0.0694832431904
0.33 0.0712487541142
0.34 0.0729920369204
0.35 0.0747132867661
0.36 0.0764126973107
0.37 0.0780904607269
0.38 0.079746767711
0.39 0.0813818074935
0.4 0.0829957678497
0.41 0.0845888351102
0.42 0.086161194171
0.43 0.0877130285039
0.44 0.0892445201666
0.45 0.0907558498132
0.46 0.0922471967037
0.47 0.0937187387144
0.48 0.0951706523476
0.49 0.0966031127418
0.5 0.098016293681
0.51 0.0994103676048
0.52 0.100785505618
0.53 0.102141877499
0.54 0.103479651713
0.55 0.104798995417
0.56 0.106100074471
0.57 0.107383053448
0.58 0.108648095642
0.59 0.109895363079
0.6 0.111125016524
0.61 0.112337215492
0.62 0.113532118256
0.63 0.114709881855
0.64 0.115870662105
0.65 0.117014613607
0.66 0.118141889753
0.67 0.119252642742
0.68 0.120347023579
0.69 0.121425182091
0.7 0.122487266933
0.71 0.123533425597
0.72 0.124563804418
0.73 0.125578548585
0.74 0.126577802149
0.75 0.127561708031
0.76 0.12853040803
0.77 0.129484042829
0.78 0.130422752009
0.79 0.131346674049
0.8 0.132255946341
0.81 0.133150705195
0.82 0.134031085845
0.83 0.134897222459
0.84 0.135749248149
0.85 0.136587294973
0.86 0.137411493947
0.87 0.138221975051
0.88 0.139018867239
0.89 0.13980229844
0.9 0.140572395574
0.91 0.141329284553
0.92 0.14207309029
0.93 0.142803936709
0.94 0.143521946747
0.95 0.144227242366
0.96 0.144919944559
0.97 0.145600173353
0.98 0.146268047823
0.99 0.146923686094
1.0 0.147567205348
1.01 0.148198721833
1.02 0.148818350871
1.03 0.149426206858
1.04 0.150022403281
1.05 0.150607052714
1.06 0.151180266834
1.07 0.151742156421
1.08 0.152292831367
1.09 0.152832400684
1.1 0.153360972507
1.11 0.153878654104
1.12 0.15438555188
1.13 0.154881771383
1.14 0.155367417314
1.15 0.155842593527
1.16 0.156307403041
1.17 0.156761948045
1.18 0.157206329899
1.19 0.157640649149
1.2 0.158065005524
1.21 0.158479497949
1.22 0.158884224546
1.23 0.159279282642
1.24 0.159664768777
1.25 0.160040778705
1.26 0.160407407404
1.27 0.16076474908
1.28 0.161112897171
1.29 0.161451944356
1.3 0.16178198256
1.31 0.162103102957
1.32 0.162415395979
1.33 0.162718951316
1.34 0.163013857929
1.35 0.163300204051
1.36 0.163578077191
1.37 0.163847564144
1.38 0.16410875099
1.39 0.164361723107
1.4 0.16460656517
1.41 0.164843361157
1.42 0.165072194359
1.43 0.165293147379
1.44 0.165506302141
1.45 0.165711739892
1.46 0.165909541211
1.47 0.166099786011
1.48 0.166282553544
1.49 0.166457922408
1.5 0.166625970548
1.51 0.166786775268
1.52 0.166940413226
1.53 0.167086960447
1.54 0.167226492325
1.55 0.167359083626
1.56 0.167484808494
1.57 0.167603740456
1.58 0.167715952429
1.59 0.167821516717
1.6 0.167920505026
1.61 0.168012988458
1.62 0.168099037523
1.63 0.168178722142
1.64 0.168252111648
1.65 0.168319274794
1.66 0.168380279756
1.67 0.168435194138
1.68 0.168484084975
1.69 0.168527018738
1.7 0.168564061338
1.71 0.168595278132
1.72 0.168620733924
1.73 0.168640492972
1.74 0.168654618989
1.75 0.168663175152
1.76 0.1686662241
1.77 0.168663827943
1.78 0.168656048265
1.79 0.168642946123
1.8 0.168624582061
1.81 0.168601016102
1.82 0.168572307761
1.83 0.168538516047
1.84 0.168499699462
1.85 0.168455916011
1.86 0.168407223202
1.87 0.168353678052
1.88 0.168295337087
1.89 0.168232256352
1.9 0.168164491409
1.91 0.168092097342
1.92 0.168015128762
1.93 0.167933639811
1.94 0.167847684162
1.95 0.167757315028
1.96 0.16766258516
1.97 0.167563546854
1.98 0.167460251954
1.99 0.167352751854
2.0 0.167241097504
2.01 0.167125339408
2.02 0.167005527636
2.03 0.16688171182
2.04 0.166753941159
2.05 0.166622264424
2.06 0.166486729962
2.07 0.166347385695
2.08 0.166204279128
2.09 0.166057457348
2.1 0.165906967032
2.11 0.165752854444
2.12 0.165595165445
2.13 0.165433945492
2.14 0.165269239639
2.15 0.165101092546
2.16 0.164929548479
2.17 0.16475465131
2.18 0.164576444525
2.19 0.164394971226
2.2 0.164210274132
2.21 0.164022395581
2.22 0.163831377538
2.23 0.163637261592
2.24 0.163440088964
2.25 0.163239900505
2.26 0.163036736704
2.27 0.162830637685
2.28 0.162621643215
2.29 0.162409792704
2.3 0.16219512521
2.31 0.161977679438
2.32 0.161757493746
2.33 0.161534606146
2.34 0.161309054308
2.35 0.161080875561
2.36 0.160850106899
2.37 0.160616784978
2.38 0.160380946125
2.39 0.160142626333
2.4 0.159901861274
2.41 0.15965868629
2.42 0.159413136404
2.43 0.15916524632
2.44 0.158915050423
2.45 0.158662582785
2.46 0.158407877165
2.47 0.158150967014
2.48 0.157891885475
2.49 0.157630665385
2.5 0.157367339282
2.51 0.1571019394
2.52 0.156834497678
2.53 0.15656504576
2.54 0.156293614995
2.55 0.156020236443
2.56 0.155744940875
2.57 0.155467758776
2.58 0.155188720348
2.59 0.154907855511
2.6 0.154625193904
2.61 0.15434076489
2.62 0.154054597559
2.63 0.153766720724
2.64 0.153477162932
2.65 0.153185952458
2.66 0.152893117311
2.67 0.152598685239
2.68 0.152302683723
2.69 0.152005139987
2.7 0.151706080997
2.71 0.151405533461
2.72 0.151103523835
2.73 0.150800078323
2.74 0.150495222878
2.75 0.150188983205
2.76 0.149881384764
2.77 0.149572452771
2.78 0.1492622122
2.79 0.148950687782
2.8 0.148637904015
2.81 0.148323885156
2.82 0.148008655231
2.83 0.147692238032
2.84 0.147374657119
2.85 0.147055935825
2.86 0.146736097257
2.87 0.146415164294
2.88 0.146093159593
2.89 0.145770105591
2.9 0.145446024502
2.91 0.145120938325
2.92 0.144794868841
2.93 0.144467837618
2.94 0.144139866009
2.95 0.143810975158
2.96 0.143481185999
2.97 0.143150519258
2.98 0.142818995456
2.99 0.142486634907
3.0 0.142153457727
3.01 0.141819483827
3.02 0.14148473292
3.03 0.141149224522
3.04 0.140812977951
3.05 0.140476012333
3.06 0.140138346598
3.07 0.139799999488
3.08 0.139460989552
3.09 0.139121335154
3.1 0.138781054467
3.11 0.138440165482
3.12 0.138098686007
3.13 0.137756633665
3.14 0.1374140259
3.15 0.137070879975
3.16 0.136727212979
3.17 0.136383041821
3.18 0.136038383237
3.19 0.135693253789
3.2 0.135347669867
3.21 0.13500164769
3.22 0.13465520331
3.23 0.134308352608
3.24 0.133961111302
3.25 0.133613494941
3.26 0.133265518915
3.27 0.132917198449
3.28 0.132568548606
3.29 0.132219584292
3.3 0.131870320254
3.31 0.131520771081
3.32 0.131170951207
3.33 0.130820874911
3.34 0.130470556322
3.35 0.130120009412
3.36 0.129769248006
3.37 0.12941828578
3.38 0.129067136261
3.39 0.128715812828
3.4 0.128364328716
3.41 0.128012697015
3.42 0.127660930673
3.43 0.127309042494
3.44 0.126957045144
3.45 0.126604951147
3.46 0.126252772889
3.47 0.125900522621
3.48 0.125548212454
3.49 0.125195854369
3.5 0.124843460209
3.51 0.124491041686
3.52 0.124138610381
3.53 0.123786177743
3.54 0.123433755095
3.55 0.123081353627
3.56 0.122728984407
3.57 0.122376658372
3.58 0.122024386338
3.59 0.121672178995
3.6 0.121320046911
3.61 0.120968000532
3.62 0.120616050184
3.63 0.120264206071
3.64 0.119912478281
3.65 0.119560876783
3.66 0.119209411429
3.67 0.118858091956
3.68 0.118506927987
3.69 0.118155929029
3.7 0.11780510448
3.71 0.117454463622
3.72 0.11710401563
3.73 0.116753769566
3.74 0.116403734386
3.75 0.116053918936
3.76 0.115704331956
3.77 0.11535498208
3.78 0.115005877836
3.79 0.114657027649
3.8 0.114308439839
3.81 0.113960122626
3.82 0.113612084127
3.83 0.113264332358
3.84 0.112916875236
3.85 0.112569720579
3.86 0.112222876106
3.87 0.111876349441
3.88 0.11153014811
3.89 0.111184279544
3.9 0.11083875108
3.91 0.110493569959
3.92 0.110148743331
3.93 0.109804278255
3.94 0.109460181696
3.95 0.10911646053
3.96 0.108773121544
3.97 0.108430171433
3.98 0.108087616807
3.99 0.107745464187
4.0 0.10740372001
4.01 0.107062390623
4.02 0.106721482291
4.03 0.106381001194
4.04 0.106040953429
4.05 0.105701345009
4.06 0.105362181866
4.07 0.105023469851
4.08 0.104685214732
4.09 0.104347422201
4.1 0.104010097867
4.11 0.103673247264
4.12 0.103336875847
4.13 0.103000988992
4.14 0.102665592002
4.15 0.102330690103
4.16 0.101996288445
4.17 0.101662392106
4.18 0.101329006088
4.19 0.100996135322
4.2 0.100663784666
4.21 0.100331958907
4.22 0.100000662759
4.23 0.0996699008699
4.24 0.0993396778139
4.25 0.099009998098
4.26 0.0986808661609
4.27 0.0983522863733
4.28 0.0980242630388
4.29 0.0976968003948
4.3 0.0973699026125
4.31 0.0970435737981
4.32 0.0967178179932
4.33 0.0963926391752
4.34 0.096068041258
4.35 0.095744028093
4.36 0.0954206034691
4.37 0.0950977711134
4.38 0.0947755346922
4.39 0.094453897811
4.4 0.0941328640156
4.41 0.0938124367922
4.42 0.0934926195681
4.43 0.0931734157126
4.44 0.0928548285371
4.45 0.0925368612958
4.46 0.0922195171862
4.47 0.0919027993499
4.48 0.0915867108727
4.49 0.0912712547855
4.5 0.0909564340646
4.51 0.0906422516323
4.52 0.0903287103575
4.53 0.090015813056
4.54 0.0897035624913
4.55 0.0893919613747
4.56 0.0890810123663
4.57 0.088770718075
4.58 0.0884610810595
4.59 0.0881521038282
4.6 0.0878437888403
4.61 0.0875361385057
4.62 0.087229155186
4.63 0.0869228411945
4.64 0.0866171987971
4.65 0.0863122302124
4.66 0.0860079376125
4.67 0.0857043231232
4.68 0.0854013888244
4.69 0.0850991367509
4.7 0.0847975688924
4.71 0.0844966871945
4.72 0.0841964935584
4.73 0.0838969898422
4.74 0.0835981778605
4.75 0.0833000593854
4.76 0.0830026361468
4.77 0.0827059098325
4.78 0.0824098820891
4.79 0.0821145545221
4.8 0.0818199286965
4.81 0.081526006137
4.82 0.0812327883286
4.83 0.0809402767168
4.84 0.0806484727083
4.85 0.0803573776711
4.86 0.0800669929349
4.87 0.0797773197917
4.88 0.0794883594963
4.89 0.079200113266
4.9 0.0789125822818
4.91 0.0786257676883
4.92 0.0783396705942
4.93 0.0780542920726
4.94 0.0777696331616
4.95 0.0774856948642
4.96 0.0772024781493
4.97 0.0769199839514
4.98 0.0766382131714
4.99 0.0763571666769
5.0 0.0760768453023
5.01 0.0757972498495
5.02 0.0755183810878
5.03 0.0752402397548
5.04 0.0749628265562
5.05 0.0746861421664
5.06 0.074410187229
5.07 0.0741349623566
5.08 0.0738604681318
5.09 0.073586705107
5.1 0.0733136738049
5.11 0.0730413747188
5.12 0.0727698083131
5.13 0.0724989750232
5.14 0.0722288752564
5.15 0.0719595093915
5.16 0.0716908777797
5.17 0.0714229807447
5.18 0.0711558185829
5.19 0.0708893915637
5.2 0.0706236999301
5.21 0.0703587438985
5.22 0.0700945236594
5.23 0.0698310393775
5.24 0.0695682911922
5.25 0.0693062792175
5.26 0.0690450035426
5.27 0.068784464232
5.28 0.0685246613258
5.29 0.0682655948403
5.3 0.0680072647677
5.31 0.0677496710768
5.32 0.067492813713
5.33 0.067236692599
5.34 0.0669813076344
5.35 0.0667266586965
5.36 0.0664727456404
5.37 0.0662195682991
5.38 0.0659671264839
5.39 0.0657154199849
5.4 0.0654644485707
5.41 0.0652142119889
5.42 0.0649647099667
5.43 0.0647159422104
5.44 0.0644679084064
5.45 0.0642206082209
5.46 0.0639740413004
5.47 0.063728207272
5.48 0.0634831057432
5.49 0.0632387363028
5.5 0.0629950985204
5.51 0.0627521919473
5.52 0.0625100161163
5.53 0.0622685705418
5.54 0.0620278547207
5.55 0.0617878681318
5.56 0.0615486102366
5.57 0.0613100804792
5.58 0.0610722782868
5.59 0.0608352030694
5.6 0.0605988542207
5.61 0.0603632311177
5.62 0.0601283331213
5.63 0.0598941595763
5.64 0.0596607098116
5.65 0.0594279831406
5.66 0.0591959788611
5.67 0.0589646962558
5.68 0.0587341345923
5.69 0.0585042931234
5.7 0.058275171087
5.71 0.0580467677069
5.72 0.0578190821923
5.73 0.0575921137384
5.74 0.0573658615267
5.75 0.0571403247245
5.76 0.0569155024861
5.77 0.056691393952
5.78 0.0564679982498
5.79 0.0562453144939
5.8 0.0560233417859
5.81 0.0558020792149
5.82 0.0555815258572
5.83 0.0553616807771
5.84 0.0551425430266
5.85 0.0549241116457
5.86 0.0547063856626
5.87 0.0544893640938
5.88 0.0542730459445
5.89 0.0540574302085
5.9 0.0538425158682
5.91 0.0536283018952
5.92 0.0534147872503
5.93 0.0532019708835
5.94 0.0529898517343
5.95 0.0527784287318
5.96 0.0525677007949
5.97 0.0523576668322
5.98 0.0521483257428
5.99 0.0519396764155
6.0 0.05173171773
6.01 0.0515244485559
6.02 0.051317867754
6.03 0.0511119741756
6.04 0.0509067666629
6.05 0.0507022440493
6.06 0.0504984051593
6.07 0.050295248809
6.08 0.0500927738055
6.09 0.0498909789479
6.1 0.0496898630271
6.11 0.0494894248255
6.12 0.0492896631178
6.13 0.0490905766708
6.14 0.0488921642435
6.15 0.0486944245874
6.16 0.0484973564464
6.17 0.0483009585571
6.18 0.0481052296489
6.19 0.047910168444
6.2 0.0477157736578
6.21 0.0475220439986
6.22 0.0473289781681
6.23 0.0471365748614
6.24 0.0469448327669
6.25 0.0467537505668
6.26 0.046563326937
6.27 0.046373560547
6.28 0.0461844500605
6.29 0.0459959941352
6.3 0.045808191423
6.31 0.0456210405698
6.32 0.0454345402163
6.33 0.0452486889974
6.34 0.0450634855426
6.35 0.0448789284763
6.36 0.0446950164176
6.37 0.0445117479803
6.38 0.0443291217735
6.39 0.0441471364014
6.4 0.0439657904631
6.41 0.0437850825534
6.42 0.0436050112623
6.43 0.0434255751753
6.44 0.0432467728736
6.45 0.0430686029339
6.46 0.042891063929
6.47 0.0427141544272
6.48 0.0425378729932
6.49 0.0423622181874
6.5 0.0421871885665
6.51 0.0420127826835
6.52 0.0418389990877
6.53 0.0416658363248
6.54 0.041493292937
6.55 0.0413213674632
6.56 0.0411500584388
6.57 0.0409793643962
6.58 0.0408092838644
6.59 0.0406398153695
6.6 0.0404709574346
6.61 0.0403027085798
6.62 0.0401350673225
6.63 0.0399680321773
6.64 0.0398016016561
6.65 0.0396357742683
6.66 0.0394705485208
6.67 0.0393059229178
6.68 0.0391418959615
6.69 0.0389784661517
6.7 0.0388156319858
6.71 0.0386533919593
6.72 0.0384917445656
6.73 0.038330688296
6.74 0.03817022164
6.75 0.0380103430851
6.76 0.0378510511171
6.77 0.0376923442202
6.78 0.0375342208767
6.79 0.0373766795676
6.8 0.0372197187722
6.81 0.0370633369684
6.82 0.0369075326328
6.83 0.0367523042405
6.84 0.0365976502655
6.85 0.0364435691806
6.86 0.0362900594574
6.87 0.0361371195666
6.88 0.0359847479776
6.89 0.0358329431592
6.9 0.035681703579
6.91 0.035531027704
6.92 0.0353809140003
6.93 0.0352313609334
6.94 0.0350823669682
6.95 0.0349339305687
6.96 0.0347860501987
6.97 0.0346387243213
6.98 0.0344919513993
6.99 0.0343457298951
7.0 0.0342000582708
7.01 0.0340549349881
7.02 0.0339103585085
7.03 0.0337663272936
7.04 0.0336228398046
7.05 0.0334798945028
7.06 0.0333374898493
7.07 0.0331956243055
7.08 0.0330542963327
7.09 0.0329135043923
7.1 0.0327732469462
7.11 0.032633522456
7.12 0.0324943293841
7.13 0.0323556661929
7.14 0.0322175313454
7.15 0.0320799233046
7.16 0.0319428405346
7.17 0.0318062814994
7.18 0.0316702446638
7.19 0.0315347284933
7.2 0.0313997314538
7.21 0.0312652520121
7.22 0.0311312886355
7.23 0.0309978397922
7.24 0.0308649039511
7.25 0.0307324795821
7.26 0.0306005651558
7.27 0.0304691591438
7.28 0.0303382600186
7.29 0.0302078662538
7.3 0.030077976324
7.31 0.0299485887047
7.32 0.0298197018728
7.33 0.029691314306
7.34 0.0295634244835
7.35 0.0294360308855
7.36 0.0293091319936
7.37 0.0291827262904
7.38 0.0290568122603
7.39 0.0289313883885
7.4 0.028806453162
7.41 0.0286820050691
7.42 0.0285580425994
7.43 0.0284345642442
7.44 0.0283115684961
7.45 0.0281890538494
7.46 0.0280670188
7.47 0.0279454618453
7.48 0.0278243814843
7.49 0.0277037762178
7.5 0.0275836445482
7.51 0.0274639849797
7.52 0.0273447960182
7.53 0.0272260761714
7.54 0.0271078239487
7.55 0.0269900378614
7.56 0.0268727164229
7.57 0.0267558581481
7.58 0.0266394615541
7.59 0.0265235251597
7.6 0.026408047486
7.61 0.0262930270557
7.62 0.0261784623938
7.63 0.0260643520273
7.64 0.0259506944852
7.65 0.0258374882985
7.66 0.0257247320005
7.67 0.0256124241266
7.68 0.0255005632142
7.69 0.0253891478031
7.7 0.0252781764352
7.71 0.0251676476545
7.72 0.0250575600076
7.73 0.0249479120429
7.74 0.0248387023115
7.75 0.0247299293666
7.76 0.0246215917637
7.77 0.0245136880609
7.78 0.0244062168182
7.79 0.0242991765986
7.8 0.024192565967
7.81 0.0240863834909
7.82 0.0239806277404
7.83 0.0238752972878
7.84 0.0237703907081
7.85 0.0236659065786
7.86 0.0235618434794
7.87 0.0234581999928
7.88 0.0233549747039
7.89 0.0232521662002
7.9 0.0231497730719
7.91 0.0230477939119
7.92 0.0229462273154
7.93 0.0228450718804
7.94 0.0227443262077
7.95 0.0226439889005
7.96 0.0225440585649
7.97 0.0224445338095
7.98 0.0223454132458
7.99 0.0222466954877
8.0 0.0221483791523
8.01 0.022050462859
8.02 0.0219529452302
8.03 0.0218558248911
8.04 0.0217591004695
8.05 0.0216627705962
8.06 0.0215668339046
8.07 0.0214712890311
8.08 0.0213761346149
8.09 0.0212813692981
8.1 0.0211869917253
8.11 0.0210930005445
8.12 0.0209993944063
8.13 0.020906171964
8.14 0.0208133318743
8.15 0.0207208727963
8.16 0.0206287933924
8.17 0.0205370923277
8.18 0.0204457682703
8.19 0.0203548198914
8.2 0.0202642458648
8.21 0.0201740448677
8.22 0.02008421558
8.23 0.0199947566846
8.24 0.0199056668676
8.25 0.0198169448179
8.26 0.0197285892273
8.27 0.0196405987911
8.28 0.0195529722071
8.29 0.0194657081764
8.3 0.0193788054031
8.31 0.0192922625943
8.32 0.0192060784603
8.33 0.0191202517143
8.34 0.0190347810727
8.35 0.0189496652548
8.36 0.0188649029831
8.37 0.0187804929832
8.38 0.0186964339839
8.39 0.0186127247168
8.4 0.0185293639168
8.41 0.018446350322
8.42 0.0183636826735
8.43 0.0182813597154
8.44 0.0181993801952
8.45 0.0181177428633
8.46 0.0180364464734
8.47 0.0179554897822
8.48 0.0178748715497
8.49 0.0177945905388
8.5 0.017714645516
8.51 0.0176350352504
8.52 0.0175557585147
8.53 0.0174768140846
8.54 0.0173982007389
8.55 0.0173199172596
8.56 0.0172419624321
8.57 0.0171643350447
8.58 0.017087033889
8.59 0.0170100577598
8.6 0.016933405455
8.61 0.0168570757757
8.62 0.0167810675263
8.63 0.0167053795144
8.64 0.0166300105506
8.65 0.0165549594489
8.66 0.0164802250264
8.67 0.0164058061035
8.68 0.0163317015037
8.69 0.0162579100536
8.7 0.0161844305834
8.71 0.016111261926
8.72 0.016038402918
8.73 0.0159658523988
8.74 0.0158936092113
8.75 0.0158216722014
8.76 0.0157500402184
8.77 0.0156787121147
8.78 0.015607686746
8.79 0.015536962971
8.8 0.0154665396519
8.81 0.0153964156539
8.82 0.0153265898456
8.83 0.0152570610987
8.84 0.0151878282881
8.85 0.0151188902919
8.86 0.0150502459915
8.87 0.0149818942715
8.88 0.0149138340198
8.89 0.0148460641271
8.9 0.0147785834879
8.91 0.0147113909995
8.92 0.0146444855626
8.93 0.014577866081
8.94 0.0145115314618
8.95 0.0144454806151
8.96 0.0143797124546
8.97 0.0143142258969
8.98 0.0142490198618
8.99 0.0141840932724
9.0 0.014119445055
9.01 0.0140550741391
9.02 0.0139909794574
9.03 0.0139271599457
9.04 0.0138636145431
9.05 0.0138003421918
9.06 0.0137373418373
9.07 0.0136746124282
9.08 0.0136121529163
9.09 0.0135499622566
9.1 0.0134880394073
9.11 0.0134263833298
9.12 0.0133649929885
9.13 0.0133038673511
9.14 0.0132430053886
9.15 0.0131824060749
9.16 0.0131220683873
9.17 0.0130619913061
9.18 0.0130021738147
9.19 0.0129426149
9.2 0.0128833135516
9.21 0.0128242687627
9.22 0.0127654795291
9.23 0.0127069448504
9.24 0.0126486637287
9.25 0.0125906351697
9.26 0.0125328581819
9.27 0.0124753317773
9.28 0.0124180549706
9.29 0.01236102678
9.3 0.0123042462266
9.31 0.0122477123345
9.32 0.0121914241313
9.33 0.0121353806473
9.34 0.0120795809162
9.35 0.0120240239745
9.36 0.0119687088621
9.37 0.0119136346219
9.38 0.0118588002997
9.39 0.0118042049446
9.4 0.0117498476087
9.41 0.011695727347
9.42 0.011641843218
9.43 0.0115881942828
9.44 0.0115347796058
9.45 0.0114815982545
9.46 0.0114286492992
9.47 0.0113759318135
9.48 0.0113234448739
9.49 0.01127118756
9.5 0.0112191589544
9.51 0.0111673581427
9.52 0.0111157842137
9.53 0.0110644362588
9.54 0.011013313373
9.55 0.0109624146537
9.56 0.0109117392018
9.57 0.0108612861209
9.58 0.0108110545176
9.59 0.0107610435017
9.6 0.0107112521857
9.61 0.0106616796853
9.62 0.0106123251192
9.63 0.0105631876087
9.64 0.0105142662785
9.65 0.010465560256
9.66 0.0104170686716
9.67 0.0103687906587
9.68 0.0103207253536
9.69 0.0102728718955
9.7 0.0102252294266
9.71 0.0101777970919
9.72 0.0101305740394
9.73 0.0100835594201
9.74 0.0100367523878
9.75 0.00999015209905
9.76 0.0099437577136
9.77 0.0098975683939
9.78 0.00985158330532
9.79 0.0098058016161
9.8 0.00976022249737
9.81 0.0097148451231
9.82 0.00966966867013
9.83 0.00962469231816
9.84 0.00957991524973
9.85 0.00953533665021
9.86 0.00949095570783
9.87 0.00944677161362
9.88 0.00940278356145
9.89 0.00935899074801
9.9 0.0093153923728
9.91 0.00927198763811
9.92 0.00922877574903
9.93 0.00918575591347
9.94 0.0091429273421
9.95 0.00910028924838
9.96 0.00905784084853
9.97 0.00901558136157
9.98 0.00897351000924
9.99 0.00893162601607
