13.8832081128
50 7.27722819278e-06
51 1.38938287881e-05
52 2.51721751052e-05
53 4.39294661551e-05
54 7.32981513913e-05
55 0.000118250123755
56 0.000185143307069
57 0.000280282813168
58 0.00041334496492
59 0.000593827465608
60 0.000834186412918
61 0.00114584004691
62 0.00154477695494
63 0.00203643455292
64 0.00265460904128
65 0.0033963891432
66 0.00428097573162
67 0.00533577942302
68 0.00655185008664
69 0.00798512838592
70 0.00958766588036
71 0.0113835490794
72 0.0134653153867
73 0.0156917312526
74 0.0182179884594
75 0.0209154110224
76 0.0239226090495
77 0.02714849083
78 0.0306030091486
79 0.0342916297694
80 0.0382245065997
81 0.0423705169298
82 0.0467562678791
83 0.0513462121705
84 0.0561347299874
85 0.0611411468868
86 0.0663212168582
87 0.0716721526062
88 0.0771950660025
89 0.0828956662416
90 0.0887187678024
91 0.0946678696713
92 0.100752343352
93 0.106948143727
94 0.113228819161
95 0.119610231161
96 0.126068730359
97 0.132578834096
98 0.139165231943
99 0.145806569682
100 0.152480140614
101 0.159161994174
102 0.165888890329
103 0.172642261103
104 0.179335784205
105 0.186080408832
106 0.192790815532
107 0.199519775003
108 0.206175761734
109 0.212894837505
110 0.219505174154
111 0.226067647494
112 0.232652646201
113 0.239161705235
114 0.24557794987
115 0.251978265259
116 0.25835257434
117 0.264591957896
118 0.270880906923
119 0.277009276942
120 0.283065074803
121 0.289145346228
122 0.295136010745
123 0.30102619388
124 0.306805027138
125 0.312578164681
126 0.318222526524
127 0.323847984973
128 0.329327208099
129 0.334774243053
130 0.340184465718
131 0.345424449239
132 0.35074506211
133 0.355882164581
134 0.360959868273
135 0.365973515683
136 0.370780237711
137 0.375650018179
138 0.380441866021
139 0.385151193907
140 0.389773449527
141 0.394304122825
142 0.398887390387
143 0.403223189237
144 0.407606047385
145 0.411882938664
146 0.416049545915
147 0.420258229073
148 0.424351228556
149 0.428324349936
150 0.432334589422
151 0.436219684985
152 0.439975599271
153 0.443763757723
154 0.447417653553
155 0.451101527561
156 0.454646146912
157 0.458218495184
158 0.461646700066
159 0.465100409933
160 0.468405204869
161 0.471733314735
162 0.475084889846
163 0.478281802214
164 0.481320603944
165 0.484559032895
166 0.487455540254
167 0.490551874783
168 0.493483642693
169 0.496432617221
170 0.4992127967
171 0.502008179696
172 0.504818820719
173 0.507455624033
174 0.510295879791
175 0.512769213128
176 0.515446063826
177 0.517943268982
178 0.520451970791
179 0.522972180855
180 0.525503908653
181 0.527850413655
182 0.530206619297
183 0.532572516565
184 0.534748776012
185 0.536932999931
186 0.539326111304
187 0.541325235742
188 0.543533189069
189 0.545748989711
190 0.547768433286
191 0.549794065594
192 0.551825838951
193 0.553863703361
194 0.555700481958
195 0.55774960582
196 0.559596078776
197 0.561446960563
198 0.563302184208
199 0.565161680633
200 0.566814113356
201 0.568681244182
202 0.570339847795
203 0.572001108681
204 0.573664944199
205 0.575331269961
206 0.576999999886
207 0.57867104625
208 0.580128093928
209 0.581586110695
210 0.583262315168
211 0.584722530872
212 0.586183430384
213 0.587644916123
214 0.589106889436
215 0.590349216788
216 0.59181132059
217 0.593052569131
218 0.594514397621
219 0.595754159151
220 0.596992791853
221 0.598453162398
222 0.59968968755
223 0.600924772281
224 0.601933962441
225 0.603165394593
226 0.604395073781
227 0.605622895516
228 0.606622658684
229 0.607619528506
230 0.608840242035
231 0.609831390941
232 0.610819342854
233 0.612032024821
234 0.613013649211
235 0.613991777444
236 0.614966311524
237 0.615937154207
238 0.616674367721
239 0.617637180498
240 0.618596016712
241 0.619319955815
242 0.620270204952
243 0.620984754169
244 0.621926056484
245 0.62263086757
246 0.623562872703
247 0.624257607383
248 0.624947051896
249 0.625631127657
250 0.626543188238
251 0.627216547309
252 0.627884308615
253 0.628546399519
254 0.629202748941
255 0.629618624141
256 0.630263043665
257 0.630901520255
258 0.631533989297
259 0.632160387835
260 0.632544901352
261 0.633158748034
262 0.633530227514
263 0.634131300112
264 0.6344895399
265 0.635077630061
266 0.635422438581
267 0.635997351916
268 0.63632855172
269 0.636652824677
270 0.637207535617
271 0.637517962765
272 0.637821356349
273 0.638117685206
274 0.638644856285
275 0.638927074271
276 0.639202141912
277 0.639470035024
278 0.639730731144
279 0.639984209518
280 0.640230451083
281 0.640469438457
282 0.640701155922
283 0.640686804292
284 0.640903860558
285 0.641113612299
286 0.641316050285
287 0.641511166865
288 0.641459883196
289 0.64164027308
290 0.641813330595
291 0.641739877379
292 0.641898208081
293 0.642049208913
294 0.641953626481
295 0.642089926711
296 0.641979646711
297 0.642101279654
298 0.641976351762
299 0.642083361501
300 0.641943845931
301 0.642036286928
302 0.641882254033
303 0.641721022
304 0.641791720605
305 0.641616097584
306 0.641433347826
307 0.641482489011
308 0.641285495088
309 0.641081456682
310 0.640870404153
311 0.640891138659
312 0.640666068943
313 0.640434079404
314 0.640195204196
315 0.639949478357
316 0.639696937778
317 0.63967593582
318 0.639409777508
319 0.639136914524
320 0.638857385952
321 0.638571231609
322 0.638278492021
323 0.637979208397
324 0.63767342261
325 0.63736117717
326 0.637042515203
327 0.636717480425
328 0.636386117124
329 0.636048470135
330 0.635704584816
331 0.635117801316
332 0.634856328787
333 0.634446802553
334 0.634054910142
335 0.633633432643
336 0.633229656357
337 0.63279642421
338 0.63235739756
339 0.631912626828
340 0.631438633289
341 0.630982543861
342 0.630520863587
343 0.630030167053
344 0.629534019093
345 0.629032472303
346 0.628525579469
347 0.628013393554
348 0.627495967682
349 0.626973355119
350 0.626422266789
351 0.625889460999
352 0.625328327515
353 0.624762263048
354 0.6241913219
355 0.623615558417
356 0.623035026981
357 0.622449781989
358 0.621859877849
359 0.621242219557
360 0.62064318262
361 0.620016546108
362 0.619408594419
363 0.618773198209
364 0.618133515858
365 0.617489601945
366 0.61684151095
367 0.616189297249
368 0.615533015101
369 0.614849807485
370 0.61418557546
371 0.613494576469
372 0.612822610542
373 0.612124036098
374 0.611421767558
375 0.610715858515
376 0.61000636236
377 0.609293332287
378 0.608576821277
379 0.607856882093
380 0.607133567274
381 0.606406929129
382 0.605654451273
383 0.604921349764
384 0.604162567666
385 0.603400725099
386 0.602658329418
387 0.601890491217
388 0.601119745804
389 0.600346143742
390 0.599569735302
391 0.598790570465
392 0.598008698914
393 0.597224170028
394 0.596414808769
395 0.59562514156
396 0.594810799066
397 0.594016187709
398 0.593197057246
399 0.592397693355
400 0.591573965588
401 0.590748025232
402 0.589941901106
403 0.589111644542
404 0.588279314539
405 0.587444956823
406 0.586608616773
407 0.58577033942
408 0.58490837414
409 0.584066387252
410 0.583222596117
411 0.582355344195
412 0.581508106653
413 0.580659194728
414 0.57978704652
415 0.57891337299
416 0.578059755426
417 0.577183124239
418 0.576305092602
419 0.575425701426
420 0.574566400359
421 0.573684378507
422 0.57280111761
423 0.571916657115
424 0.571031036106
425 0.570123048985
426 0.56923525582
427 0.568346417238
428 0.567456570859
429 0.566565753943
430 0.565652925651
431 0.564760311247
432 0.563845825545
433 0.562951558463
434 0.562035558831
435 0.561139780982
436 0.560222408
437 0.559304417263
438 0.558385842857
439 0.557487491184
440 0.556567815999
441 0.555647657239
442 0.554727047564
443 0.553806019281
444 0.552884604343
445 0.551962834353
446 0.551040740566
447 0.550118353889
448 0.549175241193
449 0.548252394465
450 0.547329345508
451 0.546406123857
452 0.545462433373
453 0.544538987993
454 0.5436154565
455 0.542671645748
456 0.541748060683
457 0.540804321333
458 0.539860676231
459 0.538937233666
460 0.537993822178
461 0.537050584566
462 0.536127523449
463 0.535184675817
464 0.534242078794
465 0.533299757319
466 0.532357736017
467 0.531416039203
468 0.530474690882
469 0.529533714749
470 0.528593134198
471 0.527652972317
472 0.526713251894
473 0.525773995421
474 0.524835225091
475 0.523896962804
476 0.52295923017
477 0.522002597396
478 0.52106602264
479 0.520130040615
480 0.51917532603
481 0.518240625414
482 0.517287302663
483 0.516353962989
484 0.515421315543
485 0.514470208991
486 0.513519902684
487 0.512589514718
488 0.511640828683
489 0.510712027191
490 0.509765033291
491 0.508818929387
492 0.507873732636
493 0.506948349362
494 0.506004982216
495 0.505062572209
496 0.504121135493
497 0.503180687974
498 0.502241245316
499 0.501302822941
