50 0.00115872550818
51 0.00167675527624
52 0.00235480370773
53 0.00323702641374
54 0.00433706581279
55 0.00570015454769
56 0.00736457074207
57 0.00933372765132
58 0.0116537144503
59 0.0143343268577
60 0.0174069137811
61 0.0208688936898
62 0.024753555595
63 0.028987561955
64 0.0337287561271
65 0.038828697736
66 0.0443196034836
67 0.0502638701195
68 0.0565207573342
69 0.0632854605079
70 0.0702575628452
71 0.0774999699115
72 0.08530625455
73 0.093101092657
74 0.101391194955
75 0.109715128562
76 0.118469043403
77 0.12734958631
78 0.136371105519
79 0.145534059467
80 0.15484944404
81 0.164234732385
82 0.173743465185
83 0.183293752925
84 0.192874681413
85 0.202523923309
86 0.21215758514
87 0.221775997806
88 0.231385895147
89 0.24100063479
90 0.250533612577
91 0.259999741808
92 0.269421045874
93 0.278767318606
94 0.288007626109
95 0.297173770191
96 0.306239607496
97 0.315178571735
98 0.324032818748
99 0.332780859165
100 0.341400956544
101 0.349871214447
102 0.358245971528
103 0.366508512439
104 0.374562223962
105 0.382548132863
106 0.390371325067
107 0.398099809127
108 0.405635331625
109 0.413137255544
110 0.420419373826
111 0.427556368773
112 0.434629154639
113 0.441536542076
114 0.448267014263
115 0.454906100396
116 0.461446754772
117 0.467782309812
118 0.474103725611
119 0.480203500544
120 0.486174486485
121 0.492114773491
122 0.497915382129
123 0.503569700683
124 0.509071228915
125 0.514523164747
126 0.519811921609
127 0.525043112169
128 0.530101006162
129 0.535093562306
130 0.540018031191
131 0.544755647196
132 0.549534750335
133 0.554119624382
134 0.558623692058
135 0.563044372043
136 0.567258290733
137 0.571503680357
138 0.575658162878
139 0.579719302266
140 0.583684704595
141 0.587552020354
142 0.591444893764
143 0.595109956908
144 0.598797663657
145 0.602379849627
146 0.605854351062
147 0.609348817493
148 0.612732853736
149 0.616004397039
150 0.61929331879
151 0.622467127068
152 0.625523870099
153 0.628595514157
154 0.631547612013
155 0.634513445594
156 0.63735732015
157 0.64021378956
158 0.642945958956
159 0.645689608924
160 0.648306693332
161 0.650934172711
162 0.653572069138
163 0.656080670297
164 0.658458387143
165 0.660985170485
166 0.663238783208
167 0.665641467137
168 0.667910224077
169 0.670186302826
170 0.672326502785
171 0.674473058366
172 0.676625950921
173 0.678640624723
174 0.680805665044
175 0.682686148208
176 0.684716936287
177 0.686606799687
178 0.688501093944
179 0.690399776182
180 0.692302800896
181 0.694062302764
182 0.69582526606
183 0.697591634774
184 0.699212436917
185 0.700835801583
186 0.702611267668
187 0.704089952078
188 0.705720598069
189 0.707353526923
190 0.708837700245
191 0.710323336194
192 0.711810351956
193 0.713298662223
194 0.714635983312
195 0.71612629968
196 0.717464841831
197 0.718803710377
198 0.72014280781
199 0.721482034475
200 0.722667383422
201 0.724006276327
202 0.725190545053
203 0.726373987527
204 0.727556494738
205 0.728737956021
206 0.729918259128
207 0.731097290313
208 0.732119017721
209 0.733138774269
210 0.734312793648
211 0.735328473793
212 0.73634182976
213 0.737352742019
214 0.738361090243
215 0.73920932783
216 0.740211970879
217 0.741053867555
218 0.742050319376
219 0.742885390212
220 0.743716777182
221 0.744702920116
222 0.745526751571
223 0.746346535389
224 0.747003066811
225 0.747814220922
226 0.748620967174
227 0.749423186011
228 0.750061023662
229 0.75069379319
230 0.751481383028
231 0.752103806157
232 0.752720819288
233 0.753492741562
234 0.754098729755
235 0.754698975144
236 0.755293369549
237 0.755881806085
238 0.756303116365
239 0.756879199434
240 0.757449013701
241 0.757851065906
242 0.758407922426
243 0.758796619773
244 0.759340132791
245 0.759715102092
246 0.76024489973
247 0.760605782183
248 0.760959453728
249 0.761305831895
250 0.761807035355
251 0.76213865786
252 0.762462750041
253 0.762779237553
254 0.763088048146
255 0.763226576181
256 0.763519762345
257 0.763805069311
258 0.764082433426
259 0.764351793219
260 0.764450293757
261 0.76470341545
262 0.764785496467
263 0.765022167566
264 0.765087632494
265 0.765307658331
266 0.765356328517
267 0.765559532254
268 0.765591246933
269 0.765614426709
270 0.765792085715
271 0.765798103994
272 0.765795497057
273 0.765784239796
274 0.76592738361
275 0.765898752894
276 0.765861407661
277 0.765815331395
278 0.765760509684
279 0.765696930198
280 0.765624582669
281 0.765543458868
282 0.76545355258
283 0.765191907804
284 0.765084448797
285 0.764968202384
286 0.764843170165
287 0.76470935563
288 0.764403980478
289 0.764252651483
290 0.764092563555
291 0.763761080902
292 0.763583546996
293 0.763397293495
294 0.763039843529
295 0.762836243613
296 0.762461609072
297 0.762240746788
298 0.761849025382
299 0.761610997335
300 0.761202299034
301 0.760947213871
302 0.760521660385
303 0.760087774697
304 0.759807362541
305 0.759356826875
306 0.758898070243
307 0.758592643426
308 0.758117465449
309 0.757634188977
310 0.757142857751
311 0.756804646312
312 0.756297233124
313 0.755781901255
314 0.755258698709
315 0.754727674471
316 0.754188878481
317 0.753802851887
318 0.753248547799
319 0.752686625558
320 0.752117138614
321 0.751540141215
322 0.750955688381
323 0.750363835871
324 0.749764640155
325 0.749158158385
326 0.74854444837
327 0.747923568543
328 0.747295577936
329 0.746660536154
330 0.746018503345
331 0.745210846033
332 0.744618571077
333 0.743924334496
334 0.743239237206
335 0.74253167634
336 0.741833351722
337 0.741112720833
338 0.740385658908
339 0.739652230666
340 0.7388967677
341 0.738150817993
342 0.737398697894
343 0.736624788119
344 0.735844872519
345 0.735059017597
346 0.734267290009
347 0.733469756552
348 0.732666484135
349 0.731857539766
350 0.731027424723
351 0.730207355242
352 0.72936628492
353 0.728519847133
354 0.727668109446
355 0.726811139412
356 0.725949004554
357 0.725081772354
358 0.724209510229
359 0.723316883925
360 0.722434782685
361 0.721532489777
362 0.720640818425
363 0.719729127847
364 0.7188128487
365 0.717892047874
366 0.716966792088
367 0.716037147876
368 0.715103181574
369 0.714149752932
370 0.713207360677
371 0.712245678304
372 0.711295123145
373 0.710325449467
374 0.709351888272
375 0.708374504461
376 0.707393362653
377 0.706408527173
378 0.705420062046
379 0.704428030991
380 0.70343249741
381 0.70243352438
382 0.701416239444
383 0.70041059684
384 0.699386810095
385 0.698359876332
386 0.697344705293
387 0.696311639801
388 0.695275610793
389 0.694236678707
390 0.693194903603
391 0.692150345147
392 0.691103062617
393 0.69005311489
394 0.688985889948
395 0.687930809326
396 0.686858612579
397 0.685798629924
398 0.684721690784
399 0.68365703363
400 0.68257557815
401 0.681491959743
402 0.68042072148
403 0.679332919452
404 0.678243118981
405 0.677151374037
406 0.67605773815
407 0.674962264408
408 0.673850657262
409 0.672751688704
410 0.671651038928
411 0.670534481664
412 0.669430646434
413 0.668325282599
414 0.667204233458
415 0.666081802687
416 0.664972198266
417 0.663847127272
418 0.662720820708
419 0.661593326361
420 0.660478754713
421 0.659349002292
422 0.658218202708
423 0.657086401935
424 0.655953645496
425 0.654806035813
426 0.653671526963
427 0.652536196326
428 0.651400087622
429 0.650263244123
430 0.649111887259
431 0.647973726439
432 0.64682118536
433 0.64568187501
434 0.644528315779
435 0.643388020144
436 0.642233605282
437 0.641078834743
438 0.639923747846
439 0.638781984616
440 0.637626356612
441 0.636470527592
442 0.635314535142
443 0.634158416418
444 0.63300220815
445 0.631845946641
446 0.630689667775
447 0.629533407012
448 0.628363819811
449 0.627207724588
450 0.626051751352
451 0.624895933906
452 0.623727024794
453 0.622571643305
454 0.621416516566
455 0.62024846998
456 0.619093973471
457 0.617926669719
458 0.616759796468
459 0.615606491946
460 0.614440546203
461 0.613275121523
462 0.612123280801
463 0.610958961303
464 0.609795249966
465 0.608632175058
466 0.607469764475
467 0.606308045741
468 0.60514704601
469 0.60398679207
470 0.602827310345
471 0.601668626901
472 0.600510767443
473 0.599353757323
474 0.598197621539
475 0.597042384743
476 0.595888071239
477 0.594722041761
478 0.593569670917
479 0.592418294204
480 0.591255345164
481 0.590106049694
482 0.588945275963
483 0.587798150787
484 0.586652131134
485 0.585494771578
486 0.584338608827
487 0.583196081018
488 0.582042348813
489 0.580902243004
490 0.579751021375
491 0.578601096521
492 0.577452487507
493 0.576317484162
494 0.575171538426
495 0.574026963968
496 0.572883778671
497 0.571742000132
498 0.57060164566
499 0.569462732283
