0.1 0.0240162661132
0.11 0.0262048599472
0.12 0.028356594608
0.13 0.0304719222385
0.14 0.0325512900865
0.15 0.0345951405541
0.16 0.0366039112467
0.17 0.0385780350216
0.18 0.0405179400362
0.19 0.0424240497957
0.2 0.0442967832001
0.21 0.046136554591
0.22 0.0479437737979
0.23 0.0497188461843
0.24 0.0514621726925
0.25 0.0531741498889
0.26 0.0548551700087
0.27 0.0565056209995
0.28 0.0581258865652
0.29 0.0597163462093
0.3 0.0612773752776
0.31 0.0628093450002
0.32 0.0643126225344
0.33 0.0657875710051
0.34 0.067234549547
0.35 0.0686539133446
0.36 0.0700460136729
0.37 0.0714111979372
0.38 0.0727498097129
0.39 0.0740621887845
0.4 0.0753486711843
0.41 0.076609589231
0.42 0.0778452715678
0.43 0.0790560431999
0.44 0.0802422255316
0.45 0.081404136404
0.46 0.0825420901305
0.47 0.0836563975341
0.48 0.0847473659824
0.49 0.0858152994236
0.5 0.0868604984215
0.51 0.0878832601904
0.52 0.0888838786293
0.53 0.0898626443566
0.54 0.0908198447431
0.55 0.0917557639465
0.56 0.0926706829434
0.57 0.0935648795632
0.58 0.0944386285196
0.59 0.0952922014437
0.6 0.096125866915
0.61 0.0969398904938
0.62 0.0977345347516
0.63 0.0985100593028
0.64 0.0992667208346
0.65 0.100004773138
0.66 0.100724467137
0.67 0.101426050919
0.68 0.102109769765
0.69 0.102775866177
0.7 0.103424579907
0.71 0.104056147987
0.72 0.104670804756
0.73 0.10526878189
0.74 0.105850308427
0.75 0.106415610796
0.76 0.106964912843
0.77 0.10749843586
0.78 0.108016398611
0.79 0.108519017356
0.8 0.10900650588
0.81 0.109479075519
0.82 0.109936935183
0.83 0.110380291383
0.84 0.110809348256
0.85 0.111224307591
0.86 0.11162536885
0.87 0.112012729197
0.88 0.11238658352
0.89 0.112747124453
0.9 0.113094542402
0.91 0.11342902557
0.92 0.113750759975
0.93 0.114059929477
0.94 0.114356715802
0.95 0.114641298559
0.96 0.114913855267
0.97 0.115174561375
0.98 0.115423590286
0.99 0.115661113375
1.0 0.115887300013
1.01 0.116102317589
1.02 0.116306331527
1.03 0.116499505312
1.04 0.116682000505
1.05 0.116853976769
1.06 0.117015591886
1.07 0.117167001774
1.08 0.117308360515
1.09 0.117439820366
1.1 0.117561531783
1.11 0.117673643441
1.12 0.117776302248
1.13 0.11786965337
1.14 0.117953840243
1.15 0.118029004599
1.16 0.118095286476
1.17 0.118152824243
1.18 0.118201754614
1.19 0.118242212667
1.2 0.11827433186
1.21 0.118298244053
1.22 0.118314079517
1.23 0.118321966958
1.24 0.118322033532
1.25 0.11831440486
1.26 0.118299205047
1.27 0.118276556694
1.28 0.11824658092
1.29 0.118209397374
1.3 0.118165124251
1.31 0.118113878309
1.32 0.118055774884
1.33 0.117990927906
1.34 0.117919449912
1.35 0.117841452063
1.36 0.11775704416
1.37 0.117666334655
1.38 0.117569430669
1.39 0.117466438004
1.4 0.117357461159
1.41 0.117242603344
1.42 0.117121966494
1.43 0.116995651281
1.44 0.11686375713
1.45 0.116726382231
1.46 0.116583623555
1.47 0.116435576863
1.48 0.116282336724
1.49 0.116123996524
1.5 0.115960648481
1.51 0.115792383657
1.52 0.115619291973
1.53 0.115441462218
1.54 0.115258982061
1.55 0.115071938069
1.56 0.114880415712
1.57 0.114684499381
1.58 0.114484272395
1.59 0.114279817016
1.6 0.11407121446
1.61 0.113858544906
1.62 0.113641887512
1.63 0.113421320424
1.64 0.113196920784
1.65 0.112968764747
1.66 0.112736927488
1.67 0.112501483213
1.68 0.112262505173
1.69 0.112020065669
1.7 0.111774236068
1.71 0.111525086811
1.72 0.111272687422
1.73 0.11101710652
1.74 0.11075841183
1.75 0.11049667019
1.76 0.110231947564
1.77 0.109964309049
1.78 0.109693818886
1.79 0.109420540471
1.8 0.109144536361
1.81 0.108865868287
1.82 0.108584597161
1.83 0.108300783085
1.84 0.108014485363
1.85 0.107725762506
1.86 0.107434672244
1.87 0.107141271533
1.88 0.106845616564
1.89 0.106547762774
1.9 0.106247764849
1.91 0.10594567674
1.92 0.105641551665
1.93 0.10533544212
1.94 0.105027399886
1.95 0.104717476039
1.96 0.104405720958
1.97 0.104092184329
1.98 0.103776915158
1.99 0.103459961775
2.0 0.103141371845
2.01 0.102821192373
2.02 0.102499469711
2.03 0.102176249568
2.04 0.101851577016
2.05 0.101525496499
2.06 0.101198051835
2.07 0.10086928623
2.08 0.100539242282
2.09 0.100207961985
2.1 0.0998754867412
2.11 0.0995418573653
2.12 0.0992071140908
2.13 0.0988712965776
2.14 0.0985344439186
2.15 0.0981965946456
2.16 0.0978577867368
2.17 0.0975180576224
2.18 0.0971774441913
2.19 0.0968359827974
2.2 0.0964937092658
2.21 0.0961506588989
2.22 0.0958068664827
2.23 0.0954623662924
2.24 0.0951171920991
2.25 0.0947713771749
2.26 0.0944249542992
2.27 0.0940779557644
2.28 0.0937304133819
2.29 0.093382358487
2.3 0.0930338219454
2.31 0.092684834158
2.32 0.0923354250671
2.33 0.0919856241611
2.34 0.0916354604803
2.35 0.0912849626223
2.36 0.0909341587467
2.37 0.0905830765811
2.38 0.0902317434255
2.39 0.0898801861579
2.4 0.0895284312389
2.41 0.0891765047172
2.42 0.0888244322341
2.43 0.0884722390284
2.44 0.0881199499416
2.45 0.0877675894223
2.46 0.0874151815309
2.47 0.0870627499445
2.48 0.0867103179616
2.49 0.0863579085061
2.5 0.0860055441325
2.51 0.0856532470301
2.52 0.0853010390271
2.53 0.0849489415957
2.54 0.0845969758556
2.55 0.0842451625791
2.56 0.0838935221944
2.57 0.0835420747909
2.58 0.0831908401224
2.59 0.0828398376116
2.6 0.0824890863542
2.61 0.0821386051227
2.62 0.0817884123707
2.63 0.0814385262366
2.64 0.0810889645472
2.65 0.0807397448222
2.66 0.0803908842776
2.67 0.0800423998293
2.68 0.0796943080971
2.69 0.0793466254085
2.7 0.078999367802
2.71 0.0786525510307
2.72 0.0783061905661
2.73 0.0779603016016
2.74 0.0776148990558
2.75 0.0772699975761
2.76 0.0769256115419
2.77 0.0765817550682
2.78 0.0762384420089
2.79 0.0758956859598
2.8 0.0755535002624
2.81 0.0752118980067
2.82 0.0748708920342
2.83 0.0745304949419
2.84 0.0741907190844
2.85 0.0738515765776
2.86 0.0735130793018
2.87 0.0731752389041
2.88 0.0728380668022
2.89 0.0725015741867
2.9 0.0721657720243
2.91 0.0718306710608
2.92 0.0714962818236
2.93 0.0711626146247
2.94 0.0708296795637
2.95 0.0704974865303
2.96 0.0701660452069
2.97 0.0698353650717
2.98 0.0695054554012
2.99 0.0691763252726
3.0 0.0688479835667
3.01 0.0685204389703
3.02 0.068193699979
3.03 0.0678677748994
3.04 0.0675426718518
3.05 0.0672183987726
3.06 0.0668949634167
3.07 0.0665723733601
3.08 0.0662506360021
3.09 0.0659297585674
3.1 0.0656097481093
3.11 0.0652906115109
3.12 0.0649723554881
3.13 0.0646549865918
3.14 0.0643385112098
3.15 0.0640229355693
3.16 0.0637082657389
3.17 0.0633945076308
3.18 0.063081667003
3.19 0.0627697494614
3.2 0.0624587604617
3.21 0.0621487053116
3.22 0.061839589173
3.23 0.0615314170636
3.24 0.0612241938592
3.25 0.0609179242956
3.26 0.0606126129705
3.27 0.0603082643454
3.28 0.0600048827476
3.29 0.0597024723719
3.3 0.0594010372827
3.31 0.0591005814156
3.32 0.0588011085793
3.33 0.0585026224575
3.34 0.0582051266105
3.35 0.057908624477
3.36 0.0576131193758
3.37 0.0573186145077
3.38 0.0570251129569
3.39 0.0567326176929
3.4 0.056441131572
3.41 0.0561506573391
3.42 0.0558611976291
3.43 0.0555727549686
3.44 0.0552853317777
3.45 0.054998930371
3.46 0.0547135529597
3.47 0.0544292016528
3.48 0.0541458784588
3.49 0.0538635852869
3.5 0.0535823239489
3.51 0.0533020961602
3.52 0.0530229035414
3.53 0.0527447476201
3.54 0.0524676298315
3.55 0.0521915515205
3.56 0.0519165139428
3.57 0.0516425182661
3.58 0.0513695655718
3.59 0.0510976568559
3.6 0.0508267930307
3.61 0.0505569749258
3.62 0.0502882032894
3.63 0.0500204787898
3.64 0.0497538020164
3.65 0.0494881734809
3.66 0.0492235936188
3.67 0.0489600627903
3.68 0.0486975812817
3.69 0.0484361493062
3.7 0.0481757670056
3.71 0.0479164344512
3.72 0.0476581516446
3.73 0.0474009185193
3.74 0.0471447349417
3.75 0.0468896007119
3.76 0.0466355155651
3.77 0.0463824791725
3.78 0.0461304911424
3.79 0.0458795510211
3.8 0.0456296582942
3.81 0.0453808123875
3.82 0.0451330126678
3.83 0.0448862584439
3.84 0.0446405489682
3.85 0.0443958834367
3.86 0.0441522609907
3.87 0.0439096807173
3.88 0.0436681416506
3.89 0.0434276427724
3.9 0.0431881830134
3.91 0.0429497612538
3.92 0.0427123763242
3.93 0.0424760270067
3.94 0.0422407120355
3.95 0.042006430098
3.96 0.0417731798355
3.97 0.0415409598438
3.98 0.0413097686746
3.99 0.0410796048357
4.0 0.0408504667923
4.01 0.0406223529673
4.02 0.0403952617425
4.03 0.0401691914591
4.04 0.0399441404186
4.05 0.0397201068836
4.06 0.0394970890782
4.07 0.0392750851893
4.08 0.0390540933666
4.09 0.0388341117241
4.1 0.0386151383401
4.11 0.0383971712585
4.12 0.0381802084888
4.13 0.0379642480075
4.14 0.0377492877583
4.15 0.0375353256528
4.16 0.0373223595715
4.17 0.0371103873639
4.18 0.0368994068495
4.19 0.0366894158185
4.2 0.0364804120319
4.21 0.0362723932228
4.22 0.0360653570966
4.23 0.0358593013316
4.24 0.0356542235795
4.25 0.0354501214663
4.26 0.0352469925927
4.27 0.0350448345347
4.28 0.0348436448439
4.29 0.0346434210483
4.3 0.0344441606531
4.31 0.0342458611404
4.32 0.0340485199708
4.33 0.0338521345831
4.34 0.033656702395
4.35 0.0334622208038
4.36 0.033268687187
4.37 0.0330760989022
4.38 0.0328844532882
4.39 0.0326937476652
4.4 0.0325039793354
4.41 0.0323151455833
4.42 0.0321272436761
4.43 0.0319402708646
4.44 0.0317542243832
4.45 0.0315691014504
4.46 0.0313848992694
4.47 0.0312016150286
4.48 0.0310192459016
4.49 0.0308377890481
4.5 0.030657241614
4.51 0.0304776007319
4.52 0.0302988635215
4.53 0.0301210270902
4.54 0.0299440885329
4.55 0.0297680449333
4.56 0.0295928933632
4.57 0.0294186308838
4.58 0.0292452545455
4.59 0.0290727613886
4.6 0.0289011484435
4.61 0.0287304127308
4.62 0.0285605512623
4.63 0.0283915610407
4.64 0.0282234390603
4.65 0.0280561823071
4.66 0.0278897877594
4.67 0.0277242523879
4.68 0.027559573156
4.69 0.0273957470203
4.7 0.0272327709309
4.71 0.0270706418314
4.72 0.0269093566596
4.73 0.0267489123476
4.74 0.0265893058219
4.75 0.0264305340042
4.76 0.026272593811
4.77 0.0261154821546
4.78 0.0259591959429
4.79 0.0258037320796
4.8 0.0256490874649
4.81 0.0254952589955
4.82 0.0253422435648
4.83 0.0251900380632
4.84 0.0250386393784
4.85 0.0248880443958
4.86 0.0247382499983
4.87 0.0245892530669
4.88 0.024441050481
4.89 0.0242936391183
4.9 0.0241470158552
4.91 0.0240011775672
4.92 0.0238561211287
4.93 0.0237118434136
4.94 0.0235683412954
4.95 0.0234256116473
4.96 0.0232836513426
4.97 0.0231424572547
4.98 0.0230020262574
4.99 0.0228623552252
5.0 0.0227234410333
5.01 0.0225852805578
5.02 0.0224478706762
5.03 0.0223112082671
5.04 0.0221752902107
5.05 0.0220401133891
5.06 0.021905674686
5.07 0.0217719709873
5.08 0.0216389991811
5.09 0.021506756158
5.1 0.0213752388109
5.11 0.0212444440358
5.12 0.0211143687312
5.13 0.0209850097988
5.14 0.0208563641435
5.15 0.0207284286735
5.16 0.0206012003005
5.17 0.0204746759398
5.18 0.0203488525104
5.19 0.0202237269354
5.2 0.0200992961419
5.21 0.0199755570609
5.22 0.0198525066281
5.23 0.0197301417834
5.24 0.0196084594714
5.25 0.0194874566413
5.26 0.0193671302471
5.27 0.019247477248
5.28 0.0191284946078
5.29 0.0190101792959
5.3 0.0188925282868
5.31 0.0187755385604
5.32 0.0186592071021
5.33 0.018543530903
5.34 0.0184285069598
5.35 0.0183141322752
5.36 0.0182004038576
5.37 0.0180873187216
5.38 0.017974873888
5.39 0.0178630663835
5.4 0.0177518932413
5.41 0.0176413515012
5.42 0.0175314382092
5.43 0.017422150418
5.44 0.0173134851869
5.45 0.017205439582
5.46 0.0170980106763
5.47 0.0169911955497
5.48 0.0168849912889
5.49 0.016779394988
5.5 0.0166744037479
5.51 0.0165700146769
5.52 0.0164662248907
5.53 0.0163630315122
5.54 0.0162604316717
5.55 0.0161584225071
5.56 0.0160570011638
5.57 0.0159561647949
5.58 0.0158559105612
5.59 0.0157562356311
5.6 0.0156571371809
5.61 0.0155586123949
5.62 0.0154606584652
5.63 0.0153632725918
5.64 0.0152664519829
5.65 0.0151701938546
5.66 0.0150744954314
5.67 0.0149793539458
5.68 0.0148847666385
5.69 0.0147907307586
5.7 0.0146972435636
5.71 0.0146043023191
5.72 0.0145119042994
5.73 0.0144200467871
5.74 0.0143287270734
5.75 0.0142379424579
5.76 0.014147690249
5.77 0.0140579677634
5.78 0.0139687723268
5.79 0.0138801012733
5.8 0.0137919519459
5.81 0.0137043216962
5.82 0.0136172078849
5.83 0.0135306078811
5.84 0.013444519063
5.85 0.0133589388176
5.86 0.0132738645409
5.87 0.0131892936376
5.88 0.0131052235217
5.89 0.0130216516157
5.9 0.0129385753516
5.91 0.0128559921701
5.92 0.012773899521
5.93 0.0126922948633
5.94 0.0126111756649
5.95 0.012530539403
5.96 0.0124503835638
5.97 0.0123707056425
5.98 0.0122915031437
5.99 0.0122127735812
6.0 0.0121345144777
6.01 0.0120567233653
6.02 0.0119793977852
6.03 0.011902535288
6.04 0.0118261334334
6.05 0.0117501897904
6.06 0.011674701937
6.07 0.011599667461
6.08 0.0115250839589
6.09 0.0114509490369
6.1 0.0113772603101
6.11 0.0113040154033
6.12 0.0112312119504
6.13 0.0111588475945
6.14 0.011086919988
6.15 0.011015426793
6.16 0.0109443656804
6.17 0.0108737343306
6.18 0.0108035304335
6.19 0.0107337516881
6.2 0.0106643958027
6.21 0.010595460495
6.22 0.0105269434921
6.23 0.0104588425301
6.24 0.0103911553548
6.25 0.010323879721
6.26 0.010257013393
6.27 0.0101905541443
6.28 0.0101244997576
6.29 0.0100588480251
6.3 0.00999359674815
6.31 0.00992874373737
6.32 0.0098642868127
6.33 0.00980022380332
6.34 0.00973655254765
6.35 0.00967327089339
6.36 0.00961037669745
6.37 0.00954786782598
6.38 0.00948574215435
6.39 0.00942399756712
6.4 0.00936263195808
6.41 0.00930164323019
6.42 0.00924102929559
6.43 0.00918078807558
6.44 0.00912091750063
6.45 0.00906141551032
6.46 0.00900228005339
6.47 0.00894350908768
6.48 0.00888510058013
6.49 0.00882705250676
6.5 0.0087693628527
6.51 0.00871202961208
6.52 0.00865505078812
6.53 0.00859842439304
6.54 0.00854214844809
6.55 0.00848622098351
6.56 0.00843064003852
6.57 0.00837540366128
6.58 0.00832050990894
6.59 0.00826595684754
6.6 0.00821174255205
6.61 0.00815786510632
6.62 0.00810432260308
6.63 0.00805111314393
6.64 0.00799823483928
6.65 0.00794568580838
6.66 0.00789346417926
6.67 0.00784156808876
6.68 0.00778999568243
6.69 0.00773874511462
6.7 0.00768781454834
6.71 0.00763720215533
6.72 0.00758690611601
6.73 0.00753692461944
6.74 0.00748725586332
6.75 0.00743789805397
6.76 0.00738884940631
6.77 0.0073401081438
6.78 0.00729167249847
6.79 0.00724354071087
6.8 0.00719571103005
6.81 0.00714818171355
6.82 0.00710095102736
6.83 0.0070540172459
6.84 0.00700737865201
6.85 0.00696103353691
6.86 0.00691498020018
6.87 0.00686921694975
6.88 0.00682374210187
6.89 0.00677855398106
6.9 0.00673365092013
6.91 0.00668903126013
6.92 0.00664469335031
6.93 0.00660063554814
6.94 0.00655685621925
6.95 0.0065133537374
6.96 0.00647012648448
6.97 0.00642717285049
6.98 0.00638449123347
6.99 0.00634208003952
7.0 0.00629993768276
7.01 0.00625806258529
7.02 0.00621645317719
7.03 0.00617510789647
7.04 0.00613402518906
7.05 0.00609320350877
7.06 0.00605264131729
7.07 0.00601233708412
7.08 0.0059722892866
7.09 0.00593249640983
7.1 0.00589295694668
7.11 0.00585366939773
7.12 0.0058146322713
7.13 0.00577584408334
7.14 0.0057373033575
7.15 0.00569900862501
7.16 0.00566095842472
7.17 0.00562315130304
7.18 0.00558558581393
7.19 0.00554826051885
7.2 0.00551117398677
7.21 0.0054743247941
7.22 0.00543771152469
7.23 0.00540133276981
7.24 0.00536518712808
7.25 0.00532927320549
7.26 0.00529358961537
7.27 0.0052581349783
7.28 0.00522290792217
7.29 0.00518790708209
7.3 0.00515313110041
7.31 0.00511857862662
7.32 0.00508424831742
7.33 0.0050501388366
7.34 0.00501624885507
7.35 0.00498257705083
7.36 0.0049491221089
7.37 0.00491588272134
7.38 0.00488285758719
7.39 0.00485004541247
7.4 0.00481744491011
7.41 0.00478505479998
7.42 0.00475287380882
7.43 0.00472090067022
7.44 0.0046891341246
7.45 0.00465757291917
7.46 0.00462621580791
7.47 0.00459506155157
7.48 0.00456410891759
7.49 0.00453335668009
7.5 0.00450280361987
7.51 0.00447244852435
7.52 0.00444229018757
7.53 0.00441232741013
7.54 0.00438255899918
7.55 0.00435298376839
7.56 0.00432360053794
7.57 0.00429440813447
7.58 0.00426540539104
7.59 0.00423659114715
7.6 0.00420796424865
7.61 0.00417952354778
7.62 0.00415126790309
7.63 0.00412319617944
7.64 0.00409530724795
7.65 0.004067599986
7.66 0.00404007327718
7.67 0.00401272601128
7.68 0.00398555708425
7.69 0.00395856539818
7.7 0.00393174986126
7.71 0.00390510938777
7.72 0.00387864289806
7.73 0.00385234931849
7.74 0.00382622758142
7.75 0.0038002766252
7.76 0.00377449539412
7.77 0.00374888283839
7.78 0.00372343791411
7.79 0.00369815958325
7.8 0.00367304681364
7.81 0.00364809857889
7.82 0.00362331385842
7.83 0.00359869163741
7.84 0.00357423090676
7.85 0.00354993066308
7.86 0.00352578990869
7.87 0.00350180765153
7.88 0.00347798290518
7.89 0.00345431468882
7.9 0.00343080202721
7.91 0.00340744395067
7.92 0.00338423949502
7.93 0.0033611877016
7.94 0.00333828761721
7.95 0.00331553829409
7.96 0.00329293878992
7.97 0.00327048816775
7.98 0.00324818549603
7.99 0.00322602984851
8.0 0.00320402030429
8.01 0.00318215594777
8.02 0.00316043586857
8.03 0.0031388591616
8.04 0.00311742492696
8.05 0.00309613226995
8.06 0.00307498030102
8.07 0.00305396813578
8.08 0.00303309489494
8.09 0.00301235970431
8.1 0.00299176169477
8.11 0.00297130000221
8.12 0.00295097376757
8.13 0.00293078213676
8.14 0.00291072426067
8.15 0.00289079929513
8.16 0.00287100640087
8.17 0.00285134474352
8.18 0.0028318134936
8.19 0.00281241182645
8.2 0.00279313892223
8.21 0.00277399396591
8.22 0.00275497614723
8.23 0.00273608466065
8.24 0.0027173187054
8.25 0.00269867748537
8.26 0.00268016020916
8.27 0.00266176608998
8.28 0.00264349434571
8.29 0.00262534419882
8.3 0.00260731487636
8.31 0.00258940560995
8.32 0.00257161563571
8.33 0.00255394419433
8.34 0.00253639053094
8.35 0.00251895389516
8.36 0.00250163354104
8.37 0.00248442872707
8.38 0.00246733871613
8.39 0.00245036277545
8.4 0.00243350017666
8.41 0.00241675019567
8.42 0.00240011211273
8.43 0.00238358521237
8.44 0.00236716878337
8.45 0.00235086211877
8.46 0.00233466451581
8.47 0.00231857527593
8.48 0.00230259370475
8.49 0.00228671911205
8.5 0.00227095081171
8.51 0.00225528812176
8.52 0.00223973036428
8.53 0.00222427686545
8.54 0.00220892695546
8.55 0.00219367996855
8.56 0.00217853524294
8.57 0.00216349212084
8.58 0.00214854994844
8.59 0.00213370807582
8.6 0.00211896585702
8.61 0.00210432264996
8.62 0.00208977781643
8.63 0.00207533072209
8.64 0.00206098073641
8.65 0.00204672723269
8.66 0.00203256958803
8.67 0.00201850718328
8.68 0.00200453940306
8.69 0.00199066563571
8.7 0.00197688527329
8.71 0.00196319771155
8.72 0.00194960234991
8.73 0.00193609859145
8.74 0.00192268584285
8.75 0.00190936351444
8.76 0.00189613102013
8.77 0.00188298777739
8.78 0.00186993320726
8.79 0.00185696673431
8.8 0.00184408778661
8.81 0.00183129579575
8.82 0.00181859019677
8.83 0.00180597042818
8.84 0.00179343593194
8.85 0.0017809861534
8.86 0.00176862054133
8.87 0.00175633854788
8.88 0.00174413962857
8.89 0.00173202324223
8.9 0.00171998885106
8.91 0.00170803592054
8.92 0.00169616391944
8.93 0.00168437231981
8.94 0.00167266059695
8.95 0.00166102822938
8.96 0.00164947469886
8.97 0.00163799949033
8.98 0.00162660209192
8.99 0.00161528199491
9.0 0.00160403869374
9.01 0.00159287168597
9.02 0.00158178047226
9.03 0.00157076455638
9.04 0.00155982344517
9.05 0.00154895664852
9.06 0.00153816367935
9.07 0.00152744405363
9.08 0.00151679729032
9.09 0.00150622291137
9.1 0.00149572044171
9.11 0.0014852894092
9.12 0.00147492934467
9.13 0.00146463978185
9.14 0.00145442025739
9.15 0.00144427031082
9.16 0.00143418948454
9.17 0.0014241773238
9.18 0.00141423337671
9.19 0.00140435719419
9.2 0.00139454832997
9.21 0.00138480634056
9.22 0.00137513078525
9.23 0.00136552122611
9.24 0.00135597722793
9.25 0.00134649835822
9.26 0.00133708418723
9.27 0.00132773428789
9.28 0.0013184482358
9.29 0.00130922560925
9.3 0.00130006598916
9.31 0.00129096895909
9.32 0.00128193410522
9.33 0.00127296101633
9.34 0.00126404928381
9.35 0.00125519850158
9.36 0.00124640826617
9.37 0.00123767817661
9.38 0.0012290078345
9.39 0.00122039684391
9.4 0.00121184481145
9.41 0.0012033513462
9.42 0.0011949160597
9.43 0.00118653856596
9.44 0.00117821848142
9.45 0.00116995542498
9.46 0.0011617490179
9.47 0.00115359888389
9.48 0.00114550464901
9.49 0.00113746594171
9.5 0.0011294823928
9.51 0.00112155363542
9.52 0.00111367930505
9.53 0.00110585903948
9.54 0.00109809247881
9.55 0.00109037926541
9.56 0.00108271904396
9.57 0.00107511146136
9.58 0.00106755616679
9.59 0.00106005281165
9.6 0.00105260104957
9.61 0.00104520053639
9.62 0.00103785093013
9.63 0.00103055189101
9.64 0.00102330308141
9.65 0.00101610416587
9.66 0.00100895481109
9.67 0.00100185468586
9.68 0.000994803461129
9.69 0.000987800809934
9.7 0.000980846407408
9.71 0.000973939930765
9.72 0.000967081059286
9.73 0.00096026947431
9.74 0.000953504859219
9.75 0.000946786899427
9.76 0.000940115282366
9.77 0.000933489697476
9.78 0.000926909836192
9.79 0.000920375391932
9.8 0.000913886060086
9.81 0.000907441538003
9.82 0.000901041524978
9.83 0.000894685722245
9.84 0.00088837383296
9.85 0.000882105562191
9.86 0.000875880616909
9.87 0.000869698705974
9.88 0.000863559540123
9.89 0.000857462831962
9.9 0.000851408295949
9.91 0.000845395648389
9.92 0.00083942460742
9.93 0.000833494893001
9.94 0.000827606226903
9.95 0.000821758332695
9.96 0.000815950935736
9.97 0.000810183763165
9.98 0.000804456543884
9.99 0.000798769008556
