0.1 0.0246037407369
0.11 0.0269108329919
0.12 0.0291910028822
0.13 0.0314444813611
0.14 0.0336714976296
0.15 0.0358722791485
0.16 0.0380470516509
0.17 0.0401960391547
0.18 0.0423194639744
0.19 0.0444175467334
0.2 0.046490506376
0.21 0.0485385601793
0.22 0.0505619237653
0.23 0.0525608111122
0.24 0.0545354345667
0.25 0.0564860048551
0.26 0.0584127310951
0.27 0.0603158208072
0.28 0.062195479926
0.29 0.064051912812
0.3 0.0658853222619
0.31 0.0676959095206
0.32 0.0694838742919
0.33 0.0712494147496
0.34 0.0729927275482
0.35 0.0747140078342
0.36 0.0764134492565
0.37 0.0780912439771
0.38 0.079747582682
0.39 0.0813826545915
0.4 0.0829966474709
0.41 0.0845897476407
0.42 0.086162139987
0.43 0.0877140079721
0.44 0.089245533644
0.45 0.0907568976472
0.46 0.0922482792325
0.47 0.0937198562668
0.48 0.0951718052436
0.49 0.096604301292
0.5 0.0980175181874
0.51 0.0994116283605
0.52 0.100786802907
0.53 0.102143211599
0.54 0.10348102289
0.55 0.10480040393
0.56 0.106101520571
0.57 0.107384537378
0.58 0.108649617637
0.59 0.109896923367
0.6 0.111126615323
0.61 0.112338853014
0.62 0.113533794705
0.63 0.114711597427
0.64 0.115872416989
0.65 0.117016407984
0.66 0.118143723799
0.67 0.119254516624
0.68 0.120348937457
0.69 0.121427136119
0.7 0.122489261259
0.71 0.123535460359
0.72 0.12456587975
0.73 0.125580664615
0.74 0.126579958997
0.75 0.127563905811
0.76 0.12853264685
0.77 0.129486322792
0.78 0.130425073209
0.79 0.131349036576
0.8 0.13225835028
0.81 0.133153150622
0.82 0.134033572833
0.83 0.134899751076
0.84 0.135751818454
0.85 0.136589907022
0.86 0.137414147791
0.87 0.138224670735
0.88 0.139021604801
0.89 0.139805077916
0.9 0.140575216992
0.91 0.141332147938
0.92 0.142075995661
0.93 0.142806884079
0.94 0.143524936127
0.95 0.144230273761
0.96 0.144923017968
0.97 0.145603288773
0.98 0.146271205244
0.99 0.146926885503
1.0 0.147570446727
1.01 0.148202005161
1.02 0.14882167612
1.03 0.149429573999
1.04 0.150025812278
1.05 0.150610503529
1.06 0.151183759424
1.07 0.15174569074
1.08 0.152296407364
1.09 0.152836018305
1.1 0.153364631695
1.11 0.153882354796
1.12 0.154389294011
1.13 0.154885554885
1.14 0.155371242114
1.15 0.15584645955
1.16 0.156311310208
1.17 0.156765896272
1.18 0.157210319102
1.19 0.157644679238
1.2 0.158069076408
1.21 0.158483609532
1.22 0.15888837673
1.23 0.159283475327
1.24 0.159669001858
1.25 0.160045052075
1.26 0.160411720953
1.27 0.160769102695
1.28 0.161117290738
1.29 0.161456377757
1.3 0.161786455674
1.31 0.162107615661
1.32 0.162419948145
1.33 0.162723542819
1.34 0.163018488637
1.35 0.163304873831
1.36 0.163582785908
1.37 0.163852311659
1.38 0.164113537164
1.39 0.164366547798
1.4 0.164611428233
1.41 0.164848262446
1.42 0.165077133726
1.43 0.165298124673
1.44 0.165511317208
1.45 0.165716792579
1.46 0.165914631362
1.47 0.166104913467
1.48 0.166287718144
1.49 0.166463123991
1.5 0.166631208951
1.51 0.166792050324
1.52 0.166945724769
1.53 0.167092308308
1.54 0.167231876334
1.55 0.16736450361
1.56 0.16749026428
1.57 0.16760923187
1.58 0.167721479294
1.59 0.167827078856
1.6 0.167926102258
1.61 0.168018620603
1.62 0.1681047044
1.63 0.168184423568
1.64 0.168257847438
1.65 0.168325044762
1.66 0.168386083716
1.67 0.168441031902
1.68 0.168489956353
1.69 0.168532923541
1.7 0.168569999374
1.71 0.168601249209
1.72 0.168626737848
1.73 0.168646529549
1.74 0.168660688024
1.75 0.168669276449
1.76 0.168672357462
1.77 0.168669993172
1.78 0.168662245162
1.79 0.16864917449
1.8 0.168630841695
1.81 0.168607306804
1.82 0.16857862933
1.83 0.168544868278
1.84 0.168506082154
1.85 0.168462328959
1.86 0.168413666202
1.87 0.168360150898
1.88 0.168301839575
1.89 0.168238788276
1.9 0.168171052561
1.91 0.168098687515
1.92 0.168021747749
1.93 0.167940287403
1.94 0.167854360152
1.95 0.167764019206
1.96 0.167669317317
1.97 0.16757030678
1.98 0.167467039439
1.99 0.167359566688
2.0 0.167247939475
2.01 0.167132208307
2.02 0.167012423251
2.03 0.166888633939
2.04 0.166760889571
2.05 0.166629238917
2.06 0.166493730323
2.07 0.166354411713
2.08 0.166211330589
2.09 0.166064534041
2.1 0.165914068743
2.11 0.165759980962
2.12 0.165602316556
2.13 0.165441120983
2.14 0.165276439298
2.15 0.165108316159
2.16 0.164936795833
2.17 0.164761922192
2.18 0.164583738724
2.19 0.164402288527
2.2 0.164217614323
2.21 0.164029758449
2.22 0.16383876287
2.23 0.163644669176
2.24 0.163447518587
2.25 0.163247351955
2.26 0.163044209767
2.27 0.162838132151
2.28 0.162629158872
2.29 0.16241732934
2.3 0.162202682613
2.31 0.161985257397
2.32 0.161765092049
2.33 0.161542224583
2.34 0.161316692669
2.35 0.161088533636
2.36 0.160857784476
2.37 0.160624481849
2.38 0.160388662079
2.39 0.160150361162
2.4 0.159909614768
2.41 0.159666458242
2.42 0.159420926605
2.43 0.159173054562
2.44 0.158922876498
2.45 0.158670426487
2.46 0.158415738287
2.47 0.158158845349
2.48 0.157899780817
2.49 0.15763857753
2.5 0.157375268023
2.51 0.157109884534
2.52 0.156842459
2.53 0.156573023066
2.54 0.156301608082
2.55 0.156028245108
2.56 0.155752964916
2.57 0.155475797992
2.58 0.155196774537
2.59 0.154915924471
2.6 0.154633277435
2.61 0.154348862793
2.62 0.154062709634
2.63 0.153774846773
2.64 0.153485302756
2.65 0.15319410586
2.66 0.152901284094
2.67 0.152606865205
2.68 0.152310876677
2.69 0.152013345734
2.7 0.151714299341
2.71 0.151413764209
2.72 0.151111766793
2.73 0.150808333298
2.74 0.150503489677
2.75 0.150197261637
2.76 0.149889674638
2.77 0.149580753896
2.78 0.149270524385
2.79 0.148959010839
2.8 0.148646237755
2.81 0.148332229391
2.82 0.148017009774
2.83 0.147700602695
2.84 0.147383031717
2.85 0.147064320173
2.86 0.14674449117
2.87 0.146423567588
2.88 0.146101572085
2.89 0.145778527097
2.9 0.145454454842
2.91 0.145129377317
2.92 0.144803316304
2.93 0.144476293372
2.94 0.144148329876
2.95 0.143819446959
2.96 0.143489665556
2.97 0.143159006394
2.98 0.142827489994
2.99 0.142495136673
3.0 0.142161966546
3.01 0.141827999524
3.02 0.141493255322
3.03 0.141157753456
3.04 0.140821513246
3.05 0.140484553818
3.06 0.140146894102
3.07 0.139808552842
3.08 0.139469548586
3.09 0.1391298997
3.1 0.138789624359
3.11 0.138448740553
3.12 0.13810726609
3.13 0.137765218595
3.14 0.137422615513
3.15 0.137079474109
3.16 0.13673581147
3.17 0.136391644507
3.18 0.136046989956
3.19 0.135701864381
3.2 0.135356284172
3.21 0.13501026555
3.22 0.134663824566
3.23 0.134316977104
3.24 0.13396973888
3.25 0.133622125446
3.26 0.133274152192
3.27 0.132925834342
3.28 0.132577186964
3.29 0.132228224961
3.3 0.131878963083
3.31 0.131529415918
3.32 0.131179597902
3.33 0.130829523315
3.34 0.130479206285
3.35 0.130128660787
3.36 0.129777900647
3.37 0.129426939539
3.38 0.129075790993
3.39 0.128724468388
3.4 0.12837298496
3.41 0.1280213538
3.42 0.127669587857
3.43 0.127317699935
3.44 0.126965702701
3.45 0.126613608681
3.46 0.12626143026
3.47 0.125909179691
3.48 0.125556869086
3.49 0.125204510425
3.5 0.124852115553
3.51 0.124499696183
3.52 0.124147263897
3.53 0.123794830145
3.54 0.123442406248
3.55 0.123090003401
3.56 0.122737632669
3.57 0.122385304993
3.58 0.122033031188
3.59 0.121680821945
3.6 0.121328687833
3.61 0.120976639299
3.62 0.120624686668
3.63 0.120272840148
3.64 0.119921109825
3.65 0.11956950567
3.66 0.119218037536
3.67 0.11886671516
3.68 0.118515548167
3.69 0.118164546064
3.7 0.117813718248
3.71 0.117463074005
3.72 0.117112622509
3.73 0.116762372823
3.74 0.116412333904
3.75 0.116062514599
3.76 0.115712923648
3.77 0.115363569686
3.78 0.115014461242
3.79 0.114665606741
3.8 0.114317014506
3.81 0.113968692756
3.82 0.113620649609
3.83 0.113272893081
3.84 0.112925431091
3.85 0.112578271457
3.86 0.1122314219
3.87 0.111884890044
3.88 0.111538683414
3.89 0.111192809445
3.9 0.110847275471
3.91 0.110502088738
3.92 0.110157256394
3.93 0.109812785499
3.94 0.109468683019
3.95 0.109124955832
3.96 0.108781610722
3.97 0.108438654389
3.98 0.108096093442
3.99 0.107753934404
4.0 0.10741218371
4.01 0.107070847709
4.02 0.106729932668
4.03 0.106389444767
4.04 0.106049390103
4.05 0.10570977469
4.06 0.105370604461
4.07 0.105031885267
4.08 0.104693622879
4.09 0.104355822986
4.1 0.104018491202
4.11 0.103681633058
4.12 0.103345254011
4.13 0.103009359439
4.14 0.102673954644
4.15 0.102339044853
4.16 0.102004635218
4.17 0.101670730816
4.18 0.10133733665
4.19 0.101004457653
4.2 0.100672098683
4.21 0.100340264526
4.22 0.100008959901
4.23 0.0996781894514
4.24 0.0993479577551
4.25 0.0990182693193
4.26 0.0986891285832
4.27 0.0983605399182
4.28 0.0980325076287
4.29 0.0977050359526
4.3 0.0973781290618
4.31 0.0970517910633
4.32 0.0967260259992
4.33 0.0964008378476
4.34 0.0960762305233
4.35 0.095752207878
4.36 0.0954287737014
4.37 0.0951059317214
4.38 0.0947836856047
4.39 0.0944620389577
4.4 0.0941409953266
4.41 0.0938205581983
4.42 0.093500731001
4.43 0.0931815171044
4.44 0.0928629198206
4.45 0.0925449424043
4.46 0.0922275880539
4.47 0.0919108599114
4.48 0.0915947610633
4.49 0.0912792945411
4.5 0.0909644633218
4.51 0.0906502703283
4.52 0.09033671843
4.53 0.0900238104435
4.54 0.0897115491328
4.55 0.0893999372098
4.56 0.0890889773353
4.57 0.0887786721187
4.58 0.0884690241193
4.59 0.0881600358462
4.6 0.0878517097591
4.61 0.0875440482686
4.62 0.0872370537367
4.63 0.0869307284775
4.64 0.0866250747574
4.65 0.0863200947956
4.66 0.0860157907647
4.67 0.0857121647911
4.68 0.0854092189554
4.69 0.0851069552929
4.7 0.0848053757939
4.71 0.0845044824044
4.72 0.0842042770264
4.73 0.0839047615184
4.74 0.0836059376957
4.75 0.0833078073308
4.76 0.0830103721542
4.77 0.0827136338544
4.78 0.0824175940784
4.79 0.0821222544323
4.8 0.0818276164816
4.81 0.0815336817516
4.82 0.0812404517278
4.83 0.0809479278562
4.84 0.0806561115441
4.85 0.08036500416
4.86 0.0800746070342
4.87 0.0797849214592
4.88 0.0794959486902
4.89 0.0792076899452
4.9 0.0789201464056
4.91 0.0786333192165
4.92 0.0783472094873
4.93 0.0780618182914
4.94 0.0777771466674
4.95 0.077493195619
4.96 0.0772099661155
4.97 0.0769274590918
4.98 0.0766456754495
4.99 0.0763646160566
5.0 0.076084281748
5.01 0.0758046733259
5.02 0.0755257915605
5.03 0.0752476371895
5.04 0.0749702109192
5.05 0.0746935134246
5.06 0.0744175453496
5.07 0.0741423073075
5.08 0.0738677998812
5.09 0.0735940236235
5.1 0.0733209790578
5.11 0.0730486666777
5.12 0.0727770869481
5.13 0.0725062403049
5.14 0.0722361271557
5.15 0.07196674788
5.16 0.0716981028294
5.17 0.0714301923279
5.18 0.0711630166723
5.19 0.0708965761327
5.2 0.0706308709523
5.21 0.0703659013482
5.22 0.0701016675111
5.23 0.0698381696063
5.24 0.0695754077736
5.25 0.0693133821273
5.26 0.069052092757
5.27 0.0687915397279
5.28 0.0685317230804
5.29 0.068272642831
5.3 0.0680142989727
5.31 0.0677566914744
5.32 0.0674998202821
5.33 0.0672436853188
5.34 0.0669882864845
5.35 0.066733623657
5.36 0.0664796966918
5.37 0.0662265054222
5.38 0.0659740496601
5.39 0.0657223291957
5.4 0.0654713437982
5.41 0.0652210932155
5.42 0.0649715771752
5.43 0.0647227953841
5.44 0.0644747475288
5.45 0.0642274332761
5.46 0.0639808522727
5.47 0.0637350041461
5.48 0.0634898885043
5.49 0.0632455049363
5.5 0.0630018530122
5.51 0.0627589322836
5.52 0.0625167422836
5.53 0.0622752825272
5.54 0.0620345525114
5.55 0.0617945517155
5.56 0.0615552796013
5.57 0.0613167356134
5.58 0.0610789191791
5.59 0.0608418297089
5.6 0.0606054665968
5.61 0.0603698292203
5.62 0.0601349169404
5.63 0.0599007291023
5.64 0.0596672650354
5.65 0.0594345240533
5.66 0.0592025054541
5.67 0.058971208521
5.68 0.0587406325218
5.69 0.0585107767095
5.7 0.0582816403226
5.71 0.0580532225851
5.72 0.0578255227065
5.73 0.0575985398823
5.74 0.0573722732943
5.75 0.0571467221103
5.76 0.0569218854847
5.77 0.0566977625584
5.78 0.0564743524593
5.79 0.0562516543021
5.8 0.0560296671887
5.81 0.0558083902084
5.82 0.055587822438
5.83 0.055367962942
5.84 0.0551488107727
5.85 0.0549303649703
5.86 0.0547126245634
5.87 0.0544955885689
5.88 0.0542792559921
5.89 0.054063625827
5.9 0.0538486970565
5.91 0.0536344686524
5.92 0.0534209395758
5.93 0.053208108777
5.94 0.0529959751956
5.95 0.0527845377612
5.96 0.0525737953927
5.97 0.0523637469994
5.98 0.0521543914802
5.99 0.0519457277245
6.0 0.051737754612
6.01 0.0515304710128
6.02 0.0513238757878
6.03 0.0511179677886
6.04 0.0509127458577
6.05 0.0507082088287
6.06 0.0505043555264
6.07 0.050301184767
6.08 0.0500986953581
6.09 0.0498968860989
6.1 0.0496957557804
6.11 0.0494953031855
6.12 0.049295527089
6.13 0.049096426258
6.14 0.0488979994517
6.15 0.0487002454218
6.16 0.0485031629125
6.17 0.0483067506606
6.18 0.0481110073957
6.19 0.0479159318403
6.2 0.0477215227099
6.21 0.0475277787132
6.22 0.047334698552
6.23 0.0471422809215
6.24 0.0469505245106
6.25 0.0467594280016
6.26 0.0465689900705
6.27 0.0463792093871
6.28 0.0461900846154
6.29 0.0460016144132
6.3 0.0458137974325
6.31 0.0456266323197
6.32 0.0454401177155
6.33 0.045254252255
6.34 0.045069034568
6.35 0.0448844632789
6.36 0.0447005370072
6.37 0.0445172543669
6.38 0.0443346139672
6.39 0.0441526144124
6.4 0.043971254302
6.41 0.0437905322309
6.42 0.0436104467893
6.43 0.0434309965628
6.44 0.0432521801329
6.45 0.0430739960764
6.46 0.0428964429663
6.47 0.0427195193712
6.48 0.0425432238557
6.49 0.0423675549806
6.5 0.0421925113028
6.51 0.0420180913754
6.52 0.0418442937478
6.53 0.0416711169659
6.54 0.0414985595721
6.55 0.0413266201055
6.56 0.0411552971017
6.57 0.040984589093
6.58 0.0408144946089
6.59 0.0406450121755
6.6 0.040476140316
6.61 0.0403078775508
6.62 0.0401402223974
6.63 0.0399731733705
6.64 0.0398067289822
6.65 0.0396408877421
6.66 0.039475648157
6.67 0.0393110087317
6.68 0.0391469679682
6.69 0.0389835243664
6.7 0.0388206764242
6.71 0.0386584226369
6.72 0.0384967614982
6.73 0.0383356914995
6.74 0.0381752111303
6.75 0.0380153188785
6.76 0.03785601323
6.77 0.0376972926689
6.78 0.0375391556779
6.79 0.037381600738
6.8 0.0372246263286
6.81 0.0370682309278
6.82 0.0369124130122
6.83 0.0367571710572
6.84 0.0366025035369
6.85 0.0364484089242
6.86 0.0362948856907
6.87 0.0361419323073
6.88 0.0359895472436
6.89 0.0358377289684
6.9 0.0356864759496
6.91 0.0355357866541
6.92 0.0353856595483
6.93 0.0352360930977
6.94 0.0350870857672
6.95 0.0349386360211
6.96 0.0347907423233
6.97 0.0346434031369
6.98 0.034496616925
6.99 0.0343503821498
7.0 0.0342046972737
7.01 0.0340595607585
7.02 0.0339149710659
7.03 0.0337709266574
7.04 0.0336274259944
7.05 0.0334844675383
7.06 0.0333420497503
7.07 0.0332001710918
7.08 0.0330588300243
7.09 0.0329180250093
7.1 0.0327777545087
7.11 0.0326380169843
7.12 0.0324988108985
7.13 0.0323601347139
7.14 0.0322219868934
7.15 0.0320843659005
7.16 0.0319472701988
7.17 0.0318106982527
7.18 0.0316746485272
7.19 0.0315391194877
7.2 0.0314041096003
7.21 0.0312696173317
7.22 0.0311356411494
7.23 0.0310021795217
7.24 0.0308692309176
7.25 0.030736793807
7.26 0.0306048666606
7.27 0.03047344795
7.28 0.030342536148
7.29 0.030212129728
7.3 0.0300822271648
7.31 0.029952826934
7.32 0.0298239275125
7.33 0.0296955273781
7.34 0.0295676250101
7.35 0.0294402188888
7.36 0.0293133074957
7.37 0.0291868893136
7.38 0.0290609628269
7.39 0.028935526521
7.4 0.0288105788828
7.41 0.0286861184007
7.42 0.0285621435644
7.43 0.0284386528651
7.44 0.0283156447958
7.45 0.0281931178506
7.46 0.0280710705254
7.47 0.0279495013179
7.48 0.0278284087269
7.49 0.0277077912535
7.5 0.0275876474
7.51 0.0274679756706
7.52 0.0273487745713
7.53 0.0272300426099
7.54 0.0271117782959
7.55 0.0269939801406
7.56 0.0268766466573
7.57 0.0267597763611
7.58 0.0266433677691
7.59 0.0265274194003
7.6 0.0264119297755
7.61 0.0262968974178
7.62 0.0261823208521
7.63 0.0260681986053
7.64 0.0259545292066
7.65 0.0258413111871
7.66 0.02572854308
7.67 0.0256162234208
7.68 0.025504350747
7.69 0.0253929235983
7.7 0.0252819405166
7.71 0.0251714000462
7.72 0.0250613007335
7.73 0.024951641127
7.74 0.0248424197778
7.75 0.0247336352392
7.76 0.0246252860668
7.77 0.0245173708184
7.78 0.0244098880545
7.79 0.0243028363378
7.8 0.0241962142333
7.81 0.0240900203086
7.82 0.0239842531337
7.83 0.023878911281
7.84 0.0237739933256
7.85 0.0236694978448
7.86 0.0235654234185
7.87 0.0234617686293
7.88 0.0233585320622
7.89 0.0232557123048
7.9 0.0231533079473
7.91 0.0230513175825
7.92 0.0229497398057
7.93 0.022848573215
7.94 0.0227478164111
7.95 0.0226474679973
7.96 0.0225475265796
7.97 0.0224479907668
7.98 0.0223488591702
7.99 0.022250130404
8.0 0.022151803085
8.01 0.0220538758328
8.02 0.0219563472698
8.03 0.0218592160212
8.04 0.0217624807148
8.05 0.0216661399813
8.06 0.0215701924544
8.07 0.0214746367703
8.08 0.0213794715682
8.09 0.0212846954902
8.1 0.0211903071811
8.11 0.0210963052887
8.12 0.0210026884636
8.13 0.0209094553593
8.14 0.0208166046323
8.15 0.020724134942
8.16 0.0206320449504
8.17 0.0205403333229
8.18 0.0204489987275
8.19 0.0203580398354
8.2 0.0202674553205
8.21 0.0201772438598
8.22 0.0200874041334
8.23 0.0199979348242
8.24 0.0199088346182
8.25 0.0198201022043
8.26 0.0197317362744
8.27 0.0196437355236
8.28 0.0195560986499
8.29 0.0194688243544
8.3 0.0193819113411
8.31 0.0192953583172
8.32 0.0192091639928
8.33 0.0191233270813
8.34 0.0190378462989
8.35 0.0189527203651
8.36 0.0188679480023
8.37 0.0187835279362
8.38 0.0186994588954
8.39 0.0186157396116
8.4 0.0185323688197
8.41 0.0184493452578
8.42 0.018366667667
8.43 0.0182843347913
8.44 0.0182023453783
8.45 0.0181206981783
8.46 0.0180393919451
8.47 0.0179584254353
8.48 0.017877797409
8.49 0.017797506629
8.5 0.0177175518617
8.51 0.0176379318764
8.52 0.0175586454456
8.53 0.017479691345
8.54 0.0174010683536
8.55 0.0173227752532
8.56 0.0172448108292
8.57 0.01716717387
8.58 0.017089863167
8.59 0.0170128775151
8.6 0.0169362157121
8.61 0.0168598765593
8.62 0.0167838588609
8.63 0.0167081614245
8.64 0.0166327830607
8.65 0.0165577225835
8.66 0.01648297881
8.67 0.0164085505606
8.68 0.0163344366586
8.69 0.0162606359309
8.7 0.0161871472073
8.71 0.0161139693211
8.72 0.0160411011085
8.73 0.0159685414091
8.74 0.0158962890657
8.75 0.0158243429243
8.76 0.015752701834
8.77 0.0156813646473
8.78 0.0156103302198
8.79 0.0155395974103
8.8 0.0154691650808
8.81 0.0153990320967
8.82 0.0153291973264
8.83 0.0152596596416
8.84 0.0151904179172
8.85 0.0151214710314
8.86 0.0150528178654
8.87 0.0149844573038
8.88 0.0149163882345
8.89 0.0148486095483
8.9 0.0147811201395
8.91 0.0147139189055
8.92 0.0146470047468
8.93 0.0145803765674
8.94 0.0145140332742
8.95 0.0144479737774
8.96 0.0143821969905
8.97 0.0143167018303
8.98 0.0142514872164
8.99 0.0141865520719
9.0 0.0141218953232
9.01 0.0140575158997
9.02 0.0139934127339
9.03 0.0139295847618
9.04 0.0138660309224
9.05 0.0138027501578
9.06 0.0137397414136
9.07 0.0136770036383
9.08 0.0136145357837
9.09 0.0135523368047
9.1 0.0134904056596
9.11 0.0134287413095
9.12 0.0133673427191
9.13 0.0133062088559
9.14 0.0132453386909
9.15 0.013184731198
9.16 0.0131243853543
9.17 0.0130643001403
9.18 0.0130044745393
9.19 0.012944907538
9.2 0.0128855981262
9.21 0.0128265452969
9.22 0.0127677480461
9.23 0.012709205373
9.24 0.01265091628
9.25 0.0125928797726
9.26 0.0125350948594
9.27 0.0124775605522
9.28 0.0124202758657
9.29 0.0123632398182
9.3 0.0123064514305
9.31 0.012249909727
9.32 0.012193613735
9.33 0.0121375624849
9.34 0.0120817550104
9.35 0.0120261903479
9.36 0.0119708675372
9.37 0.0119157856212
9.38 0.0118609436457
9.39 0.0118063406598
9.4 0.0117519757155
9.41 0.0116978478678
9.42 0.0116439561751
9.43 0.0115902996986
9.44 0.0115368775025
9.45 0.0114836886543
9.46 0.0114307322244
9.47 0.0113780072862
9.48 0.0113255129163
9.49 0.0112732481941
9.5 0.0112212122024
9.51 0.0111694040265
9.52 0.0111178227552
9.53 0.0110664674802
9.54 0.0110153372959
9.55 0.0109644313002
9.56 0.0109137485936
9.57 0.0108632882797
9.58 0.0108130494653
9.59 0.01076303126
9.6 0.0107132327763
9.61 0.0106636531298
9.62 0.0106142914391
9.63 0.0105651468257
9.64 0.010516218414
9.65 0.0104675053315
9.66 0.0104190067086
9.67 0.0103707216786
9.68 0.0103226493777
9.69 0.0102747889451
9.7 0.010227139523
9.71 0.0101797002564
9.72 0.0101324702932
9.73 0.0100854487842
9.74 0.0100386348834
9.75 0.00999202774731
9.76 0.00994562653551
9.77 0.00989943041045
9.78 0.00985343853747
9.79 0.00980765008477
9.8 0.00976206422342
9.81 0.00971668012738
9.82 0.00967149697343
9.83 0.00962651394123
9.84 0.00958173021327
9.85 0.00953714497491
9.86 0.0094927574143
9.87 0.00944856672246
9.88 0.0094045720932
9.89 0.00936077272318
9.9 0.00931716781184
9.91 0.00927375656145
9.92 0.00923053817705
9.93 0.00918751186651
9.94 0.00914467684045
9.95 0.00910203231229
9.96 0.00905957749822
9.97 0.0090173116172
9.98 0.00897523389095
9.99 0.00893334354394
