-3.74351387697 0.0185058116138
-3.74726113811 0.0184674264264
-3.75101590879 0.0184290854749
-3.7547782116 0.0183907887403
-3.75854806925 0.0183525362034
-3.76232550449 0.018314327845
-3.76611054021 0.0182761636461
-3.76990319936 0.0182380435876
-3.77370350501 0.0181999676504
-3.77751148029 0.0181619358156
-3.78132714845 0.0181239480642
-3.78515053283 0.0180860043772
-3.78898165685 0.0180481047357
-3.79282054404 0.0180102491208
-3.79666721802 0.0179724375137
-3.80052170251 0.0179346698954
-3.80438402131 0.0178969462472
-3.80825419834 0.0178592665503
-3.81213225761 0.017821630786
-3.81601822321 0.0177840389354
-3.81991211936 0.01774649098
-3.82381397035 0.017708986901
-3.82772380058 0.0176715266798
-3.83164163456 0.0176341102978
-3.83556749689 0.0175967377364
-3.83950141228 0.017559408977
-3.84344340551 0.017522124001
-3.84739350151 0.0174848827901
-3.85135172528 0.0174476853256
-3.85531810192 0.0174105315892
-3.85929265667 0.0173734215624
-3.86327541483 0.0173363552268
-3.86726640183 0.0172993325641
-3.87126564319 0.0172623535559
-3.87527316456 0.0172254181839
-3.87928899168 0.0171885264297
-3.88331315038 0.0171516782753
-3.88734566663 0.0171148737022
-3.8913865665 0.0170781126923
-3.89543587614 0.0170413952274
-3.89949362184 0.0170047212895
-3.90355983 0.0169680908602
-3.90763452711 0.0169315039216
-3.91171773978 0.0168949604555
-3.91580949474 0.016858460444
-3.91990981882 0.016822003869
-3.92401873896 0.0167855907125
-3.92813628223 0.0167492209566
-3.93226247581 0.0167128945832
-3.93639734697 0.0166766115746
-3.94054092312 0.0166403719128
-3.94469323179 0.01660417558
-3.9488543006 0.0165680225582
-3.95302415731 0.0165319128299
-3.95720282978 0.0164958463771
-3.961390346 0.016459823182
-3.96558673408 0.0164238432271
-3.96979202224 0.0163879064946
-3.97400623882 0.0163520129667
-3.97822941229 0.016316162626
-3.98246157124 0.0162803554547
-3.98670274438 0.0162445914352
-3.99095296052 0.0162088705501
-3.99521224863 0.0161731927817
-3.99948063779 0.0161375581126
-4.00375815719 0.0161019665253
-4.00804483615 0.0160664180022
-4.01234070415 0.0160309125261
-4.01664579074 0.0159954500794
-4.02096012564 0.0159600306448
-4.02528373868 0.0159246542049
-4.02961665982 0.0158893207425
-4.03395891915 0.0158540302402
-4.03831054689 0.0158187826807
-4.0426715734 0.0157835780468
-4.04704202916 0.0157484163212
-4.05142194477 0.0157132974869
-4.055811351 0.0156782215265
-4.06021027871 0.015643188423
-4.06461875892 0.0156081981592
-4.06903682279 0.015573250718
-4.0734645016 0.0155383460825
-4.07790182676 0.0155034842355
-4.08234882985 0.01546866516
-4.08680554254 0.015433888839
-4.09127199669 0.0153991552556
-4.09574822425 0.0153644643928
-4.10023425736 0.0153298162338
-4.10473012825 0.0152952107616
-4.10923586934 0.0152606479593
-4.11375151315 0.0152261278102
-4.11827709237 0.0151916502974
-4.12281263983 0.0151572154042
-4.1273581885 0.0151228231138
-4.13191377149 0.0150884734094
-4.13647942206 0.0150541662744
-4.14105517364 0.015019901692
-4.14564105977 0.0149856796457
-4.15023711416 0.0149515001188
-4.15484337066 0.0149173630946
-4.1594598633 0.0148832685566
-4.16408662622 0.0148492164883
-4.16872369373 0.0148152068731
-4.1733711003 0.0147812396945
-4.17802888055 0.014747314936
-4.18269706924 0.0147134325813
-4.18737570131 0.0146795926138
-4.19206481183 0.0146457950171
-4.19676443606 0.0146120397749
-4.20147460939 0.0145783268709
-4.20619536738 0.0145446562886
-4.21092674575 0.0145110280118
-4.21566878037 0.0144774420243
-4.22042150729 0.0144438983097
-4.22518496272 0.0144103968519
-4.22995918302 0.0143769376346
-4.23474420472 0.0143435206417
-4.23954006452 0.0143101458569
-4.24434679928 0.0142768132643
-4.24916444605 0.0142435228477
-4.25399304201 0.0142102745909
-4.25883262454 0.014177068478
-4.26368323117 0.014143904493
-4.26854489962 0.0141107826197
-4.27341766777 0.0140777028423
-4.27830157368 0.0140446651448
-4.28319665557 0.0140116695113
-4.28810295185 0.0139787159258
-4.29302050111 0.0139458043725
-4.2979493421 0.0139129348356
-4.30288951376 0.0138801072991
-4.3078410552 0.0138473217473
-4.31280400572 0.0138145781645
-4.31777840481 0.0137818765348
-4.32276429211 0.0137492168425
-4.32776170748 0.013716599072
-4.33277069094 0.0136840232074
-4.3377912827 0.0136514892333
-4.34282352317 0.0136189971339
-4.34786745293 0.0135865468936
-4.35292311275 0.0135541384969
-4.35799054362 0.0135217719282
-4.36306978668 0.0134894471719
-4.36816088328 0.0134571642126
-4.37326387496 0.0134249230347
-4.37837880347 0.0133927236228
-4.38350571074 0.0133605659615
-4.38864463888 0.0133284500353
-4.39379563024 0.0132963758288
-4.39895872734 0.0132643433267
-4.4041339729 0.0132323525137
-4.40932140986 0.0132004033743
-4.41452108133 0.0131684958934
-4.41973303066 0.0131366300556
-4.42495730138 0.0131048058457
-4.43019393724 0.0130730232486
-4.43544298219 0.0130412822489
-4.44070448039 0.0130095828315
-4.44597847621 0.0129779249812
-4.45126501423 0.012946308683
-4.45656413925 0.0129147339217
-4.46187589627 0.0128832006823
-4.46720033051 0.0128517089496
-4.47253748742 0.0128202587087
-4.47788741264 0.0127888499446
-4.48325015206 0.0127574826422
-4.48862575176 0.0127261567867
-4.49401425807 0.012694872363
-4.49941571751 0.0126636293563
-4.50483017686 0.0126324277516
-4.51025768309 0.0126012675341
-4.51569828344 0.012570148689
-4.52115202532 0.0125390712015
-4.52661895643 0.0125080350567
-4.53209912466 0.0124770402399
-4.53759257814 0.0124460867363
-4.54309936525 0.0124151745312
-4.54861953459 0.0123843036099
-4.554153135 0.0123534739577
-4.55970021555 0.01232268556
-4.56526082557 0.0122919384022
-4.57083501461 0.0122612324695
-4.57642283248 0.0122305677476
-4.58202432921 0.0121999442217
-4.58763955511 0.0121693618774
-4.5932685607 0.0121388207001
-4.59891139677 0.0121083206754
-4.60456811435 0.0120778617887
-4.61023876474 0.0120474440257
-4.61592339947 0.0120170673719
-4.62162207033 0.0119867318129
-4.62733482938 0.0119564373344
-4.63306172892 0.0119261839219
-4.63880282152 0.0118959715612
-4.64455816001 0.011865800238
-4.65032779748 0.0118356699379
-4.65611178727 0.0118055806468
-4.66191018302 0.0117755323503
-4.66772303861 0.0117455250343
-4.6735504082 0.0117155586846
-4.67939234621 0.011685633287
-4.68524890734 0.0116557488273
-4.69112014658 0.0116259052915
-4.69700611916 0.0115961026654
-4.70290688061 0.011566340935
-4.70882248675 0.0115366200862
-4.71475299366 0.011506940105
-4.72069845772 0.0114773009774
-4.72665893557 0.0114477026893
-4.73263448416 0.0114181452269
-4.73862516072 0.0113886285762
-4.74463102277 0.0113591527232
-4.75065212813 0.0113297176542
-4.7566885349 0.0113003233551
-4.76274030149 0.0112709698122
-4.76880748658 0.0112416570116
-4.77489014919 0.0112123849396
-4.78098834862 0.0111831535823
-4.78710214446 0.011153962926
-4.79323159663 0.011124812957
-4.79937676534 0.0110957036615
-4.80553771113 0.0110666350258
-4.81171449482 0.0110376070364
-4.81790717757 0.0110086196795
-4.82411582084 0.0109796729415
-4.83034048641 0.0109507668088
-4.83658123639 0.0109219012678
-4.84283813321 0.010893076305
-4.8491112396 0.0108642919069
-4.85540061864 0.0108355480599
-4.86170633373 0.0108068447506
-4.86802844859 0.0107781819654
-4.8743670273 0.010749559691
-4.88072213425 0.0107209779138
-4.88709383416 0.0106924366206
-4.89348219212 0.0106639357979
-4.89988727352 0.0106354754324
-4.90630914413 0.0106070555108
-4.91274787004 0.0105786760196
-4.9192035177 0.0105503369458
-4.92567615391 0.0105220382758
-4.93216584581 0.0104937799967
-4.93867266091 0.010465562095
-4.94519666707 0.0104373845576
-4.9517379325 0.0104092473714
-4.95829652579 0.0103811505231
-4.96487251587 0.0103530939997
-4.97146597207 0.010325077788
-4.97807696405 0.0102971018749
-4.98470556188 0.0102691662473
-4.99135183596 0.0102412708923
-4.9980158571 0.0102134157968
-5.00469769648 0.0101856009478
-5.01139742566 0.0101578263322
-5.01811511658 0.0101300919372
-5.02485084157 0.0101023977498
-5.03160467334 0.0100747437571
-5.03837668502 0.0100471299462
-5.04516695009 0.0100195563042
-5.05197554247 0.00999202281823
-5.05880253644 0.00996452947553
-5.06564800672 0.00993707626326
-5.07251202841 0.00990966316864
-5.07939467703 0.00988229017889
-5.08629602849 0.00985495728127
-5.09321615914 0.00982766446307
-5.10015514573 0.00980041171158
-5.10711306544 0.00977319901413
-5.11408999586 0.00974602635806
-5.121086015 0.00971889373073
-5.12810120133 0.00969180111953
-5.1351356337 0.00966474851187
-5.14218939144 0.00963773589516
-5.14926255429 0.00961076325688
-5.15635520244 0.00958383058449
-5.16346741651 0.00955693786548
-5.17059927758 0.00953008508736
-5.17775086718 0.00950327223768
-5.18492226727 0.00947649930399
-5.19211356029 0.00944976627387
-5.19932482912 0.00942307313491
-5.20655615712 0.00939641987475
-5.21380762809 0.00936980648103
-5.22107932632 0.00934323294139
-5.22837133655 0.00931669924354
-5.23568374401 0.00929020537518
-5.24301663441 0.00926375132403
-5.25037009392 0.00923733707785
-5.25774420923 0.00921096262441
-5.26513906747 0.00918462795148
-5.27255475629 0.0091583330469
-5.27999136385 0.00913207789849
-5.28744897877 0.00910586249411
-5.2949276902 0.00907968682162
-5.30242758777 0.00905355086894
-5.30994876166 0.00902745462397
-5.31749130251 0.00900139807464
-5.32505530152 0.00897538120894
-5.33264085038 0.00894940401484
-5.34024804132 0.00892346648031
-5.3478769671 0.00889756859342
-5.35552772098 0.00887171034218
-5.3632003968 0.00884589171466
-5.37089508891 0.00882011269896
-5.3786118922 0.00879437328317
-5.38635090211 0.00876867345543
-5.39411221465 0.00874301320387
-5.40189592636 0.00871739251667
-5.40970213435 0.00869181138203
-5.41753093628 0.00866626978814
-5.42538243039 0.00864076772324
-5.43325671548 0.00861530517557
-5.44115389094 0.00858988213342
-5.44907405672 0.00856449858508
-5.45701731337 0.00853915451886
-5.464983762 0.00851384992308
-5.47297350434 0.00848858478612
-5.48098664271 0.00846335909635
-5.48902328001 0.00843817284215
-5.49708351978 0.00841302601194
-5.50516746613 0.00838791859418
-5.51327522381 0.00836285057731
-5.52140689818 0.0083378219498
-5.52956259523 0.00831283270017
-5.53774242155 0.00828788281692
-5.5459464844 0.00826297228861
-5.55417489164 0.00823810110379
-5.56242775181 0.00821326925104
-5.57070517406 0.00818847671896
-5.57900726821 0.00816372349617
-5.58733414473 0.00813900957132
-5.59568591475 0.00811433493308
-5.60406269007 0.00808969957011
-5.61246458316 0.00806510347114
-5.62089170716 0.00804054662487
-5.62934417589 0.00801602902006
-5.63782210387 0.00799155064546
-5.64632560629 0.00796711148987
-5.65485479905 0.00794271154209
-5.66340979874 0.00791835079094
-5.67199072268 0.00789402922527
-5.68059768887 0.00786974683394
-5.68923081606 0.00784550360585
-5.6978902237 0.00782129952989
-5.70657603196 0.00779713459499
-5.71528836178 0.00777300879012
-5.72402733481 0.00774892210421
-5.73279307346 0.00772487452628
-5.74158570087 0.0077008660453
-5.75040534097 0.00767689665032
-5.75925211841 0.0076529663304
-5.76812615866 0.00762907507458
-5.77702758791 0.00760522287196
-5.78595653318 0.00758140971165
-5.79491312224 0.00755763558277
-5.80389748367 0.00753390047447
-5.81290974685 0.00751020437592
-5.82195004194 0.0074865472763
-5.83101849995 0.00746292916483
-5.84011525268 0.00743935003074
-5.84924043276 0.00741580986323
-5.85839417366 0.00739230865163
-5.86757660967 0.00736884638521
-5.87678787593 0.00734542305324
-5.88602810844 0.00732203864509
-5.89529744404 0.00729869315009
-5.90459602045 0.00727538655761
-5.91392397625 0.00725211885701
-5.9232814509 0.00722889003774
-5.93266858474 0.00720570008919
-5.942085519 0.00718254900083
-5.95153239582 0.00715943676211
-5.96100935823 0.00713636336251
-5.97051655019 0.00711332879155
-5.98005411656 0.00709033303875
-5.98962220315 0.00706737609364
-5.99922095668 0.00704445794581
-6.00885052483 0.00702157858483
-6.01851105622 0.00699873800029
-6.02820270043 0.00697593618183
-6.03792560801 0.00695317311909
-6.04767993048 0.00693044880171
-6.05746582034 0.0069077632194
-6.06728343107 0.00688511636186
-6.07713291716 0.00686250821879
-6.08701443409 0.00683993877993
-6.09692813839 0.00681740803506
-6.10687418755 0.00679491597396
-6.11685274014 0.0067724625864
-6.12686395576 0.00675004786223
-6.13690799503 0.00672767179125
-6.14698501965 0.00670533436336
-6.15709519238 0.0066830355684
-6.16723867705 0.0066607753963
-6.17741563856 0.00663855383694
-6.18762624292 0.00661637088028
-6.19787065723 0.00659422651626
-6.2081490497 0.00657212073486
-6.21846158965 0.00655005352607
-6.22880844753 0.0065280248799
-6.23918979495 0.00650603478638
-6.24960580462 0.00648408323558
-6.26005665045 0.00646217021753
-6.27054250748 0.00644029572237
-6.28106355196 0.00641845974016
-6.29161996129 0.00639666226105
-6.30221191409 0.00637490327519
-6.31283959017 0.00635318277274
-6.32350317055 0.0063315007439
-6.33420283751 0.00630985717885
-6.34493877452 0.00628825206782
-6.35571116633 0.00626668540106
-6.36652019893 0.00624515716882
-6.37736605957 0.0062236673614
-6.38824893681 0.00620221596908
-6.39916902046 0.0061808029822
-6.41012650166 0.00615942839109
-6.42112157284 0.00613809218609
-6.43215442778 0.0061167943576
-6.44322526156 0.00609553489601
-6.45433427064 0.00607431379171
-6.4654816528 0.00605313103517
-6.47666760721 0.00603198661682
-6.48789233443 0.00601088052714
-6.4991560364 0.00598981275661
-6.51045891647 0.00596878329576
-6.52180117939 0.0059477921351
-6.53318303136 0.00592683926519
-6.54460468001 0.00590592467657
-6.55606633445 0.00588504835986
-6.56756820521 0.00586421030563
-6.57911050434 0.00584341050454
-6.59069344537 0.00582264894719
-6.60231724333 0.00580192562428
-6.61398211479 0.00578124052647
-6.62568827782 0.00576059364445
-6.63743595207 0.00573998496895
-6.64922535874 0.00571941449071
-6.66105672058 0.00569888220046
-6.67293026198 0.00567838808901
-6.68484620887 0.00565793214712
-6.69680478885 0.00563751436562
-6.70880623113 0.00561713473533
-6.72085076655 0.00559679324709
-6.73293862764 0.00557648989179
-6.74507004859 0.0055562246603
-6.75724526529 0.00553599754353
-6.76946451531 0.00551580853239
-6.78172803799 0.00549565761784
-6.79403607435 0.00547554479083
-6.80638886722 0.00545547004234
-6.81878666114 0.00543543336337
-6.8312297025 0.00541543474493
-6.84371823943 0.00539547417807
-6.85625252192 0.00537555165383
-6.86883280178 0.00535566716327
-6.88145933266 0.00533582069751
-6.89413237011 0.00531601224763
-6.90685217153 0.00529624180477
-6.91961899624 0.00527650936009
-6.9324331055 0.00525681490473
-6.94529476246 0.00523715842989
-6.95820423228 0.00521753992676
-6.97116178206 0.00519795938656
-6.98416768091 0.00517841680055
-6.99722219994 0.00515891215994
-7.0103256123 0.00513944545607
-7.02347819319 0.00512001668018
-7.03668021987 0.00510062582359
-7.04993197169 0.00508127287765
-7.06323373013 0.0050619578337
-7.07658577877 0.0050426806831
-7.08998840335 0.00502344141725
-7.10344189178 0.00500424002753
-7.11694653416 0.00498507650538
-7.1305026228 0.00496595084225
-7.14411045223 0.00494686302957
-7.15777031925 0.00492781305883
-7.17148252293 0.00490880092154
-7.18524736462 0.00488982660919
-7.19906514802 0.00487089011334
-7.21293617913 0.0048519914255
-7.22686076635 0.00483313053726
-7.24083922044 0.00481430744021
-7.25487185459 0.00479552212596
-7.2689589844 0.00477677458612
-7.28310092795 0.00475806481232
-7.29729800579 0.00473939279624
-7.31155054095 0.00472075852956
-7.32585885904 0.00470216200395
-7.34022328817 0.00468360321115
-7.35464415907 0.00466508214288
-7.36912180506 0.00464659879088
-7.38365656207 0.00462815314694
-7.39824876871 0.00460974520281
-7.41289876627 0.00459137495034
-7.42760689875 0.00457304238132
-7.44237351286 0.0045547474876
-7.4571989581 0.00453649026103
-7.47208358676 0.00451827069351
-7.48702775394 0.00450008877689
-7.50203181757 0.00448194450314
-7.51709613849 0.00446383786414
-7.53222108042 0.00444576885185
-7.54740701002 0.00442773745826
-7.56265429691 0.00440974367534
-7.5779633137 0.00439178749507
-7.59333443604 0.0043738689095
-7.60876804262 0.00435598791064
-7.62426451521 0.00433814449057
-7.63982423871 0.00432033864135
-7.65544760116 0.00430257035508
-7.67113499379 0.00428483962388
-7.68688681102 0.00426714643984
-7.70270345055 0.00424949079513
-7.71858531334 0.00423187268193
-7.73453280365 0.00421429209237
-7.75054632913 0.0041967490187
-7.76662630076 0.00417924345311
-7.78277313299 0.00416177538783
-7.79898724368 0.00414434481515
-7.81526905421 0.00412695172727
-7.83161898947 0.00410959611654
-7.84803747792 0.00409227797525
-7.86452495161 0.0040749972957
-7.88108184625 0.00405775407025
-7.8977086012 0.00404054829126
-7.91440565955 0.00402337995109
-7.93117346815 0.00400624904215
-7.94801247764 0.00398915555684
-7.96492314249 0.0039720994876
-7.98190592104 0.00395508082687
-7.99896127557 0.00393809956711
-8.01608967231 0.00392115570081
-8.03329158148 0.00390424922048
-8.05056747735 0.00388738011858
-8.06791783829 0.00387054838774
-8.0853431468 0.00385375402044
-8.10284388954 0.00383699700927
-8.12042055742 0.00382027734685
-8.13807364558 0.00380359502572
-8.15580365353 0.00378695003855
-8.17361108508 0.00377034237795
-8.19149644851 0.00375377203659
-8.20946025651 0.00373723900719
-8.2275030263 0.00372074328237
-8.24562527967 0.00370428485488
-8.26382754298 0.00368786371746
-8.28211034728 0.00367147986282
-8.30047422831 0.00365513328373
-8.3189197266 0.00363882397298
-8.33744738746 0.0036225519234
-8.35605776109 0.00360631712775
-8.37475140261 0.00359011957889
-8.39352887213 0.00357395926966
-8.41239073476 0.00355783619293
-8.43133756074 0.00354175034161
-8.45036992544 0.00352570170855
-8.46948840943 0.00350969028673
-8.48869359857 0.00349371606902
-8.50798608402 0.00347777904844
-8.52736646234 0.00346187921792
-8.54683533554 0.00344601657048
-8.56639331114 0.00343019109911
-8.58604100222 0.00341440279681
-8.60577902751 0.00339865165665
-8.62560801145 0.00338293767172
-8.64552858422 0.00336726083501
-8.66554138187 0.00335162113967
-8.68564704633 0.00333601857881
-8.70584622551 0.00332045314553
-8.72613957335 0.00330492483303
-8.74652774993 0.00328943363439
-8.76701142147 0.00327397954288
-8.78759126049 0.00325856255162
-8.80826794581 0.00324318265388
-8.82904216266 0.00322783984285
-8.84991460276 0.00321253411181
-8.87088596438 0.00319726545399
-8.89195695242 0.00318203386271
-8.9131282785 0.00316683933124
-8.93440066102 0.0031516818529
-8.95577482528 0.00313656142103
-8.97725150352 0.00312147802899
-8.99883143502 0.00310643167018
-9.02051536619 0.00309142233789
-9.04230405065 0.00307645002562
-9.06419824932 0.00306151472674
-9.08619873051 0.00304661643469
-9.10830627 0.00303175514293
-9.13052165114 0.00301693084492
-9.15284566496 0.00300214353419
-9.17527911022 0.00298739320419
-9.19782279353 0.00297267984848
-9.22047752948 0.00295800346058
-9.24324414066 0.00294336403405
-9.26612345784 0.00292876156246
-9.28911632002 0.0029141960394
-9.31222357455 0.00289966745851
-9.33544607723 0.00288517581336
-9.35878469242 0.00287072109762
-9.38224029315 0.00285630330498
-9.40581376123 0.00284192242904
-9.42950598733 0.00282757846355
-9.45331787113 0.0028132714022
-9.47725032144 0.00279900123871
-9.50130425627 0.00278476796686
-9.52548060297 0.00277057158036
-9.54978029839 0.00275641207301
-9.57420428892 0.00274228943863
-9.59875353069 0.00272820367098
-9.62342898964 0.00271415476391
-9.64823164167 0.00270014271123
-9.67316247279 0.00268616750688
-9.69822247919 0.00267222914468
-9.72341266745 0.00265832761855
-9.74873405461 0.00264446292238
-9.77418766832 0.00263063505011
-9.79977454704 0.0026168439957
-9.82549574007 0.00260308975308
-9.85135230781 0.00258937231627
-9.87734532182 0.00257569167923
-9.903475865 0.00256204783599
-9.92974503175 0.00254844078057
-9.95615392811 0.00253487050702
-9.98270367192 0.0025213370094
-10.009395393 0.00250784028182
-10.0362302332 0.00249438031832
-10.0632093467 0.00248095711311
-10.0903339002 0.0024675706602
-10.1176050729 0.00245422095378
-10.1450240568 0.00244090798805
-10.172592057 0.00242763175717
-10.2003102915 0.00241439225533
-10.2281799917 0.00240118947676
-10.2562024027 0.00238802341568
-10.2843787829 0.00237489406632
-10.3127104049 0.00236180142295
-10.3411985552 0.00234874547988
-10.3698445345 0.00233572623139
-10.3986496582 0.00232274367178
-10.4276152562 0.00230979779539
-10.4567426731 0.00229688859656
-10.4860332688 0.00228401606969
-10.5154884185 0.00227118020911
-10.5451095126 0.00225838100926
-10.5748979575 0.00224561846451
-10.6048551755 0.00223289256934
-10.634982605 0.00222020331816
-10.6652817008 0.00220755070546
-10.6957539342 0.00219493472568
-10.7264007936 0.00218235537335
-10.7572237844 0.00216981264299
-10.7882244293 0.00215730652909
-10.8194042687 0.00214483702621
-10.8507648608 0.00213240412896
-10.8823077819 0.00212000783185
-10.9140346267 0.00210764812954
-10.9459470087 0.0020953250166
-10.97804656 0.00208303848765
-11.0103349323 0.0020707885374
-11.0428137964 0.00205857516042
-11.0754848431 0.00204639835147
-11.1083497833 0.00203425810517
-11.1414103481 0.00202215441632
-11.1746682895 0.00201008727956
-11.2081253801 0.0019980566897
-11.2417834143 0.00198606264146
-11.2756442077 0.00197410512965
-11.3097095981 0.00196218414902
-11.3439814454 0.00195029969444
-11.3784616321 0.00193845176068
-11.4131520639 0.00192664034256
-11.4480546696 0.00191486543508
-11.4831714017 0.00190312703296
-11.5185042368 0.00189142513113
-11.5540551758 0.00187975972455
-11.5898262445 0.00186813080813
-11.6258194937 0.00185653837679
-11.6620369999 0.0018449824255
-11.6984808655 0.00183346294921
-11.7351532193 0.00182197994292
-11.7720562169 0.00181053340168
-11.8091920409 0.00179912332044
-11.8465629018 0.0017877496943
-11.884171038 0.00177641251827
-11.9220187165 0.00176511178751
-11.9601082331 0.00175384749696
-11.9984419134 0.00174261964185
-12.0370221124 0.00173142821728
-12.075851216 0.00172027321833
-12.1149316407 0.0017091546402
-12.1542658343 0.00169807247806
-12.1938562768 0.00168702672704
-12.2337054803 0.00167601738247
-12.2738159901 0.00166504443945
-12.3141903848 0.00165410789322
-12.3548312771 0.00164320773911
-12.3957413145 0.00163234397229
-12.4369231793 0.00162151658816
-12.4783795899 0.00161072558188
-12.5201133009 0.00159997094892
-12.5621271039 0.00158925268443
-12.6044238282 0.00157857078392
-12.6470063411 0.00156792524268
-12.689877549 0.00155731605616
-12.7330403979 0.00154674321965
-12.7764978736 0.00153620672859
-12.8202530033 0.00152570657849
-12.8643088556 0.00151524276475
-12.9086685413 0.00150481528277
-12.9533352144 0.00149442412805
-12.9983120728 0.00148406929623
-13.0436023588 0.00147375078262
-13.08920936 0.00146346858287
-13.1351364104 0.00145322269248
-13.1813868907 0.00144301310695
-13.2279642296 0.00143283982197
-13.2748719041 0.00142270283305
-13.3221134412 0.00141260213587
-13.3696924177 0.00140253772599
-13.4176124623 0.00139250959904
-13.4658772553 0.00138251775076
-13.5144905306 0.0013725621767
-13.563456076 0.00136264287266
-13.6127777344 0.00135275983422
-13.662459405 0.00134291305727
-13.7125050438 0.00133310253739
-13.7629186653 0.00132332827042
-13.8137043431 0.00131359025204
-13.864866211 0.00130388847816
-13.9164084646 0.00129422294441
-13.9683353618 0.00128459364686
-14.0206512246 0.00127500058107
-14.0733604397 0.00126544374302
-14.1264674603 0.00125592312861
-14.1799768067 0.00124643873363
-14.2338930683 0.00123699055405
-14.2882209045 0.00122757858571
-14.3429650459 0.00121820282465
-14.398130296 0.00120886326664
-14.4537215327 0.00119955990783
-14.5097437092 0.00119029274407
-14.5662018559 0.00118106177138
-14.6231010819 0.00117186698583
-14.6804465763 0.00116270838328
-14.7382436101 0.00115358595997
-14.7964975374 0.00114449971187
-14.8552137975 0.001135449635
-14.9143979162 0.0011264357255
-14.9740555079 0.00111745797949
-15.034192277 0.001108516393
-15.09481402 0.00109961096229
-15.1559266274 0.00109074168347
-15.2175360852 0.00108190855269
-15.2796484774 0.00107311156609
-15.3422699876 0.00106435071996
-15.4054069011 0.00105562601044
-15.4690656073 0.00104693743378
-15.5332526015 0.00103828498624
-15.5979744874 0.0010296686641
-15.6632379789 0.00102108846357
-15.7290499032 0.00101254438107
-15.7954172024 0.00100403641278
-15.8623469363 0.000995564555069
-15.929846285 0.000987128804297
-15.9979225511 0.000978729156827
-16.066583163 0.000970365608964
-16.1358356766 0.00096203815724
-16.2056877791 0.000953746797904
-16.2761472912 0.000945491527432
-16.3472221702 0.000937272342298
-16.418920513 0.000929089238866
-16.4912505593 0.000920942213725
-16.5642206946 0.000912831263349
-16.6378394532 0.000904756384216
-16.7121155222 0.000896717572687
-16.7870577443 0.000888714825464
-16.8626751215 0.000880748139139
-16.9389768189 0.000872817510071
-17.015972168 0.000864922935079
-17.0936706711 0.000857064410525
-17.1720820044 0.000849241933224
-17.2512160229 0.000841455499653
-17.3310827637 0.000833705106515
-17.411692451 0.000825990750513
-17.4930554999 0.000818312428237
-17.575182521 0.000810670136389
-17.6580843253 0.000803063871672
-17.7417719288 0.000795493630903
-17.826256557 0.000787959410673
-17.9115496506 0.00078046120791
-17.99766287 0.000772999019205
-18.0846081013 0.000765572841487
-18.172397461 0.000758182671461
-18.2610433023 0.000750828505943
-18.3505582204 0.000743510341863
-18.440955059 0.000736228175924
-18.5322469157 0.000728982005057
-18.6244471491 0.000721771826193
-18.7175693848 0.000714597636147
-18.8116275225 0.000707459431851
-18.9066357423 0.000700357210121
-19.0026085125 0.000693290968229
-19.0995605968 0.000686260702764
-19.1975070614 0.000679266410884
-19.2964632833 0.000672308089634
-19.3964449584 0.000665385735829
-19.4974681092 0.000658499346628
-19.5995490941 0.000651648918961
-19.7027046156 0.000644834449986
-19.80695173 0.000638055936747
-19.9123078562 0.000631313376289
-20.0187907859 0.000624606765768
-20.1264186934 0.000617936102117
-20.2352101458 0.000611301382719
-20.345184114 0.000604702604619
-20.4563599834 0.000598139764975
-20.5687575658 0.000591612860831
-20.6823971103 0.000585121889458
-20.7972993165 0.000578666848241
-20.9134853462 0.000572247734226
-21.0309768369 0.000565864544683
-21.1497959151 0.000559517276884
-21.26996521 0.000553205927986
-21.3915078684 0.000546930495489
-21.5144475688 0.00054069097655
-21.6388085374 0.000534487368441
-21.7646155638 0.000528319668661
-21.8918940174 0.000522187874367
-22.0206698645 0.000516091983059
-22.1509696862 0.000510031992121
-22.2828206962 0.000504007898826
-22.4162507603 0.000498019700672
-22.5512884155 0.000492067395044
-22.6879628907 0.000486150979441
-22.8263041279 0.000480270451362
-22.9663428035 0.000474425808079
-23.1081103517 0.000468617047318
-23.2516389874 0.00046284416635
-23.3969617311 0.000457107162902
-23.5441124338 0.000451406034472
-23.6931258036 0.000445740778332
-23.8440374329 0.000440111392436
-23.9968838267 0.000434517874055
-24.1517024321 0.000428960221143
-24.3085316686 0.000423438430971
-24.4674109606 0.000417952501266
-24.6283807695 0.000412502429754
-24.7914826289 0.000407088213933
-24.9567591798 0.000401709851758
-25.1242542078 0.000396367340727
-25.2940126822 0.000391060678339
-25.4660807957 0.000385789862776
-25.6405060066 0.000380554891308
-25.8173370825 0.000375355762117
-25.9966241456 0.000370192472701
-26.1784187201 0.000365065020787
-26.3627737815 0.000359973404329
-26.5497438083 0.00035491762128
-26.7393848355 0.000349897669139
-26.9317545106 0.00034491354586
-27.1269121519 0.000339965249395
-27.32491881 0.0003350527777
-27.5258373307 0.0003301761285
-27.729732422 0.000325335299522
-27.9366707236 0.000320530289173
-28.1467208795 0.000315761094726
-28.3599536134 0.000311027714815
-28.5764418089 0.000306330147168
-28.7962605921 0.000301668389511
-29.0194874184 0.000297042440252
-29.2462021638 0.000292452297117
-29.4764872202 0.000287897958287
-29.710427595 0.000283379421489
-29.9481110157 0.000278896685359
-30.1896280401 0.000274449747621
-30.4350721705 0.000270038606232
-30.6845399752 0.000265663259597
-30.9381312146 0.000261323705672
-31.1959489747 0.00025701994241
-31.4580998065 0.000252751968446
-31.7246938726 0.000248519781508
-31.9958451023 0.00024432338023
-32.2716713532 0.000240162762111
-32.5522945823 0.000236037926243
-32.837841026 0.000231948870351
-33.1284413891 0.000227895592616
-33.4242310444 0.000223878091219
-33.725350243 0.000219896364797
-34.0319443361 0.00021595041153
-34.3441640089 0.000212040229599
-34.6621655275 0.000208165817639
-34.9861109997 0.000204327173378
-35.3161686506 0.000200524295906
-35.652513114 0.000196757183403
-35.9953257401 0.000193025833596
-36.344794922 0.000189330245576
-36.7011164409 0.000185670417522
-37.0644938314 0.000182046347618
-37.4351387697 0.000178458034952
-37.8132714845 0.000174905477706
-38.1991211936 0.000171388674062
-38.5929265667 0.000167907623108
-38.9949362184 0.000164462322573
-39.4054092312 0.000161052771091
-39.8246157124 0.000157678967753
-40.2528373868 0.000154340911195
-40.6903682279 0.000151038599142
-41.1375151315 0.000147772031141
-41.594598633 0.000144541204918
-42.0619536738 0.000141346119563
-42.5399304201 0.000138186773711
-43.0288951376 0.000135063165999
-43.5292311275 0.000131975294607
-44.041339729 0.000128923159082
-44.5656413925 0.000125906757603
-45.1025768309 0.000122926088807
-45.6526082557 0.000119981151329
-46.2162207033 0.000117071945169
-46.7939234621 0.00011419846669
-47.3862516072 0.000111360716801
-47.9937676534 0.000108558693682
-48.6170633373 0.000105792394606
-49.2567615391 0.000103061821392
-49.9135183596 0.000100366970401
-50.5880253644 9.77078407232e-05
-51.2810120133 9.50844323597e-05
-51.9932482912 9.24967434912e-05
-52.7255475629 8.99447732081e-05
-53.478769671 8.7428520601e-05
-54.2538243039 8.49479838507e-05
-55.0516746613 8.25031629574e-05
-55.8733414473 8.00940561021e-05
-56.7199072268 7.77206614657e-05
-57.5925211841 7.53829799578e-05
-58.4924043276 7.30810097593e-05
-59.42085519 7.08147490514e-05
-60.3792560801 6.85841978338e-05
-61.3690799503 6.63893542878e-05
-62.3918979495 6.42302184133e-05
-63.4493877452 6.21067893007e-05
-64.5433427064 6.00190669502e-05
-65.6756820521 5.79670468142e-05
-66.8484620887 5.59507316211e-05
-68.0638886722 5.39701177331e-05
-69.324331055 5.20252069691e-05
-70.6323373013 5.01159975101e-05
-71.9906514802 4.82424875372e-05
-73.4022328817 4.64046788693e-05
-74.8702775394 4.46025678684e-05
-76.3982423871 4.28361545346e-05
-77.9898724368 4.11054388678e-05
-79.6492314249 3.94104190491e-05
-81.3807364558 3.77510968974e-05
-83.189197266 3.61274669558e-05
-85.0798608402 3.45395328623e-05
-87.0584622551 3.29872927978e-05
-89.131282785 3.14707449434e-05
-91.3052165114 2.9989889299e-05
-93.5878469242 2.85447276838e-05
-95.9875353069 2.71352546406e-05
-98.5135230781 2.57614738075e-05
-101.176050729 2.44233815465e-05
-103.986496582 2.31209778576e-05
-106.957539342 2.18542627408e-05
-110.103349323 2.06232398341e-05
-113.439814454 1.94279018615e-05
-116.984808655 1.8268248823e-05
-120.75851216 1.71442843566e-05
-124.783795899 1.60560084623e-05
-129.086685413 1.50034175022e-05
-133.696924177 1.39865078381e-05
-138.64866211 1.30052867462e-05
-143.98130296 1.20597469504e-05
-149.740555079 1.11498957267e-05
-155.979744874 1.02757257991e-05
-162.761472912 9.43723716773e-06
-170.15972168 8.63443710841e-06
-178.26256557 7.86731106928e-06
-187.175693848 7.1358808782e-06
-197.027046156 6.44011015538e-06
-207.972993165 5.78004983254e-06
-220.206698645 5.15565625392e-06
-233.969617311 4.56694397144e-06
-249.567591798 4.01389843319e-06
-267.393848355 3.4965632949e-06
-287.962605921 3.01489490084e-06
-311.959489747 2.56887869909e-06
-340.319443361 2.15857289732e-06
-374.351387697 1.78394839168e-06
-415.94598633 1.44500518218e-06
-467.939234621 1.14174326882e-06
-534.78769671 8.74162651598e-07
-623.918979495 6.42146915197e-07
-748.702775394 4.46103513241e-07
-935.878469242 2.8545036912e-07
-1247.83795899 1.60653144121e-07
-1871.75693848 7.07805156708e-08
3743.51387697 1.86264514923e-08
1871.75693848 7.07805156708e-08
1247.83795899 1.60653144121e-07
935.878469242 2.8545036912e-07
748.702775394 4.46103513241e-07
623.918979495 6.42146915197e-07
534.78769671 8.74162651598e-07
467.939234621 1.14174326882e-06
415.94598633 1.44500518218e-06
374.351387697 1.78394839168e-06
340.319443361 2.15857289732e-06
311.959489747 2.56887869909e-06
287.962605921 3.01489490084e-06
267.393848355 3.4965632949e-06
249.567591798 4.01389843319e-06
233.969617311 4.56694397144e-06
220.206698645 5.15565625392e-06
207.972993165 5.78004983254e-06
197.027046156 6.44011015538e-06
187.175693848 7.1358808782e-06
178.26256557 7.86731106928e-06
170.15972168 8.63443710841e-06
162.761472912 9.43723716773e-06
155.979744874 1.02757257991e-05
149.740555079 1.11498957267e-05
143.98130296 1.20597469504e-05
138.64866211 1.30052867462e-05
133.696924177 1.39865078381e-05
129.086685413 1.50034175022e-05
124.783795899 1.60560084623e-05
120.75851216 1.71442843566e-05
116.984808655 1.8268248823e-05
113.439814454 1.94279018615e-05
110.103349323 2.06232398341e-05
106.957539342 2.18542627408e-05
103.986496582 2.31209778576e-05
101.176050729 2.44233815465e-05
98.5135230781 2.57614738075e-05
95.9875353069 2.71352546406e-05
93.5878469242 2.85447276838e-05
91.3052165114 2.9989889299e-05
89.131282785 3.14707449434e-05
87.0584622551 3.29872927978e-05
85.0798608402 3.45395328623e-05
83.189197266 3.61274669558e-05
81.3807364558 3.77510968974e-05
79.6492314249 3.94104190491e-05
77.9898724368 4.11054388678e-05
76.3982423871 4.28361545346e-05
74.8702775394 4.46025678684e-05
73.4022328817 4.64046788693e-05
71.9906514802 4.82424875372e-05
70.6323373013 5.01159975101e-05
69.324331055 5.20252069691e-05
68.0638886722 5.39701177331e-05
66.8484620887 5.59507316211e-05
65.6756820521 5.79670468142e-05
64.5433427064 6.00190669502e-05
63.4493877452 6.21067893007e-05
62.3918979495 6.42302184133e-05
61.3690799503 6.63893542878e-05
60.3792560801 6.85841978338e-05
59.42085519 7.08147490514e-05
58.4924043276 7.30810097593e-05
57.5925211841 7.53829799578e-05
56.7199072268 7.77206614657e-05
55.8733414473 8.00940561021e-05
55.0516746613 8.25031629574e-05
54.2538243039 8.49479838507e-05
53.478769671 8.7428520601e-05
52.7255475629 8.99447732081e-05
51.9932482912 9.24967434912e-05
51.2810120133 9.50844323597e-05
50.5880253644 9.77078407232e-05
49.9135183596 0.000100366970401
49.2567615391 0.000103061821392
48.6170633373 0.000105792394606
47.9937676534 0.000108558693682
47.3862516072 0.000111360716801
46.7939234621 0.00011419846669
46.2162207033 0.000117071945169
45.6526082557 0.000119981151329
45.1025768309 0.000122926088807
44.5656413925 0.000125906757603
44.041339729 0.000128923159082
43.5292311275 0.000131975294607
43.0288951376 0.000135063165999
42.5399304201 0.000138186773711
42.0619536738 0.000141346119563
41.594598633 0.000144541204918
41.1375151315 0.000147772031141
40.6903682279 0.000151038599142
40.2528373868 0.000154340911195
39.8246157124 0.000157678967753
39.4054092312 0.000161052771091
38.9949362184 0.000164462322573
38.5929265667 0.000167907623108
38.1991211936 0.000171388674062
37.8132714845 0.000174905477706
37.4351387697 0.000178458034952
37.0644938314 0.000182046347618
36.7011164409 0.000185670417522
36.344794922 0.000189330245576
35.9953257401 0.000193025833596
35.652513114 0.000196757183403
35.3161686506 0.000200524295906
34.9861109997 0.000204327173378
34.6621655275 0.000208165817639
34.3441640089 0.000212040229599
34.0319443361 0.00021595041153
33.725350243 0.000219896364797
33.4242310444 0.000223878091219
33.1284413891 0.000227895592616
32.837841026 0.000231948870351
32.5522945823 0.000236037926243
32.2716713532 0.000240162762111
31.9958451023 0.00024432338023
31.7246938726 0.000248519781508
31.4580998065 0.000252751968446
31.1959489747 0.00025701994241
30.9381312146 0.000261323705672
30.6845399752 0.000265663259597
30.4350721705 0.000270038606232
30.1896280401 0.000274449747621
29.9481110157 0.000278896685359
29.710427595 0.000283379421489
29.4764872202 0.000287897958287
29.2462021638 0.000292452297117
29.0194874184 0.000297042440252
28.7962605921 0.000301668389511
28.5764418089 0.000306330147168
28.3599536134 0.000311027714815
28.1467208795 0.000315761094726
27.9366707236 0.000320530289173
27.729732422 0.000325335299522
27.5258373307 0.0003301761285
27.32491881 0.0003350527777
27.1269121519 0.000339965249395
26.9317545106 0.00034491354586
26.7393848355 0.000349897669139
26.5497438083 0.00035491762128
26.3627737815 0.000359973404329
26.1784187201 0.000365065020787
25.9966241456 0.000370192472701
25.8173370825 0.000375355762117
25.6405060066 0.000380554891308
25.4660807957 0.000385789862776
25.2940126822 0.000391060678339
25.1242542078 0.000396367340727
24.9567591798 0.000401709851758
24.7914826289 0.000407088213933
24.6283807695 0.000412502429754
24.4674109606 0.000417952501266
24.3085316686 0.000423438430971
24.1517024321 0.000428960221143
23.9968838267 0.000434517874055
23.8440374329 0.000440111392436
23.6931258036 0.000445740778332
23.5441124338 0.000451406034472
23.3969617311 0.000457107162902
23.2516389874 0.00046284416635
23.1081103517 0.000468617047318
22.9663428035 0.000474425808079
22.8263041279 0.000480270451362
22.6879628907 0.000486150979441
22.5512884155 0.000492067395044
22.4162507603 0.000498019700672
22.2828206962 0.000504007898826
22.1509696862 0.000510031992121
22.0206698645 0.000516091983059
21.8918940174 0.000522187874367
21.7646155638 0.000528319668661
21.6388085374 0.000534487368441
21.5144475688 0.00054069097655
21.3915078684 0.000546930495489
21.26996521 0.000553205927986
21.1497959151 0.000559517276884
21.0309768369 0.000565864544683
20.9134853462 0.000572247734226
20.7972993165 0.000578666848241
20.6823971103 0.000585121889458
20.5687575658 0.000591612860831
20.4563599834 0.000598139764975
20.345184114 0.000604702604619
20.2352101458 0.000611301382719
20.1264186934 0.000617936102117
20.0187907859 0.000624606765768
19.9123078562 0.000631313376289
19.80695173 0.000638055936747
19.7027046156 0.000644834449986
19.5995490941 0.000651648918961
19.4974681092 0.000658499346628
19.3964449584 0.000665385735829
19.2964632833 0.000672308089634
19.1975070614 0.000679266410884
19.0995605968 0.000686260702764
19.0026085125 0.000693290968229
18.9066357423 0.000700357210121
18.8116275225 0.000707459431851
18.7175693848 0.000714597636147
18.6244471491 0.000721771826193
18.5322469157 0.000728982005057
18.440955059 0.000736228175924
18.3505582204 0.000743510341863
18.2610433023 0.000750828505943
18.172397461 0.000758182671461
18.0846081013 0.000765572841487
17.99766287 0.000772999019205
17.9115496506 0.00078046120791
17.826256557 0.000787959410673
17.7417719288 0.000795493630903
17.6580843253 0.000803063871672
17.575182521 0.000810670136389
17.4930554999 0.000818312428237
17.411692451 0.000825990750513
17.3310827637 0.000833705106515
17.2512160229 0.000841455499653
17.1720820044 0.000849241933224
17.0936706711 0.000857064410525
17.015972168 0.000864922935079
16.9389768189 0.000872817510071
16.8626751215 0.000880748139139
16.7870577443 0.000888714825464
16.7121155222 0.000896717572687
16.6378394532 0.000904756384216
16.5642206946 0.000912831263349
16.4912505593 0.000920942213725
16.418920513 0.000929089238866
16.3472221702 0.000937272342298
16.2761472912 0.000945491527432
16.2056877791 0.000953746797904
16.1358356766 0.00096203815724
16.066583163 0.000970365608964
15.9979225511 0.000978729156827
15.929846285 0.000987128804297
15.8623469363 0.000995564555069
15.7954172024 0.00100403641278
15.7290499032 0.00101254438107
15.6632379789 0.00102108846357
15.5979744874 0.0010296686641
15.5332526015 0.00103828498624
15.4690656073 0.00104693743378
15.4054069011 0.00105562601044
15.3422699876 0.00106435071996
15.2796484774 0.00107311156609
15.2175360852 0.00108190855269
15.1559266274 0.00109074168347
15.09481402 0.00109961096229
15.034192277 0.001108516393
14.9740555079 0.00111745797949
14.9143979162 0.0011264357255
14.8552137975 0.001135449635
14.7964975374 0.00114449971187
14.7382436101 0.00115358595997
14.6804465763 0.00116270838328
14.6231010819 0.00117186698583
14.5662018559 0.00118106177138
14.5097437092 0.00119029274407
14.4537215327 0.00119955990783
14.398130296 0.00120886326664
14.3429650459 0.00121820282465
14.2882209045 0.00122757858571
14.2338930683 0.00123699055405
14.1799768067 0.00124643873363
14.1264674603 0.00125592312861
14.0733604397 0.00126544374302
14.0206512246 0.00127500058107
13.9683353618 0.00128459364686
13.9164084646 0.00129422294441
13.864866211 0.00130388847816
13.8137043431 0.00131359025204
13.7629186653 0.00132332827042
13.7125050438 0.00133310253739
13.662459405 0.00134291305727
13.6127777344 0.00135275983422
13.563456076 0.00136264287266
13.5144905306 0.0013725621767
13.4658772553 0.00138251775076
13.4176124623 0.00139250959904
13.3696924177 0.00140253772599
13.3221134412 0.00141260213587
13.2748719041 0.00142270283305
13.2279642296 0.00143283982197
13.1813868907 0.00144301310695
13.1351364104 0.00145322269248
13.08920936 0.00146346858287
13.0436023588 0.00147375078262
12.9983120728 0.00148406929623
12.9533352144 0.00149442412805
12.9086685413 0.00150481528277
12.8643088556 0.00151524276475
12.8202530033 0.00152570657849
12.7764978736 0.00153620672859
12.7330403979 0.00154674321965
12.689877549 0.00155731605616
12.6470063411 0.00156792524268
12.6044238282 0.00157857078392
12.5621271039 0.00158925268443
12.5201133009 0.00159997094892
12.4783795899 0.00161072558188
12.4369231793 0.00162151658816
12.3957413145 0.00163234397229
12.3548312771 0.00164320773911
12.3141903848 0.00165410789322
12.2738159901 0.00166504443945
12.2337054803 0.00167601738247
12.1938562768 0.00168702672704
12.1542658343 0.00169807247806
12.1149316407 0.0017091546402
12.075851216 0.00172027321833
12.0370221124 0.00173142821728
11.9984419134 0.00174261964185
11.9601082331 0.00175384749696
11.9220187165 0.00176511178751
11.884171038 0.00177641251827
11.8465629018 0.0017877496943
11.8091920409 0.00179912332044
11.7720562169 0.00181053340168
11.7351532193 0.00182197994292
11.6984808655 0.00183346294921
11.6620369999 0.0018449824255
11.6258194937 0.00185653837679
11.5898262445 0.00186813080813
11.5540551758 0.00187975972455
11.5185042368 0.00189142513113
11.4831714017 0.00190312703296
11.4480546696 0.00191486543508
11.4131520639 0.00192664034256
11.3784616321 0.00193845176068
11.3439814454 0.00195029969444
11.3097095981 0.00196218414902
11.2756442077 0.00197410512965
11.2417834143 0.00198606264146
11.2081253801 0.0019980566897
11.1746682895 0.00201008727956
11.1414103481 0.00202215441632
11.1083497833 0.00203425810517
11.0754848431 0.00204639835147
11.0428137964 0.00205857516042
11.0103349323 0.0020707885374
10.97804656 0.00208303848765
10.9459470087 0.0020953250166
10.9140346267 0.00210764812954
10.8823077819 0.00212000783185
10.8507648608 0.00213240412896
10.8194042687 0.00214483702621
10.7882244293 0.00215730652909
10.7572237844 0.00216981264299
10.7264007936 0.00218235537335
10.6957539342 0.00219493472568
10.6652817008 0.00220755070546
10.634982605 0.00222020331816
10.6048551755 0.00223289256934
10.5748979575 0.00224561846451
10.5451095126 0.00225838100926
10.5154884185 0.00227118020911
10.4860332688 0.00228401606969
10.4567426731 0.00229688859656
10.4276152562 0.00230979779539
10.3986496582 0.00232274367178
10.3698445345 0.00233572623139
10.3411985552 0.00234874547988
10.3127104049 0.00236180142295
10.2843787829 0.00237489406632
10.2562024027 0.00238802341568
10.2281799917 0.00240118947676
10.2003102915 0.00241439225533
10.172592057 0.00242763175717
10.1450240568 0.00244090798805
10.1176050729 0.00245422095378
10.0903339002 0.0024675706602
10.0632093467 0.00248095711311
10.0362302332 0.00249438031832
10.009395393 0.00250784028182
9.98270367192 0.0025213370094
9.95615392811 0.00253487050702
9.92974503175 0.00254844078057
9.903475865 0.00256204783599
9.87734532182 0.00257569167923
9.85135230781 0.00258937231627
9.82549574007 0.00260308975308
9.79977454704 0.0026168439957
9.77418766832 0.00263063505011
9.74873405461 0.00264446292238
9.72341266745 0.00265832761855
9.69822247919 0.00267222914468
9.67316247279 0.00268616750688
9.64823164167 0.00270014271123
9.62342898964 0.00271415476391
9.59875353069 0.00272820367098
9.57420428892 0.00274228943863
9.54978029839 0.00275641207301
9.52548060297 0.00277057158036
9.50130425627 0.00278476796686
9.47725032144 0.00279900123871
9.45331787113 0.0028132714022
9.42950598733 0.00282757846355
9.40581376123 0.00284192242904
9.38224029315 0.00285630330498
9.35878469242 0.00287072109762
9.33544607723 0.00288517581336
9.31222357455 0.00289966745851
9.28911632002 0.0029141960394
9.26612345784 0.00292876156246
9.24324414066 0.00294336403405
9.22047752948 0.00295800346058
9.19782279353 0.00297267984848
9.17527911022 0.00298739320419
9.15284566496 0.00300214353419
9.13052165114 0.00301693084492
9.10830627 0.00303175514293
9.08619873051 0.00304661643469
9.06419824932 0.00306151472674
9.04230405065 0.00307645002562
9.02051536619 0.00309142233789
8.99883143502 0.00310643167018
8.97725150352 0.00312147802899
8.95577482528 0.00313656142103
8.93440066102 0.0031516818529
8.9131282785 0.00316683933124
8.89195695242 0.00318203386271
8.87088596438 0.00319726545399
8.84991460276 0.00321253411181
8.82904216266 0.00322783984285
8.80826794581 0.00324318265388
8.78759126049 0.00325856255162
8.76701142147 0.00327397954288
8.74652774993 0.00328943363439
8.72613957335 0.00330492483303
8.70584622551 0.00332045314553
8.68564704633 0.00333601857881
8.66554138187 0.00335162113967
8.64552858422 0.00336726083501
8.62560801145 0.00338293767172
8.60577902751 0.00339865165665
8.58604100222 0.00341440279681
8.56639331114 0.00343019109911
8.54683533554 0.00344601657048
8.52736646234 0.00346187921792
8.50798608402 0.00347777904844
8.48869359857 0.00349371606902
8.46948840943 0.00350969028673
8.45036992544 0.00352570170855
8.43133756074 0.00354175034161
8.41239073476 0.00355783619293
8.39352887213 0.00357395926966
8.37475140261 0.00359011957889
8.35605776109 0.00360631712775
8.33744738746 0.0036225519234
8.3189197266 0.00363882397298
8.30047422831 0.00365513328373
8.28211034728 0.00367147986282
8.26382754298 0.00368786371746
8.24562527967 0.00370428485488
8.2275030263 0.00372074328237
8.20946025651 0.00373723900719
8.19149644851 0.00375377203659
8.17361108508 0.00377034237795
8.15580365353 0.00378695003855
8.13807364558 0.00380359502572
8.12042055742 0.00382027734685
8.10284388954 0.00383699700927
8.0853431468 0.00385375402044
8.06791783829 0.00387054838774
8.05056747735 0.00388738011858
8.03329158148 0.00390424922048
8.01608967231 0.00392115570081
7.99896127557 0.00393809956711
7.98190592104 0.00395508082687
7.96492314249 0.0039720994876
7.94801247764 0.00398915555684
7.93117346815 0.00400624904215
7.91440565955 0.00402337995109
7.8977086012 0.00404054829126
7.88108184625 0.00405775407025
7.86452495161 0.0040749972957
7.84803747792 0.00409227797525
7.83161898947 0.00410959611654
7.81526905421 0.00412695172727
7.79898724368 0.00414434481515
7.78277313299 0.00416177538783
7.76662630076 0.00417924345311
7.75054632913 0.0041967490187
7.73453280365 0.00421429209237
7.71858531334 0.00423187268193
7.70270345055 0.00424949079513
7.68688681102 0.00426714643984
7.67113499379 0.00428483962388
7.65544760116 0.00430257035508
7.63982423871 0.00432033864135
7.62426451521 0.00433814449057
7.60876804262 0.00435598791064
7.59333443604 0.0043738689095
7.5779633137 0.00439178749507
7.56265429691 0.00440974367534
7.54740701002 0.00442773745826
7.53222108042 0.00444576885185
7.51709613849 0.00446383786414
7.50203181757 0.00448194450314
7.48702775394 0.00450008877689
7.47208358676 0.00451827069351
7.4571989581 0.00453649026103
7.44237351286 0.0045547474876
7.42760689875 0.00457304238132
7.41289876627 0.00459137495034
7.39824876871 0.00460974520281
7.38365656207 0.00462815314694
7.36912180506 0.00464659879088
7.35464415907 0.00466508214288
7.34022328817 0.00468360321115
7.32585885904 0.00470216200395
7.31155054095 0.00472075852956
7.29729800579 0.00473939279624
7.28310092795 0.00475806481232
7.2689589844 0.00477677458612
7.25487185459 0.00479552212596
7.24083922044 0.00481430744021
7.22686076635 0.00483313053726
7.21293617913 0.0048519914255
7.19906514802 0.00487089011334
7.18524736462 0.00488982660919
7.17148252293 0.00490880092154
7.15777031925 0.00492781305883
7.14411045223 0.00494686302957
7.1305026228 0.00496595084225
7.11694653416 0.00498507650538
7.10344189178 0.00500424002753
7.08998840335 0.00502344141725
7.07658577877 0.0050426806831
7.06323373013 0.0050619578337
7.04993197169 0.00508127287765
7.03668021987 0.00510062582359
7.02347819319 0.00512001668018
7.0103256123 0.00513944545607
6.99722219994 0.00515891215994
6.98416768091 0.00517841680055
6.97116178206 0.00519795938656
6.95820423228 0.00521753992676
6.94529476246 0.00523715842989
6.9324331055 0.00525681490473
6.91961899624 0.00527650936009
6.90685217153 0.00529624180477
6.89413237011 0.00531601224763
6.88145933266 0.00533582069751
6.86883280178 0.00535566716327
6.85625252192 0.00537555165383
6.84371823943 0.00539547417807
6.8312297025 0.00541543474493
6.81878666114 0.00543543336337
6.80638886722 0.00545547004234
6.79403607435 0.00547554479083
6.78172803799 0.00549565761784
6.76946451531 0.00551580853239
6.75724526529 0.00553599754353
6.74507004859 0.0055562246603
6.73293862764 0.00557648989179
6.72085076655 0.00559679324709
6.70880623113 0.00561713473533
6.69680478885 0.00563751436562
6.68484620887 0.00565793214712
6.67293026198 0.00567838808901
6.66105672058 0.00569888220046
6.64922535874 0.00571941449071
6.63743595207 0.00573998496895
6.62568827782 0.00576059364445
6.61398211479 0.00578124052647
6.60231724333 0.00580192562428
6.59069344537 0.00582264894719
6.57911050434 0.00584341050454
6.56756820521 0.00586421030563
6.55606633445 0.00588504835986
6.54460468001 0.00590592467657
6.53318303136 0.00592683926519
6.52180117939 0.0059477921351
6.51045891647 0.00596878329576
6.4991560364 0.00598981275661
6.48789233443 0.00601088052714
6.47666760721 0.00603198661682
6.4654816528 0.00605313103517
6.45433427064 0.00607431379171
6.44322526156 0.00609553489601
6.43215442778 0.0061167943576
6.42112157284 0.00613809218609
6.41012650166 0.00615942839109
6.39916902046 0.0061808029822
6.38824893681 0.00620221596908
6.37736605957 0.0062236673614
6.36652019893 0.00624515716882
6.35571116633 0.00626668540106
6.34493877452 0.00628825206782
6.33420283751 0.00630985717885
6.32350317055 0.0063315007439
6.31283959017 0.00635318277274
6.30221191409 0.00637490327519
6.29161996129 0.00639666226105
6.28106355196 0.00641845974016
6.27054250748 0.00644029572237
6.26005665045 0.00646217021753
6.24960580462 0.00648408323558
6.23918979495 0.00650603478638
6.22880844753 0.0065280248799
6.21846158965 0.00655005352607
6.2081490497 0.00657212073486
6.19787065723 0.00659422651626
6.18762624292 0.00661637088028
6.17741563856 0.00663855383694
6.16723867705 0.0066607753963
6.15709519238 0.0066830355684
6.14698501965 0.00670533436336
6.13690799503 0.00672767179125
6.12686395576 0.00675004786223
6.11685274014 0.0067724625864
6.10687418755 0.00679491597396
6.09692813839 0.00681740803506
6.08701443409 0.00683993877993
6.07713291716 0.00686250821879
6.06728343107 0.00688511636186
6.05746582034 0.0069077632194
6.04767993048 0.00693044880171
6.03792560801 0.00695317311909
6.02820270043 0.00697593618183
6.01851105622 0.00699873800029
6.00885052483 0.00702157858483
5.99922095668 0.00704445794581
5.98962220315 0.00706737609364
5.98005411656 0.00709033303875
5.97051655019 0.00711332879155
5.96100935823 0.00713636336251
5.95153239582 0.00715943676211
5.942085519 0.00718254900083
5.93266858474 0.00720570008919
5.9232814509 0.00722889003774
5.91392397625 0.00725211885701
5.90459602045 0.00727538655761
5.89529744404 0.00729869315009
5.88602810844 0.00732203864509
5.87678787593 0.00734542305324
5.86757660967 0.00736884638521
5.85839417366 0.00739230865163
5.84924043276 0.00741580986323
5.84011525268 0.00743935003074
5.83101849995 0.00746292916483
5.82195004194 0.0074865472763
5.81290974685 0.00751020437592
5.80389748367 0.00753390047447
5.79491312224 0.00755763558277
5.78595653318 0.00758140971165
5.77702758791 0.00760522287196
5.76812615866 0.00762907507458
5.75925211841 0.0076529663304
5.75040534097 0.00767689665032
5.74158570087 0.0077008660453
5.73279307346 0.00772487452628
5.72402733481 0.00774892210421
5.71528836178 0.00777300879012
5.70657603196 0.00779713459499
5.6978902237 0.00782129952989
5.68923081606 0.00784550360585
5.68059768887 0.00786974683394
5.67199072268 0.00789402922527
5.66340979874 0.00791835079094
5.65485479905 0.00794271154209
5.64632560629 0.00796711148987
5.63782210387 0.00799155064546
5.62934417589 0.00801602902006
5.62089170716 0.00804054662487
5.61246458316 0.00806510347114
5.60406269007 0.00808969957011
5.59568591475 0.00811433493308
5.58733414473 0.00813900957132
5.57900726821 0.00816372349617
5.57070517406 0.00818847671896
5.56242775181 0.00821326925104
5.55417489164 0.00823810110379
5.5459464844 0.00826297228861
5.53774242155 0.00828788281692
5.52956259523 0.00831283270017
5.52140689818 0.0083378219498
5.51327522381 0.00836285057731
5.50516746613 0.00838791859418
5.49708351978 0.00841302601194
5.48902328001 0.00843817284215
5.48098664271 0.00846335909635
5.47297350434 0.00848858478612
5.464983762 0.00851384992308
5.45701731337 0.00853915451886
5.44907405672 0.00856449858508
5.44115389094 0.00858988213342
5.43325671548 0.00861530517557
5.42538243039 0.00864076772324
5.41753093628 0.00866626978814
5.40970213435 0.00869181138203
5.40189592636 0.00871739251667
5.39411221465 0.00874301320387
5.38635090211 0.00876867345543
5.3786118922 0.00879437328317
5.37089508891 0.00882011269896
5.3632003968 0.00884589171466
5.35552772098 0.00887171034218
5.3478769671 0.00889756859342
5.34024804132 0.00892346648031
5.33264085038 0.00894940401484
5.32505530152 0.00897538120894
5.31749130251 0.00900139807464
5.30994876166 0.00902745462397
5.30242758777 0.00905355086894
5.2949276902 0.00907968682162
5.28744897877 0.00910586249411
5.27999136385 0.00913207789849
5.27255475629 0.0091583330469
5.26513906747 0.00918462795148
5.25774420923 0.00921096262441
5.25037009392 0.00923733707785
5.24301663441 0.00926375132403
5.23568374401 0.00929020537518
5.22837133655 0.00931669924354
5.22107932632 0.00934323294139
5.21380762809 0.00936980648103
5.20655615712 0.00939641987475
5.19932482912 0.00942307313491
5.19211356029 0.00944976627387
5.18492226727 0.00947649930399
5.17775086718 0.00950327223768
5.17059927758 0.00953008508736
5.16346741651 0.00955693786548
5.15635520244 0.00958383058449
5.14926255429 0.00961076325688
5.14218939144 0.00963773589516
5.1351356337 0.00966474851187
5.12810120133 0.00969180111953
5.121086015 0.00971889373073
5.11408999586 0.00974602635806
5.10711306544 0.00977319901413
5.10015514573 0.00980041171158
5.09321615914 0.00982766446307
5.08629602849 0.00985495728127
5.07939467703 0.00988229017889
5.07251202841 0.00990966316864
5.06564800672 0.00993707626326
5.05880253644 0.00996452947553
5.05197554247 0.00999202281823
5.04516695009 0.0100195563042
5.03837668502 0.0100471299462
5.03160467334 0.0100747437571
5.02485084157 0.0101023977498
5.01811511658 0.0101300919372
5.01139742566 0.0101578263322
5.00469769648 0.0101856009478
4.9980158571 0.0102134157968
4.99135183596 0.0102412708923
4.98470556188 0.0102691662473
4.97807696405 0.0102971018749
4.97146597207 0.010325077788
4.96487251587 0.0103530939997
4.95829652579 0.0103811505231
4.9517379325 0.0104092473714
4.94519666707 0.0104373845576
4.93867266091 0.010465562095
4.93216584581 0.0104937799967
4.92567615391 0.0105220382758
4.9192035177 0.0105503369458
4.91274787004 0.0105786760196
4.90630914413 0.0106070555108
4.89988727352 0.0106354754324
4.89348219212 0.0106639357979
4.88709383416 0.0106924366206
4.88072213425 0.0107209779138
4.8743670273 0.010749559691
4.86802844859 0.0107781819654
4.86170633373 0.0108068447506
4.85540061864 0.0108355480599
4.8491112396 0.0108642919069
4.84283813321 0.010893076305
4.83658123639 0.0109219012678
4.83034048641 0.0109507668088
4.82411582084 0.0109796729415
4.81790717757 0.0110086196795
4.81171449482 0.0110376070364
4.80553771113 0.0110666350258
4.79937676534 0.0110957036615
4.79323159663 0.011124812957
4.78710214446 0.011153962926
4.78098834862 0.0111831535823
4.77489014919 0.0112123849396
4.76880748658 0.0112416570116
4.76274030149 0.0112709698122
4.7566885349 0.0113003233551
4.75065212813 0.0113297176542
4.74463102277 0.0113591527232
4.73862516072 0.0113886285762
4.73263448416 0.0114181452269
4.72665893557 0.0114477026893
4.72069845772 0.0114773009774
4.71475299366 0.011506940105
4.70882248675 0.0115366200862
4.70290688061 0.011566340935
4.69700611916 0.0115961026654
4.69112014658 0.0116259052915
4.68524890734 0.0116557488273
4.67939234621 0.011685633287
4.6735504082 0.0117155586846
4.66772303861 0.0117455250343
4.66191018302 0.0117755323503
4.65611178727 0.0118055806468
4.65032779748 0.0118356699379
4.64455816001 0.011865800238
4.63880282152 0.0118959715612
4.63306172892 0.0119261839219
4.62733482938 0.0119564373344
4.62162207033 0.0119867318129
4.61592339947 0.0120170673719
4.61023876474 0.0120474440257
4.60456811435 0.0120778617887
4.59891139677 0.0121083206754
4.5932685607 0.0121388207001
4.58763955511 0.0121693618774
4.58202432921 0.0121999442217
4.57642283248 0.0122305677476
4.57083501461 0.0122612324695
4.56526082557 0.0122919384022
4.55970021555 0.01232268556
4.554153135 0.0123534739577
4.54861953459 0.0123843036099
4.54309936525 0.0124151745312
4.53759257814 0.0124460867363
4.53209912466 0.0124770402399
4.52661895643 0.0125080350567
4.52115202532 0.0125390712015
4.51569828344 0.012570148689
4.51025768309 0.0126012675341
4.50483017686 0.0126324277516
4.49941571751 0.0126636293563
4.49401425807 0.012694872363
4.48862575176 0.0127261567867
4.48325015206 0.0127574826422
4.47788741264 0.0127888499446
4.47253748742 0.0128202587087
4.46720033051 0.0128517089496
4.46187589627 0.0128832006823
4.45656413925 0.0129147339217
4.45126501423 0.012946308683
4.44597847621 0.0129779249812
4.44070448039 0.0130095828315
4.43544298219 0.0130412822489
4.43019393724 0.0130730232486
4.42495730138 0.0131048058457
4.41973303066 0.0131366300556
4.41452108133 0.0131684958934
4.40932140986 0.0132004033743
4.4041339729 0.0132323525137
4.39895872734 0.0132643433267
4.39379563024 0.0132963758288
4.38864463888 0.0133284500353
4.38350571074 0.0133605659615
4.37837880347 0.0133927236228
4.37326387496 0.0134249230347
4.36816088328 0.0134571642126
4.36306978668 0.0134894471719
4.35799054362 0.0135217719282
4.35292311275 0.0135541384969
4.34786745293 0.0135865468936
4.34282352317 0.0136189971339
4.3377912827 0.0136514892333
4.33277069094 0.0136840232074
4.32776170748 0.013716599072
4.32276429211 0.0137492168425
4.31777840481 0.0137818765348
4.31280400572 0.0138145781645
4.3078410552 0.0138473217473
4.30288951376 0.0138801072991
4.2979493421 0.0139129348356
4.29302050111 0.0139458043725
4.28810295185 0.0139787159258
4.28319665557 0.0140116695113
4.27830157368 0.0140446651448
4.27341766777 0.0140777028423
4.26854489962 0.0141107826197
4.26368323117 0.014143904493
4.25883262454 0.014177068478
4.25399304201 0.0142102745909
4.24916444605 0.0142435228477
4.24434679928 0.0142768132643
4.23954006452 0.0143101458569
4.23474420472 0.0143435206417
4.22995918302 0.0143769376346
4.22518496272 0.0144103968519
4.22042150729 0.0144438983097
4.21566878037 0.0144774420243
4.21092674575 0.0145110280118
4.20619536738 0.0145446562886
4.20147460939 0.0145783268709
4.19676443606 0.0146120397749
4.19206481183 0.0146457950171
4.18737570131 0.0146795926138
4.18269706924 0.0147134325813
4.17802888055 0.014747314936
4.1733711003 0.0147812396945
4.16872369373 0.0148152068731
4.16408662622 0.0148492164883
4.1594598633 0.0148832685566
4.15484337066 0.0149173630946
4.15023711416 0.0149515001188
4.14564105977 0.0149856796457
4.14105517364 0.015019901692
4.13647942206 0.0150541662744
4.13191377149 0.0150884734094
4.1273581885 0.0151228231138
4.12281263983 0.0151572154042
4.11827709237 0.0151916502974
4.11375151315 0.0152261278102
4.10923586934 0.0152606479593
4.10473012825 0.0152952107616
4.10023425736 0.0153298162338
4.09574822425 0.0153644643928
4.09127199669 0.0153991552556
4.08680554254 0.015433888839
4.08234882985 0.01546866516
4.07790182676 0.0155034842355
4.0734645016 0.0155383460825
4.06903682279 0.015573250718
4.06461875892 0.0156081981592
4.06021027871 0.015643188423
4.055811351 0.0156782215265
4.05142194477 0.0157132974869
4.04704202916 0.0157484163212
4.0426715734 0.0157835780468
4.03831054689 0.0158187826807
4.03395891915 0.0158540302402
4.02961665982 0.0158893207425
4.02528373868 0.0159246542049
4.02096012564 0.0159600306448
4.01664579074 0.0159954500794
4.01234070415 0.0160309125261
4.00804483615 0.0160664180022
4.00375815719 0.0161019665253
3.99948063779 0.0161375581126
3.99521224863 0.0161731927817
3.99095296052 0.0162088705501
3.98670274438 0.0162445914352
3.98246157124 0.0162803554547
3.97822941229 0.016316162626
3.97400623882 0.0163520129667
3.96979202224 0.0163879064946
3.96558673408 0.0164238432271
3.961390346 0.016459823182
3.95720282978 0.0164958463771
3.95302415731 0.0165319128299
3.9488543006 0.0165680225582
3.94469323179 0.01660417558
3.94054092312 0.0166403719128
3.93639734697 0.0166766115746
3.93226247581 0.0167128945832
3.92813628223 0.0167492209566
3.92401873896 0.0167855907125
3.91990981882 0.016822003869
3.91580949474 0.016858460444
3.91171773978 0.0168949604555
3.90763452711 0.0169315039216
3.90355983 0.0169680908602
3.89949362184 0.0170047212895
3.89543587614 0.0170413952274
3.8913865665 0.0170781126923
3.88734566663 0.0171148737022
3.88331315038 0.0171516782753
3.87928899168 0.0171885264297
3.87527316456 0.0172254181839
3.87126564319 0.0172623535559
3.86726640183 0.0172993325641
3.86327541483 0.0173363552268
3.85929265667 0.0173734215624
3.85531810192 0.0174105315892
3.85135172528 0.0174476853256
3.84739350151 0.0174848827901
3.84344340551 0.017522124001
3.83950141228 0.017559408977
3.83556749689 0.0175967377364
3.83164163456 0.0176341102978
3.82772380058 0.0176715266798
3.82381397035 0.017708986901
3.81991211936 0.01774649098
3.81601822321 0.0177840389354
3.81213225761 0.017821630786
3.80825419834 0.0178592665503
3.80438402131 0.0178969462472
3.80052170251 0.0179346698954
3.79666721802 0.0179724375137
3.79282054404 0.0180102491208
3.78898165685 0.0180481047357
3.78515053283 0.0180860043772
3.78132714845 0.0181239480642
3.77751148029 0.0181619358156
3.77370350501 0.0181999676504
3.76990319936 0.0182380435876
3.76611054021 0.0182761636461
3.76232550449 0.018314327845
3.75854806925 0.0183525362034
3.7547782116 0.0183907887403
3.75101590879 0.0184290854749
3.74726113811 0.0184674264264
