10 0.0194905456829
11 0.0235835602763
12 0.0280663857834
13 0.0329390222041
14 0.0382014695385
15 0.0438537277865
16 0.0498957969482
17 0.0563276770236
18 0.0631493680126
19 0.0703608699153
20 0.0779621827316
21 0.0859533064616
22 0.0943342411052
23 0.103104986663
24 0.112265543134
25 0.121815910518
26 0.131756088816
27 0.142086078028
28 0.152805878154
29 0.163915489193
30 0.175414911146
31 0.187304144013
32 0.199583187793
33 0.212252042487
34 0.225310708094
35 0.238759184616
36 0.25259747205
37 0.266825570399
38 0.281443479661
39 0.296451199837
40 0.311848730926
41 0.32763607293
42 0.343813225846
43 0.360380189677
44 0.377336964421
45 0.394683550079
46 0.41241994665
47 0.430546154135
48 0.449062172534
49 0.467968001846
50 0.487263642073
51 0.506949093212
52 0.527024355266
53 0.547489428233
54 0.568344312113
55 0.589589006908
56 0.611223512616
57 0.633247829237
58 0.655661956773
59 0.678465895222
60 0.701659644584
61 0.725243204861
62 0.749216576051
63 0.773579758154
64 0.798332751172
65 0.823475555103
66 0.849008169947
67 0.874930595705
68 0.901242832377
69 0.927944879963
70 0.955036738462
71 0.982518407875
72 1.0103898882
73 1.03865117944
74 1.0673022816
75 1.09634319466
76 1.12577391864
77 1.15559445354
78 1.18580479935
79 1.21640495607
80 1.24739492371
81 1.27877470226
82 1.31054429172
83 1.34270369209
84 1.37525290339
85 1.40819192559
86 1.44152075871
87 1.47523940274
88 1.50934785768
89 1.54384612354
90 1.57873420031
91 1.614012088
92 1.6496797866
93 1.68573729611
94 1.72218461654
95 1.75902174788
96 1.79624869014
97 1.8338654433
98 1.87187200739
99 1.91026838238
100 1.94905456829
101 1.98823056511
102 2.02779637285
103 2.0677519915
104 2.10809742106
105 2.14883266154
106 2.18995771293
107 2.23147257524
108 2.27337724845
109 2.31567173259
110 2.35835602763
111 2.40143013359
112 2.44489405046
113 2.48874777825
114 2.53299131695
115 2.57762466656
116 2.62264782709
117 2.66806079853
118 2.71386358089
119 2.76005617416
120 2.80663857834
121 2.85361079343
122 2.90097281944
123 2.94872465637
124 2.9968663042
125 3.04539776295
126 3.09431903262
127 3.14363011319
128 3.19333100469
129 3.24342170709
130 3.29390222041
131 3.34477254464
132 3.39603267979
133 3.44768262585
134 3.49972238282
135 3.55215195071
136 3.60497132951
137 3.65818051922
138 3.71177951985
139 3.76576833139
140 3.82014695385
141 3.87491538722
142 3.9300736315
143 3.9856216867
144 4.04155955281
145 4.09788722983
146 4.15460471777
147 4.21171201662
148 4.26920912638
149 4.32709604706
150 4.38537277865
151 4.44403932116
152 4.50309567458
153 4.56254183891
154 4.62237781416
155 4.68260360032
156 4.74321919739
157 4.80422460538
158 4.86561982428
159 4.92740485409
160 4.98957969482
161 5.05214434646
162 5.11509880902
163 5.17844308249
164 5.24217716687
165 5.30630106217
166 5.37081476838
167 5.4357182855
168 5.50101161354
169 5.56669475249
170 5.63276770236
171 5.69923046314
172 5.76608303483
173 5.83332541744
174 5.90095761095
175 5.96897961539
176 6.03739143074
177 6.106193057
178 6.17538449417
179 6.24496574226
180 6.31493680126
181 6.38529767117
182 6.456048352
183 6.52718884375
184 6.5987191464
185 6.67063925997
186 6.74294918446
187 6.81564891985
188 6.88873846616
189 6.96221782339
190 7.03608699153
191 7.11034597058
192 7.18499476054
193 7.26003336142
194 7.33546177322
195 7.41127999592
196 7.48748802954
197 7.56408587408
198 7.64107352952
199 7.71845099589
200 7.79621827316
201 7.87437536135
202 7.95292226045
203 8.03185897047
204 8.1111854914
205 8.19090182324
206 8.271007966
207 8.35150391967
208 8.43238968425
209 8.51366525975
210 8.59533064616
211 8.67738584348
212 8.75983085172
213 8.84266567087
214 8.92589030094
215 9.00950474192
216 9.09350899381
217 9.17790305662
218 9.26268693034
219 9.34786061498
220 9.43342411052
221 9.51937741699
222 9.60572053436
223 9.69245346265
224 9.77957620185
225 9.86708875197
226 9.954991113
227 10.0432832849
228 10.1319652678
229 10.2210370616
230 10.3104986663
231 10.4003500819
232 10.4905913084
233 10.5812223458
234 10.6722431941
235 10.7636538534
236 10.8554543235
237 10.9476446046
238 11.0402246966
239 11.1331945995
240 11.2265543134
241 11.3203038381
242 11.4144431737
243 11.5089723203
244 11.6038912778
245 11.6992000462
246 11.7948986255
247 11.8909870157
248 11.9874652168
249 12.0843332289
250 12.1815910518
251 12.2792386857
252 12.3772761305
253 12.4757033862
254 12.5745204528
255 12.6737273303
256 12.7733240187
257 12.8733105181
258 12.9736868284
259 13.0744529495
260 13.1756088816
261 13.2771546246
262 13.3790901786
263 13.4814155434
264 13.5841307192
265 13.6872357058
266 13.7907305034
267 13.8946151119
268 13.9988895313
269 14.1035537616
270 14.2086078028
271 14.314051655
272 14.419885318
273 14.526108792
274 14.6327220769
275 14.7397251727
276 14.8471180794
277 14.954900797
278 15.0630733256
279 15.171635665
280 15.2805878154
281 15.3899297767
282 15.4996615489
283 15.609783132
284 15.720294526
285 15.8311957309
286 15.9424867468
287 16.0541675735
288 16.1662382112
289 16.2786986598
290 16.3915489193
291 16.5047889897
292 16.6184188711
293 16.7324385633
294 16.8468480665
295 16.9616473805
296 17.0768365055
297 17.1924154414
298 17.3083841882
299 17.424742746
300 17.5414911146
301 17.6586292942
302 17.7761572846
303 17.894075086
304 18.0123826983
305 18.1310801215
306 18.2501673556
307 18.3696444007
308 18.4895112566
309 18.6097679235
310 18.7304144013
311 18.85145069
312 18.9728767896
313 19.0946927001
314 19.2168984215
315 19.3394939539
316 19.4624792971
317 19.5858544513
318 19.7096194164
319 19.8337741924
320 19.9583187793
321 20.0832531771
322 20.2085773859
323 20.3342914055
324 20.4603952361
325 20.5868888776
326 20.71377233
327 20.8410455933
328 20.9687086675
329 21.0967615526
330 21.2252042487
331 21.3540367556
332 21.4832590735
333 21.6128712023
334 21.742873142
335 21.8732648926
336 22.0040464542
337 22.1352178266
338 22.26677901
339 22.3987300042
340 22.5310708094
341 22.6638014255
342 22.7969218525
343 22.9304320905
344 23.0643321393
345 23.1986219991
346 23.3333016697
347 23.4683711513
348 23.6038304438
349 23.7396795472
350 23.8759184616
351 24.0125471868
352 24.1495657229
353 24.28697407
354 24.424772228
355 24.5629601969
356 24.7015379767
357 24.8405055674
358 24.979862969
359 25.1196101816
360 25.259747205
361 25.4002740394
362 25.5411906847
363 25.6824971409
364 25.824193408
365 25.966279486
366 26.108755375
367 26.2516210748
368 26.3948765856
369 26.5385219073
370 26.6825570399
371 26.8269819834
372 26.9717967378
373 27.1170013032
374 27.2625956794
375 27.4085798666
376 27.5549538647
377 27.7017176736
378 27.8488712936
379 27.9964147244
380 28.1443479661
381 28.2926710188
382 28.4413838823
383 28.5904865568
384 28.7399790422
385 28.8898613385
386 29.0401334457
387 29.1907953638
388 29.3418470929
389 29.4932886328
390 29.6451199837
391 29.7973411455
392 29.9499521182
393 30.1029529018
394 30.2563434963
395 30.4101239017
396 30.5642941181
397 30.7188541454
398 30.8738039835
399 31.0291436326
400 31.1848730926
401 31.3409923636
402 31.4975014454
403 31.6544003381
404 31.8116890418
405 31.9693675564
406 32.1274358819
407 32.2858940183
408 32.4447419656
409 32.6039797238
410 32.763607293
411 32.923624673
412 33.084031864
413 33.2448288659
414 33.4060156787
415 33.5675923024
416 33.729558737
417 33.8919149825
418 34.054661039
419 34.2177969064
420 34.3813225846
421 34.5452380738
422 34.7095433739
423 34.874238485
424 35.0393234069
425 35.2047981397
426 35.3706626835
427 35.5369170382
428 35.7035612038
429 35.8705951803
430 36.0380189677
431 36.205832566
432 36.3740359753
433 36.5426291954
434 36.7116122265
435 36.8809850685
436 37.0507477214
437 37.2209001852
438 37.3914424599
439 37.5623745455
440 37.7336964421
441 37.9054081496
442 38.0775096679
443 38.2500009972
444 38.4228821374
445 38.5961530886
446 38.7698138506
447 38.9438644235
448 39.1183048074
449 39.2931350022
450 39.4683550079
451 39.6439648245
452 39.819964452
453 39.9963538904
454 40.1731331398
455 40.3503022
456 40.5278610712
457 40.7058097533
458 40.8841482463
459 41.0628765502
460 41.241994665
461 41.4215025908
462 41.6014003274
463 41.781687875
464 41.9623652335
465 42.1434324029
466 42.3248893832
467 42.5067361744
468 42.6889727765
469 42.8715991896
470 43.0546154135
471 43.2380214484
472 43.4218172942
473 43.6060029509
474 43.7905784185
475 43.975543697
476 44.1608987865
477 44.3466436868
478 44.5327783981
479 44.7193029203
480 44.9062172534
481 45.0935213974
482 45.2812153523
483 45.4692991182
484 45.6577726949
485 45.8466360826
486 46.0358892812
487 46.2255322907
488 46.4155651111
489 46.6059877424
490 46.7968001846
491 46.9880024378
492 47.1795945019
493 47.3715763768
494 47.5639480627
495 47.7567095595
496 47.9498608672
497 48.1434019859
498 48.3373329154
499 48.5316536559
500 48.7263642073
501 48.9214645695
502 49.1169547427
503 49.3128347268
504 49.5091045219
505 49.7057641278
506 49.9028135447
507 50.1002527724
508 50.2980818111
509 50.4963006607
510 50.6949093212
511 50.8939077926
512 51.093296075
513 51.2930741682
514 51.4932420724
515 51.6937997875
516 51.8947473135
517 52.0960846504
518 52.2978117982
519 52.4999287569
520 52.7024355266
521 52.9053321071
522 53.1086184986
523 53.312294701
524 53.5163607143
525 53.7208165385
526 53.9256621736
527 54.1308976197
528 54.3365228766
529 54.5425379445
530 54.7489428233
531 54.955737513
532 55.1629220136
533 55.3704963251
534 55.5784604475
535 55.7868143809
536 55.9955581251
537 56.2046916803
538 56.4142150464
539 56.6241282234
540 56.8344312113
541 57.0451240102
542 57.2562066199
543 57.4676790406
544 57.6795412721
545 57.8917933146
546 58.104435168
547 58.3174668323
548 58.5308883076
549 58.7446995937
550 58.9589006908
551 59.1734915987
552 59.3884723176
553 59.6038428474
554 59.8196031881
555 60.0357533398
556 60.2522933023
557 60.4692230757
558 60.6865426601
559 60.9042520554
560 61.1223512616
561 61.3408402787
562 61.5597191067
563 61.7789877456
564 61.9986461955
565 62.2186944562
566 62.4391325279
567 62.6599604105
568 62.881178104
569 63.1027856084
570 63.3247829237
571 63.54717005
572 63.7699469871
573 63.9931137352
574 64.2166702942
575 64.4406166641
576 64.6649528449
577 64.8896788366
578 65.1147946393
579 65.3403002528
580 65.5661956773
581 65.7924809127
582 66.0191559589
583 66.2462208162
584 66.4736754843
585 66.7015199633
586 66.9297542533
587 67.1583783541
588 67.3873922659
589 67.6167959886
590 67.8465895222
591 68.0767728667
592 68.3073460221
593 68.5383089885
594 68.7696617657
595 69.0014043539
596 69.233536753
597 69.466058963
598 69.6989709839
599 69.9322728157
600 70.1659644584
601 70.4000459121
602 70.6345171767
603 70.8693782521
604 71.1046291385
605 71.3402698358
606 71.5763003441
607 71.8127206632
608 72.0495307932
609 72.2867307342
610 72.5243204861
611 72.7623000489
612 73.0006694226
613 73.2394286072
614 73.4785776027
615 73.7181164091
616 73.9580450265
617 74.1983634548
618 74.439071694
619 74.6801697441
620 74.9216576051
621 75.163535277
622 75.4058027598
623 75.6484600536
624 75.8915071582
625 76.1349440738
626 76.3787708003
627 76.6229873377
628 76.867593686
629 77.1125898453
630 77.3579758154
631 77.6037515965
632 77.8499171885
633 78.0964725914
634 78.3434178052
635 78.5907528299
636 78.8384776655
637 79.086592312
638 79.3350967695
639 79.5839910379
640 79.8332751172
641 80.0829490074
642 80.3330127085
643 80.5834662205
644 80.8343095434
645 81.0855426773
646 81.3371656221
647 81.5891783777
648 81.8415809443
649 82.0943733218
650 82.3475555103
651 82.6011275096
652 82.8550893198
653 83.109440941
654 83.3641823731
655 83.6193136161
656 83.87483467
657 84.1307455348
658 84.3870462105
659 84.6437366972
660 84.9008169947
661 85.1582871032
662 85.4161470226
663 85.6743967529
664 85.9330362941
665 86.1920656462
666 86.4514848092
667 86.7112937832
668 86.9714925681
669 87.2320811638
670 87.4930595705
671 87.7544277881
672 88.0161858167
673 88.2783336561
674 88.5408713065
675 88.8037987677
676 89.0671160399
677 89.330823123
678 89.594920017
679 89.8594067219
680 90.1242832377
681 90.3895495645
682 90.6552057021
683 90.9212516507
684 91.1876874102
685 91.4545129806
686 91.7217283619
687 91.9893335541
688 92.2573285573
689 92.5257133713
690 92.7944879963
691 93.0636524322
692 93.333206679
693 93.6031507367
694 93.8734846053
695 94.1442082848
696 94.4153217753
697 94.6868250766
698 94.9587181889
699 95.2310011121
700 95.5036738462
701 95.7767363912
702 96.0501887472
703 96.324030914
704 96.5982628918
705 96.8728846804
706 97.14789628
707 97.4232976905
708 97.6990889119
709 97.9752699443
710 98.2518407875
711 98.5288014417
712 98.8061519067
713 99.0838921827
714 99.3620222696
715 99.6405421674
716 99.9194518761
717 100.198751396
718 100.478440726
719 100.758519868
720 101.03898882
721 101.319847583
722 101.601096158
723 101.882734543
724 102.164762739
725 102.447180746
726 102.729988564
727 103.013186192
728 103.296773632
729 103.580750883
730 103.865117944
731 104.149874817
732 104.4350215
733 104.720557994
734 105.006484299
735 105.292800415
736 105.579506342
737 105.86660208
738 106.154087629
739 106.441962989
740 106.73022816
741 107.018883141
742 107.307927934
743 107.597362537
744 107.887186951
745 108.177401177
746 108.468005213
747 108.75899906
748 109.050382718
749 109.342156187
750 109.634319466
751 109.926872557
752 110.219815459
753 110.513148171
754 110.806870695
755 111.100983029
756 111.395485174
757 111.69037713
758 111.985658897
759 112.281330476
760 112.577391864
761 112.873843064
762 113.170684075
763 113.467914897
764 113.765535529
765 114.063545973
766 114.361946227
767 114.660736292
768 114.959916169
769 115.259485856
770 115.559445354
771 115.859794663
772 116.160533783
773 116.461662714
774 116.763181455
775 117.065090008
776 117.367388371
777 117.670076546
778 117.973154531
779 118.276622328
780 118.580479935
781 118.884727353
782 119.189364582
783 119.494391622
784 119.799808473
785 120.105615134
786 120.411811607
787 120.718397891
788 121.025373985
789 121.332739891
790 121.640495607
791 121.948641134
792 122.257176472
793 122.566101621
794 122.875416581
795 123.185121352
796 123.495215934
797 123.805700327
798 124.116574531
799 124.427838545
800 124.739492371
801 125.051536007
802 125.363969454
803 125.676792712
804 125.990005782
805 126.303608662
806 126.617601353
807 126.931983854
808 127.246756167
809 127.561918291
810 127.877470226
811 128.193411971
812 128.509743527
813 128.826464895
814 129.143576073
815 129.461077062
816 129.778967862
817 130.097248473
818 130.415918895
819 130.734979128
820 131.054429172
821 131.374269026
822 131.694498692
823 132.015118169
824 132.336127456
825 132.657526554
826 132.979315463
827 133.301494184
828 133.624062715
829 133.947021057
830 134.270369209
831 134.594107173
832 134.918234948
833 135.242752534
834 135.56765993
835 135.892957138
836 136.218644156
837 136.544720985
838 136.871187625
839 137.198044077
840 137.525290339
841 137.852926411
842 138.180952295
843 138.50936799
844 138.838173496
845 139.167368812
846 139.49695394
847 139.826928878
848 140.157293628
849 140.488048188
850 140.819192559
851 141.150726741
852 141.482650734
853 141.814964538
854 142.147668153
855 142.480761578
856 142.814244815
857 143.148117863
858 143.482380721
859 143.81703339
860 144.152075871
861 144.487508162
862 144.823330264
863 145.159542177
864 145.496143901
865 145.833135436
866 146.170516782
867 146.508287938
868 146.846448906
869 147.184999684
870 147.523940274
871 147.863270674
872 148.202990885
873 148.543100908
874 148.883600741
875 149.224490385
876 149.56576984
877 149.907439105
878 150.249498182
879 150.59194707
880 150.934785768
881 151.278014278
882 151.621632598
883 151.96564073
884 152.310038672
885 152.654826425
886 153.000003989
887 153.345571364
888 153.69152855
889 154.037875547
890 154.384612354
891 154.731738973
892 155.079255402
893 155.427161643
894 155.775457694
895 156.124143556
896 156.47321923
897 156.822684714
898 157.172540009
899 157.522785115
900 157.873420031
901 158.224444759
902 158.575859298
903 158.927663647
904 159.279857808
905 159.632441779
906 159.985415562
907 160.338779155
908 160.692532559
909 161.046675774
910 161.4012088
911 161.756131637
912 162.111444285
913 162.467146743
914 162.823239013
915 163.179721094
916 163.536592985
917 163.893854687
918 164.251506201
919 164.609547525
920 164.96797866
921 165.326799606
922 165.686010363
923 166.045610931
924 166.40560131
925 166.765981499
926 167.1267515
927 167.487911311
928 167.849460934
929 168.211400367
930 168.573729611
931 168.936448667
932 169.299557533
933 169.66305621
934 170.026944698
935 170.391222996
936 170.755891106
937 171.120949027
938 171.486396758
939 171.852234301
940 172.218461654
941 172.585078818
942 172.952085794
943 173.31948258
944 173.687269177
945 174.055445585
946 174.424011804
947 174.792967833
948 175.162313674
949 175.532049326
950 175.902174788
951 176.272690062
952 176.643595146
953 177.014890041
954 177.386574747
955 177.758649264
956 178.131113592
957 178.503967731
958 178.877211681
959 179.250845442
960 179.624869014
961 179.999282396
962 180.37408559
963 180.749278594
964 181.124861409
965 181.500834036
966 181.877196473
967 182.253948721
968 182.63109078
969 183.00862265
970 183.38654433
971 183.764855822
972 184.143557125
973 184.522648238
974 184.902129163
975 185.281999898
976 185.662260444
977 186.042910802
978 186.42395097
979 186.805380949
980 187.187200739
981 187.569410339
982 187.952009751
983 188.334998974
984 188.718378007
985 189.102146852
986 189.486305507
987 189.870853974
988 190.255792251
989 190.641120339
990 191.026838238
991 191.412945948
992 191.799443469
993 192.186330801
994 192.573607943
995 192.961274897
996 193.349331662
997 193.737778237
998 194.126614624
999 194.515840821
