10 0.0843746566359
11 0.102093334529
12 0.121499505556
13 0.142593169715
14 0.165374327006
15 0.189842977431
16 0.215999120988
17 0.243842757678
18 0.2733738875
19 0.304592510456
20 0.337498626544
21 0.372092235764
22 0.408373338118
23 0.446341933604
24 0.485998022223
25 0.527341603975
26 0.570372678859
27 0.615091246876
28 0.661497308026
29 0.709590862308
30 0.759371909723
31 0.810840450271
32 0.863996483952
33 0.918840010765
34 0.975371030711
35 1.03358954379
36 1.09349555
37 1.15508904935
38 1.21837004182
39 1.28333852743
40 1.34999450617
41 1.41833797805
42 1.48836894306
43 1.5600874012
44 1.63349335247
45 1.70858679688
46 1.78536773442
47 1.86383616509
48 1.94399208889
49 2.02583550583
50 2.1093664159
51 2.1945848191
52 2.28149071544
53 2.3700841049
54 2.4603649875
55 2.55233336324
56 2.6459892321
57 2.7413325941
58 2.83836344923
59 2.9370817975
60 3.03748763889
61 3.13958097342
62 3.24336180109
63 3.34883012188
64 3.45598593581
65 3.56482924287
66 3.67536004306
67 3.78757833639
68 3.90148412285
69 4.01707740244
70 4.13435817516
71 4.25332644102
72 4.37398220001
73 4.49632545213
74 4.62035619738
75 4.74607443577
76 4.87348016729
77 5.00257339194
78 5.13335410973
79 5.26582232065
80 5.3999780247
81 5.53582122188
82 5.6733519122
83 5.81257009565
84 5.95347577223
85 6.09606894195
86 6.24034960479
87 6.38631776077
88 6.53397340989
89 6.68331655213
90 6.83434718751
91 6.98706531602
92 7.14147093767
93 7.29756405244
94 7.45534466035
95 7.61481276139
96 7.77596835557
97 7.93881144287
98 8.10334202331
99 8.26956009689
100 8.43746566359
101 8.60705872343
102 8.7783392764
103 8.95130732251
104 9.12596286174
105 9.30230589411
106 9.48033641961
107 9.66005443825
108 9.84145995002
109 10.0245529549
110 10.2093334529
111 10.3958014441
112 10.5839569284
113 10.7737999058
114 10.9653303764
115 11.1585483401
116 11.3534537969
117 11.5500467469
118 11.74832719
119 11.9482951262
120 12.1499505556
121 12.3532934781
122 12.5583238937
123 12.7650418025
124 12.9734472043
125 13.1835400994
126 13.3953204875
127 13.6087883688
128 13.8239437432
129 14.0407866108
130 14.2593169715
131 14.4795348253
132 14.7014401722
133 14.9250330123
134 15.1503133455
135 15.3772811719
136 15.6059364914
137 15.836279304
138 16.0683096097
139 16.3020274086
140 16.5374327006
141 16.7745254858
142 17.0133057641
143 17.2537735355
144 17.4959288
145 17.7397715577
146 17.9853018085
147 18.2325195525
148 18.4814247895
149 18.7320175197
150 18.9842977431
151 19.2382654596
152 19.4939206692
153 19.7512633719
154 20.0102935678
155 20.2710112568
156 20.5334164389
157 20.7975091142
158 21.0632892826
159 21.3307569441
160 21.5999120988
161 21.8707547466
162 22.1432848875
163 22.4175025216
164 22.6934076488
165 22.9710002691
166 23.2502803826
167 23.5312479892
168 23.8139030889
169 24.0982456818
170 24.3842757678
171 24.6719933469
172 24.9613984192
173 25.2524909846
174 25.5452710431
175 25.8397385948
176 26.1358936395
177 26.4337361775
178 26.7332662085
179 27.0344837327
180 27.33738875
181 27.6419812605
182 27.9482612641
183 28.2562287608
184 28.5658837507
185 28.8772262336
186 29.1902562098
187 29.504973679
188 29.8213786414
189 30.1394710969
190 30.4592510456
191 30.7807184874
192 31.1038734223
193 31.4287158503
194 31.7552457715
195 32.0834631858
196 32.4133680933
197 32.7449604938
198 33.0782403876
199 33.4132077744
200 33.7498626544
201 34.0882050275
202 34.4282348937
203 34.7699522531
204 35.1133571056
205 35.4584494513
206 35.80522929
207 36.1536966219
208 36.503851447
209 36.8556937651
210 37.2092235764
211 37.5644408809
212 37.9213456785
213 38.2799379692
214 38.640217753
215 39.00218503
216 39.3658398001
217 39.7311820633
218 40.0982118197
219 40.4669290692
220 40.8373338118
221 41.2094260476
222 41.5832057765
223 41.9586729985
224 42.3358277136
225 42.7146699219
226 43.0951996234
227 43.4774168179
228 43.8613215056
229 44.2469136864
230 44.6341933604
231 45.0231605275
232 45.4138151877
233 45.8061573411
234 46.2001869876
235 46.5959041272
236 46.9933087599
237 47.3924008858
238 47.7931805049
239 48.195647617
240 48.5998022223
241 49.0056443207
242 49.4131739123
243 49.822390997
244 50.2332955748
245 50.6458876457
246 51.0601672098
247 51.476134267
248 51.8937888174
249 52.3131308608
250 52.7341603975
251 53.1568774272
252 53.5812819501
253 54.0073739661
254 54.4351534752
255 54.8646204775
256 55.2957749729
257 55.7286169615
258 56.1631464431
259 56.5993634179
260 57.0372678859
261 57.476859847
262 57.9181393012
263 58.3611062485
264 58.805760689
265 59.2521026226
266 59.7001320493
267 60.1498489692
268 60.6012533822
269 61.0543452883
270 61.5091246876
271 61.96559158
272 62.4237459655
273 62.8835878442
274 63.345117216
275 63.8083340809
276 64.273238439
277 64.7398302902
278 65.2081096345
279 65.678076472
280 66.1497308026
281 66.6230726263
282 67.0981019432
283 67.5748187532
284 68.0532230563
285 68.5333148525
286 69.0150941419
287 69.4985609245
288 69.9837152001
289 70.4705569689
290 70.9590862308
291 71.4493029859
292 71.9412072341
293 72.4347989754
294 72.9300782098
295 73.4270449374
296 73.9256991581
297 74.426040872
298 74.928070079
299 75.4317867791
300 75.9371909723
301 76.4442826587
302 76.9530618382
303 77.4635285109
304 77.9756826767
305 78.4895243356
306 79.0050534876
307 79.5222701328
308 80.0411742711
309 80.5617659026
310 81.0840450271
311 81.6080116448
312 82.1336657557
313 82.6610073597
314 83.1900364568
315 83.720753047
316 84.2531571304
317 84.7872487069
318 85.3230277765
319 85.8604943393
320 86.3996483952
321 86.9404899442
322 87.4830189864
323 88.0272355217
324 88.5731395501
325 89.1207310717
326 89.6700100864
327 90.2209765942
328 90.7736305952
329 91.3279720893
330 91.8840010765
331 92.4417175569
332 93.0011215304
333 93.562212997
334 94.1249919568
335 94.6894584097
336 95.2556123557
337 95.8234537949
338 96.3929827272
339 96.9641991526
340 97.5371030711
341 98.1116944828
342 98.6879733877
343 99.2659397856
344 99.8455936767
345 100.426935061
346 101.009963938
347 101.594680309
348 102.181084172
349 102.769175529
350 103.358954379
351 103.950420722
352 104.543574558
353 105.138415887
354 105.73494471
355 106.333161025
356 106.933064834
357 107.534656136
358 108.137934931
359 108.742901219
360 109.349555
361 109.957896275
362 110.567925042
363 111.179641303
364 111.793045056
365 112.408136303
366 113.024915043
367 113.643381276
368 114.263535003
369 114.885376222
370 115.508904935
371 116.13412114
372 116.761024839
373 117.389616031
374 118.019894716
375 118.651860894
376 119.285514566
377 119.92085573
378 120.557884388
379 121.196600538
380 121.837004182
381 122.479095319
382 123.122873949
383 123.768340073
384 124.415493689
385 125.064334799
386 125.714863401
387 126.367079497
388 127.020983086
389 127.676574168
390 128.333852743
391 128.992818812
392 129.653472373
393 130.315813428
394 130.979841975
395 131.645558016
396 132.31296155
397 132.982052577
398 133.652831098
399 134.325297111
400 134.999450617
401 135.675291617
402 136.35282011
403 137.032036096
404 137.712939575
405 138.395530547
406 139.079809012
407 139.765774971
408 140.453428422
409 141.142769367
410 141.833797805
411 142.526513736
412 143.22091716
413 143.917008077
414 144.614786488
415 145.314252391
416 146.015405788
417 146.718246678
418 147.422775061
419 148.128990937
420 148.836894306
421 149.546485168
422 150.257763524
423 150.970729372
424 151.685382714
425 152.401723549
426 153.119751877
427 153.839467698
428 154.560871012
429 155.283961819
430 156.00874012
431 156.735205913
432 157.4633592
433 158.19319998
434 158.924728253
435 159.657944019
436 160.392847279
437 161.129438031
438 161.867716277
439 162.607682015
440 163.349335247
441 164.092675972
442 164.83770419
443 165.584419901
444 166.332823106
445 167.082913803
446 167.834691994
447 168.588157678
448 169.343310855
449 170.100151525
450 170.858679688
451 171.618895344
452 172.380798493
453 173.144389136
454 173.909667272
455 174.676632901
456 175.445286022
457 176.215626638
458 176.987654746
459 177.761370347
460 178.536773442
461 179.313864029
462 180.09264211
463 180.873107684
464 181.655260751
465 182.439101311
466 183.224629364
467 184.011844911
468 184.80074795
469 185.591338483
470 186.383616509
471 187.177582028
472 187.97323504
473 188.770575545
474 189.569603543
475 190.370319035
476 191.172722019
477 191.976812497
478 192.782590468
479 193.590055932
480 194.399208889
481 195.210049339
482 196.022577283
483 196.836792719
484 197.652695649
485 198.470286072
486 199.289563988
487 200.110529397
488 200.933182299
489 201.757522694
490 202.583550583
491 203.411265964
492 204.240668839
493 205.071759207
494 205.904537068
495 206.739002422
496 207.575155269
497 208.41299561
498 209.252523443
499 210.09373877
500 210.93664159
501 211.781231903
502 212.627509709
503 213.475475008
504 214.3251278
505 215.176468086
506 216.029495864
507 216.884211136
508 217.740613901
509 218.598704159
510 219.45848191
511 220.319947154
512 221.183099892
513 222.047940122
514 222.914467846
515 223.782683063
516 224.652585773
517 225.524175976
518 226.397453672
519 227.272418861
520 228.149071544
521 229.027411719
522 229.907439388
523 230.78915455
524 231.672557205
525 232.557647353
526 233.444424994
527 234.332890128
528 235.223042756
529 236.114882877
530 237.00841049
531 237.903625597
532 238.800528197
533 239.69911829
534 240.599395877
535 241.501360956
536 242.405013529
537 243.310353594
538 244.217381153
539 245.126096205
540 246.03649875
541 246.948588789
542 247.86236632
543 248.777831344
544 249.694983862
545 250.613823873
546 251.534351377
547 252.456566374
548 253.380468864
549 254.306058847
550 255.233336324
551 256.162301293
552 257.092953756
553 258.025293712
554 258.959321161
555 259.895036103
556 260.832438538
557 261.771528466
558 262.712305888
559 263.654770803
560 264.59892321
561 265.544763111
562 266.492290505
563 267.441505392
564 268.392407773
565 269.344997646
566 270.299275013
567 271.255239872
568 272.212892225
569 273.172232071
570 274.13325941
571 275.095974242
572 276.060376568
573 277.026466386
574 277.994243698
575 278.963708503
576 279.9348608
577 280.907700591
578 281.882227876
579 282.858442653
580 283.836344923
581 284.815934687
582 285.797211943
583 286.780176693
584 287.764828936
585 288.751168672
586 289.739195902
587 290.728910624
588 291.720312839
589 292.713402548
590 293.70817975
591 294.704644445
592 295.702796633
593 296.702636314
594 297.704163488
595 298.707378155
596 299.712280316
597 300.71886997
598 301.727147116
599 302.737111756
600 303.748763889
601 304.762103516
602 305.777130635
603 306.793845247
604 307.812247353
605 308.832336952
606 309.854114044
607 310.877578629
608 311.902730707
609 312.929570278
610 313.958097342
611 314.9883119
612 316.02021395
613 317.053803494
614 318.089080531
615 319.126045061
616 320.164697084
617 321.205036601
618 322.24706361
619 323.290778113
620 324.336180109
621 325.383269597
622 326.432046579
623 327.482511054
624 328.534663023
625 329.588502484
626 330.644029439
627 331.701243886
628 332.760145827
629 333.820735261
630 334.883012188
631 335.946976608
632 337.012628522
633 338.079967928
634 339.148994828
635 340.21970922
636 341.292111106
637 342.366200485
638 343.441977357
639 344.519441722
640 345.598593581
641 346.679432932
642 347.761959777
643 348.846174115
644 349.932075946
645 351.01966527
646 352.108942087
647 353.199906397
648 354.292558201
649 355.386897497
650 356.482924287
651 357.58063857
652 358.680040346
653 359.781129615
654 360.883906377
655 361.988370632
656 363.094522381
657 364.202361622
658 365.311888357
659 366.423102585
660 367.536004306
661 368.65059352
662 369.766870228
663 370.884834428
664 372.004486122
665 373.125825308
666 374.248851988
667 375.373566161
668 376.499967827
669 377.628056986
670 378.757833639
671 379.889297784
672 381.022449423
673 382.157288555
674 383.293815179
675 384.432029297
676 385.571930909
677 386.713520013
678 387.85679661
679 389.001760701
680 390.148412285
681 391.296751361
682 392.446777931
683 393.598491994
684 394.751893551
685 395.9069826
686 397.063759142
687 398.222223178
688 399.382374707
689 400.544213729
690 401.707740244
691 402.872954252
692 404.039855753
693 405.208444747
694 406.378721235
695 407.550685216
696 408.72433669
697 409.899675656
698 411.076702117
699 412.25541607
700 413.435817516
701 414.617906456
702 415.801682888
703 416.987146814
704 418.174298233
705 419.363137145
706 420.55366355
707 421.745877448
708 422.93977884
709 424.135367724
710 425.332644102
711 426.531607973
712 427.732259336
713 428.934598194
714 430.138624544
715 431.344338387
716 432.551739723
717 433.760828553
718 434.971604876
719 436.184068692
720 437.398220001
721 438.614058803
722 439.831585098
723 441.050798886
724 442.271700168
725 443.494288943
726 444.71856521
727 445.944528971
728 447.172180225
729 448.401518973
730 449.632545213
731 450.865258946
732 452.099660173
733 453.335748893
734 454.573525105
735 455.812988811
736 457.054140011
737 458.296978703
738 459.541504888
739 460.787718567
740 462.035619738
741 463.285208403
742 464.536484561
743 465.789448212
744 467.044099356
745 468.300437994
746 469.558464124
747 470.818177748
748 472.079578864
749 473.342667474
750 474.607443577
751 475.873907173
752 477.142058262
753 478.411896845
754 479.68342292
755 480.956636489
756 482.231537551
757 483.508126106
758 484.786402154
759 486.066365695
760 487.348016729
761 488.631355257
762 489.916381277
763 491.203094791
764 492.491495798
765 493.781584298
766 495.073360291
767 496.366823777
768 497.661974756
769 498.958813229
770 500.257339194
771 501.557552653
772 502.859453605
773 504.16304205
774 505.468317988
775 506.77528142
776 508.083932344
777 509.394270762
778 510.706296672
779 512.020010076
780 513.335410973
781 514.652499363
782 515.971275246
783 517.291738623
784 518.613889492
785 519.937727855
786 521.263253711
787 522.590467059
788 523.919367901
789 525.249956237
790 526.582232065
791 527.916195386
792 529.251846201
793 530.589184508
794 531.928210309
795 533.268923603
796 534.61132439
797 535.955412671
798 537.301188444
799 538.64865171
800 539.99780247
801 541.348640723
802 542.701166469
803 544.055379708
804 545.41128044
805 546.768868665
806 548.128144383
807 549.489107595
808 550.8517583
809 552.216096497
810 553.582122188
811 554.949835372
812 556.31923605
813 557.69032422
814 559.063099883
815 560.43756304
816 561.81371369
817 563.191551833
818 564.571077469
819 565.952290598
820 567.33519122
821 568.719779335
822 570.106054944
823 571.494018046
824 572.88366864
825 574.275006728
826 575.668032309
827 577.062745384
828 578.459145951
829 579.857234011
830 581.257009565
831 582.658472612
832 584.061623152
833 585.466461184
834 586.872986711
835 588.28119973
836 589.691100242
837 591.102688248
838 592.515963746
839 593.930926738
840 595.347577223
841 596.765915201
842 598.185940672
843 599.607653637
844 601.031054094
845 602.456142045
846 603.882917488
847 605.311380425
848 606.741530855
849 608.173368778
850 609.606894195
851 611.042107104
852 612.479007506
853 613.917595402
854 615.357870791
855 616.799833673
856 618.243484048
857 619.688821916
858 621.135847277
859 622.584560132
860 624.034960479
861 625.48704832
862 626.940823654
863 628.396286481
864 629.853436801
865 631.312274614
866 632.772799921
867 634.23501272
868 635.698913013
869 637.164500798
870 638.631776077
871 640.100738849
872 641.571389115
873 643.043726873
874 644.517752124
875 645.993464869
876 647.470865107
877 648.949952837
878 650.430728061
879 651.913190778
880 653.397340989
881 654.883178692
882 656.370703889
883 657.859916578
884 659.350816761
885 660.843404437
886 662.337679606
887 663.833642268
888 665.331292423
889 666.830630072
890 668.331655213
891 669.834367848
892 671.338767976
893 672.844855597
894 674.352630711
895 675.862093318
896 677.373243418
897 678.886081012
898 680.400606098
899 681.916818678
900 683.434718751
901 684.954306317
902 686.475581376
903 687.998543928
904 689.523193974
905 691.049531512
906 692.577556544
907 694.107269069
908 695.638669087
909 697.171756598
910 698.706531602
911 700.242994099
912 701.78114409
913 703.320981574
914 704.86250655
915 706.40571902
916 707.950618983
917 709.497206439
918 711.045481389
919 712.595443831
920 714.147093767
921 715.700431195
922 717.255456117
923 718.812168532
924 720.37056844
925 721.930655841
926 723.492430736
927 725.055893123
928 726.621043004
929 728.187880377
930 729.756405244
931 731.326617604
932 732.898517457
933 734.472104804
934 736.047379643
935 737.624341975
936 739.202991801
937 740.78332912
938 742.365353932
939 743.949066237
940 745.534466035
941 747.121553326
942 748.710328111
943 750.300790388
944 751.892940159
945 753.486777423
946 755.08230218
947 756.67951443
948 758.278414173
949 759.87900141
950 761.481276139
951 763.085238362
952 764.690888078
953 766.298225287
954 767.907249989
955 769.517962184
956 771.130361872
957 772.744449054
958 774.360223728
959 775.977685896
960 777.596835557
961 779.217672711
962 780.840197358
963 782.464409498
964 784.090309131
965 785.717896258
966 787.347170878
967 788.97813299
968 790.610782596
969 792.245119695
970 793.881144287
971 795.518856373
972 797.158255951
973 798.799343023
974 800.442117587
975 802.086579645
976 803.732729196
977 805.38056624
978 807.030090778
979 808.681302808
980 810.334202331
981 811.988789348
982 813.645063858
983 815.303025861
984 816.962675357
985 818.624012346
986 820.287036828
987 821.951748804
988 823.618148272
989 825.286235234
990 826.956009689
991 828.627471637
992 830.300621078
993 831.975458012
994 833.651982439
995 835.33019436
996 837.010093773
997 838.69168068
998 840.37495508
999 842.059916973
