10 0.974527284145
11 1.17917801382
12 1.40331928917
13 1.64695111021
14 1.91007347692
15 2.19268638933
16 2.49478984741
17 2.81638385118
18 3.15746840063
19 3.51804349576
20 3.89810913658
21 4.29766532308
22 4.71671205526
23 5.15524933313
24 5.61327715668
25 6.09079552591
26 6.58780444082
27 7.10430390142
28 7.6402939077
29 8.19577445966
30 8.77074555731
31 9.36520720063
32 9.97915938964
33 10.6126021243
34 11.2655354047
35 11.9379592308
36 12.6298736025
37 13.3412785199
38 14.0721739831
39 14.8225599918
40 15.5924365463
41 16.3818036465
42 17.1906612923
43 18.0190094838
44 18.866848221
45 19.7341775039
46 20.6209973325
47 21.5273077068
48 22.4531086267
49 23.3984000923
50 24.3631821036
51 25.3474546606
52 26.3512177633
53 27.3744714116
54 28.4172156057
55 29.4794503454
56 30.5611756308
57 31.6623914619
58 32.7830978386
59 33.9232947611
60 35.0829822292
61 36.262160243
62 37.4608288025
63 38.6789879077
64 39.9166375586
65 41.1737777551
66 42.4504084974
67 43.7465297853
68 45.0621416189
69 46.3972439981
70 47.7518369231
71 49.1259203937
72 50.5194944101
73 51.9325589721
74 53.3651140798
75 54.8171597332
76 56.2886959322
77 57.779722677
78 59.2902399674
79 60.8202478035
80 62.3697461853
81 63.9387351128
82 65.5272145859
83 67.1351846047
84 68.7626451693
85 70.4095962795
86 72.0760379354
87 73.7619701369
88 75.4673928842
89 77.1923061771
90 78.9367100157
91 80.7006044
92 82.48398933
93 84.2868648057
94 86.1092308271
95 87.9510873941
96 89.8124345068
97 91.6932721652
98 93.5936003693
99 95.5134191191
100 97.4527284145
101 99.4115282556
102 101.389818642
103 103.387599575
104 105.404871053
105 107.441633077
106 109.497885647
107 111.573628762
108 113.668862423
109 115.783586629
110 117.917801382
111 120.07150668
112 122.244702523
113 124.437388912
114 126.649565847
115 128.881233328
116 131.132391355
117 133.403039927
118 135.693179044
119 138.002808708
120 140.331928917
121 142.680539672
122 145.048640972
123 147.436232818
124 149.84331521
125 152.269888148
126 154.715951631
127 157.18150566
128 159.666550234
129 162.171085355
130 164.695111021
131 167.238627232
132 169.801633989
133 172.384131292
134 174.986119141
135 177.607597535
136 180.248566475
137 182.909025961
138 185.588975993
139 188.28841657
140 191.007347692
141 193.745769361
142 196.503681575
143 199.281084335
144 202.07797764
145 204.894361491
146 207.730235888
147 210.585600831
148 213.460456319
149 216.354802353
150 219.268638933
151 222.201966058
152 225.154783729
153 228.127091946
154 231.118890708
155 234.130180016
156 237.16095987
157 240.211230269
158 243.280991214
159 246.370242705
160 249.478984741
161 252.607217323
162 255.754940451
163 258.922154124
164 262.108858344
165 265.315053108
166 268.540738419
167 271.785914275
168 275.050580677
169 278.334737625
170 281.638385118
171 284.961523157
172 288.304151741
173 291.666270872
174 295.047880548
175 298.448980769
176 301.869571537
177 305.30965285
178 308.769224709
179 312.248287113
180 315.746840063
181 319.264883559
182 322.8024176
183 326.359442187
184 329.93595732
185 333.531962999
186 337.147459223
187 340.782445993
188 344.436923308
189 348.110891169
190 351.804349576
191 355.517298529
192 359.249738027
193 363.001668071
194 366.773088661
195 370.563999796
196 374.374401477
197 378.204293704
198 382.053676476
199 385.922549794
200 389.810913658
201 393.718768067
202 397.646113023
203 401.592948523
204 405.55927457
205 409.545091162
206 413.5503983
207 417.575195983
208 421.619484212
209 425.683262987
210 429.766532308
211 433.869292174
212 437.991542586
213 442.133283544
214 446.294515047
215 450.475237096
216 454.675449691
217 458.895152831
218 463.134346517
219 467.393030749
220 471.671205526
221 475.968870849
222 480.286026718
223 484.622673132
224 488.978810093
225 493.354437598
226 497.74955565
227 502.164164247
228 506.59826339
229 511.051853078
230 515.524933313
231 520.017504093
232 524.529565418
233 529.061117289
234 533.612159706
235 538.182692669
236 542.772716177
237 547.382230231
238 552.011234831
239 556.659729976
240 561.327715668
241 566.015191904
242 570.722158687
243 575.448616015
244 580.194563889
245 584.960002308
246 589.744931273
247 594.549350784
248 599.373260841
249 604.216661443
250 609.079552591
251 613.961934284
252 618.863806523
253 623.785169308
254 628.726022639
255 633.686366515
256 638.666200937
257 643.665525905
258 648.684341418
259 653.722647477
260 658.780444082
261 663.857731232
262 668.954508928
263 674.07077717
264 679.206535958
265 684.361785291
266 689.53652517
267 694.730755594
268 699.944476564
269 705.17768808
270 710.430390142
271 715.702582749
272 720.994265902
273 726.3054396
274 731.636103845
275 736.986258635
276 742.35590397
277 747.745039852
278 753.153666279
279 758.581783251
280 764.02939077
281 769.496488834
282 774.983077443
283 780.489156599
284 786.0147263
285 791.559786547
286 797.124337339
287 802.708378677
288 808.311910561
289 813.934932991
290 819.577445966
291 825.239449487
292 830.920943553
293 836.621928166
294 842.342403324
295 848.082369027
296 853.841825276
297 859.620772071
298 865.419209412
299 871.237137298
300 877.074555731
301 882.931464708
302 888.807864232
303 894.703754301
304 900.619134915
305 906.554006076
306 912.508367782
307 918.482220034
308 924.475562831
309 930.488396174
310 936.520720063
311 942.572534498
312 948.643839478
313 954.734635004
314 960.844921076
315 966.974697693
316 973.123964856
317 979.292722564
318 985.480970819
319 991.688709619
320 997.915938964
321 1004.16265886
322 1010.42886929
323 1016.71457028
324 1023.0197618
325 1029.34444388
326 1035.6886165
327 1042.05227966
328 1048.43543337
329 1054.83807763
330 1061.26021243
331 1067.70183778
332 1074.16295368
333 1080.64356012
334 1087.1436571
335 1093.66324463
336 1100.20232271
337 1106.76089133
338 1113.3389505
339 1119.93650021
340 1126.55354047
341 1133.19007128
342 1139.84609263
343 1146.52160452
344 1153.21660697
345 1159.93109995
346 1166.66508349
347 1173.41855757
348 1180.19152219
349 1186.98397736
350 1193.79592308
351 1200.62735934
352 1207.47828615
353 1214.3487035
354 1221.2386114
355 1228.14800984
356 1235.07689883
357 1242.02527837
358 1248.99314845
359 1255.98050908
360 1262.98736025
361 1270.01370197
362 1277.05953423
363 1284.12485705
364 1291.2096704
365 1298.3139743
366 1305.43776875
367 1312.58105374
368 1319.74382928
369 1326.92609536
370 1334.12785199
371 1341.34909917
372 1348.58983689
373 1355.85006516
374 1363.12978397
375 1370.42899333
376 1377.74769323
377 1385.08588368
378 1392.44356468
379 1399.82073622
380 1407.21739831
381 1414.63355094
382 1422.06919412
383 1429.52432784
384 1436.99895211
385 1444.49306692
386 1452.00667228
387 1459.53976819
388 1467.09235464
389 1474.66443164
390 1482.25599918
391 1489.86705727
392 1497.49760591
393 1505.14764509
394 1512.81717482
395 1520.50619509
396 1528.2147059
397 1535.94270727
398 1543.69019918
399 1551.45718163
400 1559.24365463
401 1567.04961818
402 1574.87507227
403 1582.72001691
404 1590.58445209
405 1598.46837782
406 1606.37179409
407 1614.29470091
408 1622.23709828
409 1630.19898619
410 1638.18036465
411 1646.18123365
412 1654.2015932
413 1662.24144329
414 1670.30078393
415 1678.37961512
416 1686.47793685
417 1694.59574913
418 1702.73305195
419 1710.88984532
420 1719.06612923
421 1727.26190369
422 1735.4771687
423 1743.71192425
424 1751.96617034
425 1760.23990699
426 1768.53313417
427 1776.84585191
428 1785.17806019
429 1793.52975901
430 1801.90094838
431 1810.2916283
432 1818.70179876
433 1827.13145977
434 1835.58061132
435 1844.04925342
436 1852.53738607
437 1861.04500926
438 1869.572123
439 1878.11872728
440 1886.6848221
441 1895.27040748
442 1903.8754834
443 1912.50004986
444 1921.14410687
445 1929.80765443
446 1938.49069253
447 1947.19322118
448 1955.91524037
449 1964.65675011
450 1973.41775039
451 1982.19824122
452 1990.9982226
453 1999.81769452
454 2008.65665699
455 2017.51511
456 2026.39305356
457 2035.29048766
458 2044.20741231
459 2053.14382751
460 2062.09973325
461 2071.07512954
462 2080.07001637
463 2089.08439375
464 2098.11826167
465 2107.17162014
466 2116.24446916
467 2125.33680872
468 2134.44863883
469 2143.57995948
470 2152.73077068
471 2161.90107242
472 2171.09086471
473 2180.30014754
474 2189.52892093
475 2198.77718485
476 2208.04493932
477 2217.33218434
478 2226.63891991
479 2235.96514602
480 2245.31086267
481 2254.67606987
482 2264.06076762
483 2273.46495591
484 2282.88863475
485 2292.33180413
486 2301.79446406
487 2311.27661453
488 2320.77825555
489 2330.29938712
490 2339.84000923
491 2349.40012189
492 2358.97972509
493 2368.57881884
494 2378.19740314
495 2387.83547798
496 2397.49304336
497 2407.17009929
498 2416.86664577
499 2426.58268279
500 2436.31821036
501 2446.07322848
502 2455.84773714
503 2465.64173634
504 2475.45522609
505 2485.28820639
506 2495.14067723
507 2505.01263862
508 2514.90409056
509 2524.81503304
510 2534.74546606
511 2544.69538963
512 2554.66480375
513 2564.65370841
514 2574.66210362
515 2584.68998937
516 2594.73736567
517 2604.80423252
518 2614.89058991
519 2624.99643785
520 2635.12177633
521 2645.26660536
522 2655.43092493
523 2665.61473505
524 2675.81803571
525 2686.04082692
526 2696.28310868
527 2706.54488098
528 2716.82614383
529 2727.12689722
530 2737.44714116
531 2747.78687565
532 2758.14610068
533 2768.52481625
534 2778.92302238
535 2789.34071904
536 2799.77790626
537 2810.23458402
538 2820.71075232
539 2831.20641117
540 2841.72156057
541 2852.25620051
542 2862.810331
543 2873.38395203
544 2883.97706361
545 2894.58966573
546 2905.2217584
547 2915.87334162
548 2926.54441538
549 2937.23497969
550 2947.94503454
551 2958.67457994
552 2969.42361588
553 2980.19214237
554 2990.98015941
555 3001.78766699
556 3012.61466511
557 3023.46115379
558 3034.32713301
559 3045.21260277
560 3056.11756308
561 3067.04201393
562 3077.98595533
563 3088.94938728
564 3099.93230977
565 3110.93472281
566 3121.9566264
567 3132.99802052
568 3144.0589052
569 3155.13928042
570 3166.23914619
571 3177.3585025
572 3188.49734936
573 3199.65568676
574 3210.83351471
575 3222.0308332
576 3233.24764224
577 3244.48394183
578 3255.73973196
579 3267.01501264
580 3278.30978386
581 3289.62404563
582 3300.95779795
583 3312.31104081
584 3323.68377421
585 3335.07599817
586 3346.48771266
587 3357.91891771
588 3369.36961329
589 3380.83979943
590 3392.32947611
591 3403.83864333
592 3415.36730111
593 3426.91544942
594 3438.48308829
595 3450.07021769
596 3461.67683765
597 3473.30294815
598 3484.94854919
599 3496.61364079
600 3508.29822292
601 3520.0022956
602 3531.72585883
603 3543.46891261
604 3555.23145693
605 3567.01349179
606 3578.8150172
607 3590.63603316
608 3602.47653966
609 3614.33653671
610 3626.2160243
611 3638.11500244
612 3650.03347113
613 3661.97143036
614 3673.92888014
615 3685.90582046
616 3697.90225133
617 3709.91817274
618 3721.9535847
619 3734.0084872
620 3746.08288025
621 3758.17676385
622 3770.29013799
623 3782.42300268
624 3794.57535791
625 3806.74720369
626 3818.93854002
627 3831.14936689
628 3843.3796843
629 3855.62949226
630 3867.89879077
631 3880.18757982
632 3892.49585942
633 3904.82362957
634 3917.17089026
635 3929.53764149
636 3941.92388328
637 3954.3296156
638 3966.75483848
639 3979.19955189
640 3991.66375586
641 4004.14745037
642 4016.65063542
643 4029.17331102
644 4041.71547717
645 4054.27713386
646 4066.8582811
647 4079.45891889
648 4092.07904722
649 4104.71866609
650 4117.37777551
651 4130.05637548
652 4142.75446599
653 4155.47204705
654 4168.20911865
655 4180.9656808
656 4193.7417335
657 4206.53727674
658 4219.35231053
659 4232.18683486
660 4245.04084974
661 4257.91435516
662 4270.80735113
663 4283.71983764
664 4296.6518147
665 4309.60328231
666 4322.57424046
667 4335.56468916
668 4348.5746284
669 4361.60405819
670 4374.65297853
671 4387.72138941
672 4400.80929083
673 4413.91668281
674 4427.04356532
675 4440.18993839
676 4453.35580199
677 4466.54115615
678 4479.74600085
679 4492.97033609
680 4506.21416189
681 4519.47747822
682 4532.76028511
683 4546.06258254
684 4559.38437051
685 4572.72564903
686 4586.0864181
687 4599.46667771
688 4612.86642786
689 4626.28566857
690 4639.72439981
691 4653.18262161
692 4666.66033395
693 4680.15753683
694 4693.67423026
695 4707.21041424
696 4720.76608876
697 4734.34125383
698 4747.93590945
699 4761.55005561
700 4775.18369231
701 4788.83681956
702 4802.50943736
703 4816.2015457
704 4829.91314459
705 4843.64423402
706 4857.394814
707 4871.16488453
708 4884.9544456
709 4898.76349721
710 4912.59203937
711 4926.44007208
712 4940.30759534
713 4954.19460914
714 4968.10111348
715 4982.02710837
716 4995.97259381
717 5009.93756979
718 5023.92203632
719 5037.92599339
720 5051.94944101
721 5065.99237917
722 5080.05480788
723 5094.13672714
724 5108.23813694
725 5122.35903729
726 5136.49942818
727 5150.65930962
728 5164.8386816
729 5179.03754413
730 5193.25589721
731 5207.49374083
732 5221.751075
733 5236.02789971
734 5250.32421497
735 5264.64002077
736 5278.97531712
737 5293.33010402
738 5307.70438146
739 5322.09814945
740 5336.51140798
741 5350.94415706
742 5365.39639668
743 5379.86812685
744 5394.35934756
745 5408.87005883
746 5423.40026063
747 5437.94995298
748 5452.51913588
749 5467.10780933
750 5481.71597332
751 5496.34362785
752 5510.99077293
753 5525.65740856
754 5540.34353473
755 5555.04915145
756 5569.77425871
757 5584.51885652
758 5599.28294487
759 5614.06652378
760 5628.86959322
761 5643.69215321
762 5658.53420375
763 5673.39574483
764 5688.27677646
765 5703.17729864
766 5718.09731136
767 5733.03681462
768 5747.99580844
769 5762.97429279
770 5777.9722677
771 5792.98973314
772 5808.02668914
773 5823.08313568
774 5838.15907276
775 5853.2545004
776 5868.36941857
777 5883.5038273
778 5898.65772656
779 5913.83111638
780 5929.02399674
781 5944.23636764
782 5959.46822909
783 5974.71958109
784 5989.99042363
785 6005.28075672
786 6020.59058036
787 6035.91989454
788 6051.26869926
789 6066.63699453
790 6082.02478035
791 6097.43205671
792 6112.85882362
793 6128.30508107
794 6143.77082907
795 6159.25606762
796 6174.76079671
797 6190.28501634
798 6205.82872653
799 6221.39192725
800 6236.97461853
801 6252.57680035
802 6268.19847271
803 6283.83963562
804 6299.50028908
805 6315.18043308
806 6330.88006763
807 6346.59919272
808 6362.33780836
809 6378.09591455
810 6393.87351128
811 6409.67059855
812 6425.48717637
813 6441.32324474
814 6457.17880365
815 6473.05385311
816 6488.94839312
817 6504.86242367
818 6520.79594476
819 6536.7489564
820 6552.72145859
821 6568.71345132
822 6584.7249346
823 6600.75590843
824 6616.8063728
825 6632.87632771
826 6648.96577317
827 6665.07470918
828 6681.20313573
829 6697.35105283
830 6713.51846047
831 6729.70535866
832 6745.9117474
833 6762.13762668
834 6778.38299651
835 6794.64785688
836 6810.9322078
837 6827.23604926
838 6843.55938127
839 6859.90220383
840 6876.26451693
841 6892.64632057
842 6909.04761477
843 6925.4683995
844 6941.90867479
845 6958.36844062
846 6974.84769699
847 6991.34644391
848 7007.86468138
849 7024.40240939
850 7040.95962795
851 7057.53633705
852 7074.1325367
853 7090.74822689
854 7107.38340763
855 7124.03807892
856 7140.71224075
857 7157.40589313
858 7174.11903605
859 7190.85166952
860 7207.60379354
861 7224.3754081
862 7241.1665132
863 7257.97710885
864 7274.80719505
865 7291.65677179
866 7308.52583908
867 7325.41439692
868 7342.3224453
869 7359.24998422
870 7376.19701369
871 7393.16353371
872 7410.14954427
873 7427.15504538
874 7444.18003704
875 7461.22451924
876 7478.28849198
877 7495.37195527
878 7512.47490911
879 7529.59735349
880 7546.73928842
881 7563.90071389
882 7581.08162991
883 7598.28203648
884 7615.50193359
885 7632.74132124
886 7650.00019945
887 7667.27856819
888 7684.57642749
889 7701.89377733
890 7719.23061771
891 7736.58694864
892 7753.96277012
893 7771.35808214
894 7788.77288471
895 7806.20717782
896 7823.66096148
897 7841.13423569
898 7858.62700044
899 7876.13925573
900 7893.67100157
901 7911.22223796
902 7928.7929649
903 7946.38318237
904 7963.9928904
905 7981.62208897
906 7999.27077808
907 8016.93895775
908 8034.62662795
909 8052.33378871
910 8070.06044
911 8087.80658185
912 8105.57221424
913 8123.35733717
914 8141.16195066
915 8158.98605468
916 8176.82964926
917 8194.69273437
918 8212.57531004
919 8230.47737625
920 8248.398933
921 8266.3399803
922 8284.30051815
923 8302.28054654
924 8320.28006548
925 8338.29907497
926 8356.337575
927 8374.39556557
928 8392.47304669
929 8410.57001836
930 8428.68648057
931 8446.82243333
932 8464.97787663
933 8483.15281048
934 8501.34723488
935 8519.56114982
936 8537.7945553
937 8556.04745134
938 8574.31983791
939 8592.61171504
940 8610.92308271
941 8629.25394092
942 8647.60428968
943 8665.97412899
944 8684.36345884
945 8702.77227924
946 8721.20059018
947 8739.64839167
948 8758.1156837
949 8776.60246628
950 8795.10873941
951 8813.63450308
952 8832.1797573
953 8850.74450206
954 8869.32873737
955 8887.93246322
956 8906.55567962
957 8925.19838657
958 8943.86058406
959 8962.5422721
960 8981.24345068
961 8999.96411981
962 9018.70427948
963 9037.4639297
964 9056.24307047
965 9075.04170178
966 9093.85982364
967 9112.69743604
968 9131.55453899
969 9150.43113248
970 9169.32721652
971 9188.24279111
972 9207.17785624
973 9226.13241191
974 9245.10645814
975 9264.0999949
976 9283.11302222
977 9302.14554008
978 9321.19754848
979 9340.26904743
980 9359.36003693
981 9378.47051697
982 9397.60048756
983 9416.74994869
984 9435.91890037
985 9455.1073426
986 9474.31527537
987 9493.54269868
988 9512.78961254
989 9532.05601695
990 9551.34191191
991 9570.6472974
992 9589.97217345
993 9609.31654004
994 9628.68039717
995 9648.06374486
996 9667.46658308
997 9686.88891186
998 9706.33073118
999 9725.79204104
