10 0.0779621827316
11 0.0943342411052
12 0.112265543134
13 0.131756088816
14 0.152805878154
15 0.175414911146
16 0.199583187793
17 0.225310708094
18 0.25259747205
19 0.281443479661
20 0.311848730926
21 0.343813225846
22 0.377336964421
23 0.41241994665
24 0.449062172534
25 0.487263642073
26 0.527024355266
27 0.568344312113
28 0.611223512616
29 0.655661956773
30 0.701659644584
31 0.749216576051
32 0.798332751172
33 0.849008169947
34 0.901242832377
35 0.955036738462
36 1.0103898882
37 1.0673022816
38 1.12577391864
39 1.18580479935
40 1.24739492371
41 1.31054429172
42 1.37525290339
43 1.44152075871
44 1.50934785768
45 1.57873420031
46 1.6496797866
47 1.72218461654
48 1.79624869014
49 1.87187200739
50 1.94905456829
51 2.02779637285
52 2.10809742106
53 2.18995771293
54 2.27337724845
55 2.35835602763
56 2.44489405046
57 2.53299131695
58 2.62264782709
59 2.71386358089
60 2.80663857834
61 2.90097281944
62 2.9968663042
63 3.09431903262
64 3.19333100469
65 3.29390222041
66 3.39603267979
67 3.49972238282
68 3.60497132951
69 3.71177951985
70 3.82014695385
71 3.9300736315
72 4.04155955281
73 4.15460471777
74 4.26920912638
75 4.38537277865
76 4.50309567458
77 4.62237781416
78 4.74321919739
79 4.86561982428
80 4.98957969482
81 5.11509880902
82 5.24217716687
83 5.37081476838
84 5.50101161354
85 5.63276770236
86 5.76608303483
87 5.90095761095
88 6.03739143074
89 6.17538449417
90 6.31493680126
91 6.456048352
92 6.5987191464
93 6.74294918446
94 6.88873846616
95 7.03608699153
96 7.18499476054
97 7.33546177322
98 7.48748802954
99 7.64107352952
100 7.79621827316
101 7.95292226045
102 8.1111854914
103 8.271007966
104 8.43238968425
105 8.59533064616
106 8.75983085172
107 8.92589030094
108 9.09350899381
109 9.26268693034
110 9.43342411052
111 9.60572053436
112 9.77957620185
113 9.954991113
114 10.1319652678
115 10.3104986663
116 10.4905913084
117 10.6722431941
118 10.8554543235
119 11.0402246966
120 11.2265543134
121 11.4144431737
122 11.6038912778
123 11.7948986255
124 11.9874652168
125 12.1815910518
126 12.3772761305
127 12.5745204528
128 12.7733240187
129 12.9736868284
130 13.1756088816
131 13.3790901786
132 13.5841307192
133 13.7907305034
134 13.9988895313
135 14.2086078028
136 14.419885318
137 14.6327220769
138 14.8471180794
139 15.0630733256
140 15.2805878154
141 15.4996615489
142 15.720294526
143 15.9424867468
144 16.1662382112
145 16.3915489193
146 16.6184188711
147 16.8468480665
148 17.0768365055
149 17.3083841882
150 17.5414911146
151 17.7761572846
152 18.0123826983
153 18.2501673556
154 18.4895112566
155 18.7304144013
156 18.9728767896
157 19.2168984215
158 19.4624792971
159 19.7096194164
160 19.9583187793
161 20.2085773859
162 20.4603952361
163 20.71377233
164 20.9687086675
165 21.2252042487
166 21.4832590735
167 21.742873142
168 22.0040464542
169 22.26677901
170 22.5310708094
171 22.7969218525
172 23.0643321393
173 23.3333016697
174 23.6038304438
175 23.8759184616
176 24.1495657229
177 24.424772228
178 24.7015379767
179 24.979862969
180 25.259747205
181 25.5411906847
182 25.824193408
183 26.108755375
184 26.3948765856
185 26.6825570399
186 26.9717967378
187 27.2625956794
188 27.5549538647
189 27.8488712936
190 28.1443479661
191 28.4413838823
192 28.7399790422
193 29.0401334457
194 29.3418470929
195 29.6451199837
196 29.9499521182
197 30.2563434963
198 30.5642941181
199 30.8738039835
200 31.1848730926
201 31.4975014454
202 31.8116890418
203 32.1274358819
204 32.4447419656
205 32.763607293
206 33.084031864
207 33.4060156787
208 33.729558737
209 34.054661039
210 34.3813225846
211 34.7095433739
212 35.0393234069
213 35.3706626835
214 35.7035612038
215 36.0380189677
216 36.3740359753
217 36.7116122265
218 37.0507477214
219 37.3914424599
220 37.7336964421
221 38.0775096679
222 38.4228821374
223 38.7698138506
224 39.1183048074
225 39.4683550079
226 39.819964452
227 40.1731331398
228 40.5278610712
229 40.8841482463
230 41.241994665
231 41.6014003274
232 41.9623652335
233 42.3248893832
234 42.6889727765
235 43.0546154135
236 43.4218172942
237 43.7905784185
238 44.1608987865
239 44.5327783981
240 44.9062172534
241 45.2812153523
242 45.6577726949
243 46.0358892812
244 46.4155651111
245 46.7968001846
246 47.1795945019
247 47.5639480627
248 47.9498608672
249 48.3373329154
250 48.7263642073
251 49.1169547427
252 49.5091045219
253 49.9028135447
254 50.2980818111
255 50.6949093212
256 51.093296075
257 51.4932420724
258 51.8947473135
259 52.2978117982
260 52.7024355266
261 53.1086184986
262 53.5163607143
263 53.9256621736
264 54.3365228766
265 54.7489428233
266 55.1629220136
267 55.5784604475
268 55.9955581251
269 56.4142150464
270 56.8344312113
271 57.2562066199
272 57.6795412721
273 58.104435168
274 58.5308883076
275 58.9589006908
276 59.3884723176
277 59.8196031881
278 60.2522933023
279 60.6865426601
280 61.1223512616
281 61.5597191067
282 61.9986461955
283 62.4391325279
284 62.881178104
285 63.3247829237
286 63.7699469871
287 64.2166702942
288 64.6649528449
289 65.1147946393
290 65.5661956773
291 66.0191559589
292 66.4736754843
293 66.9297542533
294 67.3873922659
295 67.8465895222
296 68.3073460221
297 68.7696617657
298 69.233536753
299 69.6989709839
300 70.1659644584
301 70.6345171767
302 71.1046291385
303 71.5763003441
304 72.0495307932
305 72.5243204861
306 73.0006694226
307 73.4785776027
308 73.9580450265
309 74.439071694
310 74.9216576051
311 75.4058027598
312 75.8915071582
313 76.3787708003
314 76.867593686
315 77.3579758154
316 77.8499171885
317 78.3434178052
318 78.8384776655
319 79.3350967695
320 79.8332751172
321 80.3330127085
322 80.8343095434
323 81.3371656221
324 81.8415809443
325 82.3475555103
326 82.8550893198
327 83.3641823731
328 83.87483467
329 84.3870462105
330 84.9008169947
331 85.4161470226
332 85.9330362941
333 86.4514848092
334 86.9714925681
335 87.4930595705
336 88.0161858167
337 88.5408713065
338 89.0671160399
339 89.594920017
340 90.1242832377
341 90.6552057021
342 91.1876874102
343 91.7217283619
344 92.2573285573
345 92.7944879963
346 93.333206679
347 93.8734846053
348 94.4153217753
349 94.9587181889
350 95.5036738462
351 96.0501887472
352 96.5982628918
353 97.14789628
354 97.6990889119
355 98.2518407875
356 98.8061519067
357 99.3620222696
358 99.9194518761
359 100.478440726
360 101.03898882
361 101.601096158
362 102.164762739
363 102.729988564
364 103.296773632
365 103.865117944
366 104.4350215
367 105.006484299
368 105.579506342
369 106.154087629
370 106.73022816
371 107.307927934
372 107.887186951
373 108.468005213
374 109.050382718
375 109.634319466
376 110.219815459
377 110.806870695
378 111.395485174
379 111.985658897
380 112.577391864
381 113.170684075
382 113.765535529
383 114.361946227
384 114.959916169
385 115.559445354
386 116.160533783
387 116.763181455
388 117.367388371
389 117.973154531
390 118.580479935
391 119.189364582
392 119.799808473
393 120.411811607
394 121.025373985
395 121.640495607
396 122.257176472
397 122.875416581
398 123.495215934
399 124.116574531
400 124.739492371
401 125.363969454
402 125.990005782
403 126.617601353
404 127.246756167
405 127.877470226
406 128.509743527
407 129.143576073
408 129.778967862
409 130.415918895
410 131.054429172
411 131.694498692
412 132.336127456
413 132.979315463
414 133.624062715
415 134.270369209
416 134.918234948
417 135.56765993
418 136.218644156
419 136.871187625
420 137.525290339
421 138.180952295
422 138.838173496
423 139.49695394
424 140.157293628
425 140.819192559
426 141.482650734
427 142.147668153
428 142.814244815
429 143.482380721
430 144.152075871
431 144.823330264
432 145.496143901
433 146.170516782
434 146.846448906
435 147.523940274
436 148.202990885
437 148.883600741
438 149.56576984
439 150.249498182
440 150.934785768
441 151.621632598
442 152.310038672
443 153.000003989
444 153.69152855
445 154.384612354
446 155.079255402
447 155.775457694
448 156.47321923
449 157.172540009
450 157.873420031
451 158.575859298
452 159.279857808
453 159.985415562
454 160.692532559
455 161.4012088
456 162.111444285
457 162.823239013
458 163.536592985
459 164.251506201
460 164.96797866
461 165.686010363
462 166.40560131
463 167.1267515
464 167.849460934
465 168.573729611
466 169.299557533
467 170.026944698
468 170.755891106
469 171.486396758
470 172.218461654
471 172.952085794
472 173.687269177
473 174.424011804
474 175.162313674
475 175.902174788
476 176.643595146
477 177.386574747
478 178.131113592
479 178.877211681
480 179.624869014
481 180.37408559
482 181.124861409
483 181.877196473
484 182.63109078
485 183.38654433
486 184.143557125
487 184.902129163
488 185.662260444
489 186.42395097
490 187.187200739
491 187.952009751
492 188.718378007
493 189.486305507
494 190.255792251
495 191.026838238
496 191.799443469
497 192.573607943
498 193.349331662
499 194.126614624
500 194.905456829
501 195.685858278
502 196.467818971
503 197.251338907
504 198.036418088
505 198.823056511
506 199.611254179
507 200.40101109
508 201.192327244
509 201.985202643
510 202.779637285
511 203.575631171
512 204.3731843
513 205.172296673
514 205.97296829
515 206.77519915
516 207.578989254
517 208.384338601
518 209.191247193
519 209.999715028
520 210.809742106
521 211.621328428
522 212.434473994
523 213.249178804
524 214.065442857
525 214.883266154
526 215.702648694
527 216.523590479
528 217.346091506
529 218.170151778
530 218.995771293
531 219.822950052
532 220.651688054
533 221.4819853
534 222.31384179
535 223.147257524
536 223.982232501
537 224.818766721
538 225.656860186
539 226.496512894
540 227.337724845
541 228.180496041
542 229.02482648
543 229.870716162
544 230.718165089
545 231.567173259
546 232.417740672
547 233.269867329
548 234.12355323
549 234.978798375
550 235.835602763
551 236.693966395
552 237.55388927
553 238.41537139
554 239.278412753
555 240.143013359
556 241.009173209
557 241.876892303
558 242.74617064
559 243.617008222
560 244.489405046
561 245.363361115
562 246.238876427
563 247.115950983
564 247.994584782
565 248.874777825
566 249.756530112
567 250.639841642
568 251.524712416
569 252.411142434
570 253.299131695
571 254.1886802
572 255.079787949
573 255.972454941
574 256.866681177
575 257.762466656
576 258.65981138
577 259.558715346
578 260.459178557
579 261.361201011
580 262.264782709
581 263.169923651
582 264.076623836
583 264.984883265
584 265.894701937
585 266.806079853
586 267.719017013
587 268.633513416
588 269.549569064
589 270.467183954
590 271.386358089
591 272.307091467
592 273.229384088
593 274.153235954
594 275.078647063
595 276.005617416
596 276.934147012
597 277.864235852
598 278.795883936
599 279.729091263
600 280.663857834
601 281.600183648
602 282.538068707
603 283.477513009
604 284.418516554
605 285.361079343
606 286.305201376
607 287.250882653
608 288.198123173
609 289.146922937
610 290.097281944
611 291.049200195
612 292.00267769
613 292.957714429
614 293.914310411
615 294.872465637
616 295.832180106
617 296.793453819
618 297.756286776
619 298.720678976
620 299.68663042
621 300.654141108
622 301.623211039
623 302.593840214
624 303.566028633
625 304.539776295
626 305.515083201
627 306.491949351
628 307.470374744
629 308.450359381
630 309.431903262
631 310.415006386
632 311.399668754
633 312.385890365
634 313.373671221
635 314.363011319
636 315.353910662
637 316.346369248
638 317.340387078
639 318.335964151
640 319.333100469
641 320.331796029
642 321.332050834
643 322.333864882
644 323.337238174
645 324.342170709
646 325.348662488
647 326.356713511
648 327.366323777
649 328.377493287
650 329.390222041
651 330.404510038
652 331.420357279
653 332.437763764
654 333.456729492
655 334.477254464
656 335.49933868
657 336.522982139
658 337.548184842
659 338.574946789
660 339.603267979
661 340.633148413
662 341.66458809
663 342.697587011
664 343.732145176
665 344.768262585
666 345.805939237
667 346.845175133
668 347.885970272
669 348.928324655
670 349.972238282
671 351.017711153
672 352.064743267
673 353.113334624
674 354.163485226
675 355.215195071
676 356.26846416
677 357.323292492
678 358.379680068
679 359.437626888
680 360.497132951
681 361.558198258
682 362.620822809
683 363.685006603
684 364.750749641
685 365.818051922
686 366.886913448
687 367.957334217
688 369.029314229
689 370.102853485
690 371.177951985
691 372.254609729
692 373.332826716
693 374.412602947
694 375.493938421
695 376.576833139
696 377.661287101
697 378.747300307
698 379.834872756
699 380.924004448
700 382.014695385
701 383.106945565
702 384.200754989
703 385.296123656
704 386.393051567
705 387.491538722
706 388.59158512
707 389.693190762
708 390.796355648
709 391.901079777
710 393.00736315
711 394.115205767
712 395.224607627
713 396.335568731
714 397.448089078
715 398.56216867
716 399.677807505
717 400.795005583
718 401.913762905
719 403.034079471
720 404.155955281
721 405.279390334
722 406.404384631
723 407.530938171
724 408.659050955
725 409.788722983
726 410.919954254
727 412.052744769
728 413.187094528
729 414.323003531
730 415.460471777
731 416.599499266
732 417.740086
733 418.882231977
734 420.025937197
735 421.171201662
736 422.31802537
737 423.466408321
738 424.616350517
739 425.767851956
740 426.920912638
741 428.075532564
742 429.231711734
743 430.389450148
744 431.548747805
745 432.709604706
746 433.872020851
747 435.035996239
748 436.201530871
749 437.368624746
750 438.537277865
751 439.707490228
752 440.879261835
753 442.052592685
754 443.227482778
755 444.403932116
756 445.581940697
757 446.761508522
758 447.94263559
759 449.125321902
760 450.309567458
761 451.495372257
762 452.6827363
763 453.871659587
764 455.062142117
765 456.254183891
766 457.447784909
767 458.64294517
768 459.839664675
769 461.037943423
770 462.237781416
771 463.439178652
772 464.642135131
773 465.846650854
774 467.052725821
775 468.260360032
776 469.469553486
777 470.680306184
778 471.892618125
779 473.10648931
780 474.321919739
781 475.538909411
782 476.757458328
783 477.977566487
784 479.199233891
785 480.422460538
786 481.647246429
787 482.873591563
788 484.101495941
789 485.330959563
790 486.561982428
791 487.794564537
792 489.02870589
793 490.264406486
794 491.501666326
795 492.740485409
796 493.980863737
797 495.222801308
798 496.466298122
799 497.71135418
800 498.957969482
801 500.206144028
802 501.455877817
803 502.70717085
804 503.960023126
805 505.214434646
806 506.47040541
807 507.727935418
808 508.987024669
809 510.247673164
810 511.509880902
811 512.773647884
812 514.03897411
813 515.305859579
814 516.574304292
815 517.844308249
816 519.115871449
817 520.388993893
818 521.663675581
819 522.939916512
820 524.217716687
821 525.497076106
822 526.777994768
823 528.060472674
824 529.344509824
825 530.630106217
826 531.917261854
827 533.205976734
828 534.496250859
829 535.788084226
830 537.081476838
831 538.376428693
832 539.672939792
833 540.971010134
834 542.270639721
835 543.57182855
836 544.874576624
837 546.178883941
838 547.484750502
839 548.792176306
840 550.101161354
841 551.411705646
842 552.723809181
843 554.03747196
844 555.352693983
845 556.669475249
846 557.987815759
847 559.307715513
848 560.62917451
849 561.952192751
850 563.276770236
851 564.602906964
852 565.930602936
853 567.259858152
854 568.590672611
855 569.923046314
856 571.25697926
857 572.59247145
858 573.929522884
859 575.268133562
860 576.608303483
861 577.950032648
862 579.293321056
863 580.638168708
864 581.984575604
865 583.332541744
866 584.682067127
867 586.033151753
868 587.385795624
869 588.739998738
870 590.095761095
871 591.453082697
872 592.811963542
873 594.172403631
874 595.534402963
875 596.897961539
876 598.263079358
877 599.629756422
878 600.997992729
879 602.367788279
880 603.739143074
881 605.112057111
882 606.486530393
883 607.862562918
884 609.240154687
885 610.6193057
886 612.000015956
887 613.382285456
888 614.766114199
889 616.151502186
890 617.538449417
891 618.926955891
892 620.31702161
893 621.708646571
894 623.101830777
895 624.496574226
896 625.892876919
897 627.290738855
898 628.690160035
899 630.091140459
900 631.493680126
901 632.897779037
902 634.303437192
903 635.71065459
904 637.119431232
905 638.529767117
906 639.941662247
907 641.35511662
908 642.770130236
909 644.186703096
910 645.6048352
911 647.024526548
912 648.445777139
913 649.868586974
914 651.292956052
915 652.718884375
916 654.14637194
917 655.57541875
918 657.006024803
919 658.4381901
920 659.87191464
921 661.307198424
922 662.744041452
923 664.182443723
924 665.622405239
925 667.063925997
926 668.507006
927 669.951645246
928 671.397843735
929 672.845601469
930 674.294918446
931 675.745794666
932 677.198230131
933 678.652224838
934 680.10777879
935 681.564891985
936 683.023564424
937 684.483796107
938 685.945587033
939 687.408937203
940 688.873846616
941 690.340315274
942 691.808343174
943 693.277930319
944 694.749076707
945 696.221782339
946 697.696047214
947 699.171871333
948 700.649254696
949 702.128197303
950 703.608699153
951 705.090760246
952 706.574380584
953 708.059560165
954 709.54629899
955 711.034597058
956 712.52445437
957 714.015870926
958 715.508846725
959 717.003381768
960 718.499476054
961 719.997129585
962 721.496342359
963 722.997114376
964 724.499445637
965 726.003336142
966 727.508785891
967 729.015794883
968 730.524363119
969 732.034490598
970 733.546177322
971 735.059423288
972 736.574228499
973 738.090592953
974 739.608516651
975 741.127999592
976 742.649041777
977 744.171643206
978 745.695803879
979 747.221523795
980 748.748802954
981 750.277641358
982 751.808039005
983 753.339995895
984 754.87351203
985 756.408587408
986 757.945222029
987 759.483415895
988 761.023169004
989 762.564481356
990 764.107352952
991 765.651783792
992 767.197773876
993 768.745323203
994 770.294431774
995 771.845099589
996 773.397326647
997 774.951112949
998 776.506458494
999 778.063363283
