10 0.109497447657
11 0.132491911665
12 0.157676324626
13 0.18505068654
14 0.214614997407
15 0.246369257228
16 0.280313466001
17 0.316447623728
18 0.354771730408
19 0.395285786041
20 0.437989790627
21 0.482883744166
22 0.529967646659
23 0.579241498104
24 0.630705298503
25 0.684359047855
26 0.74020274616
27 0.798236393418
28 0.858459989629
29 0.920873534793
30 0.985477028911
31 1.05227047198
32 1.12125386401
33 1.19242720498
34 1.26579049491
35 1.3413437338
36 1.41908692163
37 1.49902005842
38 1.58114314416
39 1.66545617886
40 1.75195916251
41 1.84065209511
42 1.93153497666
43 2.02460780717
44 2.11987058663
45 2.21732331505
46 2.31696599242
47 2.41879861874
48 2.52282119401
49 2.62903371824
50 2.73743619142
51 2.84802861355
52 2.96081098464
53 3.07578330468
54 3.19294557367
55 3.31229779162
56 3.43383995852
57 3.55757207437
58 3.68349413917
59 3.81160615293
60 3.94190811564
61 4.07440002731
62 4.20908188793
63 4.3459536975
64 4.48501545602
65 4.6262671635
66 4.76970881993
67 4.91534042531
68 5.06316197965
69 5.21317348294
70 5.36537493518
71 5.51976633638
72 5.67634768653
73 5.83511898563
74 5.99608023368
75 6.15923143069
76 6.32457257665
77 6.49210367157
78 6.66182471544
79 6.83373570826
80 7.00783665003
81 7.18412754076
82 7.36260838044
83 7.54327916907
84 7.72613990666
85 7.9111905932
86 8.09843122869
87 8.28786181314
88 8.47948234654
89 8.67329282889
90 8.8692932602
91 9.06748364045
92 9.26786396967
93 9.47043424783
94 9.67519447495
95 9.88214465102
96 10.091284776
97 10.30261485
98 10.516134873
99 10.7318448448
100 10.9497447657
101 11.1698346355
102 11.3921144542
103 11.6165842219
104 11.8432439386
105 12.0720936042
106 12.3031332187
107 12.5363627822
108 12.7717822947
109 13.0093917561
110 13.2491911665
111 13.4911805258
112 13.7353598341
113 13.9817290913
114 14.2302882975
115 14.4810374526
116 14.7339765567
117 14.9891056097
118 15.2464246117
119 15.5059335627
120 15.7676324626
121 16.0315213114
122 16.2976001092
123 16.565868856
124 16.8363275517
125 17.1089761964
126 17.38381479
127 17.6608433326
128 17.9400618241
129 18.2214702646
130 18.505068654
131 18.7908569924
132 19.0788352797
133 19.369003516
134 19.6613617012
135 19.9559098354
136 20.2526479186
137 20.5515759507
138 20.8526939317
139 21.1560018618
140 21.4614997407
141 21.7691875686
142 22.0790653455
143 22.3911330713
144 22.7053907461
145 23.0218383698
146 23.3404759425
147 23.6613034641
148 23.9843209347
149 24.3095283543
150 24.6369257228
151 24.9665130402
152 25.2982903066
153 25.632257522
154 25.9684146863
155 26.3067617995
156 26.6472988617
157 26.9900258729
158 27.334942833
159 27.6820497421
160 28.0313466001
161 28.3828334071
162 28.736510163
163 29.0923768679
164 29.4504335218
165 29.8106801245
166 30.1731166763
167 30.537743177
168 30.9045596266
169 31.2735660252
170 31.6447623728
171 32.0181486693
172 32.3937249148
173 32.7714911092
174 33.1514472526
175 33.5335933449
176 33.9179293862
177 34.3044553764
178 34.6931713156
179 35.0840772037
180 35.4771730408
181 35.8724588268
182 36.2699345618
183 36.6696002458
184 37.0714558787
185 37.4755014605
186 37.8817369913
187 38.2901624711
188 38.7007778998
189 39.1135832775
190 39.5285786041
191 39.9457638797
192 40.3651391042
193 40.7867042777
194 41.2104594001
195 41.6364044715
196 42.0645394918
197 42.4948644611
198 42.9273793793
199 43.3620842465
200 43.7989790627
201 44.2380638278
202 44.6793385419
203 45.1228032049
204 45.5684578168
205 46.0163023777
206 46.4663368876
207 46.9185613464
208 47.3729757542
209 47.8295801109
210 48.2883744166
211 48.7493586713
212 49.2125328748
213 49.6778970274
214 50.1454511289
215 50.6151951793
216 51.0871291787
217 51.5612531271
218 52.0375670244
219 52.5160708707
220 52.9967646659
221 53.47964841
222 53.9647221031
223 54.4519857452
224 54.9414393362
225 55.4330828762
226 55.9269163652
227 56.422939803
228 56.9211531899
229 57.4215565257
230 57.9241498104
231 58.4289330441
232 58.9359062268
233 59.4450693584
234 59.9564224389
235 60.4699654684
236 60.9856984469
237 61.5036213743
238 62.0237342507
239 62.546037076
240 63.0705298503
241 63.5972125735
242 64.1260852457
243 64.6571478668
244 65.1904004369
245 65.725842956
246 66.263475424
247 66.8032978409
248 67.3453102068
249 67.8895125217
250 68.4359047855
251 68.9844869982
252 69.5352591599
253 70.0882212706
254 70.6433733302
255 71.2007153388
256 71.7602472963
257 72.3219692028
258 72.8858810582
259 73.4519828626
260 74.020274616
261 74.5907563182
262 75.1634279695
263 75.7382895697
264 76.3153411188
265 76.8945826169
266 77.476014064
267 78.05963546
268 78.645446805
269 79.2334480989
270 79.8236393418
271 80.4160205336
272 81.0105916744
273 81.6073527641
274 82.2063038028
275 82.8074447904
276 83.410775727
277 84.0162966125
278 84.624007447
279 85.2339082305
280 85.8459989629
281 86.4602796442
282 87.0767502745
283 87.6954108538
284 88.316261382
285 88.9393018592
286 89.5645322853
287 90.1919526604
288 90.8215629844
289 91.4533632574
290 92.0873534793
291 92.7235336502
292 93.36190377
293 94.0024638388
294 94.6452138566
295 95.2901538233
296 95.9372837389
297 96.5866036035
298 97.2381134171
299 97.8918131796
300 98.5477028911
301 99.2057825515
302 99.8660521609
303 100.528511719
304 101.193161226
305 101.860000683
306 102.529030088
307 103.200249442
308 103.873658745
309 104.549257997
310 105.227047198
311 105.907026348
312 106.589195447
313 107.273554495
314 107.960103492
315 108.648842437
316 109.339771332
317 110.032890176
318 110.728198968
319 111.42569771
320 112.125386401
321 112.82726504
322 113.531333628
323 114.237592166
324 114.946040652
325 115.656679087
326 116.369507472
327 117.084525805
328 117.801734087
329 118.521132318
330 119.242720498
331 119.966498627
332 120.692466705
333 121.420624732
334 122.150972708
335 122.883510633
336 123.618238507
337 124.355156329
338 125.094264101
339 125.835561822
340 126.579049491
341 127.32472711
342 128.072594677
343 128.822652194
344 129.574899659
345 130.329337073
346 131.085964437
347 131.844781749
348 132.60578901
349 133.36898622
350 134.13437338
351 134.901950488
352 135.671717545
353 136.443674551
354 137.217821506
355 137.994158409
356 138.772685262
357 139.553402064
358 140.336308815
359 141.121405514
360 141.908692163
361 142.698168761
362 143.489835307
363 144.283691803
364 145.079738247
365 145.877974641
366 146.678400983
367 147.481017274
368 148.285823515
369 149.092819704
370 149.902005842
371 150.713381929
372 151.526947965
373 152.34270395
374 153.160649884
375 153.980785767
376 154.803111599
377 155.62762738
378 156.45433311
379 157.283228789
380 158.114314416
381 158.947589993
382 159.783055519
383 160.620710993
384 161.460556417
385 162.302591789
386 163.146817111
387 163.993232381
388 164.8418376
389 165.692632769
390 166.545617886
391 167.400792952
392 168.258157967
393 169.117712931
394 169.979457844
395 170.843392706
396 171.709517517
397 172.577832277
398 173.448336986
399 174.321031644
400 175.195916251
401 176.072990807
402 176.952255311
403 177.833709765
404 178.717354167
405 179.603188519
406 180.491212819
407 181.381427069
408 182.273831267
409 183.168425415
410 184.065209511
411 184.964183556
412 185.86534755
413 186.768701494
414 187.674245386
415 188.581979227
416 189.491903017
417 190.404016756
418 191.318320444
419 192.234814081
420 193.153497666
421 194.074371201
422 194.997434685
423 195.922688118
424 196.850131499
425 197.77976483
426 198.71158811
427 199.645601338
428 200.581804516
429 201.520197642
430 202.460780717
431 203.403553742
432 204.348516715
433 205.295669637
434 206.245012508
435 207.196545328
436 208.150268098
437 209.106180816
438 210.064283483
439 211.024576099
440 211.987058663
441 212.951731177
442 213.91859364
443 214.887646052
444 215.858888413
445 216.832320722
446 217.807942981
447 218.785755188
448 219.765757345
449 220.74794945
450 221.732331505
451 222.718903508
452 223.707665461
453 224.698617362
454 225.691759212
455 226.687091011
456 227.68461276
457 228.684324457
458 229.686226103
459 230.690317698
460 231.696599242
461 232.705070735
462 233.715732176
463 234.728583567
464 235.743624907
465 236.760856196
466 237.780277433
467 238.80188862
468 239.825689756
469 240.85168084
470 241.879861874
471 242.910232856
472 243.942793788
473 244.977544668
474 246.014485497
475 247.053616276
476 248.094937003
477 249.138447679
478 250.184148304
479 251.232038878
480 252.282119401
481 253.334389873
482 254.388850294
483 255.445500664
484 256.504340983
485 257.565371251
486 258.628591467
487 259.694001633
488 260.761601748
489 261.831391811
490 262.903371824
491 263.977541785
492 265.053901696
493 266.132451555
494 267.213191364
495 268.296121121
496 269.381240827
497 270.468550482
498 271.558050087
499 272.64973964
500 273.743619142
501 274.839688593
502 275.937947993
503 277.038397342
504 278.14103664
505 279.245865887
506 280.352885082
507 281.462094227
508 282.573493321
509 283.687082364
510 284.802861355
511 285.920830296
512 287.040989185
513 288.163338024
514 289.287876811
515 290.414605548
516 291.543524233
517 292.674632867
518 293.80793145
519 294.943419983
520 296.081098464
521 297.220966894
522 298.363025273
523 299.507273601
524 300.653711878
525 301.802340104
526 302.953158279
527 304.106166403
528 305.261364475
529 306.418752497
530 307.578330468
531 308.740098387
532 309.904056256
533 311.070204074
534 312.23854184
535 313.409069556
536 314.58178722
537 315.756694833
538 316.933792396
539 318.113079907
540 319.294557367
541 320.478224776
542 321.664082134
543 322.852129441
544 324.042366697
545 325.234793902
546 326.429411056
547 327.626218159
548 328.825215211
549 330.026402212
550 331.229779162
551 332.43534606
552 333.643102908
553 334.853049705
554 336.06518645
555 337.279513145
556 338.496029788
557 339.714736381
558 340.935632922
559 342.158719412
560 343.383995852
561 344.61146224
562 345.841118577
563 347.072964863
564 348.307001098
565 349.543227282
566 350.781643415
567 352.022249497
568 353.265045528
569 354.510031508
570 355.757207437
571 357.006573315
572 358.258129141
573 359.511874917
574 360.767810642
575 362.025936315
576 363.286251938
577 364.548757509
578 365.81345303
579 367.080338499
580 368.349413917
581 369.620679285
582 370.894134601
583 372.169779866
584 373.44761508
585 374.727640243
586 376.009855355
587 377.294260416
588 378.580855426
589 379.869640385
590 381.160615293
591 382.45378015
592 383.749134956
593 385.04667971
594 386.346414414
595 387.648339067
596 388.952453668
597 390.258758219
598 391.567252718
599 392.877937167
600 394.190811564
601 395.505875911
602 396.823130206
603 398.14257445
604 399.464208643
605 400.788032786
606 402.114046877
607 403.442250917
608 404.772644906
609 406.105228844
610 407.440002731
611 408.776966567
612 410.116120351
613 411.457464085
614 412.800997768
615 414.1467214
616 415.49463498
617 416.84473851
618 418.197031989
619 419.551515416
620 420.908188793
621 422.267052118
622 423.628105392
623 424.991348616
624 426.356781788
625 427.724404909
626 429.094217979
627 430.466220998
628 431.840413967
629 433.216796884
630 434.59536975
631 435.976132565
632 437.359085328
633 438.744228041
634 440.131560703
635 441.521083314
636 442.912795874
637 444.306698382
638 445.70279084
639 447.101073246
640 448.501545602
641 449.904207906
642 451.30906016
643 452.716102362
644 454.125334514
645 455.536756614
646 456.950368663
647 458.366170661
648 459.784162609
649 461.204344505
650 462.62671635
651 464.051278144
652 465.478029887
653 466.906971579
654 468.33810322
655 469.771424809
656 471.206936348
657 472.644637836
658 474.084529273
659 475.526610658
660 476.970881993
661 478.417343276
662 479.865994509
663 481.31683569
664 482.769866821
665 484.2250879
666 485.682498928
667 487.142099906
668 488.603890832
669 490.067871707
670 491.534042531
671 493.002403304
672 494.472954026
673 495.945694697
674 497.420625317
675 498.897745886
676 500.377056404
677 501.858556871
678 503.342247286
679 504.828127651
680 506.316197965
681 507.806458227
682 509.298908439
683 510.793548599
684 512.290378709
685 513.789398767
686 515.290608775
687 516.794008731
688 518.299598636
689 519.807378491
690 521.317348294
691 522.829508046
692 524.343857747
693 525.860397397
694 527.379126996
695 528.900046544
696 530.423156041
697 531.948455487
698 533.475944882
699 535.005624225
700 536.537493518
701 538.07155276
702 539.60780195
703 541.14624109
704 542.686870178
705 544.229689216
706 545.774698202
707 547.321897138
708 548.871286022
709 550.422864855
710 551.976633638
711 553.532592369
712 555.090741049
713 556.651079678
714 558.213608256
715 559.778326783
716 561.345235259
717 562.914333684
718 564.485622058
719 566.059100381
720 567.634768653
721 569.212626873
722 570.792675043
723 572.374913162
724 573.959341229
725 575.545959246
726 577.134767211
727 578.725765126
728 580.318952989
729 581.914330801
730 583.511898563
731 585.111656273
732 586.713603932
733 588.31774154
734 589.924069098
735 591.532586604
736 593.143294059
737 594.756191463
738 596.371278816
739 597.988556117
740 599.608023368
741 601.229680568
742 602.853527717
743 604.479564815
744 606.107791861
745 607.738208857
746 609.370815801
747 611.005612695
748 612.642599537
749 614.281776329
750 615.923143069
751 617.566699759
752 619.212446397
753 620.860382984
754 622.51050952
755 624.162826005
756 625.817332439
757 627.474028822
758 629.132915154
759 630.793991435
760 632.457257665
761 634.122713844
762 635.790359972
763 637.460196049
764 639.132222074
765 640.806438049
766 642.482843973
767 644.161439845
768 645.842225667
769 647.525201437
770 649.210367157
771 650.897722825
772 652.587268443
773 654.279004009
774 655.972929524
775 657.669044988
776 659.367350401
777 661.067845764
778 662.770531075
779 664.475406335
780 666.182471544
781 667.891726702
782 669.603171808
783 671.316806864
784 673.032631869
785 674.750646823
786 676.470851725
787 678.193246577
788 679.917831378
789 681.644606127
790 683.373570826
791 685.104725473
792 686.83807007
793 688.573604615
794 690.311329109
795 692.051243553
796 693.793347945
797 695.537642286
798 697.284126576
799 699.032800815
800 700.783665003
801 702.53671914
802 704.291963226
803 706.049397261
804 707.809021245
805 709.570835178
806 711.334839059
807 713.10103289
808 714.86941667
809 716.639990398
810 718.412754076
811 720.187707702
812 721.964851278
813 723.744184802
814 725.525708276
815 727.309421698
816 729.095325069
817 730.88341839
818 732.673701659
819 734.466174877
820 736.260838044
821 738.05769116
822 739.856734225
823 741.657967239
824 743.461390202
825 745.267003114
826 747.074805975
827 748.884798784
828 750.696981543
829 752.511354251
830 754.327916907
831 756.146669513
832 757.967612067
833 759.790744571
834 761.616067023
835 763.443579425
836 765.273281775
837 767.105174074
838 768.939256323
839 770.77552852
840 772.613990666
841 774.454642761
842 776.297484805
843 778.142516798
844 779.98973874
845 781.839150631
846 783.690752471
847 785.54454426
848 787.400525998
849 789.258697684
850 791.11905932
851 792.981610905
852 794.846352438
853 796.713283921
854 798.582405352
855 800.453716733
856 802.327218062
857 804.20290934
858 806.080790568
859 807.960861744
860 809.843122869
861 811.727573943
862 813.614214967
863 815.503045939
864 817.39406686
865 819.28727773
866 821.182678549
867 823.080269316
868 824.980050033
869 826.882020699
870 828.786181314
871 830.692531878
872 832.60107239
873 834.511802852
874 836.424723262
875 838.339833622
876 840.25713393
877 842.176624188
878 844.098304394
879 846.02217455
880 847.948234654
881 849.876484707
882 851.806924709
883 853.73955466
884 855.67437456
885 857.61138441
886 859.550584208
887 861.491973954
888 863.43555365
889 865.381323295
890 867.329282889
891 869.279432432
892 871.231771924
893 873.186301364
894 875.143020754
895 877.101930092
896 879.06302938
897 881.026318616
898 882.991797802
899 884.959466936
900 886.92932602
901 888.901375052
902 890.875614033
903 892.852042963
904 894.830661843
905 896.811470671
906 898.794469448
907 900.779658174
908 902.767036849
909 904.756605473
910 906.748364045
911 908.742312567
912 910.738451038
913 912.736779458
914 914.737297827
915 916.740006144
916 918.744904411
917 920.751992626
918 922.761270791
919 924.772738904
920 926.786396967
921 928.802244978
922 930.820282938
923 932.840510848
924 934.862928706
925 936.887536513
926 938.914334269
927 940.943321974
928 942.974499628
929 945.007867231
930 947.043424783
931 949.081172284
932 951.121109734
933 953.163237133
934 955.20755448
935 957.254061777
936 959.302759023
937 961.353646217
938 963.406723361
939 965.461990454
940 967.519447495
941 969.579094485
942 971.640931425
943 973.704958313
944 975.77117515
945 977.839581937
946 979.910178672
947 981.982965356
948 984.057941989
949 986.135108571
950 988.214465102
951 990.296011582
952 992.379748011
953 994.465674389
954 996.553790716
955 998.644096991
956 1000.73659322
957 1002.83127939
958 1004.92815551
959 1007.02722158
960 1009.1284776
961 1011.23192357
962 1013.33755949
963 1015.44538536
964 1017.55540118
965 1019.66760694
966 1021.78200266
967 1023.89858832
968 1026.01736393
969 1028.13832949
970 1030.261485
971 1032.38683046
972 1034.51436587
973 1036.64409123
974 1038.77600653
975 1040.91011179
976 1043.04640699
977 1045.18489214
978 1047.32556725
979 1049.4684323
980 1051.6134873
981 1053.76073224
982 1055.91016714
983 1058.06179199
984 1060.21560678
985 1062.37161153
986 1064.52980622
987 1066.69019086
988 1068.85276545
989 1071.01752999
990 1073.18448448
991 1075.35362892
992 1077.52496331
993 1079.69848764
994 1081.87420193
995 1084.05210616
996 1086.23220035
997 1088.41448448
998 1090.59895856
999 1092.78562259
