10 0.0389810913658
11 0.0471671205526
12 0.0561327715668
13 0.0658780444082
14 0.076402939077
15 0.0877074555731
16 0.0997915938964
17 0.112655354047
18 0.126298736025
19 0.140721739831
20 0.155924365463
21 0.171906612923
22 0.18866848221
23 0.206209973325
24 0.224531086267
25 0.243631821036
26 0.263512177633
27 0.284172156057
28 0.305611756308
29 0.327830978386
30 0.350829822292
31 0.374608288025
32 0.399166375586
33 0.424504084974
34 0.450621416189
35 0.477518369231
36 0.505194944101
37 0.533651140798
38 0.562886959322
39 0.592902399674
40 0.623697461853
41 0.655272145859
42 0.687626451693
43 0.720760379354
44 0.754673928842
45 0.789367100157
46 0.8248398933
47 0.861092308271
48 0.898124345068
49 0.935936003693
50 0.974527284145
51 1.01389818642
52 1.05404871053
53 1.09497885647
54 1.13668862423
55 1.17917801382
56 1.22244702523
57 1.26649565847
58 1.31132391355
59 1.35693179044
60 1.40331928917
61 1.45048640972
62 1.4984331521
63 1.54715951631
64 1.59666550234
65 1.64695111021
66 1.69801633989
67 1.74986119141
68 1.80248566475
69 1.85588975993
70 1.91007347692
71 1.96503681575
72 2.0207797764
73 2.07730235888
74 2.13460456319
75 2.19268638933
76 2.25154783729
77 2.31118890708
78 2.3716095987
79 2.43280991214
80 2.49478984741
81 2.55754940451
82 2.62108858344
83 2.68540738419
84 2.75050580677
85 2.81638385118
86 2.88304151741
87 2.95047880548
88 3.01869571537
89 3.08769224709
90 3.15746840063
91 3.228024176
92 3.2993595732
93 3.37147459223
94 3.44436923308
95 3.51804349576
96 3.59249738027
97 3.66773088661
98 3.74374401477
99 3.82053676476
100 3.89810913658
101 3.97646113023
102 4.0555927457
103 4.135503983
104 4.21619484212
105 4.29766532308
106 4.37991542586
107 4.46294515047
108 4.54675449691
109 4.63134346517
110 4.71671205526
111 4.80286026718
112 4.88978810093
113 4.9774955565
114 5.0659826339
115 5.15524933313
116 5.24529565418
117 5.33612159706
118 5.42772716177
119 5.52011234831
120 5.61327715668
121 5.70722158687
122 5.80194563889
123 5.89744931273
124 5.99373260841
125 6.09079552591
126 6.18863806523
127 6.28726022639
128 6.38666200937
129 6.48684341418
130 6.58780444082
131 6.68954508928
132 6.79206535958
133 6.8953652517
134 6.99944476564
135 7.10430390142
136 7.20994265902
137 7.31636103845
138 7.4235590397
139 7.53153666279
140 7.6402939077
141 7.74983077443
142 7.860147263
143 7.97124337339
144 8.08311910561
145 8.19577445966
146 8.30920943553
147 8.42342403324
148 8.53841825276
149 8.65419209412
150 8.77074555731
151 8.88807864232
152 9.00619134915
153 9.12508367782
154 9.24475562831
155 9.36520720063
156 9.48643839478
157 9.60844921076
158 9.73123964856
159 9.85480970819
160 9.97915938964
161 10.1042886929
162 10.230197618
163 10.356886165
164 10.4843543337
165 10.6126021243
166 10.7416295368
167 10.871436571
168 11.0020232271
169 11.133389505
170 11.2655354047
171 11.3984609263
172 11.5321660697
173 11.6666508349
174 11.8019152219
175 11.9379592308
176 12.0747828615
177 12.212386114
178 12.3507689883
179 12.4899314845
180 12.6298736025
181 12.7705953423
182 12.912096704
183 13.0543776875
184 13.1974382928
185 13.3412785199
186 13.4858983689
187 13.6312978397
188 13.7774769323
189 13.9244356468
190 14.0721739831
191 14.2206919412
192 14.3699895211
193 14.5200667228
194 14.6709235464
195 14.8225599918
196 14.9749760591
197 15.1281717482
198 15.282147059
199 15.4369019918
200 15.5924365463
201 15.7487507227
202 15.9058445209
203 16.0637179409
204 16.2223709828
205 16.3818036465
206 16.542015932
207 16.7030078393
208 16.8647793685
209 17.0273305195
210 17.1906612923
211 17.354771687
212 17.5196617034
213 17.6853313417
214 17.8517806019
215 18.0190094838
216 18.1870179876
217 18.3558061132
218 18.5253738607
219 18.69572123
220 18.866848221
221 19.038754834
222 19.2114410687
223 19.3849069253
224 19.5591524037
225 19.7341775039
226 19.909982226
227 20.0865665699
228 20.2639305356
229 20.4420741231
230 20.6209973325
231 20.8007001637
232 20.9811826167
233 21.1624446916
234 21.3444863883
235 21.5273077068
236 21.7109086471
237 21.8952892093
238 22.0804493932
239 22.2663891991
240 22.4531086267
241 22.6406076762
242 22.8288863475
243 23.0179446406
244 23.2077825555
245 23.3984000923
246 23.5897972509
247 23.7819740314
248 23.9749304336
249 24.1686664577
250 24.3631821036
251 24.5584773714
252 24.7545522609
253 24.9514067723
254 25.1490409056
255 25.3474546606
256 25.5466480375
257 25.7466210362
258 25.9473736567
259 26.1489058991
260 26.3512177633
261 26.5543092493
262 26.7581803571
263 26.9628310868
264 27.1682614383
265 27.3744714116
266 27.5814610068
267 27.7892302238
268 27.9977790626
269 28.2071075232
270 28.4172156057
271 28.62810331
272 28.8397706361
273 29.052217584
274 29.2654441538
275 29.4794503454
276 29.6942361588
277 29.9098015941
278 30.1261466511
279 30.3432713301
280 30.5611756308
281 30.7798595533
282 30.9993230977
283 31.219566264
284 31.440589052
285 31.6623914619
286 31.8849734936
287 32.1083351471
288 32.3324764224
289 32.5573973196
290 32.7830978386
291 33.0095779795
292 33.2368377421
293 33.4648771266
294 33.6936961329
295 33.9232947611
296 34.1536730111
297 34.3848308829
298 34.6167683765
299 34.8494854919
300 35.0829822292
301 35.3172585883
302 35.5523145693
303 35.788150172
304 36.0247653966
305 36.262160243
306 36.5003347113
307 36.7392888014
308 36.9790225133
309 37.219535847
310 37.4608288025
311 37.7029013799
312 37.9457535791
313 38.1893854002
314 38.433796843
315 38.6789879077
316 38.9249585942
317 39.1717089026
318 39.4192388328
319 39.6675483848
320 39.9166375586
321 40.1665063542
322 40.4171547717
323 40.668582811
324 40.9207904722
325 41.1737777551
326 41.4275446599
327 41.6820911865
328 41.937417335
329 42.1935231053
330 42.4504084974
331 42.7080735113
332 42.966518147
333 43.2257424046
334 43.485746284
335 43.7465297853
336 44.0080929083
337 44.2704356532
338 44.5335580199
339 44.7974600085
340 45.0621416189
341 45.3276028511
342 45.5938437051
343 45.860864181
344 46.1286642786
345 46.3972439981
346 46.6666033395
347 46.9367423026
348 47.2076608876
349 47.4793590945
350 47.7518369231
351 48.0250943736
352 48.2991314459
353 48.57394814
354 48.849544456
355 49.1259203937
356 49.4030759534
357 49.6810111348
358 49.9597259381
359 50.2392203632
360 50.5194944101
361 50.8005480788
362 51.0823813694
363 51.3649942818
364 51.648386816
365 51.9325589721
366 52.21751075
367 52.5032421497
368 52.7897531712
369 53.0770438146
370 53.3651140798
371 53.6539639668
372 53.9435934756
373 54.2340026063
374 54.5251913588
375 54.8171597332
376 55.1099077293
377 55.4034353473
378 55.6977425871
379 55.9928294487
380 56.2886959322
381 56.5853420375
382 56.8827677646
383 57.1809731136
384 57.4799580844
385 57.779722677
386 58.0802668914
387 58.3815907276
388 58.6836941857
389 58.9865772656
390 59.2902399674
391 59.5946822909
392 59.8999042363
393 60.2059058036
394 60.5126869926
395 60.8202478035
396 61.1285882362
397 61.4377082907
398 61.7476079671
399 62.0582872653
400 62.3697461853
401 62.6819847271
402 62.9950028908
403 63.3088006763
404 63.6233780836
405 63.9387351128
406 64.2548717637
407 64.5717880365
408 64.8894839312
409 65.2079594476
410 65.5272145859
411 65.847249346
412 66.168063728
413 66.4896577317
414 66.8120313573
415 67.1351846047
416 67.459117474
417 67.7838299651
418 68.109322078
419 68.4355938127
420 68.7626451693
421 69.0904761477
422 69.4190867479
423 69.7484769699
424 70.0786468138
425 70.4095962795
426 70.741325367
427 71.0738340763
428 71.4071224075
429 71.7411903605
430 72.0760379354
431 72.411665132
432 72.7480719505
433 73.0852583908
434 73.423224453
435 73.7619701369
436 74.1014954427
437 74.4418003704
438 74.7828849198
439 75.1247490911
440 75.4673928842
441 75.8108162991
442 76.1550193359
443 76.5000019945
444 76.8457642749
445 77.1923061771
446 77.5396277012
447 77.8877288471
448 78.2366096148
449 78.5862700044
450 78.9367100157
451 79.287929649
452 79.639928904
453 79.9927077808
454 80.3462662795
455 80.7006044
456 81.0557221424
457 81.4116195066
458 81.7682964926
459 82.1257531004
460 82.48398933
461 82.8430051815
462 83.2028006548
463 83.56337575
464 83.9247304669
465 84.2868648057
466 84.6497787663
467 85.0134723488
468 85.377945553
469 85.7431983791
470 86.1092308271
471 86.4760428968
472 86.8436345884
473 87.2120059018
474 87.581156837
475 87.9510873941
476 88.321797573
477 88.6932873737
478 89.0655567962
479 89.4386058406
480 89.8124345068
481 90.1870427948
482 90.5624307047
483 90.9385982364
484 91.3155453899
485 91.6932721652
486 92.0717785624
487 92.4510645814
488 92.8311302222
489 93.2119754848
490 93.5936003693
491 93.9760048756
492 94.3591890037
493 94.7431527537
494 95.1278961254
495 95.5134191191
496 95.8997217345
497 96.2868039717
498 96.6746658308
499 97.0633073118
500 97.4527284145
501 97.8429291391
502 98.2339094855
503 98.6256694537
504 99.0182090438
505 99.4115282556
506 99.8056270893
507 100.200505545
508 100.596163622
509 100.992601321
510 101.389818642
511 101.787815585
512 102.18659215
513 102.586148336
514 102.986484145
515 103.387599575
516 103.789494627
517 104.192169301
518 104.595623596
519 104.999857514
520 105.404871053
521 105.810664214
522 106.217236997
523 106.624589402
524 107.032721429
525 107.441633077
526 107.851324347
527 108.261795239
528 108.673045753
529 109.085075889
530 109.497885647
531 109.911475026
532 110.325844027
533 110.74099265
534 111.156920895
535 111.573628762
536 111.99111625
537 112.409383361
538 112.828430093
539 113.248256447
540 113.668862423
541 114.09024802
542 114.51241324
543 114.935358081
544 115.359082544
545 115.783586629
546 116.208870336
547 116.634933665
548 117.061776615
549 117.489399187
550 117.917801382
551 118.346983197
552 118.776944635
553 119.207685695
554 119.639206376
555 120.07150668
556 120.504586605
557 120.938446151
558 121.37308532
559 121.808504111
560 122.244702523
561 122.681680557
562 123.119438213
563 123.557975491
564 123.997292391
565 124.437388912
566 124.878265056
567 125.319920821
568 125.762356208
569 126.205571217
570 126.649565847
571 127.0943401
572 127.539893974
573 127.98622747
574 128.433340588
575 128.881233328
576 129.32990569
577 129.779357673
578 130.229589279
579 130.680600506
580 131.132391355
581 131.584961825
582 132.038311918
583 132.492441632
584 132.947350969
585 133.403039927
586 133.859508507
587 134.316756708
588 134.774784532
589 135.233591977
590 135.693179044
591 136.153545733
592 136.614692044
593 137.076617977
594 137.539323531
595 138.002808708
596 138.467073506
597 138.932117926
598 139.397941968
599 139.864545631
600 140.331928917
601 140.800091824
602 141.269034353
603 141.738756504
604 142.209258277
605 142.680539672
606 143.152600688
607 143.625441326
608 144.099061586
609 144.573461468
610 145.048640972
611 145.524600098
612 146.001338845
613 146.478857214
614 146.957155205
615 147.436232818
616 147.916090053
617 148.39672691
618 148.878143388
619 149.360339488
620 149.84331521
621 150.327070554
622 150.81160552
623 151.296920107
624 151.783014316
625 152.269888148
626 152.757541601
627 153.245974675
628 153.735187372
629 154.225179691
630 154.715951631
631 155.207503193
632 155.699834377
633 156.192945183
634 156.68683561
635 157.18150566
636 157.676955331
637 158.173184624
638 158.670193539
639 159.167982076
640 159.666550234
641 160.165898015
642 160.666025417
643 161.166932441
644 161.668619087
645 162.171085355
646 162.674331244
647 163.178356755
648 163.683161889
649 164.188746644
650 164.695111021
651 165.202255019
652 165.71017864
653 166.218881882
654 166.728364746
655 167.238627232
656 167.74966934
657 168.26149107
658 168.774092421
659 169.287473394
660 169.801633989
661 170.316574206
662 170.832294045
663 171.348793506
664 171.866072588
665 172.384131292
666 172.902969618
667 173.422587566
668 173.942985136
669 174.464162328
670 174.986119141
671 175.508855576
672 176.032371633
673 176.556667312
674 177.081742613
675 177.607597535
676 178.13423208
677 178.661646246
678 179.189840034
679 179.718813444
680 180.248566475
681 180.779099129
682 181.310411404
683 181.842503301
684 182.37537482
685 182.909025961
686 183.443456724
687 183.978667108
688 184.514657115
689 185.051426743
690 185.588975993
691 186.127304864
692 186.666413358
693 187.206301473
694 187.746969211
695 188.28841657
696 188.830643551
697 189.373650153
698 189.917436378
699 190.462002224
700 191.007347692
701 191.553472782
702 192.100377494
703 192.648061828
704 193.196525784
705 193.745769361
706 194.29579256
707 194.846595381
708 195.398177824
709 195.950539889
710 196.503681575
711 197.057602883
712 197.612303813
713 198.167784365
714 198.724044539
715 199.281084335
716 199.838903752
717 200.397502792
718 200.956881453
719 201.517039736
720 202.07797764
721 202.639695167
722 203.202192315
723 203.765469086
724 204.329525478
725 204.894361491
726 205.459977127
727 206.026372385
728 206.593547264
729 207.161501765
730 207.730235888
731 208.299749633
732 208.870043
733 209.441115988
734 210.012968599
735 210.585600831
736 211.159012685
737 211.733204161
738 212.308175258
739 212.883925978
740 213.460456319
741 214.037766282
742 214.615855867
743 215.194725074
744 215.774373903
745 216.354802353
746 216.936010425
747 217.517998119
748 218.100765435
749 218.684312373
750 219.268638933
751 219.853745114
752 220.439630917
753 221.026296342
754 221.613741389
755 222.201966058
756 222.790970348
757 223.380754261
758 223.971317795
759 224.562660951
760 225.154783729
761 225.747686129
762 226.34136815
763 226.935829793
764 227.531071059
765 228.127091946
766 228.723892454
767 229.321472585
768 229.919832337
769 230.518971712
770 231.118890708
771 231.719589326
772 232.321067566
773 232.923325427
774 233.526362911
775 234.130180016
776 234.734776743
777 235.340153092
778 235.946309063
779 236.553244655
780 237.16095987
781 237.769454706
782 238.378729164
783 238.988783244
784 239.599616945
785 240.211230269
786 240.823623214
787 241.436795781
788 242.05074797
789 242.665479781
790 243.280991214
791 243.897282268
792 244.514352945
793 245.132203243
794 245.750833163
795 246.370242705
796 246.990431868
797 247.611400654
798 248.233149061
799 248.85567709
800 249.478984741
801 250.103072014
802 250.727938908
803 251.353585425
804 251.980011563
805 252.607217323
806 253.235202705
807 253.863967709
808 254.493512334
809 255.123836582
810 255.754940451
811 256.386823942
812 257.019487055
813 257.65292979
814 258.287152146
815 258.922154124
816 259.557935725
817 260.194496947
818 260.83183779
819 261.469958256
820 262.108858344
821 262.748538053
822 263.388997384
823 264.030236337
824 264.672254912
825 265.315053108
826 265.958630927
827 266.602988367
828 267.248125429
829 267.894042113
830 268.540738419
831 269.188214347
832 269.836469896
833 270.485505067
834 271.13531986
835 271.785914275
836 272.437288312
837 273.08944197
838 273.742375251
839 274.396088153
840 275.050580677
841 275.705852823
842 276.361904591
843 277.01873598
844 277.676346991
845 278.334737625
846 278.99390788
847 279.653857756
848 280.314587255
849 280.976096376
850 281.638385118
851 282.301453482
852 282.965301468
853 283.629929076
854 284.295336305
855 284.961523157
856 285.62848963
857 286.296235725
858 286.964761442
859 287.634066781
860 288.304151741
861 288.975016324
862 289.646660528
863 290.319084354
864 290.992287802
865 291.666270872
866 292.341033563
867 293.016575877
868 293.692897812
869 294.369999369
870 295.047880548
871 295.726541348
872 296.405981771
873 297.086201815
874 297.767201481
875 298.448980769
876 299.131539679
877 299.814878211
878 300.498996364
879 301.18389414
880 301.869571537
881 302.556028556
882 303.243265196
883 303.931281459
884 304.620077344
885 305.30965285
886 306.000007978
887 306.691142728
888 307.3830571
889 308.075751093
890 308.769224709
891 309.463477946
892 310.158510805
893 310.854323286
894 311.550915388
895 312.248287113
896 312.946438459
897 313.645369427
898 314.345080017
899 315.045570229
900 315.746840063
901 316.448889518
902 317.151718596
903 317.855327295
904 318.559715616
905 319.264883559
906 319.970831123
907 320.67755831
908 321.385065118
909 322.093351548
910 322.8024176
911 323.512263274
912 324.22288857
913 324.934293487
914 325.646478026
915 326.359442187
916 327.07318597
917 327.787709375
918 328.503012402
919 329.21909505
920 329.93595732
921 330.653599212
922 331.372020726
923 332.091221862
924 332.811202619
925 333.531962999
926 334.253503
927 334.975822623
928 335.698921868
929 336.422800734
930 337.147459223
931 337.872897333
932 338.599115065
933 339.326112419
934 340.053889395
935 340.782445993
936 341.511782212
937 342.241898053
938 342.972793517
939 343.704468601
940 344.436923308
941 345.170157637
942 345.904171587
943 346.638965159
944 347.374538354
945 348.110891169
946 348.848023607
947 349.585935667
948 350.324627348
949 351.064098651
950 351.804349576
951 352.545380123
952 353.287190292
953 354.029780082
954 354.773149495
955 355.517298529
956 356.262227185
957 357.007935463
958 357.754423362
959 358.501690884
960 359.249738027
961 359.998564792
962 360.748171179
963 361.498557188
964 362.249722819
965 363.001668071
966 363.754392945
967 364.507897442
968 365.262181559
969 366.017245299
970 366.773088661
971 367.529711644
972 368.287114249
973 369.045296477
974 369.804258325
975 370.563999796
976 371.324520889
977 372.085821603
978 372.847901939
979 373.610761897
980 374.374401477
981 375.138820679
982 375.904019502
983 376.669997948
984 377.436756015
985 378.204293704
986 378.972611015
987 379.741707947
988 380.511584502
989 381.282240678
990 382.053676476
991 382.825891896
992 383.598886938
993 384.372661602
994 385.147215887
995 385.922549794
996 386.698663323
997 387.475556474
998 388.253229247
999 389.031681642
