10 3.89810913658
11 4.71671205526
12 5.61327715668
13 6.58780444082
14 7.6402939077
15 8.77074555731
16 9.97915938964
17 11.2655354047
18 12.6298736025
19 14.0721739831
20 15.5924365463
21 17.1906612923
22 18.866848221
23 20.6209973325
24 22.4531086267
25 24.3631821036
26 26.3512177633
27 28.4172156057
28 30.5611756308
29 32.7830978386
30 35.0829822292
31 37.4608288025
32 39.9166375586
33 42.4504084974
34 45.0621416189
35 47.7518369231
36 50.5194944101
37 53.3651140798
38 56.2886959322
39 59.2902399674
40 62.3697461853
41 65.5272145859
42 68.7626451693
43 72.0760379354
44 75.4673928842
45 78.9367100157
46 82.48398933
47 86.1092308271
48 89.8124345068
49 93.5936003693
50 97.4527284145
51 101.389818642
52 105.404871053
53 109.497885647
54 113.668862423
55 117.917801382
56 122.244702523
57 126.649565847
58 131.132391355
59 135.693179044
60 140.331928917
61 145.048640972
62 149.84331521
63 154.715951631
64 159.666550234
65 164.695111021
66 169.801633989
67 174.986119141
68 180.248566475
69 185.588975993
70 191.007347692
71 196.503681575
72 202.07797764
73 207.730235888
74 213.460456319
75 219.268638933
76 225.154783729
77 231.118890708
78 237.16095987
79 243.280991214
80 249.478984741
81 255.754940451
82 262.108858344
83 268.540738419
84 275.050580677
85 281.638385118
86 288.304151741
87 295.047880548
88 301.869571537
89 308.769224709
90 315.746840063
91 322.8024176
92 329.93595732
93 337.147459223
94 344.436923308
95 351.804349576
96 359.249738027
97 366.773088661
98 374.374401477
99 382.053676476
100 389.810913658
101 397.646113023
102 405.55927457
103 413.5503983
104 421.619484212
105 429.766532308
106 437.991542586
107 446.294515047
108 454.675449691
109 463.134346517
110 471.671205526
111 480.286026718
112 488.978810093
113 497.74955565
114 506.59826339
115 515.524933313
116 524.529565418
117 533.612159706
118 542.772716177
119 552.011234831
120 561.327715668
121 570.722158687
122 580.194563889
123 589.744931273
124 599.373260841
125 609.079552591
126 618.863806523
127 628.726022639
128 638.666200937
129 648.684341418
130 658.780444082
131 668.954508928
132 679.206535958
133 689.53652517
134 699.944476564
135 710.430390142
136 720.994265902
137 731.636103845
138 742.35590397
139 753.153666279
140 764.02939077
141 774.983077443
142 786.0147263
143 797.124337339
144 808.311910561
145 819.577445966
146 830.920943553
147 842.342403324
148 853.841825276
149 865.419209412
150 877.074555731
151 888.807864232
152 900.619134915
153 912.508367782
154 924.475562831
155 936.520720063
156 948.643839478
157 960.844921076
158 973.123964856
159 985.480970819
160 997.915938964
161 1010.42886929
162 1023.0197618
163 1035.6886165
164 1048.43543337
165 1061.26021243
166 1074.16295368
167 1087.1436571
168 1100.20232271
169 1113.3389505
170 1126.55354047
171 1139.84609263
172 1153.21660697
173 1166.66508349
174 1180.19152219
175 1193.79592308
176 1207.47828615
177 1221.2386114
178 1235.07689883
179 1248.99314845
180 1262.98736025
181 1277.05953423
182 1291.2096704
183 1305.43776875
184 1319.74382928
185 1334.12785199
186 1348.58983689
187 1363.12978397
188 1377.74769323
189 1392.44356468
190 1407.21739831
191 1422.06919412
192 1436.99895211
193 1452.00667228
194 1467.09235464
195 1482.25599918
196 1497.49760591
197 1512.81717482
198 1528.2147059
199 1543.69019918
200 1559.24365463
201 1574.87507227
202 1590.58445209
203 1606.37179409
204 1622.23709828
205 1638.18036465
206 1654.2015932
207 1670.30078393
208 1686.47793685
209 1702.73305195
210 1719.06612923
211 1735.4771687
212 1751.96617034
213 1768.53313417
214 1785.17806019
215 1801.90094838
216 1818.70179876
217 1835.58061132
218 1852.53738607
219 1869.572123
220 1886.6848221
221 1903.8754834
222 1921.14410687
223 1938.49069253
224 1955.91524037
225 1973.41775039
226 1990.9982226
227 2008.65665699
228 2026.39305356
229 2044.20741231
230 2062.09973325
231 2080.07001637
232 2098.11826167
233 2116.24446916
234 2134.44863883
235 2152.73077068
236 2171.09086471
237 2189.52892093
238 2208.04493932
239 2226.63891991
240 2245.31086267
241 2264.06076762
242 2282.88863475
243 2301.79446406
244 2320.77825555
245 2339.84000923
246 2358.97972509
247 2378.19740314
248 2397.49304336
249 2416.86664577
250 2436.31821036
251 2455.84773714
252 2475.45522609
253 2495.14067723
254 2514.90409056
255 2534.74546606
256 2554.66480375
257 2574.66210362
258 2594.73736567
259 2614.89058991
260 2635.12177633
261 2655.43092493
262 2675.81803571
263 2696.28310868
264 2716.82614383
265 2737.44714116
266 2758.14610068
267 2778.92302238
268 2799.77790626
269 2820.71075232
270 2841.72156057
271 2862.810331
272 2883.97706361
273 2905.2217584
274 2926.54441538
275 2947.94503454
276 2969.42361588
277 2990.98015941
278 3012.61466511
279 3034.32713301
280 3056.11756308
281 3077.98595533
282 3099.93230977
283 3121.9566264
284 3144.0589052
285 3166.23914619
286 3188.49734936
287 3210.83351471
288 3233.24764224
289 3255.73973196
290 3278.30978386
291 3300.95779795
292 3323.68377421
293 3346.48771266
294 3369.36961329
295 3392.32947611
296 3415.36730111
297 3438.48308829
298 3461.67683765
299 3484.94854919
300 3508.29822292
301 3531.72585883
302 3555.23145693
303 3578.8150172
304 3602.47653966
305 3626.2160243
306 3650.03347113
307 3673.92888014
308 3697.90225133
309 3721.9535847
310 3746.08288025
311 3770.29013799
312 3794.57535791
313 3818.93854002
314 3843.3796843
315 3867.89879077
316 3892.49585942
317 3917.17089026
318 3941.92388328
319 3966.75483848
320 3991.66375586
321 4016.65063542
322 4041.71547717
323 4066.8582811
324 4092.07904722
325 4117.37777551
326 4142.75446599
327 4168.20911865
328 4193.7417335
329 4219.35231053
330 4245.04084974
331 4270.80735113
332 4296.6518147
333 4322.57424046
334 4348.5746284
335 4374.65297853
336 4400.80929083
337 4427.04356532
338 4453.35580199
339 4479.74600085
340 4506.21416189
341 4532.76028511
342 4559.38437051
343 4586.0864181
344 4612.86642786
345 4639.72439981
346 4666.66033395
347 4693.67423026
348 4720.76608876
349 4747.93590945
350 4775.18369231
351 4802.50943736
352 4829.91314459
353 4857.394814
354 4884.9544456
355 4912.59203937
356 4940.30759534
357 4968.10111348
358 4995.97259381
359 5023.92203632
360 5051.94944101
361 5080.05480788
362 5108.23813694
363 5136.49942818
364 5164.8386816
365 5193.25589721
366 5221.751075
367 5250.32421497
368 5278.97531712
369 5307.70438146
370 5336.51140798
371 5365.39639668
372 5394.35934756
373 5423.40026063
374 5452.51913588
375 5481.71597332
376 5510.99077293
377 5540.34353473
378 5569.77425871
379 5599.28294487
380 5628.86959322
381 5658.53420375
382 5688.27677646
383 5718.09731136
384 5747.99580844
385 5777.9722677
386 5808.02668914
387 5838.15907276
388 5868.36941857
389 5898.65772656
390 5929.02399674
391 5959.46822909
392 5989.99042363
393 6020.59058036
394 6051.26869926
395 6082.02478035
396 6112.85882362
397 6143.77082907
398 6174.76079671
399 6205.82872653
400 6236.97461853
401 6268.19847271
402 6299.50028908
403 6330.88006763
404 6362.33780836
405 6393.87351128
406 6425.48717637
407 6457.17880365
408 6488.94839312
409 6520.79594476
410 6552.72145859
411 6584.7249346
412 6616.8063728
413 6648.96577317
414 6681.20313573
415 6713.51846047
416 6745.9117474
417 6778.38299651
418 6810.9322078
419 6843.55938127
420 6876.26451693
421 6909.04761477
422 6941.90867479
423 6974.84769699
424 7007.86468138
425 7040.95962795
426 7074.1325367
427 7107.38340763
428 7140.71224075
429 7174.11903605
430 7207.60379354
431 7241.1665132
432 7274.80719505
433 7308.52583908
434 7342.3224453
435 7376.19701369
436 7410.14954427
437 7444.18003704
438 7478.28849198
439 7512.47490911
440 7546.73928842
441 7581.08162991
442 7615.50193359
443 7650.00019945
444 7684.57642749
445 7719.23061771
446 7753.96277012
447 7788.77288471
448 7823.66096148
449 7858.62700044
450 7893.67100157
451 7928.7929649
452 7963.9928904
453 7999.27077808
454 8034.62662795
455 8070.06044
456 8105.57221424
457 8141.16195066
458 8176.82964926
459 8212.57531004
460 8248.398933
461 8284.30051815
462 8320.28006548
463 8356.337575
464 8392.47304669
465 8428.68648057
466 8464.97787663
467 8501.34723488
468 8537.7945553
469 8574.31983791
470 8610.92308271
471 8647.60428968
472 8684.36345884
473 8721.20059018
474 8758.1156837
475 8795.10873941
476 8832.1797573
477 8869.32873737
478 8906.55567962
479 8943.86058406
480 8981.24345068
481 9018.70427948
482 9056.24307047
483 9093.85982364
484 9131.55453899
485 9169.32721652
486 9207.17785624
487 9245.10645814
488 9283.11302222
489 9321.19754848
490 9359.36003693
491 9397.60048756
492 9435.91890037
493 9474.31527537
494 9512.78961254
495 9551.34191191
496 9589.97217345
497 9628.68039717
498 9667.46658308
499 9706.33073118
500 9745.27284145
501 9784.29291391
502 9823.39094855
503 9862.56694537
504 9901.82090438
505 9941.15282556
506 9980.56270893
507 10020.0505545
508 10059.6163622
509 10099.2601321
510 10138.9818642
511 10178.7815585
512 10218.659215
513 10258.6148336
514 10298.6484145
515 10338.7599575
516 10378.9494627
517 10419.2169301
518 10459.5623596
519 10499.9857514
520 10540.4871053
521 10581.0664214
522 10621.7236997
523 10662.4589402
524 10703.2721429
525 10744.1633077
526 10785.1324347
527 10826.1795239
528 10867.3045753
529 10908.5075889
530 10949.7885647
531 10991.1475026
532 11032.5844027
533 11074.099265
534 11115.6920895
535 11157.3628762
536 11199.111625
537 11240.9383361
538 11282.8430093
539 11324.8256447
540 11366.8862423
541 11409.024802
542 11451.241324
543 11493.5358081
544 11535.9082544
545 11578.3586629
546 11620.8870336
547 11663.4933665
548 11706.1776615
549 11748.9399187
550 11791.7801382
551 11834.6983197
552 11877.6944635
553 11920.7685695
554 11963.9206376
555 12007.150668
556 12050.4586605
557 12093.8446151
558 12137.308532
559 12180.8504111
560 12224.4702523
561 12268.1680557
562 12311.9438213
563 12355.7975491
564 12399.7292391
565 12443.7388912
566 12487.8265056
567 12531.9920821
568 12576.2356208
569 12620.5571217
570 12664.9565847
571 12709.43401
572 12753.9893974
573 12798.622747
574 12843.3340588
575 12888.1233328
576 12932.990569
577 12977.9357673
578 13022.9589279
579 13068.0600506
580 13113.2391355
581 13158.4961825
582 13203.8311918
583 13249.2441632
584 13294.7350969
585 13340.3039927
586 13385.9508507
587 13431.6756708
588 13477.4784532
589 13523.3591977
590 13569.3179044
591 13615.3545733
592 13661.4692044
593 13707.6617977
594 13753.9323531
595 13800.2808708
596 13846.7073506
597 13893.2117926
598 13939.7941968
599 13986.4545631
600 14033.1928917
601 14080.0091824
602 14126.9034353
603 14173.8756504
604 14220.9258277
605 14268.0539672
606 14315.2600688
607 14362.5441326
608 14409.9061586
609 14457.3461468
610 14504.8640972
611 14552.4600098
612 14600.1338845
613 14647.8857214
614 14695.7155205
615 14743.6232818
616 14791.6090053
617 14839.672691
618 14887.8143388
619 14936.0339488
620 14984.331521
621 15032.7070554
622 15081.160552
623 15129.6920107
624 15178.3014316
625 15226.9888148
626 15275.7541601
627 15324.5974675
628 15373.5187372
629 15422.5179691
630 15471.5951631
631 15520.7503193
632 15569.9834377
633 15619.2945183
634 15668.683561
635 15718.150566
636 15767.6955331
637 15817.3184624
638 15867.0193539
639 15916.7982076
640 15966.6550234
641 16016.5898015
642 16066.6025417
643 16116.6932441
644 16166.8619087
645 16217.1085355
646 16267.4331244
647 16317.8356755
648 16368.3161889
649 16418.8746644
650 16469.5111021
651 16520.2255019
652 16571.017864
653 16621.8881882
654 16672.8364746
655 16723.8627232
656 16774.966934
657 16826.149107
658 16877.4092421
659 16928.7473394
660 16980.1633989
661 17031.6574206
662 17083.2294045
663 17134.8793506
664 17186.6072588
665 17238.4131292
666 17290.2969618
667 17342.2587566
668 17394.2985136
669 17446.4162328
670 17498.6119141
671 17550.8855576
672 17603.2371633
673 17655.6667312
674 17708.1742613
675 17760.7597535
676 17813.423208
677 17866.1646246
678 17918.9840034
679 17971.8813444
680 18024.8566475
681 18077.9099129
682 18131.0411404
683 18184.2503301
684 18237.537482
685 18290.9025961
686 18344.3456724
687 18397.8667108
688 18451.4657115
689 18505.1426743
690 18558.8975993
691 18612.7304864
692 18666.6413358
693 18720.6301473
694 18774.6969211
695 18828.841657
696 18883.0643551
697 18937.3650153
698 18991.7436378
699 19046.2002224
700 19100.7347692
701 19155.3472782
702 19210.0377494
703 19264.8061828
704 19319.6525784
705 19374.5769361
706 19429.579256
707 19484.6595381
708 19539.8177824
709 19595.0539889
710 19650.3681575
711 19705.7602883
712 19761.2303813
713 19816.7784365
714 19872.4044539
715 19928.1084335
716 19983.8903752
717 20039.7502792
718 20095.6881453
719 20151.7039736
720 20207.797764
721 20263.9695167
722 20320.2192315
723 20376.5469086
724 20432.9525478
725 20489.4361491
726 20545.9977127
727 20602.6372385
728 20659.3547264
729 20716.1501765
730 20773.0235888
731 20829.9749633
732 20887.0043
733 20944.1115988
734 21001.2968599
735 21058.5600831
736 21115.9012685
737 21173.3204161
738 21230.8175258
739 21288.3925978
740 21346.0456319
741 21403.7766282
742 21461.5855867
743 21519.4725074
744 21577.4373903
745 21635.4802353
746 21693.6010425
747 21751.7998119
748 21810.0765435
749 21868.4312373
750 21926.8638933
751 21985.3745114
752 22043.9630917
753 22102.6296342
754 22161.3741389
755 22220.1966058
756 22279.0970348
757 22338.0754261
758 22397.1317795
759 22456.2660951
760 22515.4783729
761 22574.7686129
762 22634.136815
763 22693.5829793
764 22753.1071059
765 22812.7091946
766 22872.3892454
767 22932.1472585
768 22991.9832337
769 23051.8971712
770 23111.8890708
771 23171.9589326
772 23232.1067566
773 23292.3325427
774 23352.6362911
775 23413.0180016
776 23473.4776743
777 23534.0153092
778 23594.6309063
779 23655.3244655
780 23716.095987
781 23776.9454706
782 23837.8729164
783 23898.8783244
784 23959.9616945
785 24021.1230269
786 24082.3623214
787 24143.6795781
788 24205.074797
789 24266.5479781
790 24328.0991214
791 24389.7282268
792 24451.4352945
793 24513.2203243
794 24575.0833163
795 24637.0242705
796 24699.0431868
797 24761.1400654
798 24823.3149061
799 24885.567709
800 24947.8984741
801 25010.3072014
802 25072.7938908
803 25135.3585425
804 25198.0011563
805 25260.7217323
806 25323.5202705
807 25386.3967709
808 25449.3512334
809 25512.3836582
810 25575.4940451
811 25638.6823942
812 25701.9487055
813 25765.292979
814 25828.7152146
815 25892.2154124
816 25955.7935725
817 26019.4496947
818 26083.183779
819 26146.9958256
820 26210.8858344
821 26274.8538053
822 26338.8997384
823 26403.0236337
824 26467.2254912
825 26531.5053108
826 26595.8630927
827 26660.2988367
828 26724.8125429
829 26789.4042113
830 26854.0738419
831 26918.8214347
832 26983.6469896
833 27048.5505067
834 27113.531986
835 27178.5914275
836 27243.7288312
837 27308.944197
838 27374.2375251
839 27439.6088153
840 27505.0580677
841 27570.5852823
842 27636.1904591
843 27701.873598
844 27767.6346991
845 27833.4737625
846 27899.390788
847 27965.3857756
848 28031.4587255
849 28097.6096376
850 28163.8385118
851 28230.1453482
852 28296.5301468
853 28362.9929076
854 28429.5336305
855 28496.1523157
856 28562.848963
857 28629.6235725
858 28696.4761442
859 28763.4066781
860 28830.4151741
861 28897.5016324
862 28964.6660528
863 29031.9084354
864 29099.2287802
865 29166.6270872
866 29234.1033563
867 29301.6575877
868 29369.2897812
869 29436.9999369
870 29504.7880548
871 29572.6541348
872 29640.5981771
873 29708.6201815
874 29776.7201481
875 29844.8980769
876 29913.1539679
877 29981.4878211
878 30049.8996364
879 30118.389414
880 30186.9571537
881 30255.6028556
882 30324.3265196
883 30393.1281459
884 30462.0077344
885 30530.965285
886 30600.0007978
887 30669.1142728
888 30738.30571
889 30807.5751093
890 30876.9224709
891 30946.3477946
892 31015.8510805
893 31085.4323286
894 31155.0915388
895 31224.8287113
896 31294.6438459
897 31364.5369427
898 31434.5080017
899 31504.5570229
900 31574.6840063
901 31644.8889518
902 31715.1718596
903 31785.5327295
904 31855.9715616
905 31926.4883559
906 31997.0831123
907 32067.755831
908 32138.5065118
909 32209.3351548
910 32280.24176
911 32351.2263274
912 32422.288857
913 32493.4293487
914 32564.6478026
915 32635.9442187
916 32707.318597
917 32778.7709375
918 32850.3012402
919 32921.909505
920 32993.595732
921 33065.3599212
922 33137.2020726
923 33209.1221862
924 33281.1202619
925 33353.1962999
926 33425.3503
927 33497.5822623
928 33569.8921868
929 33642.2800734
930 33714.7459223
931 33787.2897333
932 33859.9115065
933 33932.6112419
934 34005.3889395
935 34078.2445993
936 34151.1782212
937 34224.1898053
938 34297.2793517
939 34370.4468601
940 34443.6923308
941 34517.0157637
942 34590.4171587
943 34663.8965159
944 34737.4538354
945 34811.0891169
946 34884.8023607
947 34958.5935667
948 35032.4627348
949 35106.4098651
950 35180.4349576
951 35254.5380123
952 35328.7190292
953 35402.9780082
954 35477.3149495
955 35551.7298529
956 35626.2227185
957 35700.7935463
958 35775.4423362
959 35850.1690884
960 35924.9738027
961 35999.8564792
962 36074.8171179
963 36149.8557188
964 36224.9722819
965 36300.1668071
966 36375.4392945
967 36450.7897442
968 36526.2181559
969 36601.7245299
970 36677.3088661
971 36752.9711644
972 36828.7114249
973 36904.5296477
974 36980.4258325
975 37056.3999796
976 37132.4520889
977 37208.5821603
978 37284.7901939
979 37361.0761897
980 37437.4401477
981 37513.8820679
982 37590.4019502
983 37666.9997948
984 37743.6756015
985 37820.4293704
986 37897.2611015
987 37974.1707947
988 38051.1584502
989 38128.2240678
990 38205.3676476
991 38282.5891896
992 38359.8886938
993 38437.2661602
994 38514.7215887
995 38592.2549794
996 38669.8663323
997 38747.5556474
998 38825.3229247
999 38903.1681642
