10 0.262204650443
11 0.317267627036
12 0.377574696637
13 0.443125859248
14 0.513921114867
15 0.589960463496
16 0.671243905133
17 0.757771439779
18 0.849543067434
19 0.946558788098
20 1.04881860177
21 1.15632250845
22 1.26907050814
23 1.38706260084
24 1.51029878655
25 1.63877906527
26 1.77250343699
27 1.91147190173
28 2.05568445947
29 2.20514111022
30 2.35984185398
31 2.51978669075
32 2.68497562053
33 2.85540864332
34 3.03108575912
35 3.21200696792
36 3.39817226974
37 3.58958166456
38 3.78623515239
39 3.98813273323
40 4.19527440708
41 4.40766017394
42 4.62529003381
43 4.84816398668
44 5.07628203257
45 5.30964417146
46 5.54825040337
47 5.79210072828
48 6.0411951462
49 6.29553365713
50 6.55511626107
51 6.81994295801
52 7.09001374797
53 7.36532863093
54 7.64588760691
55 7.93169067589
56 8.22273783788
57 8.51902909288
58 8.82056444089
59 9.12734388191
60 9.43936741593
61 9.75663504297
62 10.079146763
63 10.4069025761
64 10.7399024821
65 11.0781464812
66 11.4216345733
67 11.7703667584
68 12.1243430365
69 12.4835634076
70 12.8480278717
71 13.2177364288
72 13.5926890789
73 13.9728858221
74 14.3583266582
75 14.7490115874
76 15.1449406096
77 15.5461137247
78 15.9525309329
79 16.3641922341
80 16.7810976283
81 17.2032471155
82 17.6306406958
83 18.063278369
84 18.5011601352
85 18.9442859945
86 19.3926559467
87 19.846269992
88 20.3051281303
89 20.7692303616
90 21.2385766859
91 21.7131671032
92 22.1930016135
93 22.6780802168
94 23.1684029131
95 23.6639697024
96 24.1647805848
97 24.6708355601
98 25.1821346285
99 25.6986777899
100 26.2204650443
101 26.7474963916
102 27.279771832
103 27.8172913655
104 28.3600549919
105 28.9080627113
106 29.4613145237
107 30.0198104292
108 30.5835504276
109 31.1525345191
110 31.7267627036
111 32.306234981
112 32.8909513515
113 33.480911815
114 34.0761163715
115 34.676565021
116 35.2822577636
117 35.8931945991
118 36.5093755276
119 37.1308005492
120 37.7574696637
121 38.3893828713
122 39.0265401719
123 39.6689415655
124 40.3165870521
125 40.9694766317
126 41.6276103043
127 42.2909880699
128 42.9596099285
129 43.6334758802
130 44.3125859248
131 44.9969400625
132 45.6865382931
133 46.3813806168
134 47.0814670335
135 47.7867975432
136 48.4973721459
137 49.2131908416
138 49.9342536303
139 50.660560512
140 51.3921114867
141 52.1289065545
142 52.8709457152
143 53.618228969
144 54.3707563158
145 55.1285277556
146 55.8915432883
147 56.6598029141
148 57.4333066329
149 58.2120544448
150 58.9960463496
151 59.7852823474
152 60.5797624383
153 61.3794866221
154 62.184454899
155 62.9946672688
156 63.8101237317
157 64.6308242876
158 65.4567689365
159 66.2879576784
160 67.1243905133
161 67.9660674412
162 68.8129884622
163 69.6651535761
164 70.522562783
165 71.385216083
166 72.253113476
167 73.1262549619
168 74.0046405409
169 74.8882702129
170 75.7771439779
171 76.6712618359
172 77.5706237869
173 78.475229831
174 79.385079968
175 80.300174198
176 81.2205125211
177 82.1460949372
178 83.0769214462
179 84.0129920483
180 84.9543067434
181 85.9008655315
182 86.8526684126
183 87.8097153867
184 88.7720064538
185 89.739541614
186 90.7123208671
187 91.6903442133
188 92.6736116524
189 93.6621231846
190 94.6558788098
191 95.654878528
192 96.6591223392
193 97.6686102434
194 98.6833422406
195 99.7033183308
196 100.728538514
197 101.75900279
198 102.79471116
199 103.835663622
200 104.881860177
201 105.933300825
202 106.989985567
203 108.051914401
204 109.119087328
205 110.191504349
206 111.269165462
207 112.352070668
208 113.440219967
209 114.53361336
210 115.632250845
211 116.736132424
212 117.845258095
213 118.959627859
214 120.079241717
215 121.204099667
216 122.334201711
217 123.469547847
218 124.610138076
219 125.755972399
220 126.907050814
221 128.063373323
222 129.224939924
223 130.391750619
224 131.563805406
225 132.741104287
226 133.92364726
227 135.111434327
228 136.304465486
229 137.502740739
230 138.706260084
231 139.915023523
232 141.129031054
233 142.348282679
234 143.572778396
235 144.802518207
236 146.037502111
237 147.277730107
238 148.523202197
239 149.773918379
240 151.029878655
241 152.291083024
242 153.557531485
243 154.82922404
244 156.106160688
245 157.388341428
246 158.675766262
247 159.968435189
248 161.266348208
249 162.569505321
250 163.877906527
251 165.191551825
252 166.510441217
253 167.834574702
254 169.16395228
255 170.49857395
256 171.838439714
257 173.183549571
258 174.533903521
259 175.889501563
260 177.250343699
261 178.616429928
262 179.98776025
263 181.364334665
264 182.746153172
265 184.133215773
266 185.525522467
267 186.923073254
268 188.325868134
269 189.733907107
270 191.147190173
271 192.565717332
272 193.989488583
273 195.418503928
274 196.852763366
275 198.292266897
276 199.737014521
277 201.187006238
278 202.642242048
279 204.102721951
280 205.568445947
281 207.039414036
282 208.515626218
283 209.997082493
284 211.483782861
285 212.975727322
286 214.472915876
287 215.975348523
288 217.483025263
289 218.995946096
290 220.514111022
291 222.037520041
292 223.566173153
293 225.100070358
294 226.639211657
295 228.183597048
296 229.733226532
297 231.288100109
298 232.848217779
299 234.413579542
300 235.984185398
301 237.560035348
302 239.14112939
303 240.727467525
304 242.319049753
305 243.915876074
306 245.517946488
307 247.125260996
308 248.737819596
309 250.355622289
310 251.978669075
311 253.606959955
312 255.240494927
313 256.879273992
314 258.52329715
315 260.172564402
316 261.827075746
317 263.486831183
318 265.151830714
319 266.822074337
320 268.497562053
321 270.178293863
322 271.864269765
323 273.55548976
324 275.251953849
325 276.95366203
326 278.660614304
327 280.372810672
328 282.090251132
329 283.812935686
330 285.540864332
331 287.274037071
332 289.012453904
333 290.756114829
334 292.505019848
335 294.259168959
336 296.018562164
337 297.783199461
338 299.553080852
339 301.328206335
340 303.108575912
341 304.894189581
342 306.685047344
343 308.481149199
344 310.282495148
345 312.089085189
346 313.900919324
347 315.717997551
348 317.540319872
349 319.367886286
350 321.200696792
351 323.038751392
352 324.882050084
353 326.73059287
354 328.584379749
355 330.44341072
356 332.307685785
357 334.177204943
358 336.051968193
359 337.931975537
360 339.817226974
361 341.707722503
362 343.603462126
363 345.504445842
364 347.41067365
365 349.322145552
366 351.238861547
367 353.160821635
368 355.088025815
369 357.020474089
370 358.958166456
371 360.901102916
372 362.849283468
373 364.802708114
374 366.761376853
375 368.725289685
376 370.69444661
377 372.668847628
378 374.648492738
379 376.633381942
380 378.623515239
381 380.618892629
382 382.619514112
383 384.625379688
384 386.636489357
385 388.652843119
386 390.674440973
387 392.701282921
388 394.733368962
389 396.770699096
390 398.813273323
391 400.861091643
392 402.914154056
393 404.972460562
394 407.036011161
395 409.104805853
396 411.178844638
397 413.258127516
398 415.342654487
399 417.432425551
400 419.527440708
401 421.627699958
402 423.733203301
403 425.843950737
404 427.959942266
405 430.081177888
406 432.207657604
407 434.339381412
408 436.476349313
409 438.618561307
410 440.766017394
411 442.918717574
412 445.076661847
413 447.239850213
414 449.408282673
415 451.581959225
416 453.76087987
417 455.945044608
418 458.134453439
419 460.329106364
420 462.529003381
421 464.734144491
422 466.944529694
423 469.16015899
424 471.38103238
425 473.607149862
426 475.838511437
427 478.075117105
428 480.316966867
429 482.564060721
430 484.816398668
431 487.073980709
432 489.336806842
433 491.604877068
434 493.878191388
435 496.1567498
436 498.440552305
437 500.729598904
438 503.023889595
439 505.323424379
440 507.628203257
441 509.938226227
442 512.253493291
443 514.574004447
444 516.899759697
445 519.230759039
446 521.567002474
447 523.908490003
448 526.255221624
449 528.607197339
450 530.964417146
451 533.326881047
452 535.69458904
453 538.067541127
454 540.445737306
455 542.829177579
456 545.217861944
457 547.611790403
458 550.010962954
459 552.415379599
460 554.825040337
461 557.239945167
462 559.660094091
463 562.085487107
464 564.516124217
465 566.95200542
466 569.393130715
467 571.839500104
468 574.291113585
469 576.74797116
470 579.210072828
471 581.677418588
472 584.150008442
473 586.627842389
474 589.110920428
475 591.599242561
476 594.092808787
477 596.591619106
478 599.095673517
479 601.604972022
480 604.11951462
481 606.639301311
482 609.164332094
483 611.694606971
484 614.230125941
485 616.770889004
486 619.316896159
487 621.868147408
488 624.42464275
489 626.986382185
490 629.553365713
491 632.125593334
492 634.703065047
493 637.285780854
494 639.873740754
495 642.466944747
496 645.065392833
497 647.669085012
498 650.278021284
499 652.892201649
500 655.511626107
501 658.136294657
502 660.766207301
503 663.401364038
504 666.041764868
505 668.687409791
506 671.338298807
507 673.994431916
508 676.655809118
509 679.322430413
510 681.994295801
511 684.671405282
512 687.353758856
513 690.041356523
514 692.734198283
515 695.432284136
516 698.135614082
517 700.844188122
518 703.558006254
519 706.277068479
520 709.001374797
521 711.730925208
522 714.465719712
523 717.205758309
524 719.951040999
525 722.701567782
526 725.457338659
527 728.218353628
528 730.98461269
529 733.756115845
530 736.532863093
531 739.314854434
532 742.102089869
533 744.894569396
534 747.692293016
535 750.495260729
536 753.303472536
537 756.116928435
538 758.935628427
539 761.759572512
540 764.588760691
541 767.423192962
542 770.262869326
543 773.107789784
544 775.957954334
545 778.813362977
546 781.674015713
547 784.539912543
548 787.411053465
549 790.287438481
550 793.169067589
551 796.05594079
552 798.948058085
553 801.845419472
554 804.748024952
555 807.655874526
556 810.568968192
557 813.487305952
558 816.410887804
559 819.33971375
560 822.273783788
561 825.213097919
562 828.157656144
563 831.107458461
564 834.062504872
565 837.022795375
566 839.988329972
567 842.959108661
568 845.935131444
569 848.916398319
570 851.902909288
571 854.89466435
572 857.891663504
573 860.893906752
574 863.901394092
575 866.914125526
576 869.932101052
577 872.955320672
578 875.983784385
579 879.01749219
580 882.056444089
581 885.100640081
582 888.150080165
583 891.204764343
584 894.264692614
585 897.329864977
586 900.400281434
587 903.475941984
588 906.556846626
589 909.642995362
590 912.734388191
591 915.831025112
592 918.932906127
593 922.040031235
594 925.152400436
595 928.270013729
596 931.392871116
597 934.520972596
598 937.654318169
599 940.792907835
600 943.936741593
601 947.085819445
602 950.24014139
603 953.399707428
604 956.564517559
605 959.734571783
606 962.909870099
607 966.090412509
608 969.276199012
609 972.467229608
610 975.663504297
611 978.865023079
612 982.071785954
613 985.283792922
614 988.501043983
615 991.723539137
616 994.951278383
617 998.184261723
618 1001.42248916
619 1004.66596068
620 1007.9146763
621 1011.16863601
622 1014.42783982
623 1017.69228772
624 1020.96197971
625 1024.23691579
626 1027.51709597
627 1030.80252024
628 1034.0931886
629 1037.38910106
630 1040.69025761
631 1043.99665825
632 1047.30830298
633 1050.62519181
634 1053.94732473
635 1057.27470175
636 1060.60732285
637 1063.94518805
638 1067.28829735
639 1070.63665073
640 1073.99024821
641 1077.34908979
642 1080.71317545
643 1084.08250521
644 1087.45707906
645 1090.836897
646 1094.22195904
647 1097.61226517
648 1101.00781539
649 1104.40860971
650 1107.81464812
651 1111.22593062
652 1114.64245722
653 1118.06422791
654 1121.49124269
655 1124.92350156
656 1128.36100453
657 1131.80375159
658 1135.25174274
659 1138.70497799
660 1142.16345733
661 1145.62718076
662 1149.09614829
663 1152.5703599
664 1156.04981562
665 1159.53451542
666 1163.02445932
667 1166.51964731
668 1170.02007939
669 1173.52575557
670 1177.03667584
671 1180.5528402
672 1184.07424865
673 1187.6009012
674 1191.13279784
675 1194.66993858
676 1198.21232341
677 1201.75995233
678 1205.31282534
679 1208.87094245
680 1212.43430365
681 1216.00290894
682 1219.57675832
683 1223.1558518
684 1226.74018937
685 1230.32977104
686 1233.9245968
687 1237.52466665
688 1241.12998059
689 1244.74053863
690 1248.35634076
691 1251.97738698
692 1255.6036773
693 1259.2352117
694 1262.87199021
695 1266.5140128
696 1270.16127949
697 1273.81379027
698 1277.47154514
699 1281.13454411
700 1284.80278717
701 1288.47627432
702 1292.15500557
703 1295.83898091
704 1299.52820034
705 1303.22266386
706 1306.92237148
707 1310.62732319
708 1314.33751899
709 1318.05295889
710 1321.77364288
711 1325.49957096
712 1329.23074314
713 1332.96715941
714 1336.70881977
715 1340.45572423
716 1344.20787277
717 1347.96526541
718 1351.72790215
719 1355.49578297
720 1359.26890789
721 1363.04727691
722 1366.83089001
723 1370.61974721
724 1374.4138485
725 1378.21319389
726 1382.01778337
727 1385.82761694
728 1389.6426946
729 1393.46301636
730 1397.28858221
731 1401.11939215
732 1404.95544619
733 1408.79674432
734 1412.64328654
735 1416.49507285
736 1420.35210326
737 1424.21437776
738 1428.08189636
739 1431.95465904
740 1435.83266582
741 1439.7159167
742 1443.60441166
743 1447.49815072
744 1451.39713387
745 1455.30136112
746 1459.21083246
747 1463.12554789
748 1467.04550741
749 1470.97071103
750 1474.90115874
751 1478.83685054
752 1482.77778644
753 1486.72396643
754 1490.67539051
755 1494.63205869
756 1498.59397095
757 1502.56112731
758 1506.53352777
759 1510.51117232
760 1514.49406096
761 1518.48219369
762 1522.47557052
763 1526.47419144
764 1530.47805645
765 1534.48716555
766 1538.50151875
767 1542.52111604
768 1546.54595743
769 1550.5760429
770 1554.61137247
771 1558.65194614
772 1562.69776389
773 1566.74882574
774 1570.80513169
775 1574.86668172
776 1578.93347585
777 1583.00551407
778 1587.08279638
779 1591.16532279
780 1595.25309329
781 1599.34610789
782 1603.44436657
783 1607.54786935
784 1611.65661622
785 1615.77060719
786 1619.88984225
787 1624.0143214
788 1628.14404464
789 1632.27901198
790 1636.41922341
791 1640.56467894
792 1644.71537855
793 1648.87132226
794 1653.03251006
795 1657.19894196
796 1661.37061795
797 1665.54753803
798 1669.7297022
799 1673.91711047
800 1678.10976283
801 1682.30765929
802 1686.51079983
803 1690.71918447
804 1694.93281321
805 1699.15168603
806 1703.37580295
807 1707.60516396
808 1711.83976907
809 1716.07961826
810 1720.32471155
811 1724.57504894
812 1728.83063041
813 1733.09145598
814 1737.35752565
815 1741.6288394
816 1745.90539725
817 1750.18719919
818 1754.47424523
819 1758.76653536
820 1763.06406958
821 1767.36684789
822 1771.6748703
823 1775.9881368
824 1780.30664739
825 1784.63040207
826 1788.95940085
827 1793.29364373
828 1797.63313069
829 1801.97786175
830 1806.3278369
831 1810.68305614
832 1815.04351948
833 1819.40922691
834 1823.78017843
835 1828.15637405
836 1832.53781376
837 1836.92449756
838 1841.31642545
839 1845.71359744
840 1850.11601352
841 1854.5236737
842 1858.93657796
843 1863.35472632
844 1867.77811878
845 1872.20675532
846 1876.64063596
847 1881.07976069
848 1885.52412952
849 1889.97374244
850 1894.42859945
851 1898.88870055
852 1903.35404575
853 1907.82463504
854 1912.30046842
855 1916.7815459
856 1921.26786747
857 1925.75943313
858 1930.25624288
859 1934.75829673
860 1939.26559467
861 1943.77813671
862 1948.29592283
863 1952.81895305
864 1957.34722737
865 1961.88074577
866 1966.41950827
867 1970.96351487
868 1975.51276555
869 1980.06726033
870 1984.6269992
871 1989.19198216
872 1993.76220922
873 1998.33768037
874 2002.91839561
875 2007.50435495
876 2012.09555838
877 2016.6920059
878 2021.29369752
879 2025.90063323
880 2030.51281303
881 2035.13023692
882 2039.75290491
883 2044.38081699
884 2049.01397316
885 2053.65237343
886 2058.29601779
887 2062.94490624
888 2067.59903879
889 2072.25841542
890 2076.92303616
891 2081.59290098
892 2086.2680099
893 2090.94836291
894 2095.63396001
895 2100.32480121
896 2105.0208865
897 2109.72221588
898 2114.42878936
899 2119.14060692
900 2123.85766859
901 2128.57997434
902 2133.30752419
903 2138.04031813
904 2142.77835616
905 2147.52163829
906 2152.27016451
907 2157.02393482
908 2161.78294923
909 2166.54720772
910 2171.31671032
911 2176.091457
912 2180.87144778
913 2185.65668265
914 2190.44716161
915 2195.24288467
916 2200.04385182
917 2204.85006306
918 2209.6615184
919 2214.47821782
920 2219.30016135
921 2224.12734896
922 2228.95978067
923 2233.79745647
924 2238.64037636
925 2243.48854035
926 2248.34194843
927 2253.2006006
928 2258.06449687
929 2262.93363723
930 2267.80802168
931 2272.68765022
932 2277.57252286
933 2282.46263959
934 2287.35800042
935 2292.25860533
936 2297.16445434
937 2302.07554744
938 2306.99188464
939 2311.91346593
940 2316.84029131
941 2321.77236079
942 2326.70967435
943 2331.65223201
944 2336.60003377
945 2341.55307962
946 2346.51136955
947 2351.47490359
948 2356.44368171
949 2361.41770393
950 2366.39697024
951 2371.38148065
952 2376.37123515
953 2381.36623374
954 2386.36647642
955 2391.3719632
956 2396.38269407
957 2401.39866903
958 2406.41988809
959 2411.44635124
960 2416.47805848
961 2421.51500981
962 2426.55720524
963 2431.60464476
964 2436.65732838
965 2441.71525608
966 2446.77842788
967 2451.84684378
968 2456.92050376
969 2461.99940784
970 2467.08355601
971 2472.17294828
972 2477.26758464
973 2482.36746509
974 2487.47258963
975 2492.58295827
976 2497.698571
977 2502.81942782
978 2507.94552874
979 2513.07687375
980 2518.21346285
981 2523.35529605
982 2528.50237333
983 2533.65469472
984 2538.81226019
985 2543.97506976
986 2549.14312342
987 2554.31642117
988 2559.49496302
989 2564.67874896
990 2569.86777899
991 2575.06205311
992 2580.26157133
993 2585.46633364
994 2590.67634005
995 2595.89159054
996 2601.11208513
997 2606.33782382
998 2611.56880659
999 2616.80503346
