10 0.0874015501475
11 0.105755875679
12 0.125858232212
13 0.147708619749
14 0.171307038289
15 0.196653487832
16 0.223747968378
17 0.252590479926
18 0.283181022478
19 0.315519596033
20 0.34960620059
21 0.385440836151
22 0.423023502714
23 0.46235420028
24 0.50343292885
25 0.546259688422
26 0.590834478997
27 0.637157300576
28 0.685228153157
29 0.735047036741
30 0.786613951328
31 0.839928896918
32 0.894991873511
33 0.951802881107
34 1.01036191971
35 1.07066898931
36 1.13272408991
37 1.19652722152
38 1.26207838413
39 1.32937757774
40 1.39842480236
41 1.46922005798
42 1.5417633446
43 1.61605466223
44 1.69209401086
45 1.76988139049
46 1.84941680112
47 1.93070024276
48 2.0137317154
49 2.09851121904
50 2.18503875369
51 2.27331431934
52 2.36333791599
53 2.45510954364
54 2.5486292023
55 2.64389689196
56 2.74091261263
57 2.83967636429
58 2.94018814696
59 3.04244796064
60 3.14645580531
61 3.25221168099
62 3.35971558767
63 3.46896752536
64 3.57996749404
65 3.69271549373
66 3.80721152443
67 3.92345558612
68 4.04144767882
69 4.16118780252
70 4.28267595723
71 4.40591214294
72 4.53089635965
73 4.65762860736
74 4.78610888608
75 4.9163371958
76 5.04831353652
77 5.18203790825
78 5.31751031098
79 5.45473074471
80 5.59369920944
81 5.73441570518
82 5.87688023192
83 6.02109278966
84 6.16705337841
85 6.31476199816
86 6.46421864891
87 6.61542333067
88 6.76837604343
89 6.92307678719
90 7.07952556195
91 7.23772236772
92 7.39766720449
93 7.55936007226
94 7.72280097104
95 7.88798990081
96 8.0549268616
97 8.22361185338
98 8.39404487617
99 8.56622592996
100 8.74015501475
101 8.91583213055
102 9.09325727735
103 9.27243045515
104 9.45335166396
105 9.63602090377
106 9.82043817458
107 10.0066034764
108 10.1945168092
109 10.384178173
110 10.5755875679
111 10.7687449937
112 10.9636504505
113 11.1603039383
114 11.3587054572
115 11.558855007
116 11.7607525879
117 11.9643981997
118 12.1697918425
119 12.3769335164
120 12.5858232212
121 12.7964609571
122 13.008846724
123 13.2229805218
124 13.4388623507
125 13.6564922106
126 13.8758701014
127 14.0969960233
128 14.3198699762
129 14.5444919601
130 14.7708619749
131 14.9989800208
132 15.2288460977
133 15.4604602056
134 15.6938223445
135 15.9289325144
136 16.1657907153
137 16.4043969472
138 16.6447512101
139 16.886853504
140 17.1307038289
141 17.3763021848
142 17.6236485717
143 17.8727429897
144 18.1235854386
145 18.3761759185
146 18.6305144294
147 18.8866009714
148 19.1444355443
149 19.4040181483
150 19.6653487832
151 19.9284274491
152 20.1932541461
153 20.459828874
154 20.728151633
155 20.9982224229
156 21.2700412439
157 21.5436080959
158 21.8189229788
159 22.0959858928
160 22.3747968378
161 22.6553558137
162 22.9376628207
163 23.2217178587
164 23.5075209277
165 23.7950720277
166 24.0843711587
167 24.3754183206
168 24.6682135136
169 24.9627567376
170 25.2590479926
171 25.5570872786
172 25.8568745956
173 26.1584099437
174 26.4616933227
175 26.7667247327
176 27.0735041737
177 27.3820316457
178 27.6923071487
179 28.0043306828
180 28.3181022478
181 28.6336218438
182 28.9508894709
183 29.2699051289
184 29.5906688179
185 29.913180538
186 30.237440289
187 30.5634480711
188 30.8912038841
189 31.2207077282
190 31.5519596033
191 31.8849595093
192 32.2197074464
193 32.5562034145
194 32.8944474135
195 33.2344394436
196 33.5761795047
197 33.9196675968
198 34.2649037198
199 34.6118878739
200 34.960620059
201 35.3111002751
202 35.6633285222
203 36.0173048003
204 36.3730291094
205 36.7305014495
206 37.0897218206
207 37.4506902227
208 37.8134066558
209 38.1778711199
210 38.5440836151
211 38.9120441412
212 39.2817526983
213 39.6532092864
214 40.0264139056
215 40.4013665557
216 40.7780672368
217 41.156515949
218 41.5367126921
219 41.9186574663
220 42.3023502714
221 42.6877911076
222 43.0749799747
223 43.4639168729
224 43.854601802
225 44.2470347622
226 44.6412157534
227 45.0371447755
228 45.4348218287
229 45.8342469129
230 46.235420028
231 46.6383411742
232 47.0430103514
233 47.4494275596
234 47.8575927988
235 48.267506069
236 48.6791673702
237 49.0925767024
238 49.5077340656
239 49.9246394598
240 50.343292885
241 50.7636943412
242 51.1858438284
243 51.6097413466
244 52.0353868958
245 52.4627804761
246 52.8919220873
247 53.3228117295
248 53.7554494027
249 54.189835107
250 54.6259688422
251 55.0638506084
252 55.5034804057
253 55.9448582339
254 56.3879840932
255 56.8328579834
256 57.2794799047
257 57.7278498569
258 58.1779678402
259 58.6298338545
260 59.0834478997
261 59.538809976
262 59.9959200833
263 60.4547782215
264 60.9153843908
265 61.3777385911
266 61.8418408224
267 62.3076910847
268 62.775289378
269 63.2446357023
270 63.7157300576
271 64.1885724439
272 64.6631628612
273 65.1395013095
274 65.6175877888
275 66.0974222991
276 66.5790048404
277 67.0623354127
278 67.547414016
279 68.0342406503
280 68.5228153157
281 69.013138012
282 69.5052087393
283 69.9990274977
284 70.494594287
285 70.9919091073
286 71.4909719587
287 71.991782841
288 72.4943417544
289 72.9986486987
290 73.5047036741
291 74.0125066804
292 74.5220577178
293 75.0333567862
294 75.5464038855
295 76.0611990159
296 76.5777421773
297 77.0960333696
298 77.616072593
299 78.1378598474
300 78.6613951328
301 79.1866784492
302 79.7137097966
303 80.2424891749
304 80.7730165843
305 81.3052920247
306 81.8393154961
307 82.3750869985
308 82.912606532
309 83.4518740964
310 83.9928896918
311 84.5356533182
312 85.0801649756
313 85.626424664
314 86.1744323835
315 86.7241881339
316 87.2756919153
317 87.8289437278
318 88.3839435712
319 88.9406914456
320 89.4991873511
321 90.0594312875
322 90.621423255
323 91.1851632534
324 91.7506512829
325 92.3178873433
326 92.8868714348
327 93.4576035573
328 94.0300837107
329 94.6043118952
330 95.1802881107
331 95.7580123571
332 96.3374846346
333 96.9187049431
334 97.5016732826
335 98.0863896531
336 98.6728540546
337 99.2610664871
338 99.8510269505
339 100.442735445
340 101.036191971
341 101.631396527
342 102.228349115
343 102.827049733
344 103.427498383
345 104.029695063
346 104.633639775
347 105.239332517
348 105.846773291
349 106.455962095
350 107.066898931
351 107.679583797
352 108.294016695
353 108.910197623
354 109.528126583
355 110.147803573
356 110.769228595
357 111.392401648
358 112.017322731
359 112.643991846
360 113.272408991
361 113.902574168
362 114.534487375
363 115.168148614
364 115.803557883
365 116.440715184
366 117.079620516
367 117.720273878
368 118.362675272
369 119.006824696
370 119.652722152
371 120.300367639
372 120.949761156
373 121.600902705
374 122.253792284
375 122.908429895
376 123.564815537
377 124.222949209
378 124.882830913
379 125.544460647
380 126.207838413
381 126.87296421
382 127.539838037
383 128.208459896
384 128.878829786
385 129.550947706
386 130.224813658
387 130.90042764
388 131.577789654
389 132.256899699
390 132.937757774
391 133.620363881
392 134.304718019
393 134.990820187
394 135.678670387
395 136.368268618
396 137.059614879
397 137.752709172
398 138.447551496
399 139.14414185
400 139.842480236
401 140.542566653
402 141.2444011
403 141.947983579
404 142.653314089
405 143.360392629
406 144.069219201
407 144.779793804
408 145.492116438
409 146.206187102
410 146.922005798
411 147.639572525
412 148.358887282
413 149.079950071
414 149.802760891
415 150.527319742
416 151.253626623
417 151.981681536
418 152.71148448
419 153.443035455
420 154.17633446
421 154.911381497
422 155.648176565
423 156.386719663
424 157.127010793
425 157.869049954
426 158.612837146
427 159.358372368
428 160.105655622
429 160.854686907
430 161.605466223
431 162.35799357
432 163.112268947
433 163.868292356
434 164.626063796
435 165.385583267
436 166.146850768
437 166.909866301
438 167.674629865
439 168.44114146
440 169.209401086
441 169.979408742
442 170.75116443
443 171.524668149
444 172.299919899
445 173.07691968
446 173.855667491
447 174.636163334
448 175.418407208
449 176.202399113
450 176.988139049
451 177.775627016
452 178.564863013
453 179.355847042
454 180.148579102
455 180.943059193
456 181.739287315
457 182.537263468
458 183.336987651
459 184.138459866
460 184.941680112
461 185.746648389
462 186.553364697
463 187.361829036
464 188.172041406
465 188.984001807
466 189.797710238
467 190.613166701
468 191.430371195
469 192.24932372
470 193.070024276
471 193.892472863
472 194.716669481
473 195.54261413
474 196.370306809
475 197.19974752
476 198.030936262
477 198.863873035
478 199.698557839
479 200.534990674
480 201.37317154
481 202.213100437
482 203.054777365
483 203.898202324
484 204.743375314
485 205.590296335
486 206.438965386
487 207.289382469
488 208.141547583
489 208.995460728
490 209.851121904
491 210.708531111
492 211.567688349
493 212.428593618
494 213.291246918
495 214.155648249
496 215.021797611
497 215.889695004
498 216.759340428
499 217.630733883
500 218.503875369
501 219.378764886
502 220.255402434
503 221.133788013
504 222.013921623
505 222.895803264
506 223.779432936
507 224.664810639
508 225.551936373
509 226.440810138
510 227.331431934
511 228.223801761
512 229.117919619
513 230.013785508
514 230.911399428
515 231.810761379
516 232.711871361
517 233.614729374
518 234.519335418
519 235.425689493
520 236.333791599
521 237.243641736
522 238.155239904
523 239.068586103
524 239.983680333
525 240.900522594
526 241.819112886
527 242.739451209
528 243.661537563
529 244.585371948
530 245.510954364
531 246.438284811
532 247.36736329
533 248.298189799
534 249.230764339
535 250.16508691
536 251.101157512
537 252.038976145
538 252.978542809
539 253.919857504
540 254.86292023
541 255.807730987
542 256.754289775
543 257.702596595
544 258.652651445
545 259.604454326
546 260.558005238
547 261.513304181
548 262.470351155
549 263.42914616
550 264.389689196
551 265.351980263
552 266.316019362
553 267.281806491
554 268.249341651
555 269.218624842
556 270.189656064
557 271.162435317
558 272.136962601
559 273.113237917
560 274.091261263
561 275.07103264
562 276.052552048
563 277.035819487
564 278.020834957
565 279.007598458
566 279.996109991
567 280.986369554
568 281.978377148
569 282.972132773
570 283.967636429
571 284.964888117
572 285.963887835
573 286.964635584
574 287.967131364
575 288.971375175
576 289.977367017
577 290.985106891
578 291.994594795
579 293.00583073
580 294.018814696
581 295.033546694
582 296.050026722
583 297.068254781
584 298.088230871
585 299.109954992
586 300.133427145
587 301.158647328
588 302.185615542
589 303.214331787
590 304.244796064
591 305.277008371
592 306.310968709
593 307.346677078
594 308.384133479
595 309.42333791
596 310.464290372
597 311.506990865
598 312.55143939
599 313.597635945
600 314.645580531
601 315.695273148
602 316.746713797
603 317.799902476
604 318.854839186
605 319.911523928
606 320.9699567
607 322.030137503
608 323.092066337
609 324.155743203
610 325.221168099
611 326.288341026
612 327.357261985
613 328.427930974
614 329.500347994
615 330.574513046
616 331.650426128
617 332.728087241
618 333.807496385
619 334.888653561
620 335.971558767
621 337.056212004
622 338.142613273
623 339.230762572
624 340.320659902
625 341.412305264
626 342.505698656
627 343.600840079
628 344.697729534
629 345.796367019
630 346.896752536
631 347.998886083
632 349.102767661
633 350.208397271
634 351.315774911
635 352.424900582
636 353.535774285
637 354.648396018
638 355.762765783
639 356.878883578
640 357.996749404
641 359.116363262
642 360.23772515
643 361.360835069
644 362.48569302
645 363.612299001
646 364.740653014
647 365.870755057
648 367.002605132
649 368.136203237
650 369.271549373
651 370.408643541
652 371.547485739
653 372.688075969
654 373.830414229
655 374.97450052
656 376.120334843
657 377.267917196
658 378.417247581
659 379.568325996
660 380.721152443
661 381.87572692
662 383.032049429
663 384.190119968
664 385.349938538
665 386.51150514
666 387.674819772
667 388.839882436
668 390.00669313
669 391.175251856
670 392.345558612
671 393.5176134
672 394.691416218
673 395.866967068
674 397.044265948
675 398.22331286
676 399.404107802
677 400.586650776
678 401.77094178
679 402.956980816
680 404.144767882
681 405.33430298
682 406.525586108
683 407.718617268
684 408.913396458
685 410.10992368
686 411.308198932
687 412.508222216
688 413.70999353
689 414.913512876
690 416.118780252
691 417.32579566
692 418.534559098
693 419.745070568
694 420.957330069
695 422.1713376
696 423.387093163
697 424.604596756
698 425.823848381
699 427.044848036
700 428.267595723
701 429.49209144
702 430.718335189
703 431.946326969
704 433.176066779
705 434.407554621
706 435.640790493
707 436.875774397
708 438.112506332
709 439.350986297
710 440.591214294
711 441.833190321
712 443.07691438
713 444.32238647
714 445.56960659
715 446.818574742
716 448.069290924
717 449.321755138
718 450.575967383
719 451.831927658
720 453.089635965
721 454.349092302
722 455.610296671
723 456.873249071
724 458.137949501
725 459.404397963
726 460.672594456
727 461.942538979
728 463.214231534
729 464.48767212
730 465.762860736
731 467.039797384
732 468.318482063
733 469.598914772
734 470.881095513
735 472.165024285
736 473.450701087
737 474.738125921
738 476.027298786
739 477.318219681
740 478.610888608
741 479.905305566
742 481.201470554
743 482.499383574
744 483.799044625
745 485.100453706
746 486.403610819
747 487.708515963
748 489.015169137
749 490.323570343
750 491.63371958
751 492.945616848
752 494.259262146
753 495.574655476
754 496.891796837
755 498.210686228
756 499.531323651
757 500.853709105
758 502.17784259
759 503.503724105
760 504.831353652
761 506.16073123
762 507.491856839
763 508.824730478
764 510.159352149
765 511.495721851
766 512.833839584
767 514.173705347
768 515.515319142
769 516.858680968
770 518.203790825
771 519.550648713
772 520.899254631
773 522.249608581
774 523.601710562
775 524.955560574
776 526.311158616
777 527.66850469
778 529.027598795
779 530.388440931
780 531.751031098
781 533.115369295
782 534.481455524
783 535.849289784
784 537.218872075
785 538.590202397
786 539.963280749
787 541.338107133
788 542.714681548
789 544.093003994
790 545.473074471
791 546.854892979
792 548.238459517
793 549.623774087
794 551.010836688
795 552.39964732
796 553.790205983
797 555.182512677
798 556.576567402
799 557.972370157
800 559.369920944
801 560.769219762
802 562.170266611
803 563.573061491
804 564.977604402
805 566.383895344
806 567.791934316
807 569.20172132
808 570.613256355
809 572.026539421
810 573.441570518
811 574.858349646
812 576.276876805
813 577.697151995
814 579.119175216
815 580.542946467
816 581.96846575
817 583.395733064
818 584.824748409
819 586.255511785
820 587.688023192
821 589.12228263
822 590.558290099
823 591.996045599
824 593.43554913
825 594.876800692
826 596.319800285
827 597.764547909
828 599.211043563
829 600.659287249
830 602.109278966
831 603.561018714
832 605.014506493
833 606.469742303
834 607.926726144
835 609.385458016
836 610.845937919
837 612.308165853
838 613.772141818
839 615.237865814
840 616.705337841
841 618.174557899
842 619.645525988
843 621.118242108
844 622.592706259
845 624.068918441
846 625.546878654
847 627.026586898
848 628.508043173
849 629.991247479
850 631.476199816
851 632.962900184
852 634.451348583
853 635.941545013
854 637.433489474
855 638.927181966
856 640.422622489
857 641.919811043
858 643.418747628
859 644.919432244
860 646.421864891
861 647.926045569
862 649.431974278
863 650.939651018
864 652.449075789
865 653.960248591
866 655.473169424
867 656.987838288
868 658.504255184
869 660.02242011
870 661.542333067
871 663.063994055
872 664.587403074
873 666.112560124
874 667.639465205
875 669.168118317
876 670.69851946
877 672.230668634
878 673.764565839
879 675.300211075
880 676.837604343
881 678.376745641
882 679.91763497
883 681.46027233
884 683.004657721
885 684.550791143
886 686.098672596
887 687.64830208
888 689.199679595
889 690.752805141
890 692.307678719
891 693.864300327
892 695.422669966
893 696.982787636
894 698.544653337
895 700.108267069
896 701.673628832
897 703.240738627
898 704.809596452
899 706.380202308
900 707.952556195
901 709.526658113
902 711.102508062
903 712.680106043
904 714.259452054
905 715.840546096
906 717.423388169
907 719.007978273
908 720.594316408
909 722.182402575
910 723.772236772
911 725.363819
912 726.957149259
913 728.552227549
914 730.14905387
915 731.747628223
916 733.347950606
917 734.95002102
918 736.553839465
919 738.159405942
920 739.766720449
921 741.375782987
922 742.986593556
923 744.599152156
924 746.213458788
925 747.82951345
926 749.447316143
927 751.066866867
928 752.688165623
929 754.311212409
930 755.936007226
931 757.562550074
932 759.190840954
933 760.820879864
934 762.452666805
935 764.086201777
936 765.721484781
937 767.358515815
938 768.99729488
939 770.637821976
940 772.280097104
941 773.924120262
942 775.569891451
943 777.217410671
944 778.866677923
945 780.517693205
946 782.170456518
947 783.824967863
948 785.481227238
949 787.139234644
950 788.798990081
951 790.46049355
952 792.123745049
953 793.788744579
954 795.455492141
955 797.123987733
956 798.794231356
957 800.466223011
958 802.139962696
959 803.815450412
960 805.49268616
961 807.171669938
962 808.852401747
963 810.534881588
964 812.219109459
965 813.905085361
966 815.592809295
967 817.282281259
968 818.973501254
969 820.666469281
970 822.361185338
971 824.057649427
972 825.755861546
973 827.455821696
974 829.157529878
975 830.86098609
976 832.566190333
977 834.273142608
978 835.981842913
979 837.69229125
980 839.404487617
981 841.118432015
982 842.834124445
983 844.551564905
984 846.270753397
985 847.991689919
986 849.714374472
987 851.438807057
988 853.164987672
989 854.892916319
990 856.622592996
991 858.354017704
992 860.087190444
993 861.822111214
994 863.558780016
995 865.297196848
996 867.037361712
997 868.779274606
998 870.522935531
999 872.268344488
