10 0.194905456829
11 0.235835602763
12 0.280663857834
13 0.329390222041
14 0.382014695385
15 0.438537277865
16 0.498957969482
17 0.563276770236
18 0.631493680126
19 0.703608699153
20 0.779621827316
21 0.859533064616
22 0.943342411052
23 1.03104986663
24 1.12265543134
25 1.21815910518
26 1.31756088816
27 1.42086078028
28 1.52805878154
29 1.63915489193
30 1.75414911146
31 1.87304144013
32 1.99583187793
33 2.12252042487
34 2.25310708094
35 2.38759184616
36 2.5259747205
37 2.66825570399
38 2.81443479661
39 2.96451199837
40 3.11848730926
41 3.2763607293
42 3.43813225846
43 3.60380189677
44 3.77336964421
45 3.94683550079
46 4.1241994665
47 4.30546154135
48 4.49062172534
49 4.67968001846
50 4.87263642073
51 5.06949093212
52 5.27024355266
53 5.47489428233
54 5.68344312113
55 5.89589006908
56 6.11223512616
57 6.33247829237
58 6.55661956773
59 6.78465895222
60 7.01659644584
61 7.25243204861
62 7.49216576051
63 7.73579758154
64 7.98332751172
65 8.23475555103
66 8.49008169947
67 8.74930595705
68 9.01242832377
69 9.27944879963
70 9.55036738462
71 9.82518407875
72 10.103898882
73 10.3865117944
74 10.673022816
75 10.9634319466
76 11.2577391864
77 11.5559445354
78 11.8580479935
79 12.1640495607
80 12.4739492371
81 12.7877470226
82 13.1054429172
83 13.4270369209
84 13.7525290339
85 14.0819192559
86 14.4152075871
87 14.7523940274
88 15.0934785768
89 15.4384612354
90 15.7873420031
91 16.14012088
92 16.496797866
93 16.8573729611
94 17.2218461654
95 17.5902174788
96 17.9624869014
97 18.338654433
98 18.7187200739
99 19.1026838238
100 19.4905456829
101 19.8823056511
102 20.2779637285
103 20.677519915
104 21.0809742106
105 21.4883266154
106 21.8995771293
107 22.3147257524
108 22.7337724845
109 23.1567173259
110 23.5835602763
111 24.0143013359
112 24.4489405046
113 24.8874777825
114 25.3299131695
115 25.7762466656
116 26.2264782709
117 26.6806079853
118 27.1386358089
119 27.6005617416
120 28.0663857834
121 28.5361079343
122 29.0097281944
123 29.4872465637
124 29.968663042
125 30.4539776295
126 30.9431903262
127 31.4363011319
128 31.9333100469
129 32.4342170709
130 32.9390222041
131 33.4477254464
132 33.9603267979
133 34.4768262585
134 34.9972238282
135 35.5215195071
136 36.0497132951
137 36.5818051922
138 37.1177951985
139 37.6576833139
140 38.2014695385
141 38.7491538722
142 39.300736315
143 39.856216867
144 40.4155955281
145 40.9788722983
146 41.5460471777
147 42.1171201662
148 42.6920912638
149 43.2709604706
150 43.8537277865
151 44.4403932116
152 45.0309567458
153 45.6254183891
154 46.2237781416
155 46.8260360032
156 47.4321919739
157 48.0422460538
158 48.6561982428
159 49.2740485409
160 49.8957969482
161 50.5214434646
162 51.1509880902
163 51.7844308249
164 52.4217716687
165 53.0630106217
166 53.7081476838
167 54.357182855
168 55.0101161354
169 55.6669475249
170 56.3276770236
171 56.9923046314
172 57.6608303483
173 58.3332541744
174 59.0095761095
175 59.6897961539
176 60.3739143074
177 61.06193057
178 61.7538449417
179 62.4496574226
180 63.1493680126
181 63.8529767117
182 64.56048352
183 65.2718884375
184 65.987191464
185 66.7063925997
186 67.4294918446
187 68.1564891985
188 68.8873846616
189 69.6221782339
190 70.3608699153
191 71.1034597058
192 71.8499476054
193 72.6003336142
194 73.3546177322
195 74.1127999592
196 74.8748802954
197 75.6408587408
198 76.4107352952
199 77.1845099589
200 77.9621827316
201 78.7437536135
202 79.5292226045
203 80.3185897047
204 81.111854914
205 81.9090182324
206 82.71007966
207 83.5150391967
208 84.3238968425
209 85.1366525975
210 85.9533064616
211 86.7738584348
212 87.5983085172
213 88.4266567087
214 89.2589030094
215 90.0950474192
216 90.9350899381
217 91.7790305662
218 92.6268693034
219 93.4786061498
220 94.3342411052
221 95.1937741699
222 96.0572053436
223 96.9245346265
224 97.7957620185
225 98.6708875197
226 99.54991113
227 100.432832849
228 101.319652678
229 102.210370616
230 103.104986663
231 104.003500819
232 104.905913084
233 105.812223458
234 106.722431941
235 107.636538534
236 108.554543235
237 109.476446046
238 110.402246966
239 111.331945995
240 112.265543134
241 113.203038381
242 114.144431737
243 115.089723203
244 116.038912778
245 116.992000462
246 117.948986255
247 118.909870157
248 119.874652168
249 120.843332289
250 121.815910518
251 122.792386857
252 123.772761305
253 124.757033862
254 125.745204528
255 126.737273303
256 127.733240187
257 128.733105181
258 129.736868284
259 130.744529495
260 131.756088816
261 132.771546246
262 133.790901786
263 134.814155434
264 135.841307192
265 136.872357058
266 137.907305034
267 138.946151119
268 139.988895313
269 141.035537616
270 142.086078028
271 143.14051655
272 144.19885318
273 145.26108792
274 146.327220769
275 147.397251727
276 148.471180794
277 149.54900797
278 150.630733256
279 151.71635665
280 152.805878154
281 153.899297767
282 154.996615489
283 156.09783132
284 157.20294526
285 158.311957309
286 159.424867468
287 160.541675735
288 161.662382112
289 162.786986598
290 163.915489193
291 165.047889897
292 166.184188711
293 167.324385633
294 168.468480665
295 169.616473805
296 170.768365055
297 171.924154414
298 173.083841882
299 174.24742746
300 175.414911146
301 176.586292942
302 177.761572846
303 178.94075086
304 180.123826983
305 181.310801215
306 182.501673556
307 183.696444007
308 184.895112566
309 186.097679235
310 187.304144013
311 188.5145069
312 189.728767896
313 190.946927001
314 192.168984215
315 193.394939539
316 194.624792971
317 195.858544513
318 197.096194164
319 198.337741924
320 199.583187793
321 200.832531771
322 202.085773859
323 203.342914055
324 204.603952361
325 205.868888776
326 207.1377233
327 208.410455933
328 209.687086675
329 210.967615526
330 212.252042487
331 213.540367556
332 214.832590735
333 216.128712023
334 217.42873142
335 218.732648926
336 220.040464542
337 221.352178266
338 222.6677901
339 223.987300042
340 225.310708094
341 226.638014255
342 227.969218525
343 229.304320905
344 230.643321393
345 231.986219991
346 233.333016697
347 234.683711513
348 236.038304438
349 237.396795472
350 238.759184616
351 240.125471868
352 241.495657229
353 242.8697407
354 244.24772228
355 245.629601969
356 247.015379767
357 248.405055674
358 249.79862969
359 251.196101816
360 252.59747205
361 254.002740394
362 255.411906847
363 256.824971409
364 258.24193408
365 259.66279486
366 261.08755375
367 262.516210748
368 263.948765856
369 265.385219073
370 266.825570399
371 268.269819834
372 269.717967378
373 271.170013032
374 272.625956794
375 274.085798666
376 275.549538647
377 277.017176736
378 278.488712936
379 279.964147244
380 281.443479661
381 282.926710188
382 284.413838823
383 285.904865568
384 287.399790422
385 288.898613385
386 290.401334457
387 291.907953638
388 293.418470929
389 294.932886328
390 296.451199837
391 297.973411455
392 299.499521182
393 301.029529018
394 302.563434963
395 304.101239017
396 305.642941181
397 307.188541454
398 308.738039835
399 310.291436326
400 311.848730926
401 313.409923636
402 314.975014454
403 316.544003381
404 318.116890418
405 319.693675564
406 321.274358819
407 322.858940183
408 324.447419656
409 326.039797238
410 327.63607293
411 329.23624673
412 330.84031864
413 332.448288659
414 334.060156787
415 335.675923024
416 337.29558737
417 338.919149825
418 340.54661039
419 342.177969064
420 343.813225846
421 345.452380738
422 347.095433739
423 348.74238485
424 350.393234069
425 352.047981397
426 353.706626835
427 355.369170382
428 357.035612038
429 358.705951803
430 360.380189677
431 362.05832566
432 363.740359753
433 365.426291954
434 367.116122265
435 368.809850685
436 370.507477214
437 372.209001852
438 373.914424599
439 375.623745455
440 377.336964421
441 379.054081496
442 380.775096679
443 382.500009972
444 384.228821374
445 385.961530886
446 387.698138506
447 389.438644235
448 391.183048074
449 392.931350022
450 394.683550079
451 396.439648245
452 398.19964452
453 399.963538904
454 401.731331398
455 403.503022
456 405.278610712
457 407.058097533
458 408.841482463
459 410.628765502
460 412.41994665
461 414.215025908
462 416.014003274
463 417.81687875
464 419.623652335
465 421.434324029
466 423.248893832
467 425.067361744
468 426.889727765
469 428.715991896
470 430.546154135
471 432.380214484
472 434.218172942
473 436.060029509
474 437.905784185
475 439.75543697
476 441.608987865
477 443.466436868
478 445.327783981
479 447.193029203
480 449.062172534
481 450.935213974
482 452.812153523
483 454.692991182
484 456.577726949
485 458.466360826
486 460.358892812
487 462.255322907
488 464.155651111
489 466.059877424
490 467.968001846
491 469.880024378
492 471.795945019
493 473.715763768
494 475.639480627
495 477.567095595
496 479.498608672
497 481.434019859
498 483.373329154
499 485.316536559
500 487.263642073
501 489.214645695
502 491.169547427
503 493.128347268
504 495.091045219
505 497.057641278
506 499.028135447
507 501.002527724
508 502.980818111
509 504.963006607
510 506.949093212
511 508.939077926
512 510.93296075
513 512.930741682
514 514.932420724
515 516.937997875
516 518.947473135
517 520.960846504
518 522.978117982
519 524.999287569
520 527.024355266
521 529.053321071
522 531.086184986
523 533.12294701
524 535.163607143
525 537.208165385
526 539.256621736
527 541.308976197
528 543.365228766
529 545.425379445
530 547.489428233
531 549.55737513
532 551.629220136
533 553.704963251
534 555.784604475
535 557.868143809
536 559.955581251
537 562.046916803
538 564.142150464
539 566.241282234
540 568.344312113
541 570.451240102
542 572.562066199
543 574.676790406
544 576.795412721
545 578.917933146
546 581.04435168
547 583.174668323
548 585.308883076
549 587.446995937
550 589.589006908
551 591.734915987
552 593.884723176
553 596.038428474
554 598.196031881
555 600.357533398
556 602.522933023
557 604.692230757
558 606.865426601
559 609.042520554
560 611.223512616
561 613.408402787
562 615.597191067
563 617.789877456
564 619.986461955
565 622.186944562
566 624.391325279
567 626.599604105
568 628.81178104
569 631.027856084
570 633.247829237
571 635.4717005
572 637.699469871
573 639.931137352
574 642.166702942
575 644.406166641
576 646.649528449
577 648.896788366
578 651.147946393
579 653.403002528
580 655.661956773
581 657.924809127
582 660.191559589
583 662.462208162
584 664.736754843
585 667.015199633
586 669.297542533
587 671.583783541
588 673.873922659
589 676.167959886
590 678.465895222
591 680.767728667
592 683.073460221
593 685.383089885
594 687.696617657
595 690.014043539
596 692.33536753
597 694.66058963
598 696.989709839
599 699.322728157
600 701.659644584
601 704.000459121
602 706.345171767
603 708.693782521
604 711.046291385
605 713.402698358
606 715.763003441
607 718.127206632
608 720.495307932
609 722.867307342
610 725.243204861
611 727.623000489
612 730.006694226
613 732.394286072
614 734.785776027
615 737.181164091
616 739.580450265
617 741.983634548
618 744.39071694
619 746.801697441
620 749.216576051
621 751.63535277
622 754.058027598
623 756.484600536
624 758.915071582
625 761.349440738
626 763.787708003
627 766.229873377
628 768.67593686
629 771.125898453
630 773.579758154
631 776.037515965
632 778.499171885
633 780.964725914
634 783.434178052
635 785.907528299
636 788.384776655
637 790.86592312
638 793.350967695
639 795.839910379
640 798.332751172
641 800.829490074
642 803.330127085
643 805.834662205
644 808.343095434
645 810.855426773
646 813.371656221
647 815.891783777
648 818.415809443
649 820.943733218
650 823.475555103
651 826.011275096
652 828.550893198
653 831.09440941
654 833.641823731
655 836.193136161
656 838.7483467
657 841.307455348
658 843.870462105
659 846.437366972
660 849.008169947
661 851.582871032
662 854.161470226
663 856.743967529
664 859.330362941
665 861.920656462
666 864.514848092
667 867.112937832
668 869.714925681
669 872.320811638
670 874.930595705
671 877.544277881
672 880.161858167
673 882.783336561
674 885.408713065
675 888.037987677
676 890.671160399
677 893.30823123
678 895.94920017
679 898.594067219
680 901.242832377
681 903.895495645
682 906.552057021
683 909.212516507
684 911.876874102
685 914.545129806
686 917.217283619
687 919.893335541
688 922.573285573
689 925.257133713
690 927.944879963
691 930.636524322
692 933.33206679
693 936.031507367
694 938.734846053
695 941.442082848
696 944.153217753
697 946.868250766
698 949.587181889
699 952.310011121
700 955.036738462
701 957.767363912
702 960.501887472
703 963.24030914
704 965.982628918
705 968.728846804
706 971.4789628
707 974.232976905
708 976.990889119
709 979.752699443
710 982.518407875
711 985.288014417
712 988.061519067
713 990.838921827
714 993.620222696
715 996.405421674
716 999.194518761
717 1001.98751396
718 1004.78440726
719 1007.58519868
720 1010.3898882
721 1013.19847583
722 1016.01096158
723 1018.82734543
724 1021.64762739
725 1024.47180746
726 1027.29988564
727 1030.13186192
728 1032.96773632
729 1035.80750883
730 1038.65117944
731 1041.49874817
732 1044.350215
733 1047.20557994
734 1050.06484299
735 1052.92800415
736 1055.79506342
737 1058.6660208
738 1061.54087629
739 1064.41962989
740 1067.3022816
741 1070.18883141
742 1073.07927934
743 1075.97362537
744 1078.87186951
745 1081.77401177
746 1084.68005213
747 1087.5899906
748 1090.50382718
749 1093.42156187
750 1096.34319466
751 1099.26872557
752 1102.19815459
753 1105.13148171
754 1108.06870695
755 1111.00983029
756 1113.95485174
757 1116.9037713
758 1119.85658897
759 1122.81330476
760 1125.77391864
761 1128.73843064
762 1131.70684075
763 1134.67914897
764 1137.65535529
765 1140.63545973
766 1143.61946227
767 1146.60736292
768 1149.59916169
769 1152.59485856
770 1155.59445354
771 1158.59794663
772 1161.60533783
773 1164.61662714
774 1167.63181455
775 1170.65090008
776 1173.67388371
777 1176.70076546
778 1179.73154531
779 1182.76622328
780 1185.80479935
781 1188.84727353
782 1191.89364582
783 1194.94391622
784 1197.99808473
785 1201.05615134
786 1204.11811607
787 1207.18397891
788 1210.25373985
789 1213.32739891
790 1216.40495607
791 1219.48641134
792 1222.57176472
793 1225.66101621
794 1228.75416581
795 1231.85121352
796 1234.95215934
797 1238.05700327
798 1241.16574531
799 1244.27838545
800 1247.39492371
801 1250.51536007
802 1253.63969454
803 1256.76792712
804 1259.90005782
805 1263.03608662
806 1266.17601353
807 1269.31983854
808 1272.46756167
809 1275.61918291
810 1278.77470226
811 1281.93411971
812 1285.09743527
813 1288.26464895
814 1291.43576073
815 1294.61077062
816 1297.78967862
817 1300.97248473
818 1304.15918895
819 1307.34979128
820 1310.54429172
821 1313.74269026
822 1316.94498692
823 1320.15118169
824 1323.36127456
825 1326.57526554
826 1329.79315463
827 1333.01494184
828 1336.24062715
829 1339.47021057
830 1342.70369209
831 1345.94107173
832 1349.18234948
833 1352.42752534
834 1355.6765993
835 1358.92957138
836 1362.18644156
837 1365.44720985
838 1368.71187625
839 1371.98044077
840 1375.25290339
841 1378.52926411
842 1381.80952295
843 1385.0936799
844 1388.38173496
845 1391.67368812
846 1394.9695394
847 1398.26928878
848 1401.57293628
849 1404.88048188
850 1408.19192559
851 1411.50726741
852 1414.82650734
853 1418.14964538
854 1421.47668153
855 1424.80761578
856 1428.14244815
857 1431.48117863
858 1434.82380721
859 1438.1703339
860 1441.52075871
861 1444.87508162
862 1448.23330264
863 1451.59542177
864 1454.96143901
865 1458.33135436
866 1461.70516782
867 1465.08287938
868 1468.46448906
869 1471.84999684
870 1475.23940274
871 1478.63270674
872 1482.02990885
873 1485.43100908
874 1488.83600741
875 1492.24490385
876 1495.6576984
877 1499.07439105
878 1502.49498182
879 1505.9194707
880 1509.34785768
881 1512.78014278
882 1516.21632598
883 1519.6564073
884 1523.10038672
885 1526.54826425
886 1530.00003989
887 1533.45571364
888 1536.9152855
889 1540.37875547
890 1543.84612354
891 1547.31738973
892 1550.79255402
893 1554.27161643
894 1557.75457694
895 1561.24143556
896 1564.7321923
897 1568.22684714
898 1571.72540009
899 1575.22785115
900 1578.73420031
901 1582.24444759
902 1585.75859298
903 1589.27663647
904 1592.79857808
905 1596.32441779
906 1599.85415562
907 1603.38779155
908 1606.92532559
909 1610.46675774
910 1614.012088
911 1617.56131637
912 1621.11444285
913 1624.67146743
914 1628.23239013
915 1631.79721094
916 1635.36592985
917 1638.93854687
918 1642.51506201
919 1646.09547525
920 1649.6797866
921 1653.26799606
922 1656.86010363
923 1660.45610931
924 1664.0560131
925 1667.65981499
926 1671.267515
927 1674.87911311
928 1678.49460934
929 1682.11400367
930 1685.73729611
931 1689.36448667
932 1692.99557533
933 1696.6305621
934 1700.26944698
935 1703.91222996
936 1707.55891106
937 1711.20949027
938 1714.86396758
939 1718.52234301
940 1722.18461654
941 1725.85078818
942 1729.52085794
943 1733.1948258
944 1736.87269177
945 1740.55445585
946 1744.24011804
947 1747.92967833
948 1751.62313674
949 1755.32049326
950 1759.02174788
951 1762.72690062
952 1766.43595146
953 1770.14890041
954 1773.86574747
955 1777.58649264
956 1781.31113592
957 1785.03967731
958 1788.77211681
959 1792.50845442
960 1796.24869014
961 1799.99282396
962 1803.7408559
963 1807.49278594
964 1811.24861409
965 1815.00834036
966 1818.77196473
967 1822.53948721
968 1826.3109078
969 1830.0862265
970 1833.8654433
971 1837.64855822
972 1841.43557125
973 1845.22648238
974 1849.02129163
975 1852.81999898
976 1856.62260444
977 1860.42910802
978 1864.2395097
979 1868.05380949
980 1871.87200739
981 1875.69410339
982 1879.52009751
983 1883.34998974
984 1887.18378007
985 1891.02146852
986 1894.86305507
987 1898.70853974
988 1902.55792251
989 1906.41120339
990 1910.26838238
991 1914.12945948
992 1917.99443469
993 1921.86330801
994 1925.73607943
995 1929.61274897
996 1933.49331662
997 1937.37778237
998 1941.26614624
999 1945.15840821
