10 7.79621827316
11 9.43342411052
12 11.2265543134
13 13.1756088816
14 15.2805878154
15 17.5414911146
16 19.9583187793
17 22.5310708094
18 25.259747205
19 28.1443479661
20 31.1848730926
21 34.3813225846
22 37.7336964421
23 41.241994665
24 44.9062172534
25 48.7263642073
26 52.7024355266
27 56.8344312113
28 61.1223512616
29 65.5661956773
30 70.1659644584
31 74.9216576051
32 79.8332751172
33 84.9008169947
34 90.1242832377
35 95.5036738462
36 101.03898882
37 106.73022816
38 112.577391864
39 118.580479935
40 124.739492371
41 131.054429172
42 137.525290339
43 144.152075871
44 150.934785768
45 157.873420031
46 164.96797866
47 172.218461654
48 179.624869014
49 187.187200739
50 194.905456829
51 202.779637285
52 210.809742106
53 218.995771293
54 227.337724845
55 235.835602763
56 244.489405046
57 253.299131695
58 262.264782709
59 271.386358089
60 280.663857834
61 290.097281944
62 299.68663042
63 309.431903262
64 319.333100469
65 329.390222041
66 339.603267979
67 349.972238282
68 360.497132951
69 371.177951985
70 382.014695385
71 393.00736315
72 404.155955281
73 415.460471777
74 426.920912638
75 438.537277865
76 450.309567458
77 462.237781416
78 474.321919739
79 486.561982428
80 498.957969482
81 511.509880902
82 524.217716687
83 537.081476838
84 550.101161354
85 563.276770236
86 576.608303483
87 590.095761095
88 603.739143074
89 617.538449417
90 631.493680126
91 645.6048352
92 659.87191464
93 674.294918446
94 688.873846616
95 703.608699153
96 718.499476054
97 733.546177322
98 748.748802954
99 764.107352952
100 779.621827316
101 795.292226045
102 811.11854914
103 827.1007966
104 843.238968425
105 859.533064616
106 875.983085172
107 892.589030094
108 909.350899381
109 926.268693034
110 943.342411052
111 960.572053436
112 977.957620185
113 995.4991113
114 1013.19652678
115 1031.04986663
116 1049.05913084
117 1067.22431941
118 1085.54543235
119 1104.02246966
120 1122.65543134
121 1141.44431737
122 1160.38912778
123 1179.48986255
124 1198.74652168
125 1218.15910518
126 1237.72761305
127 1257.45204528
128 1277.33240187
129 1297.36868284
130 1317.56088816
131 1337.90901786
132 1358.41307192
133 1379.07305034
134 1399.88895313
135 1420.86078028
136 1441.9885318
137 1463.27220769
138 1484.71180794
139 1506.30733256
140 1528.05878154
141 1549.96615489
142 1572.0294526
143 1594.24867468
144 1616.62382112
145 1639.15489193
146 1661.84188711
147 1684.68480665
148 1707.68365055
149 1730.83841882
150 1754.14911146
151 1777.61572846
152 1801.23826983
153 1825.01673556
154 1848.95112566
155 1873.04144013
156 1897.28767896
157 1921.68984215
158 1946.24792971
159 1970.96194164
160 1995.83187793
161 2020.85773859
162 2046.03952361
163 2071.377233
164 2096.87086675
165 2122.52042487
166 2148.32590735
167 2174.2873142
168 2200.40464542
169 2226.677901
170 2253.10708094
171 2279.69218525
172 2306.43321393
173 2333.33016697
174 2360.38304438
175 2387.59184616
176 2414.95657229
177 2442.4772228
178 2470.15379767
179 2497.9862969
180 2525.9747205
181 2554.11906847
182 2582.4193408
183 2610.8755375
184 2639.48765856
185 2668.25570399
186 2697.17967378
187 2726.25956794
188 2755.49538647
189 2784.88712936
190 2814.43479661
191 2844.13838823
192 2873.99790422
193 2904.01334457
194 2934.18470929
195 2964.51199837
196 2994.99521182
197 3025.63434963
198 3056.42941181
199 3087.38039835
200 3118.48730926
201 3149.75014454
202 3181.16890418
203 3212.74358819
204 3244.47419656
205 3276.3607293
206 3308.4031864
207 3340.60156787
208 3372.9558737
209 3405.4661039
210 3438.13225846
211 3470.95433739
212 3503.93234069
213 3537.06626835
214 3570.35612038
215 3603.80189677
216 3637.40359753
217 3671.16122265
218 3705.07477214
219 3739.14424599
220 3773.36964421
221 3807.75096679
222 3842.28821374
223 3876.98138506
224 3911.83048074
225 3946.83550079
226 3981.9964452
227 4017.31331398
228 4052.78610712
229 4088.41482463
230 4124.1994665
231 4160.14003274
232 4196.23652335
233 4232.48893832
234 4268.89727765
235 4305.46154135
236 4342.18172942
237 4379.05784185
238 4416.08987865
239 4453.27783981
240 4490.62172534
241 4528.12153523
242 4565.77726949
243 4603.58892812
244 4641.55651111
245 4679.68001846
246 4717.95945019
247 4756.39480627
248 4794.98608672
249 4833.73329154
250 4872.63642073
251 4911.69547427
252 4950.91045219
253 4990.28135447
254 5029.80818111
255 5069.49093212
256 5109.3296075
257 5149.32420724
258 5189.47473135
259 5229.78117982
260 5270.24355266
261 5310.86184986
262 5351.63607143
263 5392.56621736
264 5433.65228766
265 5474.89428233
266 5516.29220136
267 5557.84604475
268 5599.55581251
269 5641.42150464
270 5683.44312113
271 5725.62066199
272 5767.95412721
273 5810.4435168
274 5853.08883076
275 5895.89006908
276 5938.84723176
277 5981.96031881
278 6025.22933023
279 6068.65426601
280 6112.23512616
281 6155.97191067
282 6199.86461955
283 6243.91325279
284 6288.1178104
285 6332.47829237
286 6376.99469871
287 6421.66702942
288 6466.49528449
289 6511.47946393
290 6556.61956773
291 6601.91559589
292 6647.36754843
293 6692.97542533
294 6738.73922659
295 6784.65895222
296 6830.73460221
297 6876.96617657
298 6923.3536753
299 6969.89709839
300 7016.59644584
301 7063.45171767
302 7110.46291385
303 7157.63003441
304 7204.95307932
305 7252.43204861
306 7300.06694226
307 7347.85776027
308 7395.80450265
309 7443.9071694
310 7492.16576051
311 7540.58027598
312 7589.15071582
313 7637.87708003
314 7686.7593686
315 7735.79758154
316 7784.99171885
317 7834.34178052
318 7883.84776655
319 7933.50967695
320 7983.32751172
321 8033.30127085
322 8083.43095434
323 8133.71656221
324 8184.15809443
325 8234.75555103
326 8285.50893198
327 8336.41823731
328 8387.483467
329 8438.70462105
330 8490.08169947
331 8541.61470226
332 8593.30362941
333 8645.14848092
334 8697.14925681
335 8749.30595705
336 8801.61858167
337 8854.08713065
338 8906.71160399
339 8959.4920017
340 9012.42832377
341 9065.52057021
342 9118.76874102
343 9172.17283619
344 9225.73285573
345 9279.44879963
346 9333.3206679
347 9387.34846053
348 9441.53217753
349 9495.87181889
350 9550.36738462
351 9605.01887472
352 9659.82628918
353 9714.789628
354 9769.90889119
355 9825.18407875
356 9880.61519067
357 9936.20222696
358 9991.94518761
359 10047.8440726
360 10103.898882
361 10160.1096158
362 10216.4762739
363 10272.9988564
364 10329.6773632
365 10386.5117944
366 10443.50215
367 10500.6484299
368 10557.9506342
369 10615.4087629
370 10673.022816
371 10730.7927934
372 10788.7186951
373 10846.8005213
374 10905.0382718
375 10963.4319466
376 11021.9815459
377 11080.6870695
378 11139.5485174
379 11198.5658897
380 11257.7391864
381 11317.0684075
382 11376.5535529
383 11436.1946227
384 11495.9916169
385 11555.9445354
386 11616.0533783
387 11676.3181455
388 11736.7388371
389 11797.3154531
390 11858.0479935
391 11918.9364582
392 11979.9808473
393 12041.1811607
394 12102.5373985
395 12164.0495607
396 12225.7176472
397 12287.5416581
398 12349.5215934
399 12411.6574531
400 12473.9492371
401 12536.3969454
402 12599.0005782
403 12661.7601353
404 12724.6756167
405 12787.7470226
406 12850.9743527
407 12914.3576073
408 12977.8967862
409 13041.5918895
410 13105.4429172
411 13169.4498692
412 13233.6127456
413 13297.9315463
414 13362.4062715
415 13427.0369209
416 13491.8234948
417 13556.765993
418 13621.8644156
419 13687.1187625
420 13752.5290339
421 13818.0952295
422 13883.8173496
423 13949.695394
424 14015.7293628
425 14081.9192559
426 14148.2650734
427 14214.7668153
428 14281.4244815
429 14348.2380721
430 14415.2075871
431 14482.3330264
432 14549.6143901
433 14617.0516782
434 14684.6448906
435 14752.3940274
436 14820.2990885
437 14888.3600741
438 14956.576984
439 15024.9498182
440 15093.4785768
441 15162.1632598
442 15231.0038672
443 15300.0003989
444 15369.152855
445 15438.4612354
446 15507.9255402
447 15577.5457694
448 15647.321923
449 15717.2540009
450 15787.3420031
451 15857.5859298
452 15927.9857808
453 15998.5415562
454 16069.2532559
455 16140.12088
456 16211.1444285
457 16282.3239013
458 16353.6592985
459 16425.1506201
460 16496.797866
461 16568.6010363
462 16640.560131
463 16712.67515
464 16784.9460934
465 16857.3729611
466 16929.9557533
467 17002.6944698
468 17075.5891106
469 17148.6396758
470 17221.8461654
471 17295.2085794
472 17368.7269177
473 17442.4011804
474 17516.2313674
475 17590.2174788
476 17664.3595146
477 17738.6574747
478 17813.1113592
479 17887.7211681
480 17962.4869014
481 18037.408559
482 18112.4861409
483 18187.7196473
484 18263.109078
485 18338.654433
486 18414.3557125
487 18490.2129163
488 18566.2260444
489 18642.395097
490 18718.7200739
491 18795.2009751
492 18871.8378007
493 18948.6305507
494 19025.5792251
495 19102.6838238
496 19179.9443469
497 19257.3607943
498 19334.9331662
499 19412.6614624
500 19490.5456829
501 19568.5858278
502 19646.7818971
503 19725.1338907
504 19803.6418088
505 19882.3056511
506 19961.1254179
507 20040.101109
508 20119.2327244
509 20198.5202643
510 20277.9637285
511 20357.5631171
512 20437.31843
513 20517.2296673
514 20597.296829
515 20677.519915
516 20757.8989254
517 20838.4338601
518 20919.1247193
519 20999.9715028
520 21080.9742106
521 21162.1328428
522 21243.4473994
523 21324.9178804
524 21406.5442857
525 21488.3266154
526 21570.2648694
527 21652.3590479
528 21734.6091506
529 21817.0151778
530 21899.5771293
531 21982.2950052
532 22065.1688054
533 22148.19853
534 22231.384179
535 22314.7257524
536 22398.2232501
537 22481.8766721
538 22565.6860186
539 22649.6512894
540 22733.7724845
541 22818.0496041
542 22902.482648
543 22987.0716162
544 23071.8165089
545 23156.7173259
546 23241.7740672
547 23326.9867329
548 23412.355323
549 23497.8798375
550 23583.5602763
551 23669.3966395
552 23755.388927
553 23841.537139
554 23927.8412753
555 24014.3013359
556 24100.9173209
557 24187.6892303
558 24274.617064
559 24361.7008222
560 24448.9405046
561 24536.3361115
562 24623.8876427
563 24711.5950983
564 24799.4584782
565 24887.4777825
566 24975.6530112
567 25063.9841642
568 25152.4712416
569 25241.1142434
570 25329.9131695
571 25418.86802
572 25507.9787949
573 25597.2454941
574 25686.6681177
575 25776.2466656
576 25865.981138
577 25955.8715346
578 26045.9178557
579 26136.1201011
580 26226.4782709
581 26316.9923651
582 26407.6623836
583 26498.4883265
584 26589.4701937
585 26680.6079853
586 26771.9017013
587 26863.3513416
588 26954.9569064
589 27046.7183954
590 27138.6358089
591 27230.7091467
592 27322.9384088
593 27415.3235954
594 27507.8647063
595 27600.5617416
596 27693.4147012
597 27786.4235852
598 27879.5883936
599 27972.9091263
600 28066.3857834
601 28160.0183648
602 28253.8068707
603 28347.7513009
604 28441.8516554
605 28536.1079343
606 28630.5201376
607 28725.0882653
608 28819.8123173
609 28914.6922937
610 29009.7281944
611 29104.9200195
612 29200.267769
613 29295.7714429
614 29391.4310411
615 29487.2465637
616 29583.2180106
617 29679.3453819
618 29775.6286776
619 29872.0678976
620 29968.663042
621 30065.4141108
622 30162.3211039
623 30259.3840214
624 30356.6028633
625 30453.9776295
626 30551.5083201
627 30649.1949351
628 30747.0374744
629 30845.0359381
630 30943.1903262
631 31041.5006386
632 31139.9668754
633 31238.5890365
634 31337.3671221
635 31436.3011319
636 31535.3910662
637 31634.6369248
638 31734.0387078
639 31833.5964151
640 31933.3100469
641 32033.1796029
642 32133.2050834
643 32233.3864882
644 32333.7238174
645 32434.2170709
646 32534.8662488
647 32635.6713511
648 32736.6323777
649 32837.7493287
650 32939.0222041
651 33040.4510038
652 33142.0357279
653 33243.7763764
654 33345.6729492
655 33447.7254464
656 33549.933868
657 33652.2982139
658 33754.8184842
659 33857.4946789
660 33960.3267979
661 34063.3148413
662 34166.458809
663 34269.7587011
664 34373.2145176
665 34476.8262585
666 34580.5939237
667 34684.5175133
668 34788.5970272
669 34892.8324655
670 34997.2238282
671 35101.7711153
672 35206.4743267
673 35311.3334624
674 35416.3485226
675 35521.5195071
676 35626.846416
677 35732.3292492
678 35837.9680068
679 35943.7626888
680 36049.7132951
681 36155.8198258
682 36262.0822809
683 36368.5006603
684 36475.0749641
685 36581.8051922
686 36688.6913448
687 36795.7334217
688 36902.9314229
689 37010.2853485
690 37117.7951985
691 37225.4609729
692 37333.2826716
693 37441.2602947
694 37549.3938421
695 37657.6833139
696 37766.1287101
697 37874.7300307
698 37983.4872756
699 38092.4004448
700 38201.4695385
701 38310.6945565
702 38420.0754989
703 38529.6123656
704 38639.3051567
705 38749.1538722
706 38859.158512
707 38969.3190762
708 39079.6355648
709 39190.1079777
710 39300.736315
711 39411.5205767
712 39522.4607627
713 39633.5568731
714 39744.8089078
715 39856.216867
716 39967.7807505
717 40079.5005583
718 40191.3762905
719 40303.4079471
720 40415.5955281
721 40527.9390334
722 40640.4384631
723 40753.0938171
724 40865.9050955
725 40978.8722983
726 41091.9954254
727 41205.2744769
728 41318.7094528
729 41432.3003531
730 41546.0471777
731 41659.9499266
732 41774.0086
733 41888.2231977
734 42002.5937197
735 42117.1201662
736 42231.802537
737 42346.6408321
738 42461.6350517
739 42576.7851956
740 42692.0912638
741 42807.5532564
742 42923.1711734
743 43038.9450148
744 43154.8747805
745 43270.9604706
746 43387.2020851
747 43503.5996239
748 43620.1530871
749 43736.8624746
750 43853.7277865
751 43970.7490228
752 44087.9261835
753 44205.2592685
754 44322.7482778
755 44440.3932116
756 44558.1940697
757 44676.1508522
758 44794.263559
759 44912.5321902
760 45030.9567458
761 45149.5372257
762 45268.27363
763 45387.1659587
764 45506.2142117
765 45625.4183891
766 45744.7784909
767 45864.294517
768 45983.9664675
769 46103.7943423
770 46223.7781416
771 46343.9178652
772 46464.2135131
773 46584.6650854
774 46705.2725821
775 46826.0360032
776 46946.9553486
777 47068.0306184
778 47189.2618125
779 47310.648931
780 47432.1919739
781 47553.8909411
782 47675.7458328
783 47797.7566487
784 47919.9233891
785 48042.2460538
786 48164.7246429
787 48287.3591563
788 48410.1495941
789 48533.0959563
790 48656.1982428
791 48779.4564537
792 48902.870589
793 49026.4406486
794 49150.1666326
795 49274.0485409
796 49398.0863737
797 49522.2801308
798 49646.6298122
799 49771.135418
800 49895.7969482
801 50020.6144028
802 50145.5877817
803 50270.717085
804 50396.0023126
805 50521.4434646
806 50647.040541
807 50772.7935418
808 50898.7024669
809 51024.7673164
810 51150.9880902
811 51277.3647884
812 51403.897411
813 51530.5859579
814 51657.4304292
815 51784.4308249
816 51911.5871449
817 52038.8993893
818 52166.3675581
819 52293.9916512
820 52421.7716687
821 52549.7076106
822 52677.7994768
823 52806.0472674
824 52934.4509824
825 53063.0106217
826 53191.7261854
827 53320.5976734
828 53449.6250859
829 53578.8084226
830 53708.1476838
831 53837.6428693
832 53967.2939792
833 54097.1010134
834 54227.0639721
835 54357.182855
836 54487.4576624
837 54617.8883941
838 54748.4750502
839 54879.2176306
840 55010.1161354
841 55141.1705646
842 55272.3809181
843 55403.747196
844 55535.2693983
845 55666.9475249
846 55798.7815759
847 55930.7715513
848 56062.917451
849 56195.2192751
850 56327.6770236
851 56460.2906964
852 56593.0602936
853 56725.9858152
854 56859.0672611
855 56992.3046314
856 57125.697926
857 57259.247145
858 57392.9522884
859 57526.8133562
860 57660.8303483
861 57795.0032648
862 57929.3321056
863 58063.8168708
864 58198.4575604
865 58333.2541744
866 58468.2067127
867 58603.3151753
868 58738.5795624
869 58873.9998738
870 59009.5761095
871 59145.3082697
872 59281.1963542
873 59417.2403631
874 59553.4402963
875 59689.7961539
876 59826.3079358
877 59962.9756422
878 60099.7992729
879 60236.7788279
880 60373.9143074
881 60511.2057111
882 60648.6530393
883 60786.2562918
884 60924.0154687
885 61061.93057
886 61200.0015956
887 61338.2285456
888 61476.6114199
889 61615.1502186
890 61753.8449417
891 61892.6955891
892 62031.702161
893 62170.8646571
894 62310.1830777
895 62449.6574226
896 62589.2876919
897 62729.0738855
898 62869.0160035
899 63009.1140459
900 63149.3680126
901 63289.7779037
902 63430.3437192
903 63571.065459
904 63711.9431232
905 63852.9767117
906 63994.1662247
907 64135.511662
908 64277.0130236
909 64418.6703096
910 64560.48352
911 64702.4526548
912 64844.5777139
913 64986.8586974
914 65129.2956052
915 65271.8884375
916 65414.637194
917 65557.541875
918 65700.6024803
919 65843.81901
920 65987.191464
921 66130.7198424
922 66274.4041452
923 66418.2443723
924 66562.2405239
925 66706.3925997
926 66850.7006
927 66995.1645246
928 67139.7843735
929 67284.5601469
930 67429.4918446
931 67574.5794666
932 67719.8230131
933 67865.2224838
934 68010.777879
935 68156.4891985
936 68302.3564424
937 68448.3796107
938 68594.5587033
939 68740.8937203
940 68887.3846616
941 69034.0315274
942 69180.8343174
943 69327.7930319
944 69474.9076707
945 69622.1782339
946 69769.6047214
947 69917.1871333
948 70064.9254696
949 70212.8197303
950 70360.8699153
951 70509.0760246
952 70657.4380584
953 70805.9560165
954 70954.629899
955 71103.4597058
956 71252.445437
957 71401.5870926
958 71550.8846725
959 71700.3381768
960 71849.9476054
961 71999.7129585
962 72149.6342359
963 72299.7114376
964 72449.9445637
965 72600.3336142
966 72750.8785891
967 72901.5794883
968 73052.4363119
969 73203.4490598
970 73354.6177322
971 73505.9423288
972 73657.4228499
973 73809.0592953
974 73960.8516651
975 74112.7999592
976 74264.9041777
977 74417.1643206
978 74569.5803879
979 74722.1523795
980 74874.8802954
981 75027.7641358
982 75180.8039005
983 75333.9995895
984 75487.351203
985 75640.8587408
986 75794.5222029
987 75948.3415895
988 76102.3169004
989 76256.4481356
990 76410.7352952
991 76565.1783792
992 76719.7773876
993 76874.5323203
994 77029.4431774
995 77184.5099589
996 77339.7326647
997 77495.1112949
998 77650.6458494
999 77806.3363283
