10 0.0584716370487
11 0.0707506808289
12 0.0841991573501
13 0.0988170666123
14 0.114604408615
15 0.13156118336
16 0.149687390845
17 0.168983031071
18 0.189448104038
19 0.211082609746
20 0.233886548195
21 0.257859919385
22 0.283002723316
23 0.309314959988
24 0.336796629401
25 0.365447731554
26 0.395268266449
27 0.426258234085
28 0.458417634462
29 0.49174646758
30 0.526244733438
31 0.561912432038
32 0.598749563379
33 0.63675612746
34 0.675932124283
35 0.716277553847
36 0.757792416151
37 0.800476711197
38 0.844330438983
39 0.889353599511
40 0.935546192779
41 0.982908218789
42 1.03143967754
43 1.08114056903
44 1.13201089326
45 1.18405065024
46 1.23725983995
47 1.29163846241
48 1.3471865176
49 1.40390400554
50 1.46179092622
51 1.52084727964
52 1.5810730658
53 1.6424682847
54 1.70503293634
55 1.76876702072
56 1.83367053785
57 1.89974348771
58 1.96698587032
59 2.03539768567
60 2.10497893375
61 2.17572961458
62 2.24764972815
63 2.32073927446
64 2.39499825351
65 2.47042666531
66 2.54702450984
67 2.62479178712
68 2.70372849713
69 2.78383463989
70 2.86511021539
71 2.94755522362
72 3.0311696646
73 3.11595353833
74 3.20190684479
75 3.28902958399
76 3.37732175593
77 3.46678336062
78 3.55741439804
79 3.64921486821
80 3.74218477112
81 3.83632410677
82 3.93163287515
83 4.02811107628
84 4.12575871016
85 4.22457577677
86 4.32456227612
87 4.42571820822
88 4.52804357305
89 4.63153837063
90 4.73620260094
91 4.842036264
92 4.9490393598
93 5.05721188834
94 5.16655384962
95 5.27706524365
96 5.38874607041
97 5.50159632991
98 5.61561602216
99 5.73080514714
100 5.84716370487
101 5.96469169534
102 6.08338911855
103 6.2032559745
104 6.32429226319
105 6.44649798462
106 6.56987313879
107 6.69441772571
108 6.82013174536
109 6.94701519776
110 7.07506808289
111 7.20429040077
112 7.33468215139
113 7.46624333475
114 7.59897395085
115 7.73287399969
116 7.86794348127
117 8.0041823956
118 8.14159074266
119 8.28016852247
120 8.41991573501
121 8.5608323803
122 8.70291845833
123 8.8461739691
124 8.99059891261
125 9.13619328886
126 9.28295709785
127 9.43089033958
128 9.57999301406
129 9.73026512127
130 9.88170666123
131 10.0343176339
132 10.1880980394
133 10.3430478775
134 10.4991671485
135 10.6564558521
136 10.8149139885
137 10.9745415577
138 11.1353385596
139 11.2973049942
140 11.4604408615
141 11.6247461617
142 11.7902208945
143 11.9568650601
144 12.1246786584
145 12.2936616895
146 12.4638141533
147 12.6351360499
148 12.8076273791
149 12.9812881412
150 13.156118336
151 13.3321179635
152 13.5092870237
153 13.6876255167
154 13.8671334425
155 14.047810801
156 14.2296575922
157 14.4126738161
158 14.5968594728
159 14.7822145623
160 14.9687390845
161 15.1564330394
162 15.3452964271
163 15.5353292475
164 15.7265315006
165 15.9189031865
166 16.1124443051
167 16.3071548565
168 16.5030348406
169 16.7000842575
170 16.8983031071
171 17.0976913894
172 17.2982491045
173 17.4999762523
174 17.7028728329
175 17.9069388462
176 18.1121742922
177 18.318579171
178 18.5261534825
179 18.7348972268
180 18.9448104038
181 19.1558930135
182 19.368145056
183 19.5815665312
184 19.7961574392
185 20.0119177799
186 20.2288475534
187 20.4469467596
188 20.6662153985
189 20.8866534702
190 21.1082609746
191 21.3310379117
192 21.5549842816
193 21.7801000843
194 22.0063853196
195 22.2338399878
196 22.4624640886
197 22.6922576222
198 22.9232205886
199 23.1553529877
200 23.3886548195
201 23.623126084
202 23.8587667814
203 24.0955769114
204 24.3335564742
205 24.5727054697
206 24.813023898
207 25.054511759
208 25.2971690527
209 25.5409957792
210 25.7859919385
211 26.0321575305
212 26.2794925552
213 26.5279970126
214 26.7776709028
215 27.0285142258
216 27.2805269814
217 27.5337091699
218 27.788060791
219 28.0435818449
220 28.3002723316
221 28.558132251
222 28.8171616031
223 29.0773603879
224 29.3387286056
225 29.6012662559
226 29.864973339
227 30.1298498548
228 30.3958958034
229 30.6631111847
230 30.9314959988
231 31.2010502456
232 31.4717739251
233 31.7436670374
234 32.0167295824
235 32.2909615601
236 32.5663629706
237 32.8429338139
238 33.1206740899
239 33.3995837986
240 33.6796629401
241 33.9609115143
242 34.2433295212
243 34.5269169609
244 34.8116738333
245 35.0976001385
246 35.3846958764
247 35.672961047
248 35.9623956504
249 36.2529996866
250 36.5447731554
251 36.8377160571
252 37.1318283914
253 37.4271101585
254 37.7235613583
255 38.0211819909
256 38.3199720562
257 38.6199315543
258 38.9210604851
259 39.2233588486
260 39.5268266449
261 39.8314638739
262 40.1372705357
263 40.4442466302
264 40.7523921575
265 41.0617071174
266 41.3721915102
267 41.6838453356
268 41.9966685939
269 42.3106612848
270 42.6258234085
271 42.9421549649
272 43.2596559541
273 43.578326376
274 43.8981662307
275 44.2191755181
276 44.5413542382
277 44.8647023911
278 45.1892199767
279 45.5149069951
280 45.8417634462
281 46.16978933
282 46.4989846466
283 46.8293493959
284 47.160883578
285 47.4935871928
286 47.8274602404
287 48.1625027206
288 48.4987146337
289 48.8360959794
290 49.174646758
291 49.5143669692
292 49.8552566132
293 50.1973156899
294 50.5405441994
295 50.8849421416
296 51.2305095166
297 51.5772463243
298 51.9251525647
299 52.2742282379
300 52.6244733438
301 52.9758878825
302 53.3284718539
303 53.682225258
304 54.0371480949
305 54.3932403646
306 54.7505020669
307 55.108933202
308 55.4685337699
309 55.8293037705
310 56.1912432038
311 56.5543520699
312 56.9186303687
313 57.2840781002
314 57.6506952645
315 58.0184818616
316 58.3874378914
317 58.7575633539
318 59.1288582491
319 59.5013225771
320 59.8749563379
321 60.2497595314
322 60.6257321576
323 61.0028742165
324 61.3811857082
325 61.7606666327
326 62.1413169899
327 62.5231367798
328 62.9061260025
329 63.2902846579
330 63.675612746
331 64.0621102669
332 64.4497772206
333 64.8386136069
334 65.228619426
335 65.6197946779
336 66.0121393625
337 66.4056534798
338 66.8003370299
339 67.1961900127
340 67.5932124283
341 67.9914042766
342 68.3907655576
343 68.7912962714
344 69.1929964179
345 69.5958659972
346 69.9999050092
347 70.405113454
348 70.8114913315
349 71.2190386417
350 71.6277553847
351 72.0376415604
352 72.4486971688
353 72.86092221
354 73.2743166839
355 73.6888805906
356 74.10461393
357 74.5215167022
358 74.9395889071
359 75.3588305447
360 75.7792416151
361 76.2008221182
362 76.6235720541
363 77.0474914227
364 77.472580224
365 77.8988384581
366 78.326266125
367 78.7548632245
368 79.1846297568
369 79.6155657219
370 80.0476711197
371 80.4809459502
372 80.9153902135
373 81.3510039095
374 81.7877870382
375 82.2257395997
376 82.664861594
377 83.1051530209
378 83.5466138807
379 83.9892441731
380 84.4330438983
381 84.8780130563
382 85.3241516469
383 85.7714596704
384 86.2199371265
385 86.6695840154
386 87.1204003371
387 87.5723860915
388 88.0255412786
389 88.4798658985
390 88.9353599511
391 89.3920234364
392 89.8498563545
393 90.3088587053
394 90.7690304889
395 91.2303717052
396 91.6928823543
397 92.1565624361
398 92.6214119506
399 93.0874308979
400 93.5546192779
401 94.0229770907
402 94.4925043362
403 94.9632010144
404 95.4350671254
405 95.9081026691
406 96.3823076456
407 96.8576820548
408 97.3342258967
409 97.8119391714
410 98.2908218789
411 98.770874019
412 99.2520955919
413 99.7344865976
414 100.218047036
415 100.702776907
416 101.188676211
417 101.675744948
418 102.163983117
419 102.653390719
420 103.143967754
421 103.635714221
422 104.128630122
423 104.622715455
424 105.117970221
425 105.614394419
426 106.11198805
427 106.610751115
428 107.110683611
429 107.611785541
430 108.114056903
431 108.617497698
432 109.122107926
433 109.627887586
434 110.134836679
435 110.642955205
436 111.152243164
437 111.662700556
438 112.17432738
439 112.687123637
440 113.201089326
441 113.716224449
442 114.232529004
443 114.750002992
444 115.268646412
445 115.788459266
446 116.309441552
447 116.831593271
448 117.354914422
449 117.879405007
450 118.405065024
451 118.931894473
452 119.459893356
453 119.989061671
454 120.519399419
455 121.0509066
456 121.583583214
457 122.11742926
458 122.652444739
459 123.188629651
460 123.725983995
461 124.264507772
462 124.804200982
463 125.345063625
464 125.8870957
465 126.430297209
466 126.974668149
467 127.520208523
468 128.06691833
469 128.614797569
470 129.163846241
471 129.714064345
472 130.265451883
473 130.818008853
474 131.371735256
475 131.926631091
476 132.482696359
477 133.039931061
478 133.598335194
479 134.157908761
480 134.71865176
481 135.280564192
482 135.843646057
483 136.407897355
484 136.973318085
485 137.539908248
486 138.107667844
487 138.676596872
488 139.246695333
489 139.817963227
490 140.390400554
491 140.964007313
492 141.538783506
493 142.11472913
494 142.691844188
495 143.270128679
496 143.849582602
497 144.430205958
498 145.011998746
499 145.594960968
500 146.179092622
501 146.764393709
502 147.350864228
503 147.938504181
504 148.527313566
505 149.117292383
506 149.708440634
507 150.300758317
508 150.894245433
509 151.488901982
510 152.084727964
511 152.681723378
512 153.279888225
513 153.879222505
514 154.479726217
515 155.081399362
516 155.68424194
517 156.288253951
518 156.893435395
519 157.499786271
520 158.10730658
521 158.715996321
522 159.325855496
523 159.936884103
524 160.549082143
525 161.162449615
526 161.776986521
527 162.392692859
528 163.00956863
529 163.627613833
530 164.24682847
531 164.867212539
532 165.488766041
533 166.111488975
534 166.735381343
535 167.360443143
536 167.986674375
537 168.614075041
538 169.242645139
539 169.87238467
540 170.503293634
541 171.135372031
542 171.76861986
543 172.403037122
544 173.038623816
545 173.675379944
546 174.313305504
547 174.952400497
548 175.592664923
549 176.234098781
550 176.876702072
551 177.520474796
552 178.165416953
553 178.811528542
554 179.458809564
555 180.107260019
556 180.756879907
557 181.407669227
558 182.05962798
559 182.712756166
560 183.367053785
561 184.022520836
562 184.67915732
563 185.336963237
564 185.995938586
565 186.656083369
566 187.317397584
567 187.979881231
568 188.643534312
569 189.308356825
570 189.974348771
571 190.64151015
572 191.309840961
573 191.979341206
574 192.650010883
575 193.321849992
576 193.994858535
577 194.66903651
578 195.344383918
579 196.020900758
580 196.698587032
581 197.377442738
582 198.057467877
583 198.738662448
584 199.421026453
585 200.10455989
586 200.78926276
587 201.475135062
588 202.162176798
589 202.850387966
590 203.539768567
591 204.2303186
592 204.922038066
593 205.614926965
594 206.308985297
595 207.004213062
596 207.700610259
597 208.398176889
598 209.096912952
599 209.796818447
600 210.497893375
601 211.200137736
602 211.90355153
603 212.608134756
604 213.313887416
605 214.020809508
606 214.728901032
607 215.43816199
608 216.14859238
609 216.860192203
610 217.572961458
611 218.286900147
612 219.002008268
613 219.718285822
614 220.435732808
615 221.154349227
616 221.87413508
617 222.595090364
618 223.317215082
619 224.040509232
620 224.764972815
621 225.490605831
622 226.217408279
623 226.945380161
624 227.674521475
625 228.404832221
626 229.136312401
627 229.868962013
628 230.602781058
629 231.337769536
630 232.073927446
631 232.811254789
632 233.549751565
633 234.289417774
634 235.030253415
635 235.77225849
636 236.515432997
637 237.259776936
638 238.005290309
639 238.751973114
640 239.499825351
641 240.248847022
642 240.999038125
643 241.750398661
644 242.50292863
645 243.256628032
646 244.011496866
647 244.767535133
648 245.524742833
649 246.283119965
650 247.042666531
651 247.803382529
652 248.56526796
653 249.328322823
654 250.092547119
655 250.857940848
656 251.62450401
657 252.392236604
658 253.161138632
659 253.931210091
660 254.702450984
661 255.47486131
662 256.248441068
663 257.023190259
664 257.799108882
665 258.576196939
666 259.354454428
667 260.13388135
668 260.914477704
669 261.696243492
670 262.479178712
671 263.263283364
672 264.04855745
673 264.835000968
674 265.622613919
675 266.411396303
676 267.20134812
677 267.992469369
678 268.784760051
679 269.578220166
680 270.372849713
681 271.168648693
682 271.965617106
683 272.763754952
684 273.563062231
685 274.363538942
686 275.165185086
687 275.968000662
688 276.771985672
689 277.577140114
690 278.383463989
691 279.190957297
692 279.999620037
693 280.80945221
694 281.620453816
695 282.432624854
696 283.245965326
697 284.06047523
698 284.876154567
699 285.693003336
700 286.511021539
701 287.330209174
702 288.150566241
703 288.972092742
704 289.794788675
705 290.618654041
706 291.44368884
707 292.269893072
708 293.097266736
709 293.925809833
710 294.755522362
711 295.586404325
712 296.41845572
713 297.251676548
714 298.086066809
715 298.921626502
716 299.758355628
717 300.596254187
718 301.435322179
719 302.275559603
720 303.11696646
721 303.95954275
722 304.803288473
723 305.648203628
724 306.494288216
725 307.341542237
726 308.189965691
727 309.039558577
728 309.890320896
729 310.742252648
730 311.595353833
731 312.44962445
732 313.3050645
733 314.161673983
734 315.019452898
735 315.878401246
736 316.738519027
737 317.599806241
738 318.462262888
739 319.325888967
740 320.190684479
741 321.056649423
742 321.923783801
743 322.792087611
744 323.661560854
745 324.53220353
746 325.404015638
747 326.276997179
748 327.151148153
749 328.02646856
750 328.902958399
751 329.780617671
752 330.659446376
753 331.539444513
754 332.420612084
755 333.302949087
756 334.186455523
757 335.071131391
758 335.956976692
759 336.843991427
760 337.732175593
761 338.621529193
762 339.512052225
763 340.40374469
764 341.296606588
765 342.190637918
766 343.085838681
767 343.982208877
768 344.879748506
769 345.778457568
770 346.678336062
771 347.579383989
772 348.481601348
773 349.384988141
774 350.289544366
775 351.195270024
776 352.102165114
777 353.010229638
778 353.919463594
779 354.829866983
780 355.741439804
781 356.654182059
782 357.568093746
783 358.483174866
784 359.399425418
785 360.316845403
786 361.235434821
787 362.155193672
788 363.076121956
789 363.998219672
790 364.921486821
791 365.845923403
792 366.771529417
793 367.698304864
794 368.626249744
795 369.555364057
796 370.485647802
797 371.417100981
798 372.349723592
799 373.283515635
800 374.218477112
801 375.154608021
802 376.091908363
803 377.030378137
804 377.970017345
805 378.910825985
806 379.852804058
807 380.795951563
808 381.740268502
809 382.685754873
810 383.632410677
811 384.580235913
812 385.529230582
813 386.479394684
814 387.430728219
815 388.383231187
816 389.336903587
817 390.29174542
818 391.247756686
819 392.204937384
820 393.163287515
821 394.122807079
822 395.083496076
823 396.045354506
824 397.008382368
825 397.972579663
826 398.93794639
827 399.904482551
828 400.872188144
829 401.84106317
830 402.811107628
831 403.78232152
832 404.754704844
833 405.728257601
834 406.70297979
835 407.678871413
836 408.655932468
837 409.634162956
838 410.613562876
839 411.59413223
840 412.575871016
841 413.558779234
842 414.542856886
843 415.52810397
844 416.514520487
845 417.502106437
846 418.490861819
847 419.480786635
848 420.471880883
849 421.464144563
850 422.457577677
851 423.452180223
852 424.447952202
853 425.444893614
854 426.443004458
855 427.442284735
856 428.442734445
857 429.444353588
858 430.447142163
859 431.451100171
860 432.456227612
861 433.462524486
862 434.469990792
863 435.478626531
864 436.488431703
865 437.499406308
866 438.511550345
867 439.524863815
868 440.539346718
869 441.554999053
870 442.571820822
871 443.589812023
872 444.608972656
873 445.629302723
874 446.650802222
875 447.673471154
876 448.697309519
877 449.722317316
878 450.748494547
879 451.775841209
880 452.804357305
881 453.834042834
882 454.864897795
883 455.896922189
884 456.930116015
885 457.964479275
886 459.000011967
887 460.036714092
888 461.074585649
889 462.11362664
890 463.153837063
891 464.195216919
892 465.237766207
893 466.281484928
894 467.326373083
895 468.372430669
896 469.419657689
897 470.468054141
898 471.517620026
899 472.568355344
900 473.620260094
901 474.673334278
902 475.727577894
903 476.782990942
904 477.839573424
905 478.897325338
906 479.956246685
907 481.016337465
908 482.077597677
909 483.140027322
910 484.2036264
911 485.268394911
912 486.334332854
913 487.40144023
914 488.469717039
915 489.539163281
916 490.609778955
917 491.681564062
918 492.754518602
919 493.828642575
920 494.90393598
921 495.980398818
922 497.058031089
923 498.136832793
924 499.216803929
925 500.297944498
926 501.3802545
927 502.463733934
928 503.548382801
929 504.634201101
930 505.721188834
931 506.809346
932 507.898672598
933 508.989168629
934 510.080834093
935 511.173668989
936 512.267673318
937 513.36284708
938 514.459190275
939 515.556702902
940 516.655384962
941 517.755236455
942 518.856257381
943 519.958447739
944 521.06180753
945 522.166336754
946 523.272035411
947 524.3789035
948 525.486941022
949 526.596147977
950 527.706524365
951 528.818070185
952 529.930785438
953 531.044670124
954 532.159724242
955 533.275947793
956 534.393340777
957 535.511903194
958 536.631635044
959 537.752536326
960 538.874607041
961 539.997847189
962 541.122256769
963 542.247835782
964 543.374584228
965 544.502502107
966 545.631589418
967 546.761846162
968 547.893272339
969 549.025867949
970 550.159632991
971 551.294567466
972 552.430671374
973 553.567944715
974 554.706387488
975 555.845999694
976 556.986781333
977 558.128732405
978 559.271852909
979 560.416142846
980 561.561602216
981 562.708231018
982 563.856029254
983 565.004996922
984 566.155134022
985 567.306440556
986 568.458916522
987 569.612561921
988 570.767376753
989 571.923361017
990 573.080514714
991 574.238837844
992 575.398330407
993 576.558992402
994 577.72082383
995 578.883824691
996 580.047994985
997 581.213334711
998 582.379843871
999 583.547522462
