10 0.273743619142
11 0.331229779162
12 0.394190811564
13 0.46262671635
14 0.536537493518
15 0.615923143069
16 0.700783665003
17 0.79111905932
18 0.88692932602
19 0.988214465102
20 1.09497447657
21 1.20720936042
22 1.32491911665
23 1.44810374526
24 1.57676324626
25 1.71089761964
26 1.8505068654
27 1.99559098354
28 2.14614997407
29 2.30218383698
30 2.46369257228
31 2.63067617995
32 2.80313466001
33 2.98106801245
34 3.16447623728
35 3.35335933449
36 3.54771730408
37 3.74755014605
38 3.95285786041
39 4.16364044715
40 4.37989790627
41 4.60163023777
42 4.82883744166
43 5.06151951793
44 5.29967646659
45 5.54330828762
46 5.79241498104
47 6.04699654684
48 6.30705298503
49 6.5725842956
50 6.84359047855
51 7.12007153388
52 7.4020274616
53 7.68945826169
54 7.98236393418
55 8.28074447904
56 8.58459989629
57 8.89393018592
58 9.20873534793
59 9.52901538233
60 9.85477028911
61 10.1860000683
62 10.5227047198
63 10.8648842437
64 11.2125386401
65 11.5656679087
66 11.9242720498
67 12.2883510633
68 12.6579049491
69 13.0329337073
70 13.413437338
71 13.7994158409
72 14.1908692163
73 14.5877974641
74 14.9902005842
75 15.3980785767
76 15.8114314416
77 16.2302591789
78 16.6545617886
79 17.0843392706
80 17.5195916251
81 17.9603188519
82 18.4065209511
83 18.8581979227
84 19.3153497666
85 19.777976483
86 20.2460780717
87 20.7196545328
88 21.1987058663
89 21.6832320722
90 22.1732331505
91 22.6687091011
92 23.1696599242
93 23.6760856196
94 24.1879861874
95 24.7053616276
96 25.2282119401
97 25.7565371251
98 26.2903371824
99 26.8296121121
100 27.3743619142
101 27.9245865887
102 28.4802861355
103 29.0414605548
104 29.6081098464
105 30.1802340104
106 30.7578330468
107 31.3409069556
108 31.9294557367
109 32.5234793902
110 33.1229779162
111 33.7279513145
112 34.3383995852
113 34.9543227282
114 35.5757207437
115 36.2025936315
116 36.8349413917
117 37.4727640243
118 38.1160615293
119 38.7648339067
120 39.4190811564
121 40.0788032786
122 40.7440002731
123 41.41467214
124 42.0908188793
125 42.7724404909
126 43.459536975
127 44.1521083314
128 44.8501545602
129 45.5536756614
130 46.262671635
131 46.9771424809
132 47.6970881993
133 48.42250879
134 49.1534042531
135 49.8897745886
136 50.6316197965
137 51.3789398767
138 52.1317348294
139 52.8900046544
140 53.6537493518
141 54.4229689216
142 55.1976633638
143 55.9778326783
144 56.7634768653
145 57.5545959246
146 58.3511898563
147 59.1532586604
148 59.9608023368
149 60.7738208857
150 61.5923143069
151 62.4162826005
152 63.2457257665
153 64.0806438049
154 64.9210367157
155 65.7669044988
156 66.6182471544
157 67.4750646823
158 68.3373570826
159 69.2051243553
160 70.0783665003
161 70.9570835178
162 71.8412754076
163 72.7309421698
164 73.6260838044
165 74.5267003114
166 75.4327916907
167 76.3443579425
168 77.2613990666
169 78.1839150631
170 79.111905932
171 80.0453716733
172 80.9843122869
173 81.928727773
174 82.8786181314
175 83.8339833622
176 84.7948234654
177 85.761138441
178 86.7329282889
179 87.7101930092
180 88.692932602
181 89.6811470671
182 90.6748364045
183 91.6740006144
184 92.6786396967
185 93.6887536513
186 94.7043424783
187 95.7254061777
188 96.7519447495
189 97.7839581937
190 98.8214465102
191 99.8644096991
192 100.91284776
193 101.966760694
194 103.0261485
195 104.091011179
196 105.16134873
197 106.237161153
198 107.318448448
199 108.405210616
200 109.497447657
201 110.59515957
202 111.698346355
203 112.807008012
204 113.921144542
205 115.040755944
206 116.165842219
207 117.296403366
208 118.432439386
209 119.573950277
210 120.720936042
211 121.873396678
212 123.031332187
213 124.194742568
214 125.363627822
215 126.537987948
216 127.717822947
217 128.903132818
218 130.093917561
219 131.290177177
220 132.491911665
221 133.699121025
222 134.911805258
223 136.129964363
224 137.353598341
225 138.582707191
226 139.817290913
227 141.057349508
228 142.302882975
229 143.553891314
230 144.810374526
231 146.07233261
232 147.339765567
233 148.612673396
234 149.891056097
235 151.174913671
236 152.464246117
237 153.759053436
238 155.059335627
239 156.36509269
240 157.676324626
241 158.993031434
242 160.315213114
243 161.642869667
244 162.976001092
245 164.31460739
246 165.65868856
247 167.008244602
248 168.363275517
249 169.723781304
250 171.089761964
251 172.461217496
252 173.8381479
253 175.220553177
254 176.608433326
255 178.001788347
256 179.400618241
257 180.804923007
258 182.214702646
259 183.629957157
260 185.05068654
261 186.476890796
262 187.908569924
263 189.345723924
264 190.788352797
265 192.236456542
266 193.69003516
267 195.14908865
268 196.613617012
269 198.083620247
270 199.559098354
271 201.040051334
272 202.526479186
273 204.01838191
274 205.515759507
275 207.018611976
276 208.526939317
277 210.040741531
278 211.560018618
279 213.084770576
280 214.614997407
281 216.150699111
282 217.691875686
283 219.238527135
284 220.790653455
285 222.348254648
286 223.911330713
287 225.479881651
288 227.053907461
289 228.633408143
290 230.218383698
291 231.808834126
292 233.404759425
293 235.006159597
294 236.613034641
295 238.225384558
296 239.843209347
297 241.466509009
298 243.095283543
299 244.729532949
300 246.369257228
301 248.014456379
302 249.665130402
303 251.321279298
304 252.982903066
305 254.650001707
306 256.32257522
307 258.000623605
308 259.684146863
309 261.373144993
310 263.067617995
311 264.76756587
312 266.472988617
313 268.183886237
314 269.900258729
315 271.622106094
316 273.34942833
317 275.082225439
318 276.820497421
319 278.564244275
320 280.313466001
321 282.0681626
322 283.828334071
323 285.593980415
324 287.36510163
325 289.141697719
326 290.923768679
327 292.711314512
328 294.504335218
329 296.302830795
330 298.106801245
331 299.916246568
332 301.731166763
333 303.55156183
334 305.37743177
335 307.208776582
336 309.045596266
337 310.887890823
338 312.735660252
339 314.588904554
340 316.447623728
341 318.311817774
342 320.181486693
343 322.056630484
344 323.937249148
345 325.823342684
346 327.714911092
347 329.611954373
348 331.514472526
349 333.422465551
350 335.335933449
351 337.254876219
352 339.179293862
353 341.109186376
354 343.044553764
355 344.985396024
356 346.931713156
357 348.88350516
358 350.840772037
359 352.803513786
360 354.771730408
361 356.745421902
362 358.724588268
363 360.709229507
364 362.699345618
365 364.694936602
366 366.696002458
367 368.702543186
368 370.714558787
369 372.73204926
370 374.755014605
371 376.783454823
372 378.817369913
373 380.856759876
374 382.901624711
375 384.951964418
376 387.007778998
377 389.06906845
378 391.135832775
379 393.208071972
380 395.285786041
381 397.368974983
382 399.457638797
383 401.551777483
384 403.651391042
385 405.756479473
386 407.867042777
387 409.983080953
388 412.104594001
389 414.231581922
390 416.364044715
391 418.50198238
392 420.645394918
393 422.794282328
394 424.948644611
395 427.108481766
396 429.273793793
397 431.444580693
398 433.620842465
399 435.80257911
400 437.989790627
401 440.182477016
402 442.380638278
403 444.584274412
404 446.793385419
405 449.007971297
406 451.228032049
407 453.453567672
408 455.684578168
409 457.921063537
410 460.163023777
411 462.410458891
412 464.663368876
413 466.921753734
414 469.185613464
415 471.454948067
416 473.729757542
417 476.01004189
418 478.295801109
419 480.587035202
420 482.883744166
421 485.185928003
422 487.493586713
423 489.806720294
424 492.125328748
425 494.449412075
426 496.778970274
427 499.114003345
428 501.454511289
429 503.800494105
430 506.151951793
431 508.508884354
432 510.871291787
433 513.239174093
434 515.612531271
435 517.991363321
436 520.375670244
437 522.765452039
438 525.160708707
439 527.561440246
440 529.967646659
441 532.379327943
442 534.7964841
443 537.21911513
444 539.647221031
445 542.080801806
446 544.519857452
447 546.964387971
448 549.414393362
449 551.869873626
450 554.330828762
451 556.797258771
452 559.269163652
453 561.746543405
454 564.22939803
455 566.717727528
456 569.211531899
457 571.710811142
458 574.215565257
459 576.725794244
460 579.241498104
461 581.762676836
462 584.289330441
463 586.821458918
464 589.359062268
465 591.902140489
466 594.450693584
467 597.00472155
468 599.564224389
469 602.129202101
470 604.699654684
471 607.27558214
472 609.856984469
473 612.44386167
474 615.036213743
475 617.634040689
476 620.237342507
477 622.846119197
478 625.46037076
479 628.080097195
480 630.705298503
481 633.335974683
482 635.972125735
483 638.61375166
484 641.260852457
485 643.913428126
486 646.571478668
487 649.235004083
488 651.904004369
489 654.578479528
490 657.25842956
491 659.943854463
492 662.63475424
493 665.331128888
494 668.032978409
495 670.740302802
496 673.453102068
497 676.171376206
498 678.895125217
499 681.624349099
500 684.359047855
501 687.099221482
502 689.844869982
503 692.595993355
504 695.352591599
505 698.114664717
506 700.882212706
507 703.655235568
508 706.433733302
509 709.217705909
510 712.007153388
511 714.802075739
512 717.602472963
513 720.408345059
514 723.219692028
515 726.036513869
516 728.858810582
517 731.686582168
518 734.519828626
519 737.358549957
520 740.20274616
521 743.052417235
522 745.907563182
523 748.768184003
524 751.634279695
525 754.50585026
526 757.382895697
527 760.265416006
528 763.153411188
529 766.046881243
530 768.945826169
531 771.850245969
532 774.76014064
533 777.675510184
534 780.5963546
535 783.522673889
536 786.45446805
537 789.391737083
538 792.334480989
539 795.282699767
540 798.236393418
541 801.195561941
542 804.160205336
543 807.130323604
544 810.105916744
545 813.086984756
546 816.073527641
547 819.065545398
548 822.063038028
549 825.06600553
550 828.074447904
551 831.088365151
552 834.10775727
553 837.132624262
554 840.162966125
555 843.198782862
556 846.24007447
557 849.286840951
558 852.339082305
559 855.396798531
560 858.459989629
561 861.528655599
562 864.602796442
563 867.682412158
564 870.767502745
565 873.858068206
566 876.954108538
567 880.055623743
568 883.16261382
569 886.27507877
570 889.393018592
571 892.516433286
572 895.645322853
573 898.779687292
574 901.919526604
575 905.064840788
576 908.215629844
577 911.371893773
578 914.533632574
579 917.700846247
580 920.873534793
581 924.051698211
582 927.235336502
583 930.424449665
584 933.6190377
585 936.819100608
586 940.024638388
587 943.235651041
588 946.452138566
589 949.674100963
590 952.901538233
591 956.134450375
592 959.372837389
593 962.616699276
594 965.866036035
595 969.120847667
596 972.381134171
597 975.646895547
598 978.918131796
599 982.194842917
600 985.477028911
601 988.764689777
602 992.057825515
603 995.356436126
604 998.660521609
605 1001.97008196
606 1005.28511719
607 1008.60562729
608 1011.93161226
609 1015.26307211
610 1018.60000683
611 1021.94241642
612 1025.29030088
613 1028.64366021
614 1032.00249442
615 1035.3668035
616 1038.73658745
617 1042.11184627
618 1045.49257997
619 1048.87878854
620 1052.27047198
621 1055.66763029
622 1059.07026348
623 1062.47837154
624 1065.89195447
625 1069.31101227
626 1072.73554495
627 1076.1655525
628 1079.60103492
629 1083.04199221
630 1086.48842437
631 1089.94033141
632 1093.39771332
633 1096.8605701
634 1100.32890176
635 1103.80270828
636 1107.28198968
637 1110.76674596
638 1114.2569771
639 1117.75268312
640 1121.25386401
641 1124.76051977
642 1128.2726504
643 1131.79025591
644 1135.31333628
645 1138.84189153
646 1142.37592166
647 1145.91542665
648 1149.46040652
649 1153.01086126
650 1156.56679087
651 1160.12819536
652 1163.69507472
653 1167.26742895
654 1170.84525805
655 1174.42856202
656 1178.01734087
657 1181.61159459
658 1185.21132318
659 1188.81652665
660 1192.42720498
661 1196.04335819
662 1199.66498627
663 1203.29208923
664 1206.92466705
665 1210.56271975
666 1214.20624732
667 1217.85524976
668 1221.50972708
669 1225.16967927
670 1228.83510633
671 1232.50600826
672 1236.18238507
673 1239.86423674
674 1243.55156329
675 1247.24436472
676 1250.94264101
677 1254.64639218
678 1258.35561822
679 1262.07031913
680 1265.79049491
681 1269.51614557
682 1273.2472711
683 1276.9838715
684 1280.72594677
685 1284.47349692
686 1288.22652194
687 1291.98502183
688 1295.74899659
689 1299.51844623
690 1303.29337073
691 1307.07377011
692 1310.85964437
693 1314.65099349
694 1318.44781749
695 1322.25011636
696 1326.0578901
697 1329.87113872
698 1333.6898622
699 1337.51406056
700 1341.3437338
701 1345.1788819
702 1349.01950488
703 1352.86560272
704 1356.71717545
705 1360.57422304
706 1364.43674551
707 1368.30474284
708 1372.17821506
709 1376.05716214
710 1379.94158409
711 1383.83148092
712 1387.72685262
713 1391.6276992
714 1395.53402064
715 1399.44581696
716 1403.36308815
717 1407.28583421
718 1411.21405514
719 1415.14775095
720 1419.08692163
721 1423.03156718
722 1426.98168761
723 1430.9372829
724 1434.89835307
725 1438.86489811
726 1442.83691803
727 1446.81441281
728 1450.79738247
729 1454.785827
730 1458.77974641
731 1462.77914068
732 1466.78400983
733 1470.79435385
734 1474.81017274
735 1478.83146651
736 1482.85823515
737 1486.89047866
738 1490.92819704
739 1494.97139029
740 1499.02005842
741 1503.07420142
742 1507.13381929
743 1511.19891204
744 1515.26947965
745 1519.34552214
746 1523.4270395
747 1527.51403174
748 1531.60649884
749 1535.70444082
750 1539.80785767
751 1543.9167494
752 1548.03111599
753 1552.15095746
754 1556.2762738
755 1560.40706501
756 1564.5433311
757 1568.68507206
758 1572.83228789
759 1576.98497859
760 1581.14314416
761 1585.30678461
762 1589.47589993
763 1593.65049012
764 1597.83055519
765 1602.01609512
766 1606.20710993
767 1610.40359961
768 1614.60556417
769 1618.81300359
770 1623.02591789
771 1627.24430706
772 1631.46817111
773 1635.69751002
774 1639.93232381
775 1644.17261247
776 1648.418376
777 1652.66961441
778 1656.92632769
779 1661.18851584
780 1665.45617886
781 1669.72931675
782 1674.00792952
783 1678.29201716
784 1682.58157967
785 1686.87661706
786 1691.17712931
787 1695.48311644
788 1699.79457844
789 1704.11151532
790 1708.43392706
791 1712.76181368
792 1717.09517517
793 1721.43401154
794 1725.77832277
795 1730.12810888
796 1734.48336986
797 1738.84410571
798 1743.21031644
799 1747.58200204
800 1751.95916251
801 1756.34179785
802 1760.72990807
803 1765.12349315
804 1769.52255311
805 1773.92708794
806 1778.33709765
807 1782.75258223
808 1787.17354167
809 1791.599976
810 1796.03188519
811 1800.46926926
812 1804.91212819
813 1809.36046201
814 1813.81427069
815 1818.27355424
816 1822.73831267
817 1827.20854597
818 1831.68425415
819 1836.16543719
820 1840.65209511
821 1845.1442279
822 1849.64183556
823 1854.1449181
824 1858.6534755
825 1863.16750778
826 1867.68701494
827 1872.21199696
828 1876.74245386
829 1881.27838563
830 1885.81979227
831 1890.36667378
832 1894.91903017
833 1899.47686143
834 1904.04016756
835 1908.60894856
836 1913.18320444
837 1917.76293519
838 1922.34814081
839 1926.9388213
840 1931.53497666
841 1936.1366069
842 1940.74371201
843 1945.356292
844 1949.97434685
845 1954.59787658
846 1959.22688118
847 1963.86136065
848 1968.50131499
849 1973.14674421
850 1977.7976483
851 1982.45402726
852 1987.1158811
853 1991.7832098
854 1996.45601338
855 2001.13429183
856 2005.81804516
857 2010.50727335
858 2015.20197642
859 2019.90215436
860 2024.60780717
861 2029.31893486
862 2034.03553742
863 2038.75761485
864 2043.48516715
865 2048.21819432
866 2052.95669637
867 2057.70067329
868 2062.45012508
869 2067.20505175
870 2071.96545328
871 2076.73132969
872 2081.50268098
873 2086.27950713
874 2091.06180816
875 2095.84958405
876 2100.64283483
877 2105.44156047
878 2110.24576099
879 2115.05543637
880 2119.87058663
881 2124.69121177
882 2129.51731177
883 2134.34888665
884 2139.1859364
885 2144.02846102
886 2148.87646052
887 2153.72993489
888 2158.58888413
889 2163.45330824
890 2168.32320722
891 2173.19858108
892 2178.07942981
893 2182.96575341
894 2187.85755188
895 2192.75482523
896 2197.65757345
897 2202.56579654
898 2207.4794945
899 2212.39866734
900 2217.32331505
901 2222.25343763
902 2227.18903508
903 2232.13010741
904 2237.07665461
905 2242.02867668
906 2246.98617362
907 2251.94914543
908 2256.91759212
909 2261.89151368
910 2266.87091011
911 2271.85578142
912 2276.8461276
913 2281.84194864
914 2286.84324457
915 2291.85001536
916 2296.86226103
917 2301.87998157
918 2306.90317698
919 2311.93184726
920 2316.96599242
921 2322.00561245
922 2327.05070735
923 2332.10127712
924 2337.15732176
925 2342.21884128
926 2347.28583567
927 2352.35830494
928 2357.43624907
929 2362.51966808
930 2367.60856196
931 2372.70293071
932 2377.80277433
933 2382.90809283
934 2388.0188862
935 2393.13515444
936 2398.25689756
937 2403.38411554
938 2408.5168084
939 2413.65497613
940 2418.79861874
941 2423.94773621
942 2429.10232856
943 2434.26239578
944 2439.42793788
945 2444.59895484
946 2449.77544668
947 2454.95741339
948 2460.14485497
949 2465.33777143
950 2470.53616276
951 2475.74002896
952 2480.94937003
953 2486.16418597
954 2491.38447679
955 2496.61024248
956 2501.84148304
957 2507.07819847
958 2512.32038878
959 2517.56805396
960 2522.82119401
961 2528.07980894
962 2533.34389873
963 2538.6134634
964 2543.88850294
965 2549.16901735
966 2554.45500664
967 2559.7464708
968 2565.04340983
969 2570.34582373
970 2575.65371251
971 2580.96707615
972 2586.28591467
973 2591.61022807
974 2596.94001633
975 2602.27527947
976 2607.61601748
977 2612.96223036
978 2618.31391811
979 2623.67108074
980 2629.03371824
981 2634.40183061
982 2639.77541785
983 2645.15447997
984 2650.53901696
985 2655.92902882
986 2661.32451555
987 2666.72547716
988 2672.13191364
989 2677.54382499
990 2682.96121121
991 2688.3840723
992 2693.81240827
993 2699.24621911
994 2704.68550482
995 2710.13026541
996 2715.58050087
997 2721.0362112
998 2726.4973964
999 2731.96405647
