10 0.584716370487
11 0.707506808289
12 0.841991573501
13 0.988170666123
14 1.14604408615
15 1.3156118336
16 1.49687390845
17 1.68983031071
18 1.89448104038
19 2.11082609746
20 2.33886548195
21 2.57859919385
22 2.83002723316
23 3.09314959988
24 3.36796629401
25 3.65447731554
26 3.95268266449
27 4.26258234085
28 4.58417634462
29 4.9174646758
30 5.26244733438
31 5.61912432038
32 5.98749563379
33 6.3675612746
34 6.75932124283
35 7.16277553847
36 7.57792416151
37 8.00476711197
38 8.44330438983
39 8.89353599511
40 9.35546192779
41 9.82908218789
42 10.3143967754
43 10.8114056903
44 11.3201089326
45 11.8405065024
46 12.3725983995
47 12.9163846241
48 13.471865176
49 14.0390400554
50 14.6179092622
51 15.2084727964
52 15.810730658
53 16.424682847
54 17.0503293634
55 17.6876702072
56 18.3367053785
57 18.9974348771
58 19.6698587032
59 20.3539768567
60 21.0497893375
61 21.7572961458
62 22.4764972815
63 23.2073927446
64 23.9499825351
65 24.7042666531
66 25.4702450984
67 26.2479178712
68 27.0372849713
69 27.8383463989
70 28.6511021539
71 29.4755522362
72 30.311696646
73 31.1595353833
74 32.0190684479
75 32.8902958399
76 33.7732175593
77 34.6678336062
78 35.5741439804
79 36.4921486821
80 37.4218477112
81 38.3632410677
82 39.3163287515
83 40.2811107628
84 41.2575871016
85 42.2457577677
86 43.2456227612
87 44.2571820822
88 45.2804357305
89 46.3153837063
90 47.3620260094
91 48.42036264
92 49.490393598
93 50.5721188834
94 51.6655384962
95 52.7706524365
96 53.8874607041
97 55.0159632991
98 56.1561602216
99 57.3080514714
100 58.4716370487
101 59.6469169534
102 60.8338911855
103 62.032559745
104 63.2429226319
105 64.4649798462
106 65.6987313879
107 66.9441772571
108 68.2013174536
109 69.4701519776
110 70.7506808289
111 72.0429040077
112 73.3468215139
113 74.6624333475
114 75.9897395085
115 77.3287399969
116 78.6794348127
117 80.041823956
118 81.4159074266
119 82.8016852247
120 84.1991573501
121 85.608323803
122 87.0291845833
123 88.461739691
124 89.9059891261
125 91.3619328886
126 92.8295709785
127 94.3089033958
128 95.7999301406
129 97.3026512127
130 98.8170666123
131 100.343176339
132 101.880980394
133 103.430478775
134 104.991671485
135 106.564558521
136 108.149139885
137 109.745415577
138 111.353385596
139 112.973049942
140 114.604408615
141 116.247461617
142 117.902208945
143 119.568650601
144 121.246786584
145 122.936616895
146 124.638141533
147 126.351360499
148 128.076273791
149 129.812881412
150 131.56118336
151 133.321179635
152 135.092870237
153 136.876255167
154 138.671334425
155 140.47810801
156 142.296575922
157 144.126738161
158 145.968594728
159 147.822145623
160 149.687390845
161 151.564330394
162 153.452964271
163 155.353292475
164 157.265315006
165 159.189031865
166 161.124443051
167 163.071548565
168 165.030348406
169 167.000842575
170 168.983031071
171 170.976913894
172 172.982491045
173 174.999762523
174 177.028728329
175 179.069388462
176 181.121742922
177 183.18579171
178 185.261534825
179 187.348972268
180 189.448104038
181 191.558930135
182 193.68145056
183 195.815665312
184 197.961574392
185 200.119177799
186 202.288475534
187 204.469467596
188 206.662153985
189 208.866534702
190 211.082609746
191 213.310379117
192 215.549842816
193 217.801000843
194 220.063853196
195 222.338399878
196 224.624640886
197 226.922576222
198 229.232205886
199 231.553529877
200 233.886548195
201 236.23126084
202 238.587667814
203 240.955769114
204 243.335564742
205 245.727054697
206 248.13023898
207 250.54511759
208 252.971690527
209 255.409957792
210 257.859919385
211 260.321575305
212 262.794925552
213 265.279970126
214 267.776709028
215 270.285142258
216 272.805269814
217 275.337091699
218 277.88060791
219 280.435818449
220 283.002723316
221 285.58132251
222 288.171616031
223 290.773603879
224 293.387286056
225 296.012662559
226 298.64973339
227 301.298498548
228 303.958958034
229 306.631111847
230 309.314959988
231 312.010502456
232 314.717739251
233 317.436670374
234 320.167295824
235 322.909615601
236 325.663629706
237 328.429338139
238 331.206740899
239 333.995837986
240 336.796629401
241 339.609115143
242 342.433295212
243 345.269169609
244 348.116738333
245 350.976001385
246 353.846958764
247 356.72961047
248 359.623956504
249 362.529996866
250 365.447731554
251 368.377160571
252 371.318283914
253 374.271101585
254 377.235613583
255 380.211819909
256 383.199720562
257 386.199315543
258 389.210604851
259 392.233588486
260 395.268266449
261 398.314638739
262 401.372705357
263 404.442466302
264 407.523921575
265 410.617071174
266 413.721915102
267 416.838453356
268 419.966685939
269 423.106612848
270 426.258234085
271 429.421549649
272 432.596559541
273 435.78326376
274 438.981662307
275 442.191755181
276 445.413542382
277 448.647023911
278 451.892199767
279 455.149069951
280 458.417634462
281 461.6978933
282 464.989846466
283 468.293493959
284 471.60883578
285 474.935871928
286 478.274602404
287 481.625027206
288 484.987146337
289 488.360959794
290 491.74646758
291 495.143669692
292 498.552566132
293 501.973156899
294 505.405441994
295 508.849421416
296 512.305095166
297 515.772463243
298 519.251525647
299 522.742282379
300 526.244733438
301 529.758878825
302 533.284718539
303 536.82225258
304 540.371480949
305 543.932403646
306 547.505020669
307 551.08933202
308 554.685337699
309 558.293037705
310 561.912432038
311 565.543520699
312 569.186303687
313 572.840781002
314 576.506952645
315 580.184818616
316 583.874378914
317 587.575633539
318 591.288582491
319 595.013225771
320 598.749563379
321 602.497595314
322 606.257321576
323 610.028742165
324 613.811857082
325 617.606666327
326 621.413169899
327 625.231367798
328 629.061260025
329 632.902846579
330 636.75612746
331 640.621102669
332 644.497772206
333 648.386136069
334 652.28619426
335 656.197946779
336 660.121393625
337 664.056534798
338 668.003370299
339 671.961900127
340 675.932124283
341 679.914042766
342 683.907655576
343 687.912962714
344 691.929964179
345 695.958659972
346 699.999050092
347 704.05113454
348 708.114913315
349 712.190386417
350 716.277553847
351 720.376415604
352 724.486971688
353 728.6092221
354 732.743166839
355 736.888805906
356 741.0461393
357 745.215167022
358 749.395889071
359 753.588305447
360 757.792416151
361 762.008221182
362 766.235720541
363 770.474914227
364 774.72580224
365 778.988384581
366 783.26266125
367 787.548632245
368 791.846297568
369 796.155657219
370 800.476711197
371 804.809459502
372 809.153902135
373 813.510039095
374 817.877870382
375 822.257395997
376 826.64861594
377 831.051530209
378 835.466138807
379 839.892441731
380 844.330438983
381 848.780130563
382 853.241516469
383 857.714596704
384 862.199371265
385 866.695840154
386 871.204003371
387 875.723860915
388 880.255412786
389 884.798658985
390 889.353599511
391 893.920234364
392 898.498563545
393 903.088587053
394 907.690304889
395 912.303717052
396 916.928823543
397 921.565624361
398 926.214119506
399 930.874308979
400 935.546192779
401 940.229770907
402 944.925043362
403 949.632010144
404 954.350671254
405 959.081026691
406 963.823076456
407 968.576820548
408 973.342258967
409 978.119391714
410 982.908218789
411 987.70874019
412 992.520955919
413 997.344865976
414 1002.18047036
415 1007.02776907
416 1011.88676211
417 1016.75744948
418 1021.63983117
419 1026.53390719
420 1031.43967754
421 1036.35714221
422 1041.28630122
423 1046.22715455
424 1051.17970221
425 1056.14394419
426 1061.1198805
427 1066.10751115
428 1071.10683611
429 1076.11785541
430 1081.14056903
431 1086.17497698
432 1091.22107926
433 1096.27887586
434 1101.34836679
435 1106.42955205
436 1111.52243164
437 1116.62700556
438 1121.7432738
439 1126.87123637
440 1132.01089326
441 1137.16224449
442 1142.32529004
443 1147.50002992
444 1152.68646412
445 1157.88459266
446 1163.09441552
447 1168.31593271
448 1173.54914422
449 1178.79405007
450 1184.05065024
451 1189.31894473
452 1194.59893356
453 1199.89061671
454 1205.19399419
455 1210.509066
456 1215.83583214
457 1221.1742926
458 1226.52444739
459 1231.88629651
460 1237.25983995
461 1242.64507772
462 1248.04200982
463 1253.45063625
464 1258.870957
465 1264.30297209
466 1269.74668149
467 1275.20208523
468 1280.6691833
469 1286.14797569
470 1291.63846241
471 1297.14064345
472 1302.65451883
473 1308.18008853
474 1313.71735256
475 1319.26631091
476 1324.82696359
477 1330.39931061
478 1335.98335194
479 1341.57908761
480 1347.1865176
481 1352.80564192
482 1358.43646057
483 1364.07897355
484 1369.73318085
485 1375.39908248
486 1381.07667844
487 1386.76596872
488 1392.46695333
489 1398.17963227
490 1403.90400554
491 1409.64007313
492 1415.38783506
493 1421.1472913
494 1426.91844188
495 1432.70128679
496 1438.49582602
497 1444.30205958
498 1450.11998746
499 1455.94960968
500 1461.79092622
501 1467.64393709
502 1473.50864228
503 1479.38504181
504 1485.27313566
505 1491.17292383
506 1497.08440634
507 1503.00758317
508 1508.94245433
509 1514.88901982
510 1520.84727964
511 1526.81723378
512 1532.79888225
513 1538.79222505
514 1544.79726217
515 1550.81399362
516 1556.8424194
517 1562.88253951
518 1568.93435395
519 1574.99786271
520 1581.0730658
521 1587.15996321
522 1593.25855496
523 1599.36884103
524 1605.49082143
525 1611.62449615
526 1617.76986521
527 1623.92692859
528 1630.0956863
529 1636.27613833
530 1642.4682847
531 1648.67212539
532 1654.88766041
533 1661.11488975
534 1667.35381343
535 1673.60443143
536 1679.86674375
537 1686.14075041
538 1692.42645139
539 1698.7238467
540 1705.03293634
541 1711.35372031
542 1717.6861986
543 1724.03037122
544 1730.38623816
545 1736.75379944
546 1743.13305504
547 1749.52400497
548 1755.92664923
549 1762.34098781
550 1768.76702072
551 1775.20474796
552 1781.65416953
553 1788.11528542
554 1794.58809564
555 1801.07260019
556 1807.56879907
557 1814.07669227
558 1820.5962798
559 1827.12756166
560 1833.67053785
561 1840.22520836
562 1846.7915732
563 1853.36963237
564 1859.95938586
565 1866.56083369
566 1873.17397584
567 1879.79881231
568 1886.43534312
569 1893.08356825
570 1899.74348771
571 1906.4151015
572 1913.09840961
573 1919.79341206
574 1926.50010883
575 1933.21849992
576 1939.94858535
577 1946.6903651
578 1953.44383918
579 1960.20900758
580 1966.98587032
581 1973.77442738
582 1980.57467877
583 1987.38662448
584 1994.21026453
585 2001.0455989
586 2007.8926276
587 2014.75135062
588 2021.62176798
589 2028.50387966
590 2035.39768567
591 2042.303186
592 2049.22038066
593 2056.14926965
594 2063.08985297
595 2070.04213062
596 2077.00610259
597 2083.98176889
598 2090.96912952
599 2097.96818447
600 2104.97893375
601 2112.00137736
602 2119.0355153
603 2126.08134756
604 2133.13887416
605 2140.20809508
606 2147.28901032
607 2154.3816199
608 2161.4859238
609 2168.60192203
610 2175.72961458
611 2182.86900147
612 2190.02008268
613 2197.18285822
614 2204.35732808
615 2211.54349227
616 2218.7413508
617 2225.95090364
618 2233.17215082
619 2240.40509232
620 2247.64972815
621 2254.90605831
622 2262.17408279
623 2269.45380161
624 2276.74521475
625 2284.04832221
626 2291.36312401
627 2298.68962013
628 2306.02781058
629 2313.37769536
630 2320.73927446
631 2328.11254789
632 2335.49751565
633 2342.89417774
634 2350.30253415
635 2357.7225849
636 2365.15432997
637 2372.59776936
638 2380.05290309
639 2387.51973114
640 2394.99825351
641 2402.48847022
642 2409.99038125
643 2417.50398661
644 2425.0292863
645 2432.56628032
646 2440.11496866
647 2447.67535133
648 2455.24742833
649 2462.83119965
650 2470.42666531
651 2478.03382529
652 2485.6526796
653 2493.28322823
654 2500.92547119
655 2508.57940848
656 2516.2450401
657 2523.92236604
658 2531.61138632
659 2539.31210091
660 2547.02450984
661 2554.7486131
662 2562.48441068
663 2570.23190259
664 2577.99108882
665 2585.76196939
666 2593.54454428
667 2601.3388135
668 2609.14477704
669 2616.96243492
670 2624.79178712
671 2632.63283364
672 2640.4855745
673 2648.35000968
674 2656.22613919
675 2664.11396303
676 2672.0134812
677 2679.92469369
678 2687.84760051
679 2695.78220166
680 2703.72849713
681 2711.68648693
682 2719.65617106
683 2727.63754952
684 2735.63062231
685 2743.63538942
686 2751.65185086
687 2759.68000662
688 2767.71985672
689 2775.77140114
690 2783.83463989
691 2791.90957297
692 2799.99620037
693 2808.0945221
694 2816.20453816
695 2824.32624854
696 2832.45965326
697 2840.6047523
698 2848.76154567
699 2856.93003336
700 2865.11021539
701 2873.30209174
702 2881.50566241
703 2889.72092742
704 2897.94788675
705 2906.18654041
706 2914.4368884
707 2922.69893072
708 2930.97266736
709 2939.25809833
710 2947.55522362
711 2955.86404325
712 2964.1845572
713 2972.51676548
714 2980.86066809
715 2989.21626502
716 2997.58355628
717 3005.96254187
718 3014.35322179
719 3022.75559603
720 3031.1696646
721 3039.5954275
722 3048.03288473
723 3056.48203628
724 3064.94288216
725 3073.41542237
726 3081.89965691
727 3090.39558577
728 3098.90320896
729 3107.42252648
730 3115.95353833
731 3124.4962445
732 3133.050645
733 3141.61673983
734 3150.19452898
735 3158.78401246
736 3167.38519027
737 3175.99806241
738 3184.62262888
739 3193.25888967
740 3201.90684479
741 3210.56649423
742 3219.23783801
743 3227.92087611
744 3236.61560854
745 3245.3220353
746 3254.04015638
747 3262.76997179
748 3271.51148153
749 3280.2646856
750 3289.02958399
751 3297.80617671
752 3306.59446376
753 3315.39444513
754 3324.20612084
755 3333.02949087
756 3341.86455523
757 3350.71131391
758 3359.56976692
759 3368.43991427
760 3377.32175593
761 3386.21529193
762 3395.12052225
763 3404.0374469
764 3412.96606588
765 3421.90637918
766 3430.85838681
767 3439.82208877
768 3448.79748506
769 3457.78457568
770 3466.78336062
771 3475.79383989
772 3484.81601348
773 3493.84988141
774 3502.89544366
775 3511.95270024
776 3521.02165114
777 3530.10229638
778 3539.19463594
779 3548.29866983
780 3557.41439804
781 3566.54182059
782 3575.68093746
783 3584.83174866
784 3593.99425418
785 3603.16845403
786 3612.35434821
787 3621.55193672
788 3630.76121956
789 3639.98219672
790 3649.21486821
791 3658.45923403
792 3667.71529417
793 3676.98304864
794 3686.26249744
795 3695.55364057
796 3704.85647802
797 3714.17100981
798 3723.49723592
799 3732.83515635
800 3742.18477112
801 3751.54608021
802 3760.91908363
803 3770.30378137
804 3779.70017345
805 3789.10825985
806 3798.52804058
807 3807.95951563
808 3817.40268502
809 3826.85754873
810 3836.32410677
811 3845.80235913
812 3855.29230582
813 3864.79394684
814 3874.30728219
815 3883.83231187
816 3893.36903587
817 3902.9174542
818 3912.47756686
819 3922.04937384
820 3931.63287515
821 3941.22807079
822 3950.83496076
823 3960.45354506
824 3970.08382368
825 3979.72579663
826 3989.3794639
827 3999.04482551
828 4008.72188144
829 4018.4106317
830 4028.11107628
831 4037.8232152
832 4047.54704844
833 4057.28257601
834 4067.0297979
835 4076.78871413
836 4086.55932468
837 4096.34162956
838 4106.13562876
839 4115.9413223
840 4125.75871016
841 4135.58779234
842 4145.42856886
843 4155.2810397
844 4165.14520487
845 4175.02106437
846 4184.90861819
847 4194.80786635
848 4204.71880883
849 4214.64144563
850 4224.57577677
851 4234.52180223
852 4244.47952202
853 4254.44893614
854 4264.43004458
855 4274.42284735
856 4284.42734445
857 4294.44353588
858 4304.47142163
859 4314.51100171
860 4324.56227612
861 4334.62524486
862 4344.69990792
863 4354.78626531
864 4364.88431703
865 4374.99406308
866 4385.11550345
867 4395.24863815
868 4405.39346718
869 4415.54999053
870 4425.71820822
871 4435.89812023
872 4446.08972656
873 4456.29302723
874 4466.50802222
875 4476.73471154
876 4486.97309519
877 4497.22317316
878 4507.48494547
879 4517.75841209
880 4528.04357305
881 4538.34042834
882 4548.64897795
883 4558.96922189
884 4569.30116015
885 4579.64479275
886 4590.00011967
887 4600.36714092
888 4610.74585649
889 4621.1362664
890 4631.53837063
891 4641.95216919
892 4652.37766207
893 4662.81484928
894 4673.26373083
895 4683.72430669
896 4694.19657689
897 4704.68054141
898 4715.17620026
899 4725.68355344
900 4736.20260094
901 4746.73334278
902 4757.27577894
903 4767.82990942
904 4778.39573424
905 4788.97325338
906 4799.56246685
907 4810.16337465
908 4820.77597677
909 4831.40027322
910 4842.036264
911 4852.68394911
912 4863.34332854
913 4874.0144023
914 4884.69717039
915 4895.39163281
916 4906.09778955
917 4916.81564062
918 4927.54518602
919 4938.28642575
920 4949.0393598
921 4959.80398818
922 4970.58031089
923 4981.36832793
924 4992.16803929
925 5002.97944498
926 5013.802545
927 5024.63733934
928 5035.48382801
929 5046.34201101
930 5057.21188834
931 5068.09346
932 5078.98672598
933 5089.89168629
934 5100.80834093
935 5111.73668989
936 5122.67673318
937 5133.6284708
938 5144.59190275
939 5155.56702902
940 5166.55384962
941 5177.55236455
942 5188.56257381
943 5199.58447739
944 5210.6180753
945 5221.66336754
946 5232.72035411
947 5243.789035
948 5254.86941022
949 5265.96147977
950 5277.06524365
951 5288.18070185
952 5299.30785438
953 5310.44670124
954 5321.59724242
955 5332.75947793
956 5343.93340777
957 5355.11903194
958 5366.31635044
959 5377.52536326
960 5388.74607041
961 5399.97847189
962 5411.22256769
963 5422.47835782
964 5433.74584228
965 5445.02502107
966 5456.31589418
967 5467.61846162
968 5478.93272339
969 5490.25867949
970 5501.59632991
971 5512.94567466
972 5524.30671374
973 5535.67944715
974 5547.06387488
975 5558.45999694
976 5569.86781333
977 5581.28732405
978 5592.71852909
979 5604.16142846
980 5615.61602216
981 5627.08231018
982 5638.56029254
983 5650.04996922
984 5661.55134022
985 5673.06440556
986 5684.58916522
987 5696.12561921
988 5707.67376753
989 5719.23361017
990 5730.80514714
991 5742.38837844
992 5753.98330407
993 5765.58992402
994 5777.2082383
995 5788.83824691
996 5800.47994985
997 5812.13334711
998 5823.79843871
999 5835.47522462
