10 0.0547487238284
11 0.0662459558323
12 0.0788381623129
13 0.0925253432699
14 0.107307498704
15 0.123184628614
16 0.140156733001
17 0.158223811864
18 0.177385865204
19 0.19764289302
20 0.218994895313
21 0.241441872083
22 0.264983823329
23 0.289620749052
24 0.315352649251
25 0.342179523927
26 0.37010137308
27 0.399118196709
28 0.429229994814
29 0.460436767397
30 0.492738514455
31 0.526135235991
32 0.560626932003
33 0.596213602491
34 0.632895247456
35 0.670671866898
36 0.709543460816
37 0.74951002921
38 0.790571572082
39 0.83272808943
40 0.875979581254
41 0.920326047555
42 0.965767488332
43 1.01230390359
44 1.05993529332
45 1.10866165752
46 1.15848299621
47 1.20939930937
48 1.26141059701
49 1.31451685912
50 1.36871809571
51 1.42401430678
52 1.48040549232
53 1.53789165234
54 1.59647278684
55 1.65614889581
56 1.71691997926
57 1.77878603718
58 1.84174706959
59 1.90580307647
60 1.97095405782
61 2.03720001365
62 2.10454094396
63 2.17297684875
64 2.24250772801
65 2.31313358175
66 2.38485440996
67 2.45767021266
68 2.53158098982
69 2.60658674147
70 2.68268746759
71 2.75988316819
72 2.83817384326
73 2.91755949281
74 2.99804011684
75 3.07961571535
76 3.16228628833
77 3.24605183578
78 3.33091235772
79 3.41686785413
80 3.50391832502
81 3.59206377038
82 3.68130419022
83 3.77163958454
84 3.86306995333
85 3.9555952966
86 4.04921561435
87 4.14393090657
88 4.23974117327
89 4.33664641445
90 4.4346466301
91 4.53374182023
92 4.63393198483
93 4.73521712392
94 4.83759723747
95 4.94107232551
96 5.04564238802
97 5.15130742501
98 5.25806743648
99 5.36592242242
100 5.47487238284
101 5.58491731773
102 5.6960572271
103 5.80829211095
104 5.92162196928
105 6.03604680208
106 6.15156660936
107 6.26818139111
108 6.38589114734
109 6.50469587805
110 6.62459558323
111 6.74559026289
112 6.86767991703
113 6.99086454564
114 7.11514414874
115 7.2405187263
116 7.36698827835
117 7.49455280487
118 7.62321230586
119 7.75296678134
120 7.88381623129
121 8.01576065571
122 8.14880005461
123 8.28293442799
124 8.41816377585
125 8.55448809818
126 8.69190739499
127 8.83042166628
128 8.97003091204
129 9.11073513228
130 9.25253432699
131 9.39542849619
132 9.53941763986
133 9.684501758
134 9.83068085062
135 9.97795491772
136 10.1263239593
137 10.2757879753
138 10.4263469659
139 10.5780009309
140 10.7307498704
141 10.8845937843
142 11.0395326728
143 11.1955665357
144 11.3526953731
145 11.5109191849
146 11.6702379713
147 11.8306517321
148 11.9921604674
149 12.1547641771
150 12.3184628614
151 12.4832565201
152 12.6491451533
153 12.816128761
154 12.9842073431
155 13.1533808998
156 13.3236494309
157 13.4950129365
158 13.6674714165
159 13.8410248711
160 14.0156733001
161 14.1914167036
162 14.3682550815
163 14.546188434
164 14.7252167609
165 14.9053400623
166 15.0865583381
167 15.2688715885
168 15.4522798133
169 15.6367830126
170 15.8223811864
171 16.0090743347
172 16.1968624574
173 16.3857455546
174 16.5757236263
175 16.7667966724
176 16.9589646931
177 17.1522276882
178 17.3465856578
179 17.5420386018
180 17.7385865204
181 17.9362294134
182 18.1349672809
183 18.3348001229
184 18.5357279393
185 18.7377507303
186 18.9408684957
187 19.1450812355
188 19.3503889499
189 19.5567916387
190 19.764289302
191 19.9728819398
192 20.1825695521
193 20.3933521388
194 20.6052297
195 20.8182022357
196 21.0322697459
197 21.2474322306
198 21.4636896897
199 21.6810421233
200 21.8994895313
201 22.1190319139
202 22.3396692709
203 22.5614016024
204 22.7842289084
205 23.0081511889
206 23.2331684438
207 23.4592806732
208 23.6864878771
209 23.9147900555
210 24.1441872083
211 24.3746793356
212 24.6062664374
213 24.8389485137
214 25.0727255644
215 25.3075975897
216 25.5435645894
217 25.7806265635
218 26.0187835122
219 26.2580354353
220 26.4983823329
221 26.739824205
222 26.9823610516
223 27.2259928726
224 27.4707196681
225 27.7165414381
226 27.9634581826
227 28.2114699015
228 28.4605765949
229 28.7107782628
230 28.9620749052
231 29.2144665221
232 29.4679531134
233 29.7225346792
234 29.9782112195
235 30.2349827342
236 30.4928492234
237 30.7518106872
238 31.0118671253
239 31.273018538
240 31.5352649251
241 31.7986062868
242 32.0630426228
243 32.3285739334
244 32.5952002185
245 32.862921478
246 33.131737712
247 33.4016489205
248 33.6726551034
249 33.9447562608
250 34.2179523927
251 34.4922434991
252 34.76762958
253 35.0441106353
254 35.3216866651
255 35.6003576694
256 35.8801236482
257 36.1609846014
258 36.4429405291
259 36.7259914313
260 37.010137308
261 37.2953781591
262 37.5817139847
263 37.8691447848
264 38.1576705594
265 38.4472913085
266 38.738007032
267 39.02981773
268 39.3227234025
269 39.6167240494
270 39.9118196709
271 40.2080102668
272 40.5052958372
273 40.803676382
274 41.1031519014
275 41.4037223952
276 41.7053878635
277 42.0081483063
278 42.3120037235
279 42.6169541152
280 42.9229994814
281 43.2301398221
282 43.5383751373
283 43.8477054269
284 44.158130691
285 44.4696509296
286 44.7822661427
287 45.0959763302
288 45.4107814922
289 45.7266816287
290 46.0436767397
291 46.3617668251
292 46.680951885
293 47.0012319194
294 47.3226069283
295 47.6450769116
296 47.9686418695
297 48.2933018018
298 48.6190567085
299 48.9459065898
300 49.2738514455
301 49.6028912757
302 49.9330260804
303 50.2642558596
304 50.5965806132
305 50.9300003413
306 51.2645150439
307 51.600124721
308 51.9368293725
309 52.2746289986
310 52.6135235991
311 52.953513174
312 53.2945977235
313 53.6367772474
314 53.9800517458
315 54.3244212187
316 54.6698856661
317 55.0164450879
318 55.3640994842
319 55.712848855
320 56.0626932003
321 56.41363252
322 56.7656668142
323 57.1187960829
324 57.4730203261
325 57.8283395437
326 58.1847537358
327 58.5422629024
328 58.9008670435
329 59.2605661591
330 59.6213602491
331 59.9832493136
332 60.3462333526
333 60.710312366
334 61.075486354
335 61.4417553164
336 61.8091192533
337 62.1775781646
338 62.5471320505
339 62.9177809108
340 63.2895247456
341 63.6623635549
342 64.0362973386
343 64.4113260968
344 64.7874498295
345 65.1646685367
346 65.5429822184
347 65.9223908745
348 66.3028945051
349 66.6844931102
350 67.0671866898
351 67.4509752438
352 67.8358587723
353 68.2218372753
354 68.6089107528
355 68.9970792047
356 69.3863426311
357 69.776701032
358 70.1681544074
359 70.5607027572
360 70.9543460816
361 71.3490843804
362 71.7449176537
363 72.1418459014
364 72.5398691236
365 72.9389873203
366 73.3392004915
367 73.7405086372
368 74.1429117573
369 74.5464098519
370 74.951002921
371 75.3566909646
372 75.7634739827
373 76.1713519752
374 76.5803249422
375 76.9903928836
376 77.4015557996
377 77.81381369
378 78.2271665549
379 78.6416143943
380 79.0571572082
381 79.4737949965
382 79.8915277593
383 80.3103554966
384 80.7302782084
385 81.1512958946
386 81.5734085553
387 81.9966161905
388 82.4209188002
389 82.8463163843
390 83.272808943
391 83.7003964761
392 84.1290789836
393 84.5588564657
394 84.9897289222
395 85.4216963532
396 85.8547587587
397 86.2889161387
398 86.7241684931
399 87.160515822
400 87.5979581254
401 88.0364954033
402 88.4761276556
403 88.9168548824
404 89.3586770837
405 89.8015942595
406 90.2456064097
407 90.6907135345
408 91.1369156337
409 91.5842127073
410 92.0326047555
411 92.4820917781
412 92.9326737752
413 93.3843507468
414 93.8371226929
415 94.2909896134
416 94.7459515084
417 95.2020083779
418 95.6591602219
419 96.1174070403
420 96.5767488332
421 97.0371856006
422 97.4987173425
423 97.9613440589
424 98.4250657497
425 98.889882415
426 99.3557940548
427 99.822800669
428 100.290902258
429 100.760098821
430 101.230390359
431 101.701776871
432 102.174258357
433 102.647834819
434 103.122506254
435 103.598272664
436 104.075134049
437 104.553090408
438 105.032141741
439 105.512288049
440 105.993529332
441 106.475865589
442 106.95929682
443 107.443823026
444 107.929444206
445 108.416160361
446 108.90397149
447 109.392877594
448 109.882878672
449 110.373974725
450 110.866165752
451 111.359451754
452 111.85383273
453 112.349308681
454 112.845879606
455 113.343545506
456 113.84230638
457 114.342162228
458 114.843113051
459 115.345158849
460 115.848299621
461 116.352535367
462 116.857866088
463 117.364291784
464 117.871812454
465 118.380428098
466 118.890138717
467 119.40094431
468 119.912844878
469 120.42584042
470 120.939930937
471 121.455116428
472 121.971396894
473 122.488772334
474 123.007242749
475 123.526808138
476 124.047468501
477 124.569223839
478 125.092074152
479 125.616019439
480 126.141059701
481 126.667194937
482 127.194425147
483 127.722750332
484 128.252170491
485 128.782685625
486 129.314295734
487 129.847000817
488 130.380800874
489 130.915695906
490 131.451685912
491 131.988770893
492 132.526950848
493 133.066225778
494 133.606595682
495 134.14806056
496 134.690620414
497 135.234275241
498 135.779025043
499 136.32486982
500 136.871809571
501 137.419844296
502 137.968973996
503 138.519198671
504 139.07051832
505 139.622932943
506 140.176442541
507 140.731047114
508 141.28674666
509 141.843541182
510 142.401430678
511 142.960415148
512 143.520494593
513 144.081669012
514 144.643938406
515 145.207302774
516 145.771762116
517 146.337316434
518 146.903965725
519 147.471709991
520 148.040549232
521 148.610483447
522 149.181512636
523 149.753636801
524 150.326855939
525 150.901170052
526 151.476579139
527 152.053083201
528 152.630682238
529 153.209376249
530 153.789165234
531 154.370049194
532 154.952028128
533 155.535102037
534 156.11927092
535 156.704534778
536 157.29089361
537 157.878347417
538 158.466896198
539 159.056539953
540 159.647278684
541 160.239112388
542 160.832041067
543 161.426064721
544 162.021183349
545 162.617396951
546 163.214705528
547 163.81310908
548 164.412607606
549 165.013201106
550 165.614889581
551 166.21767303
552 166.821551454
553 167.426524852
554 168.032593225
555 168.639756572
556 169.248014894
557 169.85736819
558 170.467816461
559 171.079359706
560 171.691997926
561 172.30573112
562 172.920559288
563 173.536482432
564 174.153500549
565 174.771613641
566 175.390821708
567 176.011124749
568 176.632522764
569 177.255015754
570 177.878603718
571 178.503286657
572 179.129064571
573 179.755937458
574 180.383905321
575 181.012968158
576 181.643125969
577 182.274378755
578 182.906726515
579 183.540169249
580 184.174706959
581 184.810339642
582 185.4470673
583 186.084889933
584 186.72380754
585 187.363820122
586 188.004927678
587 188.647130208
588 189.290427713
589 189.934820193
590 190.580307647
591 191.226890075
592 191.874567478
593 192.523339855
594 193.173207207
595 193.824169533
596 194.476226834
597 195.129379109
598 195.783626359
599 196.438968583
600 197.095405782
601 197.752937955
602 198.411565103
603 199.071287225
604 199.732104322
605 200.394016393
606 201.057023438
607 201.721125458
608 202.386322453
609 203.052614422
610 203.720001365
611 204.388483283
612 205.058060176
613 205.728732043
614 206.400498884
615 207.0733607
616 207.74731749
617 208.422369255
618 209.098515994
619 209.775757708
620 210.454094396
621 211.133526059
622 211.814052696
623 212.495674308
624 213.178390894
625 213.862202455
626 214.54710899
627 215.233110499
628 215.920206983
629 216.608398442
630 217.297684875
631 217.988066282
632 218.679542664
633 219.372114021
634 220.065780352
635 220.760541657
636 221.456397937
637 222.153349191
638 222.85139542
639 223.550536623
640 224.250772801
641 224.952103953
642 225.65453008
643 226.358051181
644 227.062667257
645 227.768378307
646 228.475184332
647 229.183085331
648 229.892081304
649 230.602172252
650 231.313358175
651 232.025639072
652 232.739014943
653 233.453485789
654 234.16905161
655 234.885712405
656 235.603468174
657 236.322318918
658 237.042264636
659 237.763305329
660 238.485440996
661 239.208671638
662 239.932997254
663 240.658417845
664 241.38493341
665 242.11254395
666 242.841249464
667 243.571049953
668 244.301945416
669 245.033935853
670 245.767021266
671 246.501201652
672 247.236477013
673 247.972847349
674 248.710312659
675 249.448872943
676 250.188528202
677 250.929278435
678 251.671123643
679 252.414063826
680 253.158098982
681 253.903229114
682 254.649454219
683 255.3967743
684 256.145189354
685 256.894699384
686 257.645304387
687 258.397004366
688 259.149799318
689 259.903689245
690 260.658674147
691 261.414754023
692 262.171928873
693 262.930198699
694 263.689563498
695 264.450023272
696 265.21157802
697 265.974227743
698 266.737972441
699 267.502812113
700 268.268746759
701 269.03577638
702 269.803900975
703 270.573120545
704 271.343435089
705 272.114844608
706 272.887349101
707 273.660948569
708 274.435643011
709 275.211432428
710 275.988316819
711 276.766296184
712 277.545370524
713 278.325539839
714 279.106804128
715 279.889163392
716 280.67261763
717 281.457166842
718 282.242811029
719 283.02955019
720 283.817384326
721 284.606313437
722 285.396337521
723 286.187456581
724 286.979670615
725 287.772979623
726 288.567383606
727 289.362882563
728 290.159476495
729 290.957165401
730 291.755949281
731 292.555828137
732 293.356801966
733 294.15887077
734 294.962034549
735 295.766293302
736 296.571647029
737 297.378095731
738 298.185639408
739 298.994278059
740 299.804011684
741 300.614840284
742 301.426763858
743 302.239782407
744 303.053895931
745 303.869104428
746 304.685407901
747 305.502806347
748 306.321299769
749 307.140888164
750 307.961571535
751 308.783349879
752 309.606223198
753 310.430191492
754 311.25525476
755 312.081413003
756 312.90866622
757 313.737014411
758 314.566457577
759 315.396995718
760 316.228628833
761 317.061356922
762 317.895179986
763 318.730098024
764 319.566111037
765 320.403219025
766 321.241421986
767 322.080719923
768 322.921112833
769 323.762600719
770 324.605183578
771 325.448861413
772 326.293634221
773 327.139502004
774 327.986464762
775 328.834522494
776 329.683675201
777 330.533922882
778 331.385265537
779 332.237703167
780 333.091235772
781 333.945863351
782 334.801585904
783 335.658403432
784 336.516315935
785 337.375323411
786 338.235425863
787 339.096623289
788 339.958915689
789 340.822303064
790 341.686785413
791 342.552362737
792 343.419035035
793 344.286802307
794 345.155664555
795 346.025621776
796 346.896673972
797 347.768821143
798 348.642063288
799 349.516400408
800 350.391832502
801 351.26835957
802 352.145981613
803 353.02469863
804 353.904510622
805 354.785417589
806 355.66741953
807 356.550516445
808 357.434708335
809 358.319995199
810 359.206377038
811 360.093853851
812 360.982425639
813 361.872092401
814 362.762854138
815 363.654710849
816 364.547662535
817 365.441709195
818 366.336850829
819 367.233087438
820 368.130419022
821 369.02884558
822 369.928367112
823 370.828983619
824 371.730695101
825 372.633501557
826 373.537402987
827 374.442399392
828 375.348490771
829 376.255677125
830 377.163958454
831 378.073334756
832 378.983806034
833 379.895372285
834 380.808033512
835 381.721789712
836 382.636640888
837 383.552587037
838 384.469628161
839 385.38776426
840 386.306995333
841 387.227321381
842 388.148742403
843 389.071258399
844 389.99486937
845 390.919575316
846 391.845376235
847 392.77227213
848 393.700262999
849 394.629348842
850 395.55952966
851 396.490805452
852 397.423176219
853 398.35664196
854 399.291202676
855 400.226858366
856 401.163609031
857 402.10145467
858 403.040395284
859 403.980430872
860 404.921561435
861 405.863786972
862 406.807107483
863 407.751522969
864 408.69703343
865 409.643638865
866 410.591339274
867 411.540134658
868 412.490025017
869 413.44101035
870 414.393090657
871 415.346265939
872 416.300536195
873 417.255901426
874 418.212361631
875 419.169916811
876 420.128566965
877 421.088312094
878 422.049152197
879 423.011087275
880 423.974117327
881 424.938242354
882 425.903462355
883 426.86977733
884 427.83718728
885 428.805692205
886 429.775292104
887 430.745986977
888 431.717776825
889 432.690661648
890 433.664641445
891 434.639716216
892 435.615885962
893 436.593150682
894 437.571510377
895 438.550965046
896 439.53151469
897 440.513159308
898 441.495898901
899 442.479733468
900 443.46466301
901 444.450687526
902 445.437807017
903 446.426021482
904 447.415330921
905 448.405735335
906 449.397234724
907 450.389829087
908 451.383518424
909 452.378302736
910 453.374182023
911 454.371156284
912 455.369225519
913 456.368389729
914 457.368648913
915 458.370003072
916 459.372452205
917 460.375996313
918 461.380635395
919 462.386369452
920 463.393198483
921 464.401122489
922 465.410141469
923 466.420255424
924 467.431464353
925 468.443768256
926 469.457167135
927 470.471660987
928 471.487249814
929 472.503933616
930 473.521712392
931 474.540586142
932 475.560554867
933 476.581618566
934 477.60377724
935 478.627030889
936 479.651379511
937 480.676823109
938 481.70336168
939 482.730995227
940 483.759723747
941 484.789547243
942 485.820465712
943 486.852479157
944 487.885587575
945 488.919790968
946 489.955089336
947 490.991482678
948 492.028970995
949 493.067554286
950 494.107232551
951 495.148005791
952 496.189874005
953 497.232837194
954 498.276895358
955 499.322048496
956 500.368296608
957 501.415639695
958 502.464077756
959 503.513610792
960 504.564238802
961 505.615961787
962 506.668779746
963 507.72269268
964 508.777700588
965 509.833803471
966 510.891001328
967 511.949294159
968 513.008681966
969 514.069164746
970 515.130742501
971 516.193415231
972 517.257182935
973 518.322045613
974 519.388003266
975 520.455055893
976 521.523203495
977 522.592446072
978 523.662783623
979 524.734216148
980 525.806743648
981 526.880366122
982 527.955083571
983 529.030895994
984 530.107803392
985 531.185805764
986 532.26490311
987 533.345095432
988 534.426382727
989 535.508764997
990 536.592242242
991 537.676814461
992 538.762481654
993 539.849243822
994 540.937100965
995 542.026053082
996 543.116100173
997 544.207242239
998 545.29947928
999 546.392811294
