10 0.0974527284145
11 0.117917801382
12 0.140331928917
13 0.164695111021
14 0.191007347692
15 0.219268638933
16 0.249478984741
17 0.281638385118
18 0.315746840063
19 0.351804349576
20 0.389810913658
21 0.429766532308
22 0.471671205526
23 0.515524933313
24 0.561327715668
25 0.609079552591
26 0.658780444082
27 0.710430390142
28 0.76402939077
29 0.819577445966
30 0.877074555731
31 0.936520720063
32 0.997915938964
33 1.06126021243
34 1.12655354047
35 1.19379592308
36 1.26298736025
37 1.33412785199
38 1.40721739831
39 1.48225599918
40 1.55924365463
41 1.63818036465
42 1.71906612923
43 1.80190094838
44 1.8866848221
45 1.97341775039
46 2.06209973325
47 2.15273077068
48 2.24531086267
49 2.33984000923
50 2.43631821036
51 2.53474546606
52 2.63512177633
53 2.73744714116
54 2.84172156057
55 2.94794503454
56 3.05611756308
57 3.16623914619
58 3.27830978386
59 3.39232947611
60 3.50829822292
61 3.6262160243
62 3.74608288025
63 3.86789879077
64 3.99166375586
65 4.11737777551
66 4.24504084974
67 4.37465297853
68 4.50621416189
69 4.63972439981
70 4.77518369231
71 4.91259203937
72 5.05194944101
73 5.19325589721
74 5.33651140798
75 5.48171597332
76 5.62886959322
77 5.7779722677
78 5.92902399674
79 6.08202478035
80 6.23697461853
81 6.39387351128
82 6.55272145859
83 6.71351846047
84 6.87626451693
85 7.04095962795
86 7.20760379354
87 7.37619701369
88 7.54673928842
89 7.71923061771
90 7.89367100157
91 8.07006044
92 8.248398933
93 8.42868648057
94 8.61092308271
95 8.79510873941
96 8.98124345068
97 9.16932721652
98 9.35936003693
99 9.55134191191
100 9.74527284145
101 9.94115282556
102 10.1389818642
103 10.3387599575
104 10.5404871053
105 10.7441633077
106 10.9497885647
107 11.1573628762
108 11.3668862423
109 11.5783586629
110 11.7917801382
111 12.007150668
112 12.2244702523
113 12.4437388912
114 12.6649565847
115 12.8881233328
116 13.1132391355
117 13.3403039927
118 13.5693179044
119 13.8002808708
120 14.0331928917
121 14.2680539672
122 14.5048640972
123 14.7436232818
124 14.984331521
125 15.2269888148
126 15.4715951631
127 15.718150566
128 15.9666550234
129 16.2171085355
130 16.4695111021
131 16.7238627232
132 16.9801633989
133 17.2384131292
134 17.4986119141
135 17.7607597535
136 18.0248566475
137 18.2909025961
138 18.5588975993
139 18.828841657
140 19.1007347692
141 19.3745769361
142 19.6503681575
143 19.9281084335
144 20.207797764
145 20.4894361491
146 20.7730235888
147 21.0585600831
148 21.3460456319
149 21.6354802353
150 21.9268638933
151 22.2201966058
152 22.5154783729
153 22.8127091946
154 23.1118890708
155 23.4130180016
156 23.716095987
157 24.0211230269
158 24.3280991214
159 24.6370242705
160 24.9478984741
161 25.2607217323
162 25.5754940451
163 25.8922154124
164 26.2108858344
165 26.5315053108
166 26.8540738419
167 27.1785914275
168 27.5050580677
169 27.8334737625
170 28.1638385118
171 28.4961523157
172 28.8304151741
173 29.1666270872
174 29.5047880548
175 29.8448980769
176 30.1869571537
177 30.530965285
178 30.8769224709
179 31.2248287113
180 31.5746840063
181 31.9264883559
182 32.28024176
183 32.6359442187
184 32.993595732
185 33.3531962999
186 33.7147459223
187 34.0782445993
188 34.4436923308
189 34.8110891169
190 35.1804349576
191 35.5517298529
192 35.9249738027
193 36.3001668071
194 36.6773088661
195 37.0563999796
196 37.4374401477
197 37.8204293704
198 38.2053676476
199 38.5922549794
200 38.9810913658
201 39.3718768067
202 39.7646113023
203 40.1592948523
204 40.555927457
205 40.9545091162
206 41.35503983
207 41.7575195983
208 42.1619484212
209 42.5683262987
210 42.9766532308
211 43.3869292174
212 43.7991542586
213 44.2133283544
214 44.6294515047
215 45.0475237096
216 45.4675449691
217 45.8895152831
218 46.3134346517
219 46.7393030749
220 47.1671205526
221 47.5968870849
222 48.0286026718
223 48.4622673132
224 48.8978810093
225 49.3354437598
226 49.774955565
227 50.2164164247
228 50.659826339
229 51.1051853078
230 51.5524933313
231 52.0017504093
232 52.4529565418
233 52.9061117289
234 53.3612159706
235 53.8182692669
236 54.2772716177
237 54.7382230231
238 55.2011234831
239 55.6659729976
240 56.1327715668
241 56.6015191904
242 57.0722158687
243 57.5448616015
244 58.0194563889
245 58.4960002308
246 58.9744931273
247 59.4549350784
248 59.9373260841
249 60.4216661443
250 60.9079552591
251 61.3961934284
252 61.8863806523
253 62.3785169308
254 62.8726022639
255 63.3686366515
256 63.8666200937
257 64.3665525905
258 64.8684341418
259 65.3722647477
260 65.8780444082
261 66.3857731232
262 66.8954508928
263 67.407077717
264 67.9206535958
265 68.4361785291
266 68.953652517
267 69.4730755594
268 69.9944476564
269 70.517768808
270 71.0430390142
271 71.5702582749
272 72.0994265902
273 72.63054396
274 73.1636103845
275 73.6986258635
276 74.235590397
277 74.7745039852
278 75.3153666279
279 75.8581783251
280 76.402939077
281 76.9496488834
282 77.4983077443
283 78.0489156599
284 78.60147263
285 79.1559786547
286 79.7124337339
287 80.2708378677
288 80.8311910561
289 81.3934932991
290 81.9577445966
291 82.5239449487
292 83.0920943553
293 83.6621928166
294 84.2342403324
295 84.8082369027
296 85.3841825276
297 85.9620772071
298 86.5419209412
299 87.1237137298
300 87.7074555731
301 88.2931464708
302 88.8807864232
303 89.4703754301
304 90.0619134915
305 90.6554006076
306 91.2508367782
307 91.8482220034
308 92.4475562831
309 93.0488396174
310 93.6520720063
311 94.2572534498
312 94.8643839478
313 95.4734635004
314 96.0844921076
315 96.6974697693
316 97.3123964856
317 97.9292722564
318 98.5480970819
319 99.1688709619
320 99.7915938964
321 100.416265886
322 101.042886929
323 101.671457028
324 102.30197618
325 102.934444388
326 103.56886165
327 104.205227966
328 104.843543337
329 105.483807763
330 106.126021243
331 106.770183778
332 107.416295368
333 108.064356012
334 108.71436571
335 109.366324463
336 110.020232271
337 110.676089133
338 111.33389505
339 111.993650021
340 112.655354047
341 113.319007128
342 113.984609263
343 114.652160452
344 115.321660697
345 115.993109995
346 116.666508349
347 117.341855757
348 118.019152219
349 118.698397736
350 119.379592308
351 120.062735934
352 120.747828615
353 121.43487035
354 122.12386114
355 122.814800984
356 123.507689883
357 124.202527837
358 124.899314845
359 125.598050908
360 126.298736025
361 127.001370197
362 127.705953423
363 128.412485705
364 129.12096704
365 129.83139743
366 130.543776875
367 131.258105374
368 131.974382928
369 132.692609536
370 133.412785199
371 134.134909917
372 134.858983689
373 135.585006516
374 136.312978397
375 137.042899333
376 137.774769323
377 138.508588368
378 139.244356468
379 139.982073622
380 140.721739831
381 141.463355094
382 142.206919412
383 142.952432784
384 143.699895211
385 144.449306692
386 145.200667228
387 145.953976819
388 146.709235464
389 147.466443164
390 148.225599918
391 148.986705727
392 149.749760591
393 150.514764509
394 151.281717482
395 152.050619509
396 152.82147059
397 153.594270727
398 154.369019918
399 155.145718163
400 155.924365463
401 156.704961818
402 157.487507227
403 158.272001691
404 159.058445209
405 159.846837782
406 160.637179409
407 161.429470091
408 162.223709828
409 163.019898619
410 163.818036465
411 164.618123365
412 165.42015932
413 166.224144329
414 167.030078393
415 167.837961512
416 168.647793685
417 169.459574913
418 170.273305195
419 171.088984532
420 171.906612923
421 172.726190369
422 173.54771687
423 174.371192425
424 175.196617034
425 176.023990699
426 176.853313417
427 177.684585191
428 178.517806019
429 179.352975901
430 180.190094838
431 181.02916283
432 181.870179876
433 182.713145977
434 183.558061132
435 184.404925342
436 185.253738607
437 186.104500926
438 186.9572123
439 187.811872728
440 188.66848221
441 189.527040748
442 190.38754834
443 191.250004986
444 192.114410687
445 192.980765443
446 193.849069253
447 194.719322118
448 195.591524037
449 196.465675011
450 197.341775039
451 198.219824122
452 199.09982226
453 199.981769452
454 200.865665699
455 201.751511
456 202.639305356
457 203.529048766
458 204.420741231
459 205.314382751
460 206.209973325
461 207.107512954
462 208.007001637
463 208.908439375
464 209.811826167
465 210.717162014
466 211.624446916
467 212.533680872
468 213.444863883
469 214.357995948
470 215.273077068
471 216.190107242
472 217.109086471
473 218.030014754
474 218.952892093
475 219.877718485
476 220.804493932
477 221.733218434
478 222.663891991
479 223.596514602
480 224.531086267
481 225.467606987
482 226.406076762
483 227.346495591
484 228.288863475
485 229.233180413
486 230.179446406
487 231.127661453
488 232.077825555
489 233.029938712
490 233.984000923
491 234.940012189
492 235.897972509
493 236.857881884
494 237.819740314
495 238.783547798
496 239.749304336
497 240.717009929
498 241.686664577
499 242.658268279
500 243.631821036
501 244.607322848
502 245.584773714
503 246.564173634
504 247.545522609
505 248.528820639
506 249.514067723
507 250.501263862
508 251.490409056
509 252.481503304
510 253.474546606
511 254.469538963
512 255.466480375
513 256.465370841
514 257.466210362
515 258.468998937
516 259.473736567
517 260.480423252
518 261.489058991
519 262.499643785
520 263.512177633
521 264.526660536
522 265.543092493
523 266.561473505
524 267.581803571
525 268.604082692
526 269.628310868
527 270.654488098
528 271.682614383
529 272.712689722
530 273.744714116
531 274.778687565
532 275.814610068
533 276.852481625
534 277.892302238
535 278.934071904
536 279.977790626
537 281.023458402
538 282.071075232
539 283.120641117
540 284.172156057
541 285.225620051
542 286.2810331
543 287.338395203
544 288.397706361
545 289.458966573
546 290.52217584
547 291.587334162
548 292.654441538
549 293.723497969
550 294.794503454
551 295.867457994
552 296.942361588
553 298.019214237
554 299.098015941
555 300.178766699
556 301.261466511
557 302.346115379
558 303.432713301
559 304.521260277
560 305.611756308
561 306.704201393
562 307.798595533
563 308.894938728
564 309.993230977
565 311.093472281
566 312.19566264
567 313.299802052
568 314.40589052
569 315.513928042
570 316.623914619
571 317.73585025
572 318.849734936
573 319.965568676
574 321.083351471
575 322.20308332
576 323.324764224
577 324.448394183
578 325.573973196
579 326.701501264
580 327.830978386
581 328.962404563
582 330.095779795
583 331.231104081
584 332.368377421
585 333.507599817
586 334.648771266
587 335.791891771
588 336.936961329
589 338.083979943
590 339.232947611
591 340.383864333
592 341.536730111
593 342.691544942
594 343.848308829
595 345.007021769
596 346.167683765
597 347.330294815
598 348.494854919
599 349.661364079
600 350.829822292
601 352.00022956
602 353.172585883
603 354.346891261
604 355.523145693
605 356.701349179
606 357.88150172
607 359.063603316
608 360.247653966
609 361.433653671
610 362.62160243
611 363.811500244
612 365.003347113
613 366.197143036
614 367.392888014
615 368.590582046
616 369.790225133
617 370.991817274
618 372.19535847
619 373.40084872
620 374.608288025
621 375.817676385
622 377.029013799
623 378.242300268
624 379.457535791
625 380.674720369
626 381.893854002
627 383.114936689
628 384.33796843
629 385.562949226
630 386.789879077
631 388.018757982
632 389.249585942
633 390.482362957
634 391.717089026
635 392.953764149
636 394.192388328
637 395.43296156
638 396.675483848
639 397.919955189
640 399.166375586
641 400.414745037
642 401.665063542
643 402.917331102
644 404.171547717
645 405.427713386
646 406.68582811
647 407.945891889
648 409.207904722
649 410.471866609
650 411.737777551
651 413.005637548
652 414.275446599
653 415.547204705
654 416.820911865
655 418.09656808
656 419.37417335
657 420.653727674
658 421.935231053
659 423.218683486
660 424.504084974
661 425.791435516
662 427.080735113
663 428.371983764
664 429.66518147
665 430.960328231
666 432.257424046
667 433.556468916
668 434.85746284
669 436.160405819
670 437.465297853
671 438.772138941
672 440.080929083
673 441.391668281
674 442.704356532
675 444.018993839
676 445.335580199
677 446.654115615
678 447.974600085
679 449.297033609
680 450.621416189
681 451.947747822
682 453.276028511
683 454.606258254
684 455.938437051
685 457.272564903
686 458.60864181
687 459.946667771
688 461.286642786
689 462.628566857
690 463.972439981
691 465.318262161
692 466.666033395
693 468.015753683
694 469.367423026
695 470.721041424
696 472.076608876
697 473.434125383
698 474.793590945
699 476.155005561
700 477.518369231
701 478.883681956
702 480.250943736
703 481.62015457
704 482.991314459
705 484.364423402
706 485.7394814
707 487.116488453
708 488.49544456
709 489.876349721
710 491.259203937
711 492.644007208
712 494.030759534
713 495.419460914
714 496.810111348
715 498.202710837
716 499.597259381
717 500.993756979
718 502.392203632
719 503.792599339
720 505.194944101
721 506.599237917
722 508.005480788
723 509.413672714
724 510.823813694
725 512.235903729
726 513.649942818
727 515.065930962
728 516.48386816
729 517.903754413
730 519.325589721
731 520.749374083
732 522.1751075
733 523.602789971
734 525.032421497
735 526.464002077
736 527.897531712
737 529.333010402
738 530.770438146
739 532.209814945
740 533.651140798
741 535.094415706
742 536.539639668
743 537.986812685
744 539.435934756
745 540.887005883
746 542.340026063
747 543.794995298
748 545.251913588
749 546.710780933
750 548.171597332
751 549.634362785
752 551.099077293
753 552.565740856
754 554.034353473
755 555.504915145
756 556.977425871
757 558.451885652
758 559.928294487
759 561.406652378
760 562.886959322
761 564.369215321
762 565.853420375
763 567.339574483
764 568.827677646
765 570.317729864
766 571.809731136
767 573.303681462
768 574.799580844
769 576.297429279
770 577.79722677
771 579.298973314
772 580.802668914
773 582.308313568
774 583.815907276
775 585.32545004
776 586.836941857
777 588.35038273
778 589.865772656
779 591.383111638
780 592.902399674
781 594.423636764
782 595.946822909
783 597.471958109
784 598.999042363
785 600.528075672
786 602.059058036
787 603.591989454
788 605.126869926
789 606.663699453
790 608.202478035
791 609.743205671
792 611.285882362
793 612.830508107
794 614.377082907
795 615.925606762
796 617.476079671
797 619.028501634
798 620.582872653
799 622.139192725
800 623.697461853
801 625.257680035
802 626.819847271
803 628.383963562
804 629.950028908
805 631.518043308
806 633.088006763
807 634.659919272
808 636.233780836
809 637.809591455
810 639.387351128
811 640.967059855
812 642.548717637
813 644.132324474
814 645.717880365
815 647.305385311
816 648.894839312
817 650.486242367
818 652.079594476
819 653.67489564
820 655.272145859
821 656.871345132
822 658.47249346
823 660.075590843
824 661.68063728
825 663.287632771
826 664.896577317
827 666.507470918
828 668.120313573
829 669.735105283
830 671.351846047
831 672.970535866
832 674.59117474
833 676.213762668
834 677.838299651
835 679.464785688
836 681.09322078
837 682.723604926
838 684.355938127
839 685.990220383
840 687.626451693
841 689.264632057
842 690.904761477
843 692.54683995
844 694.190867479
845 695.836844062
846 697.484769699
847 699.134644391
848 700.786468138
849 702.440240939
850 704.095962795
851 705.753633705
852 707.41325367
853 709.074822689
854 710.738340763
855 712.403807892
856 714.071224075
857 715.740589313
858 717.411903605
859 719.085166952
860 720.760379354
861 722.43754081
862 724.11665132
863 725.797710885
864 727.480719505
865 729.165677179
866 730.852583908
867 732.541439692
868 734.23224453
869 735.924998422
870 737.619701369
871 739.316353371
872 741.014954427
873 742.715504538
874 744.418003704
875 746.122451924
876 747.828849198
877 749.537195527
878 751.247490911
879 752.959735349
880 754.673928842
881 756.390071389
882 758.108162991
883 759.828203648
884 761.550193359
885 763.274132124
886 765.000019945
887 766.727856819
888 768.457642749
889 770.189377733
890 771.923061771
891 773.658694864
892 775.396277012
893 777.135808214
894 778.877288471
895 780.620717782
896 782.366096148
897 784.113423569
898 785.862700044
899 787.613925573
900 789.367100157
901 791.122223796
902 792.87929649
903 794.638318237
904 796.39928904
905 798.162208897
906 799.927077808
907 801.693895775
908 803.462662795
909 805.233378871
910 807.006044
911 808.780658185
912 810.557221424
913 812.335733717
914 814.116195066
915 815.898605468
916 817.682964926
917 819.469273437
918 821.257531004
919 823.047737625
920 824.8398933
921 826.63399803
922 828.430051815
923 830.228054654
924 832.028006548
925 833.829907497
926 835.6337575
927 837.439556557
928 839.247304669
929 841.057001836
930 842.868648057
931 844.682243333
932 846.497787663
933 848.315281048
934 850.134723488
935 851.956114982
936 853.77945553
937 855.604745134
938 857.431983791
939 859.261171504
940 861.092308271
941 862.925394092
942 864.760428968
943 866.597412899
944 868.436345884
945 870.277227924
946 872.120059018
947 873.964839167
948 875.81156837
949 877.660246628
950 879.510873941
951 881.363450308
952 883.21797573
953 885.074450206
954 886.932873737
955 888.793246322
956 890.655567962
957 892.519838657
958 894.386058406
959 896.25422721
960 898.124345068
961 899.996411981
962 901.870427948
963 903.74639297
964 905.624307047
965 907.504170178
966 909.385982364
967 911.269743604
968 913.155453899
969 915.043113248
970 916.932721652
971 918.824279111
972 920.717785624
973 922.613241191
974 924.510645814
975 926.40999949
976 928.311302222
977 930.214554008
978 932.119754848
979 934.026904743
980 935.936003693
981 937.847051697
982 939.760048756
983 941.674994869
984 943.591890037
985 945.51073426
986 947.431527537
987 949.354269868
988 951.278961254
989 953.205601695
990 955.134191191
991 957.06472974
992 958.997217345
993 960.931654004
994 962.868039717
995 964.806374486
996 966.746658308
997 968.688891186
998 970.633073118
999 972.579204104
