10 0.218994895313
11 0.264983823329
12 0.315352649251
13 0.37010137308
14 0.429229994814
15 0.492738514455
16 0.560626932003
17 0.632895247456
18 0.709543460816
19 0.790571572082
20 0.875979581254
21 0.965767488332
22 1.05993529332
23 1.15848299621
24 1.26141059701
25 1.36871809571
26 1.48040549232
27 1.59647278684
28 1.71691997926
29 1.84174706959
30 1.97095405782
31 2.10454094396
32 2.24250772801
33 2.38485440996
34 2.53158098982
35 2.68268746759
36 2.83817384326
37 2.99804011684
38 3.16228628833
39 3.33091235772
40 3.50391832502
41 3.68130419022
42 3.86306995333
43 4.04921561435
44 4.23974117327
45 4.4346466301
46 4.63393198483
47 4.83759723747
48 5.04564238802
49 5.25806743648
50 5.47487238284
51 5.6960572271
52 5.92162196928
53 6.15156660936
54 6.38589114734
55 6.62459558323
56 6.86767991703
57 7.11514414874
58 7.36698827835
59 7.62321230586
60 7.88381623129
61 8.14880005461
62 8.41816377585
63 8.69190739499
64 8.97003091204
65 9.25253432699
66 9.53941763986
67 9.83068085062
68 10.1263239593
69 10.4263469659
70 10.7307498704
71 11.0395326728
72 11.3526953731
73 11.6702379713
74 11.9921604674
75 12.3184628614
76 12.6491451533
77 12.9842073431
78 13.3236494309
79 13.6674714165
80 14.0156733001
81 14.3682550815
82 14.7252167609
83 15.0865583381
84 15.4522798133
85 15.8223811864
86 16.1968624574
87 16.5757236263
88 16.9589646931
89 17.3465856578
90 17.7385865204
91 18.1349672809
92 18.5357279393
93 18.9408684957
94 19.3503889499
95 19.764289302
96 20.1825695521
97 20.6052297
98 21.0322697459
99 21.4636896897
100 21.8994895313
101 22.3396692709
102 22.7842289084
103 23.2331684438
104 23.6864878771
105 24.1441872083
106 24.6062664374
107 25.0727255644
108 25.5435645894
109 26.0187835122
110 26.4983823329
111 26.9823610516
112 27.4707196681
113 27.9634581826
114 28.4605765949
115 28.9620749052
116 29.4679531134
117 29.9782112195
118 30.4928492234
119 31.0118671253
120 31.5352649251
121 32.0630426228
122 32.5952002185
123 33.131737712
124 33.6726551034
125 34.2179523927
126 34.76762958
127 35.3216866651
128 35.8801236482
129 36.4429405291
130 37.010137308
131 37.5817139847
132 38.1576705594
133 38.738007032
134 39.3227234025
135 39.9118196709
136 40.5052958372
137 41.1031519014
138 41.7053878635
139 42.3120037235
140 42.9229994814
141 43.5383751373
142 44.158130691
143 44.7822661427
144 45.4107814922
145 46.0436767397
146 46.680951885
147 47.3226069283
148 47.9686418695
149 48.6190567085
150 49.2738514455
151 49.9330260804
152 50.5965806132
153 51.2645150439
154 51.9368293725
155 52.6135235991
156 53.2945977235
157 53.9800517458
158 54.6698856661
159 55.3640994842
160 56.0626932003
161 56.7656668142
162 57.4730203261
163 58.1847537358
164 58.9008670435
165 59.6213602491
166 60.3462333526
167 61.075486354
168 61.8091192533
169 62.5471320505
170 63.2895247456
171 64.0362973386
172 64.7874498295
173 65.5429822184
174 66.3028945051
175 67.0671866898
176 67.8358587723
177 68.6089107528
178 69.3863426311
179 70.1681544074
180 70.9543460816
181 71.7449176537
182 72.5398691236
183 73.3392004915
184 74.1429117573
185 74.951002921
186 75.7634739827
187 76.5803249422
188 77.4015557996
189 78.2271665549
190 79.0571572082
191 79.8915277593
192 80.7302782084
193 81.5734085553
194 82.4209188002
195 83.272808943
196 84.1290789836
197 84.9897289222
198 85.8547587587
199 86.7241684931
200 87.5979581254
201 88.4761276556
202 89.3586770837
203 90.2456064097
204 91.1369156337
205 92.0326047555
206 92.9326737752
207 93.8371226929
208 94.7459515084
209 95.6591602219
210 96.5767488332
211 97.4987173425
212 98.4250657497
213 99.3557940548
214 100.290902258
215 101.230390359
216 102.174258357
217 103.122506254
218 104.075134049
219 105.032141741
220 105.993529332
221 106.95929682
222 107.929444206
223 108.90397149
224 109.882878672
225 110.866165752
226 111.85383273
227 112.845879606
228 113.84230638
229 114.843113051
230 115.848299621
231 116.857866088
232 117.871812454
233 118.890138717
234 119.912844878
235 120.939930937
236 121.971396894
237 123.007242749
238 124.047468501
239 125.092074152
240 126.141059701
241 127.194425147
242 128.252170491
243 129.314295734
244 130.380800874
245 131.451685912
246 132.526950848
247 133.606595682
248 134.690620414
249 135.779025043
250 136.871809571
251 137.968973996
252 139.07051832
253 140.176442541
254 141.28674666
255 142.401430678
256 143.520494593
257 144.643938406
258 145.771762116
259 146.903965725
260 148.040549232
261 149.181512636
262 150.326855939
263 151.476579139
264 152.630682238
265 153.789165234
266 154.952028128
267 156.11927092
268 157.29089361
269 158.466896198
270 159.647278684
271 160.832041067
272 162.021183349
273 163.214705528
274 164.412607606
275 165.614889581
276 166.821551454
277 168.032593225
278 169.248014894
279 170.467816461
280 171.691997926
281 172.920559288
282 174.153500549
283 175.390821708
284 176.632522764
285 177.878603718
286 179.129064571
287 180.383905321
288 181.643125969
289 182.906726515
290 184.174706959
291 185.4470673
292 186.72380754
293 188.004927678
294 189.290427713
295 190.580307647
296 191.874567478
297 193.173207207
298 194.476226834
299 195.783626359
300 197.095405782
301 198.411565103
302 199.732104322
303 201.057023438
304 202.386322453
305 203.720001365
306 205.058060176
307 206.400498884
308 207.74731749
309 209.098515994
310 210.454094396
311 211.814052696
312 213.178390894
313 214.54710899
314 215.920206983
315 217.297684875
316 218.679542664
317 220.065780352
318 221.456397937
319 222.85139542
320 224.250772801
321 225.65453008
322 227.062667257
323 228.475184332
324 229.892081304
325 231.313358175
326 232.739014943
327 234.16905161
328 235.603468174
329 237.042264636
330 238.485440996
331 239.932997254
332 241.38493341
333 242.841249464
334 244.301945416
335 245.767021266
336 247.236477013
337 248.710312659
338 250.188528202
339 251.671123643
340 253.158098982
341 254.649454219
342 256.145189354
343 257.645304387
344 259.149799318
345 260.658674147
346 262.171928873
347 263.689563498
348 265.21157802
349 266.737972441
350 268.268746759
351 269.803900975
352 271.343435089
353 272.887349101
354 274.435643011
355 275.988316819
356 277.545370524
357 279.106804128
358 280.67261763
359 282.242811029
360 283.817384326
361 285.396337521
362 286.979670615
363 288.567383606
364 290.159476495
365 291.755949281
366 293.356801966
367 294.962034549
368 296.571647029
369 298.185639408
370 299.804011684
371 301.426763858
372 303.053895931
373 304.685407901
374 306.321299769
375 307.961571535
376 309.606223198
377 311.25525476
378 312.90866622
379 314.566457577
380 316.228628833
381 317.895179986
382 319.566111037
383 321.241421986
384 322.921112833
385 324.605183578
386 326.293634221
387 327.986464762
388 329.683675201
389 331.385265537
390 333.091235772
391 334.801585904
392 336.516315935
393 338.235425863
394 339.958915689
395 341.686785413
396 343.419035035
397 345.155664555
398 346.896673972
399 348.642063288
400 350.391832502
401 352.145981613
402 353.904510622
403 355.66741953
404 357.434708335
405 359.206377038
406 360.982425639
407 362.762854138
408 364.547662535
409 366.336850829
410 368.130419022
411 369.928367112
412 371.730695101
413 373.537402987
414 375.348490771
415 377.163958454
416 378.983806034
417 380.808033512
418 382.636640888
419 384.469628161
420 386.306995333
421 388.148742403
422 389.99486937
423 391.845376235
424 393.700262999
425 395.55952966
426 397.423176219
427 399.291202676
428 401.163609031
429 403.040395284
430 404.921561435
431 406.807107483
432 408.69703343
433 410.591339274
434 412.490025017
435 414.393090657
436 416.300536195
437 418.212361631
438 420.128566965
439 422.049152197
440 423.974117327
441 425.903462355
442 427.83718728
443 429.775292104
444 431.717776825
445 433.664641445
446 435.615885962
447 437.571510377
448 439.53151469
449 441.495898901
450 443.46466301
451 445.437807017
452 447.415330921
453 449.397234724
454 451.383518424
455 453.374182023
456 455.369225519
457 457.368648913
458 459.372452205
459 461.380635395
460 463.393198483
461 465.410141469
462 467.431464353
463 469.457167135
464 471.487249814
465 473.521712392
466 475.560554867
467 477.60377724
468 479.651379511
469 481.70336168
470 483.759723747
471 485.820465712
472 487.885587575
473 489.955089336
474 492.028970995
475 494.107232551
476 496.189874005
477 498.276895358
478 500.368296608
479 502.464077756
480 504.564238802
481 506.668779746
482 508.777700588
483 510.891001328
484 513.008681966
485 515.130742501
486 517.257182935
487 519.388003266
488 521.523203495
489 523.662783623
490 525.806743648
491 527.955083571
492 530.107803392
493 532.26490311
494 534.426382727
495 536.592242242
496 538.762481654
497 540.937100965
498 543.116100173
499 545.29947928
500 547.487238284
501 549.679377186
502 551.875895986
503 554.076794684
504 556.282073279
505 558.491731773
506 560.705770165
507 562.924188454
508 565.146986642
509 567.374164727
510 569.60572271
511 571.841660592
512 574.081978371
513 576.326676048
514 578.575753622
515 580.829211095
516 583.087048466
517 585.349265734
518 587.615862901
519 589.886839965
520 592.162196928
521 594.441933788
522 596.726050546
523 599.014547202
524 601.307423756
525 603.604680208
526 605.906316558
527 608.212332805
528 610.522728951
529 612.837504994
530 615.156660936
531 617.480196775
532 619.808112512
533 622.140408147
534 624.47708368
535 626.818139111
536 629.16357444
537 631.513389667
538 633.867584791
539 636.226159814
540 638.589114734
541 640.956449552
542 643.328164269
543 645.704258883
544 648.084733395
545 650.469587805
546 652.858822113
547 655.252436319
548 657.650430422
549 660.052804424
550 662.459558323
551 664.870692121
552 667.286205816
553 669.706099409
554 672.1303729
555 674.559026289
556 676.992059576
557 679.429472761
558 681.871265844
559 684.317438825
560 686.767991703
561 689.22292448
562 691.682237154
563 694.145929726
564 696.614002196
565 699.086454564
566 701.56328683
567 704.044498994
568 706.530091056
569 709.020063016
570 711.514414874
571 714.013146629
572 716.516258282
573 719.023749834
574 721.535621283
575 724.05187263
576 726.572503875
577 729.097515018
578 731.626906059
579 734.160676998
580 736.698827835
581 739.241358569
582 741.788269202
583 744.339559732
584 746.89523016
585 749.455280487
586 752.019710711
587 754.588520833
588 757.161710853
589 759.73928077
590 762.321230586
591 764.9075603
592 767.498269911
593 770.093359421
594 772.692828828
595 775.296678134
596 777.904907337
597 780.517516438
598 783.134505437
599 785.755874334
600 788.381623129
601 791.011751821
602 793.646260412
603 796.2851489
604 798.928417287
605 801.576065571
606 804.228093753
607 806.884501834
608 809.545289812
609 812.210457688
610 814.880005461
611 817.553933133
612 820.232240703
613 822.914928171
614 825.601995536
615 828.293442799
616 830.989269961
617 833.68947702
618 836.394063977
619 839.103030832
620 841.816377585
621 844.534104236
622 847.256210785
623 849.982697231
624 852.713563576
625 855.448809818
626 858.188435959
627 860.932441997
628 863.680827933
629 866.433593767
630 869.190739499
631 871.952265129
632 874.718170657
633 877.488456083
634 880.263121406
635 883.042166628
636 885.825591747
637 888.613396765
638 891.40558168
639 894.202146493
640 897.003091204
641 899.808415813
642 902.61812032
643 905.432204725
644 908.250669027
645 911.073513228
646 913.900737326
647 916.732341323
648 919.568325217
649 922.408689009
650 925.253432699
651 928.102556287
652 930.956059773
653 933.813943157
654 936.676206439
655 939.542849619
656 942.413872696
657 945.289275672
658 948.169058545
659 951.053221316
660 953.941763986
661 956.834686553
662 959.731989018
663 962.633671381
664 965.539733641
665 968.4501758
666 971.364997857
667 974.284199811
668 977.207781664
669 980.135743414
670 983.068085062
671 986.004806608
672 988.945908052
673 991.891389394
674 994.841250634
675 997.795491772
676 1000.75411281
677 1003.71711374
678 1006.68449457
679 1009.6562553
680 1012.63239593
681 1015.61291645
682 1018.59781688
683 1021.5870972
684 1024.58075742
685 1027.57879753
686 1030.58121755
687 1033.58801746
688 1036.59919727
689 1039.61475698
690 1042.63469659
691 1045.65901609
692 1048.68771549
693 1051.72079479
694 1054.75825399
695 1057.80009309
696 1060.84631208
697 1063.89691097
698 1066.95188976
699 1070.01124845
700 1073.07498704
701 1076.14310552
702 1079.2156039
703 1082.29248218
704 1085.37374036
705 1088.45937843
706 1091.5493964
707 1094.64379428
708 1097.74257204
709 1100.84572971
710 1103.95326728
711 1107.06518474
712 1110.1814821
713 1113.30215936
714 1116.42721651
715 1119.55665357
716 1122.69047052
717 1125.82866737
718 1128.97124412
719 1132.11820076
720 1135.26953731
721 1138.42525375
722 1141.58535009
723 1144.74982632
724 1147.91868246
725 1151.09191849
726 1154.26953442
727 1157.45153025
728 1160.63790598
729 1163.8286616
730 1167.02379713
731 1170.22331255
732 1173.42720786
733 1176.63548308
734 1179.8481382
735 1183.06517321
736 1186.28658812
737 1189.51238293
738 1192.74255763
739 1195.97711223
740 1199.21604674
741 1202.45936114
742 1205.70705543
743 1208.95912963
744 1212.21558372
745 1215.47641771
746 1218.7416316
747 1222.01122539
748 1225.28519907
749 1228.56355266
750 1231.84628614
751 1235.13339952
752 1238.42489279
753 1241.72076597
754 1245.02101904
755 1248.32565201
756 1251.63466488
757 1254.94805764
758 1258.26583031
759 1261.58798287
760 1264.91451533
761 1268.24542769
762 1271.58071994
763 1274.9203921
764 1278.26444415
765 1281.6128761
766 1284.96568795
767 1288.32287969
768 1291.68445133
769 1295.05040287
770 1298.42073431
771 1301.79544565
772 1305.17453689
773 1308.55800802
774 1311.94585905
775 1315.33808998
776 1318.7347008
777 1322.13569153
778 1325.54106215
779 1328.95081267
780 1332.36494309
781 1335.7834534
782 1339.20634362
783 1342.63361373
784 1346.06526374
785 1349.50129365
786 1352.94170345
787 1356.38649315
788 1359.83566276
789 1363.28921225
790 1366.74714165
791 1370.20945095
792 1373.67614014
793 1377.14720923
794 1380.62265822
795 1384.10248711
796 1387.58669589
797 1391.07528457
798 1394.56825315
799 1398.06560163
800 1401.56733001
801 1405.07343828
802 1408.58392645
803 1412.09879452
804 1415.61804249
805 1419.14167036
806 1422.66967812
807 1426.20206578
808 1429.73883334
809 1433.2799808
810 1436.82550815
811 1440.3754154
812 1443.92970256
813 1447.4883696
814 1451.05141655
815 1454.6188434
816 1458.19065014
817 1461.76683678
818 1465.34740332
819 1468.93234975
820 1472.52167609
821 1476.11538232
822 1479.71346845
823 1483.31593448
824 1486.9227804
825 1490.53400623
826 1494.14961195
827 1497.76959757
828 1501.39396309
829 1505.0227085
830 1508.65583381
831 1512.29333903
832 1515.93522413
833 1519.58148914
834 1523.23213405
835 1526.88715885
836 1530.54656355
837 1534.21034815
838 1537.87851265
839 1541.55105704
840 1545.22798133
841 1548.90928552
842 1552.59496961
843 1556.2850336
844 1559.97947748
845 1563.67830126
846 1567.38150494
847 1571.08908852
848 1574.801052
849 1578.51739537
850 1582.23811864
851 1585.96322181
852 1589.69270488
853 1593.42656784
854 1597.1648107
855 1600.90743347
856 1604.65443612
857 1608.40581868
858 1612.16158114
859 1615.92172349
860 1619.68624574
861 1623.45514789
862 1627.22842993
863 1631.00609188
864 1634.78813372
865 1638.57455546
866 1642.3653571
867 1646.16053863
868 1649.96010007
869 1653.7640414
870 1657.57236263
871 1661.38506376
872 1665.20214478
873 1669.0236057
874 1672.84944652
875 1676.67966724
876 1680.51426786
877 1684.35324838
878 1688.19660879
879 1692.0443491
880 1695.89646931
881 1699.75296941
882 1703.61384942
883 1707.47910932
884 1711.34874912
885 1715.22276882
886 1719.10116842
887 1722.98394791
888 1726.8711073
889 1730.76264659
890 1734.65856578
891 1738.55886486
892 1742.46354385
893 1746.37260273
894 1750.28604151
895 1754.20386018
896 1758.12605876
897 1762.05263723
898 1765.9835956
899 1769.91893387
900 1773.85865204
901 1777.8027501
902 1781.75122807
903 1785.70408593
904 1789.66132369
905 1793.62294134
906 1797.5889389
907 1801.55931635
908 1805.5340737
909 1809.51321095
910 1813.49672809
911 1817.48462513
912 1821.47690208
913 1825.47355892
914 1829.47459565
915 1833.48001229
916 1837.48980882
917 1841.50398525
918 1845.52254158
919 1849.54547781
920 1853.57279393
921 1857.60448996
922 1861.64056588
923 1865.6810217
924 1869.72585741
925 1873.77507303
926 1877.82866854
927 1881.88664395
928 1885.94899926
929 1890.01573446
930 1894.08684957
931 1898.16234457
932 1902.24221947
933 1906.32647427
934 1910.41510896
935 1914.50812355
936 1918.60551805
937 1922.70729243
938 1926.81344672
939 1930.92398091
940 1935.03889499
941 1939.15818897
942 1943.28186285
943 1947.40991663
944 1951.5423503
945 1955.67916387
946 1959.82035734
947 1963.96593071
948 1968.11588398
949 1972.27021714
950 1976.4289302
951 1980.59202316
952 1984.75949602
953 1988.93134878
954 1993.10758143
955 1997.28819398
956 2001.47318643
957 2005.66255878
958 2009.85631102
959 2014.05444317
960 2018.25695521
961 2022.46384715
962 2026.67511898
963 2030.89077072
964 2035.11080235
965 2039.33521388
966 2043.56400531
967 2047.79717664
968 2052.03472786
969 2056.27665898
970 2060.52297
971 2064.77366092
972 2069.02873174
973 2073.28818245
974 2077.55201306
975 2081.82022357
976 2086.09281398
977 2090.36978429
978 2094.65113449
979 2098.93686459
980 2103.22697459
981 2107.52146449
982 2111.82033428
983 2116.12358398
984 2120.43121357
985 2124.74322306
986 2129.05961244
987 2133.38038173
988 2137.70553091
989 2142.03505999
990 2146.36896897
991 2150.70725784
992 2155.04992662
993 2159.39697529
994 2163.74840386
995 2168.10421233
996 2172.46440069
997 2176.82896896
998 2181.19791712
999 2185.57124518
