1.0 0.000699386819776
2.0 0.000340191528297
3.0 0.000223214547118
4.0 0.000165568836869
5.0 0.000131354295048
6.0 0.000108744789659
7.0 9.27166409849e-05
8.0 8.07758663534e-05
9.0 7.15452040737e-05
10.0 6.4202567295e-05
11.0 5.82271918455e-05
12.0 5.32733147707e-05
13.0 4.91024425852e-05
14.0 4.55447946066e-05
15.0 4.2476248982e-05
16.0 3.98039796878e-05
17.0 3.74571900863e-05
18.0 3.53809521474e-05
19.0 3.3532001924e-05
20.0 3.18758034284e-05
21.0 3.03844561312e-05
22.0 2.90351763877e-05
23.0 2.78091772857e-05
24.0 2.66908301462e-05
25.0 2.56670284345e-05
26.0 2.47266993175e-05
27.0 2.38604244021e-05
28.0 2.30601422231e-05
29.0 2.23189126495e-05
30.0 2.16307286909e-05
31.0 2.09903649443e-05
32.0 2.03932546279e-05
33.0 1.98353891061e-05
34.0 1.93132352515e-05
35.0 1.88236670585e-05
36.0 1.83639087228e-05
37.0 1.79314870071e-05
38.0 1.75241911719e-05
39.0 1.71400391088e-05
40.0 1.67772485825e-05
41.0 1.64342127074e-05
42.0 1.61094789468e-05
43.0 1.58017310608e-05
44.0 1.55097735286e-05
45.0 1.52325180605e-05
46.0 1.49689718789e-05
47.0 1.47182275031e-05
48.0 1.44794538187e-05
49.0 1.42518882454e-05
50.0 1.40348298505e-05
51.0 1.38276332759e-05
52.0 1.36297033695e-05
53.0 1.34404904275e-05
54.0 1.32594859675e-05
55.0 1.30862189648e-05
56.0 1.29202524937e-05
57.0 1.27611807241e-05
58.0 1.26086262293e-05
59.0 1.24622375691e-05
60.0 1.23216871157e-05
61.0 1.21866690934e-05
62.0 1.20568978092e-05
63.0 1.19321060521e-05
64.0 1.18120436432e-05
65.0 1.16964761195e-05
66.0 1.1585183538e-05
67.0 1.14779593869e-05
68.0 1.13746095934e-05
69.0 1.12749516174e-05
70.0 1.11788136236e-05
71.0 1.10860337231e-05
72.0 1.09964592786e-05
73.0 1.09099462668e-05
74.0 1.08263586924e-05
75.0 1.0745568049e-05
76.0 1.0667452823e-05
77.0 1.05918980353e-05
78.0 1.05187948195e-05
79.0 1.0448040031e-05
80.0 1.03795358862e-05
81.0 3.04163610636e-06
82.0 2.87366900895e-06
83.0 2.78461391166e-06
84.0 2.64882078635e-06
85.0 2.57192220043e-06
86.0 2.45491035114e-06
87.0 2.39422668726e-06
88.0 2.30366108687e-06
89.0 2.2490708806e-06
90.0 2.16818378421e-06
91.0 2.11937070255e-06
92.0 2.05816483182e-06
93.0 2.01833999817e-06
94.0 1.96144895073e-06
95.0 1.9246344818e-06
96.0 1.87309698778e-06
97.0 1.85093087701e-06
98.0 1.8053007216e-06
99.0 1.77489572168e-06
100.0 1.73237167158e-06
101.0 1.70393775613e-06
102.0 1.66420972432e-06
103.0 1.63756222969e-06
104.0 1.60106830355e-06
105.0 1.57670910882e-06
106.0 1.54307611425e-06
107.0 1.5201305516e-06
108.0 1.48847579685e-06
109.0 1.466830239e-06
110.0 1.43699713069e-06
111.0 1.41714215769e-06
112.0 1.39009001757e-06
113.0 1.37128029712e-06
114.0 1.34565600507e-06
115.0 1.32781117424e-06
116.0 1.30351911885e-06
117.0 1.28657510761e-06
118.0 1.26351501357e-06
119.0 1.24786021904e-06
120.0 1.22678960733e-06
121.0 1.21186968655e-06
122.0 1.19179354626e-06
123.0 1.17756466403e-06
124.0 1.1584179788e-06
125.0 1.14483263126e-06
126.0 1.12655590382e-06
127.0 1.11358063625e-06
128.0 1.09650045167e-06
129.0 1.0844562333e-06
130.0 1.06846539014e-06
131.0 1.05692696352e-06
132.0 1.04159798102e-06
133.0 1.03053623932e-06
134.0 1.01583396607e-06
135.0 1.00521911922e-06
136.0 9.91110812135e-07
137.0 9.80920641861e-07
138.0 9.67370482957e-07
139.0 9.57865265903e-07
140.0 9.45395953754e-07
141.0 9.3624907555e-07
142.0 9.24241593034e-07
143.0 9.15432178382e-07
144.0 9.03862871827e-07
145.0 8.9537606479e-07
146.0 8.84224969756e-07
147.0 8.76044528978e-07
148.0 8.65292815538e-07
149.0 8.57403505711e-07
150.0 8.47027256966e-07
151.0 8.39416878667e-07
152.0 8.29850752016e-07
153.0 8.22720584088e-07
154.0 8.13471003067e-07
155.0 8.06576230627e-07
156.0 7.97628690858e-07
157.0 7.90960419445e-07
158.0 7.82301223942e-07
159.0 7.75849210454e-07
160.0 7.674654514e-07
161.0 7.61221757697e-07
162.0 7.5310122849e-07
163.0 7.47054953518e-07
164.0 7.39189435506e-07
165.0 7.33331944222e-07
166.0 7.25708746053e-07
167.0 7.20223167409e-07
168.0 7.13199644262e-07
169.0 7.07877089301e-07
170.0 7.01058677975e-07
171.0 6.95892446393e-07
172.0 6.89269356829e-07
173.0 6.8425311251e-07
174.0 6.77817545712e-07
175.0 6.72945278221e-07
176.0 6.6669121602e-07
177.0 6.61957206717e-07
178.0 6.5587752535e-07
179.0 6.51277679488e-07
180.0 6.45365589922e-07
181.0 6.40894667614e-07
182.0 6.35143717523e-07
183.0 6.30795469261e-07
184.0 6.25200792061e-07
185.0 6.20973020111e-07
186.0 6.15805561711e-07
187.0 6.11826586744e-07
188.0 6.06791435104e-07
189.0 6.02917359205e-07
190.0 5.98009763019e-07
191.0 5.94235626644e-07
192.0 5.89451068108e-07
193.0 5.85773303655e-07
194.0 5.81109702784e-07
195.0 5.77524886166e-07
196.0 5.72975811816e-07
197.0 5.70365120556e-07
198.0 5.65917194755e-07
199.0 5.65724320666e-07
200.0 5.61342632566e-07
201.0 5.61234657478e-07
202.0 5.56917741502e-07
203.0 5.56892385207e-07
204.0 5.52636728883e-07
205.0 5.52974813616e-07
206.0 5.48775488302e-07
207.0 5.49425644447e-07
208.0 5.47206171728e-07
209.0 5.47955230288e-07
210.0 5.45775089626e-07
211.0 5.46623094658e-07
212.0 5.4448114489e-07
213.0 5.45426038609e-07
214.0 5.43321189678e-07
215.0 5.43912464722e-07
216.0 5.4184478675e-07
217.0 5.42817121305e-07
218.0 5.40784864183e-07
219.0 5.41853863341e-07
220.0 5.39856042251e-07
221.0 5.41022039932e-07
222.0 5.3905770822e-07
223.0 5.4037149376e-07
224.0 5.38439628496e-07
225.0 5.39817217123e-07
226.0 5.37917023421e-07
227.0 5.39332369343e-07
228.0 5.37463136013e-07
229.0 5.38977715991e-07
230.0 5.37138627494e-07
231.0 5.3875447801e-07
232.0 5.36944746886e-07
233.0 5.3866407959e-07
234.0 5.36882945255e-07
235.0 5.38503311775e-07
236.0 5.36750429731e-07
237.0 5.38574645815e-07
238.0 5.36849106995e-07
239.0 5.38782198026e-07
240.0 5.37083308795e-07
241.0 5.3912144517e-07
242.0 5.37448546475e-07
243.0 5.39594433907e-07
244.0 5.37946888234e-07
245.0 5.40210316399e-07
246.0 5.38587495508e-07
247.0 5.4066398328e-07
248.0 5.39065774413e-07
249.0 5.411848395e-07
250.0 5.39610753236e-07
251.0 5.41837013307e-07
252.0 5.40286476444e-07
253.0 5.42618472268e-07
254.0 5.41090936148e-07
255.0 5.4353158558e-07
256.0 5.42026518641e-07
257.0 5.44577416418e-07
258.0 5.43094305647e-07
259.0 5.45794333935e-07
260.0 5.44332634022e-07
261.0 5.46435320244e-07
262.0 5.44995486042e-07
263.0 5.47210116802e-07
264.0 5.45791637689e-07
265.0 5.4810029953e-07
266.0 5.46702706482e-07
267.0 5.49109395337e-07
268.0 5.47732231271e-07
269.0 5.50237844893e-07
270.0 5.48880668154e-07
271.0 5.51487855076e-07
272.0 5.50150236919e-07
273.0 5.52799219242e-07
274.0 5.51480811715e-07
275.0 5.53295698522e-07
276.0 5.51997091026e-07
277.0 5.53976732676e-07
278.0 5.52697411968e-07
279.0 5.54758381861e-07
280.0 5.53497939671e-07
281.0 5.55636464268e-07
282.0 5.54394509207e-07
283.0 5.56614044648e-07
284.0 5.55390194445e-07
285.0 5.57686830248e-07
286.0 5.56480718407e-07
287.0 5.58861821515e-07
288.0 5.57673086396e-07
289.0 5.59927941743e-07
290.0 5.58756414729e-07
291.0 5.58562706542e-07
292.0 5.57410161408e-07
293.0 5.59559573323e-07
294.0 5.58423705723e-07
295.0 5.60638227424e-07
296.0 5.59518712384e-07
297.0 5.61807618702e-07
298.0 5.60704133413e-07
299.0 5.63066888387e-07
300.0 5.51914990383e-07
301.0 5.53582102821e-07
302.0 5.51851400684e-07
303.0 5.53575806645e-07
304.0 5.51857801029e-07
305.0 5.53640789291e-07
306.0 5.51934588077e-07
307.0 5.53776702855e-07
308.0 5.52082591489e-07
309.0 5.53983508552e-07
