1.0 0.000201895584333
2.0 0.000138882609857
3.0 0.000111607273559
4.0 9.55912125359e-05
5.0 8.47888328623e-05
6.0 7.68941781864e-05
7.0 7.08135042492e-05
8.0 6.5953218699e-05
9.0 6.19599642467e-05
10.0 5.86086572621e-05
11.0 5.57482918814e-05
12.0 5.32733147707e-05
13.0 5.11074426102e-05
14.0 4.9194000668e-05
15.0 4.74898900765e-05
16.0 4.59616767751e-05
17.0 4.45829736892e-05
18.0 4.33326396875e-05
19.0 4.21935104682e-05
20.0 4.11514852751e-05
21.0 4.01948573225e-05
22.0 3.93138146766e-05
23.0 3.85000626083e-05
24.0 3.77465339838e-05
25.0 3.70471644399e-05
26.0 3.63967158976e-05
27.0 3.57906366032e-05
28.0 3.52249490913e-05
29.0 3.46961597225e-05
30.0 3.42011850562e-05
31.0 3.37372914781e-05
32.0 3.33020453553e-05
33.0 3.28932716179e-05
34.0 3.25090191331e-05
35.0 3.21475315972e-05
36.0 3.18072229334e-05
37.0 3.14866563967e-05
38.0 3.1184526741e-05
39.0 3.08996449351e-05
40.0 3.06309250051e-05
41.0 3.03773726642e-05
42.0 3.01380754493e-05
43.0 2.99121941332e-05
44.0 2.96989552229e-05
45.0 2.94976443847e-05
46.0 2.93076006625e-05
47.0 2.91282113812e-05
48.0 2.89589076374e-05
49.0 2.87991603023e-05
50.0 2.86484764672e-05
51.0 2.85063962745e-05
52.0 2.83724900871e-05
53.0 2.82463559528e-05
54.0 2.81276173279e-05
55.0 2.80159210296e-05
56.0 2.79109353899e-05
57.0 2.78123485883e-05
58.0 2.77198671422e-05
59.0 2.76332145381e-05
60.0 2.75521299882e-05
61.0 2.74763672986e-05
62.0 2.74056938373e-05
63.0 2.7339889592e-05
64.0 2.72787463084e-05
65.0 2.72220666998e-05
66.0 2.71696637234e-05
67.0 2.7121359914e-05
68.0 2.70769867712e-05
69.0 2.70363841953e-05
70.0 2.69993999659e-05
71.0 2.69658892607e-05
72.0 2.69357142099e-05
73.0 2.69087434842e-05
74.0 2.68848519116e-05
75.0 2.68639201225e-05
76.0 2.68458342198e-05
77.0 2.68304854709e-05
78.0 2.68177700221e-05
79.0 2.68075886312e-05
80.0 2.67998464189e-05
81.0 7.90240241151e-06
82.0 7.51195620875e-06
83.0 7.3234110613e-06
84.0 7.00812106825e-06
85.0 6.84505066593e-06
86.0 6.57194983473e-06
87.0 6.44665264827e-06
88.0 6.23834371368e-06
89.0 6.12502016672e-06
90.0 5.93781583715e-06
91.0 5.83629183008e-06
92.0 5.69880036861e-06
93.0 5.61882075694e-06
94.0 5.48972150715e-06
95.0 5.41526160811e-06
96.0 5.29791832752e-06
97.0 5.26241924573e-06
98.0 5.15907653356e-06
99.0 5.09799983213e-06
100.0 5.00092625462e-06
101.0 4.94337765395e-06
102.0 4.85196342272e-06
103.0 4.79761951196e-06
104.0 4.71341746254e-06
105.0 4.66396844125e-06
106.0 4.58616481753e-06
107.0 4.53922963039e-06
108.0 4.46542739056e-06
109.0 4.42081641739e-06
110.0 4.35072487158e-06
111.0 4.31006960845e-06
112.0 4.24679515222e-06
113.0 4.20799131436e-06
114.0 4.1475903604e-06
115.0 4.11049965697e-06
116.0 4.05280564148e-06
117.0 4.0173294859e-06
118.0 3.9621488526e-06
119.0 3.92960409398e-06
120.0 3.87944936899e-06
121.0 3.84820309365e-06
122.0 3.80005884322e-06
123.0 3.77004642068e-06
124.0 3.7237928076e-06
125.0 3.69493142923e-06
126.0 3.65045834747e-06
127.0 3.62270447831e-06
128.0 3.58115547908e-06
129.0 3.55562754107e-06
130.0 3.51675012963e-06
131.0 3.49212678052e-06
132.0 3.45458968543e-06
133.0 3.43082420968e-06
134.0 3.39456794805e-06
135.0 3.3716074243e-06
136.0 3.33657618054e-06
137.0 3.31438942179e-06
138.0 3.28051291567e-06
139.0 3.26002703976e-06
140.0 3.22914193082e-06
141.0 3.20930014096e-06
142.0 3.17935525652e-06
143.0 3.160119967e-06
144.0 3.13107283416e-06
145.0 3.11242473969e-06
146.0 3.08424294307e-06
147.0 3.06615585142e-06
148.0 3.03880849978e-06
149.0 3.02125767092e-06
150.0 2.99469358625e-06
151.0 2.97766302555e-06
152.0 2.95346047226e-06
153.0 2.93770008398e-06
154.0 2.91414940729e-06
155.0 2.89881597166e-06
156.0 2.87589114367e-06
157.0 2.86097428721e-06
158.0 2.83865053601e-06
159.0 2.82413375481e-06
160.0 2.80238759892e-06
161.0 2.78826153823e-06
162.0 2.7670706017e-06
163.0 2.75331391059e-06
164.0 2.73266913988e-06
165.0 2.71926762764e-06
166.0 2.69914227982e-06
167.0 2.68679604138e-06
168.0 2.6685487172e-06
169.0 2.6565046824e-06
170.0 2.63868900362e-06
171.0 2.62693637751e-06
172.0 2.60953166867e-06
173.0 2.5980602011e-06
174.0 2.58105231766e-06
175.0 2.56985223001e-06
176.0 2.55323297088e-06
177.0 2.54229489182e-06
178.0 2.52605107546e-06
179.0 2.51537121561e-06
180.0 2.49949018198e-06
181.0 2.48905975338e-06
182.0 2.47352940531e-06
183.0 2.46333505468e-06
184.0 2.44814878348e-06
185.0 2.4381923968e-06
186.0 2.42442892089e-06
187.0 2.41523017209e-06
188.0 2.40174969197e-06
189.0 2.39275409037e-06
190.0 2.37954790115e-06
191.0 2.37074447124e-06
192.0 2.35780427243e-06
193.0 2.34918709543e-06
194.0 2.3365138992e-06
195.0 2.32807724416e-06
196.0 2.31565417434e-06
197.0 2.31097607512e-06
198.0 2.29876651202e-06
199.0 2.30377873271e-06
200.0 2.2916717011e-06
201.0 2.29695182963e-06
202.0 2.28494691589e-06
203.0 2.29049145248e-06
204.0 2.27857960578e-06
205.0 2.28555490383e-06
206.0 2.27372371767e-06
207.0 2.28193608453e-06
208.0 2.27820096477e-06
209.0 2.28679690997e-06
210.0 2.28314100484e-06
211.0 2.29212649459e-06
212.0 2.28854866735e-06
213.0 2.29792074575e-06
214.0 2.2944199311e-06
215.0 2.30227723126e-06
216.0 2.29885273837e-06
217.0 2.30830281626e-06
218.0 2.30495341084e-06
219.0 2.3148007189e-06
220.0 2.3115254739e-06
221.0 2.32177682211e-06
222.0 2.31857487191e-06
223.0 2.32945453795e-06
224.0 2.32632507602e-06
225.0 2.33747711714e-06
226.0 2.33441940754e-06
227.0 2.34573415745e-06
228.0 2.34274749576e-06
229.0 2.35449584198e-06
230.0 2.35157957877e-06
231.0 2.36377567904e-06
232.0 2.36092922032e-06
233.0 2.37358808592e-06
234.0 2.37081089285e-06
235.0 2.38304194512e-06
236.0 2.38033333836e-06
237.0 2.39347808012e-06
238.0 2.39083767322e-06
239.0 2.40448219307e-06
240.0 2.40190957609e-06
241.0 2.41604214517e-06
242.0 2.41353695342e-06
243.0 2.42817495258e-06
244.0 2.4257368728e-06
245.0 2.44092981868e-06
246.0 2.43855860121e-06
247.0 2.45293078234e-06
248.0 2.45062565936e-06
249.0 2.46521426715e-06
250.0 2.4629748485e-06
251.0 2.47807762517e-06
252.0 2.47590367527e-06
253.0 2.49151904854e-06
254.0 2.48941037028e-06
255.0 2.5055568086e-06
256.0 2.50351325156e-06
257.0 2.52020324173e-06
258.0 2.51822469883e-06
259.0 2.53564401473e-06
260.0 2.53373052171e-06
261.0 2.54840467996e-06
262.0 2.54655422269e-06
263.0 2.56177727756e-06
264.0 2.559989699e-06
265.0 2.57568265484e-06
266.0 2.57395778111e-06
267.0 2.59014383752e-06
268.0 2.58848153754e-06
269.0 2.60516943661e-06
270.0 2.6035696125e-06
271.0 2.62077643575e-06
272.0 2.61923902794e-06
273.0 2.63668422874e-06
274.0 2.63520899676e-06
275.0 2.64870150185e-06
276.0 2.64728504992e-06
277.0 2.6615877316e-06
278.0 2.66023011718e-06
279.0 2.6749480457e-06
280.0 2.67364905734e-06
281.0 2.68876766071e-06
282.0 2.68752709534e-06
283.0 2.70306665505e-06
284.0 2.70188434456e-06
285.0 2.71782942162e-06
286.0 2.71670520312e-06
287.0 2.73309524932e-06
288.0 2.73202900991e-06
289.0 2.74783365709e-06
290.0 2.74682440875e-06
291.0 2.75060233506e-06
292.0 2.74963903249e-06
293.0 2.76496423148e-06
294.0 2.76405632365e-06
295.0 2.77973305829e-06
296.0 2.77888035148e-06
297.0 2.7949576134e-06
298.0 2.79415997093e-06
299.0 2.81063830115e-06
300.0 2.75957495191e-06
301.0 2.77251986037e-06
302.0 2.76843924844e-06
303.0 2.78168400182e-06
304.0 2.77762335305e-06
305.0 2.79117698722e-06
306.0 2.78713304897e-06
307.0 2.80100088426e-06
308.0 2.79697631157e-06
309.0 2.81115927857e-06
