1.0 0.000403791168665
2.0 0.000196409670438
3.0 0.000128872978865
4.0 9.55912125359e-05
5.0 7.58374376052e-05
6.0 6.27838335825e-05
7.0 5.3529977631e-05
8.0 4.66359681832e-05
9.0 4.13066428312e-05
10.0 3.70673695105e-05
11.0 3.36174848861e-05
12.0 3.07573626235e-05
13.0 2.83493084444e-05
14.0 2.62952994263e-05
15.0 2.4523673784e-05
16.0 2.29808383875e-05
17.0 2.16259187794e-05
18.0 2.04272022465e-05
19.0 1.93597103373e-05
20.0 1.840350369e-05
21.0 1.75424739265e-05
22.0 1.67634669034e-05
23.0 1.60556359918e-05
24.0 1.54099579698e-05
25.0 1.48188657759e-05
26.0 1.42759665071e-05
27.0 1.37758224516e-05
28.0 1.33137793201e-05
29.0 1.28858302262e-05
30.0 1.24885070325e-05
31.0 1.2118792851e-05
32.0 1.17740510491e-05
33.0 1.14519672399e-05
34.0 1.11505015714e-05
35.0 1.08678492433e-05
36.0 1.06024076445e-05
37.0 1.03527488505e-05
38.0 1.01175964904e-05
39.0 9.89580619339e-06
40.0 9.68634898539e-06
41.0 9.48829713052e-06
42.0 9.30081200646e-06
43.0 9.12313368163e-06
44.0 8.95457192182e-06
45.0 8.79449840269e-06
46.0 8.64233994378e-06
47.0 8.49757261092e-06
48.0 8.35971655993e-06
49.0 8.22833151495e-06
50.0 8.10301279224e-06
51.0 7.98338779411e-06
52.0 7.86911290936e-06
53.0 7.75987076636e-06
54.0 7.65536779264e-06
55.0 7.55533204198e-06
56.0 7.45951125525e-06
57.0 7.36767112625e-06
58.0 7.27959374758e-06
59.0 7.19507621523e-06
60.0 7.11392937312e-06
61.0 7.0359766816e-06
62.0 6.96105319572e-06
63.0 6.88900464119e-06
64.0 6.8196865771e-06
65.0 6.75296363617e-06
66.0 6.68870883425e-06
67.0 6.62680294176e-06
68.0 6.56713391066e-06
69.0 6.50959635142e-06
70.0 6.45409105483e-06
71.0 6.4005245543e-06
72.0 6.34880872465e-06
73.0 6.29886041399e-06
74.0 6.25060110539e-06
75.0 6.20395660569e-06
76.0 6.1588567589e-06
77.0 6.11523518191e-06
78.0 6.07302902059e-06
79.0 6.0321787244e-06
80.0 5.99262783793e-06
81.0 1.75608942478e-06
82.0 1.65911357588e-06
83.0 1.60769759149e-06
84.0 1.52929739403e-06
85.0 1.48489997475e-06
86.0 1.41734315206e-06
87.0 1.38230742239e-06
88.0 1.33001934863e-06
89.0 1.29850167834e-06
90.0 1.25180149147e-06
91.0 1.22361924563e-06
92.0 1.18828201969e-06
93.0 1.16528914126e-06
94.0 1.1324430797e-06
95.0 1.11118823616e-06
96.0 1.08143305011e-06
97.0 1.0686354401e-06
98.0 1.04229085758e-06
99.0 1.02473652269e-06
100.0 1.00018525092e-06
101.0 9.83768922186e-07
102.0 9.60831932323e-07
103.0 9.45446994125e-07
104.0 9.24377216046e-07
105.0 9.10313428409e-07
106.0 8.90895409942e-07
107.0 8.77647783171e-07
108.0 8.59371901996e-07
109.0 8.46874833343e-07
110.0 8.2965068023e-07
111.0 8.18187406221e-07
112.0 8.02568845844e-07
113.0 7.91709048678e-07
114.0 7.76914856761e-07
115.0 7.66612138879e-07
116.0 7.5258711416e-07
117.0 7.4280448471e-07
118.0 7.29490733207e-07
119.0 7.20452433374e-07
120.0 7.08287310031e-07
121.0 6.99673289755e-07
122.0 6.88082324752e-07
123.0 6.79867275763e-07
124.0 6.68812931895e-07
125.0 6.60969427838e-07
126.0 6.5041735433e-07
127.0 6.42926080104e-07
128.0 6.33064830935e-07
129.0 6.26111098218e-07
130.0 6.16878780618e-07
131.0 6.10217066903e-07
132.0 6.01366874728e-07
133.0 5.94980375179e-07
134.0 5.86492013762e-07
135.0 5.80363529078e-07
136.0 5.72218094183e-07
137.0 5.66334796632e-07
138.0 5.58511608741e-07
139.0 5.53023769117e-07
140.0 5.45824608391e-07
141.0 5.40543655797e-07
142.0 5.33611132534e-07
143.0 5.28525014614e-07
144.0 5.2184547236e-07
145.0 5.16945612032e-07
146.0 5.10507524313e-07
147.0 5.05784544628e-07
148.0 4.99577039979e-07
149.0 4.95022144827e-07
150.0 4.8903141482e-07
151.0 4.84637560861e-07
152.0 4.79114555064e-07
153.0 4.74997950691e-07
154.0 4.69657702599e-07
155.0 4.65677003874e-07
156.0 4.6051113938e-07
157.0 4.56661211085e-07
158.0 4.51661822231e-07
159.0 4.47936750506e-07
160.0 4.4309638496e-07
161.0 4.39491586719e-07
162.0 4.34803196996e-07
163.0 4.31312378513e-07
164.0 4.26771219571e-07
165.0 4.23389395402e-07
166.0 4.18988139887e-07
167.0 4.1582103958e-07
168.0 4.11766006601e-07
169.0 4.08693028061e-07
170.0 4.04756416447e-07
171.0 4.01773691252e-07
172.0 3.97949848709e-07
173.0 3.95053718701e-07
174.0 3.91338142478e-07
175.0 3.88525137531e-07
176.0 3.84914353036e-07
177.0 3.8218117149e-07
178.0 3.78671065816e-07
179.0 3.7601534357e-07
180.0 3.72601997067e-07
181.0 3.70020708869e-07
182.0 3.66700396286e-07
183.0 3.64189933981e-07
184.0 3.60959845594e-07
185.0 3.58518940321e-07
186.0 3.55535506822e-07
187.0 3.53238244554e-07
188.0 3.50331198399e-07
189.0 3.48094499636e-07
190.0 3.45261097657e-07
191.0 3.43082099005e-07
192.0 3.40319732846e-07
193.0 3.38196374549e-07
194.0 3.35503843331e-07
195.0 3.33434148491e-07
196.0 3.30807739191e-07
197.0 3.2930045589e-07
198.0 3.26732444731e-07
199.0 3.26621088823e-07
200.0 3.2409132002e-07
201.0 3.24028980574e-07
202.0 3.21536607973e-07
203.0 3.21521968509e-07
204.0 3.19064964184e-07
205.0 3.19260157496e-07
206.0 3.16835675896e-07
207.0 3.17211043721e-07
208.0 3.15929630549e-07
209.0 3.16362099711e-07
210.0 3.15103394913e-07
211.0 3.15592990846e-07
212.0 3.14356335571e-07
213.0 3.14901870214e-07
214.0 3.13686635117e-07
215.0 3.14028007923e-07
216.0 3.12834233489e-07
217.0 3.13395611106e-07
218.0 3.1222228691e-07
219.0 3.12839473861e-07
220.0 3.11686031317e-07
221.0 3.12359220392e-07
222.0 3.1122511295e-07
223.0 3.11983627385e-07
224.0 3.10868264454e-07
225.0 3.11663615619e-07
226.0 3.10566538274e-07
227.0 3.11383688623e-07
228.0 3.10304486256e-07
229.0 3.11178929415e-07
230.0 3.10117131176e-07
231.0 3.11050042906e-07
232.0 3.10005194155e-07
233.0 3.10997851354e-07
234.0 3.09969512966e-07
235.0 3.10905032013e-07
236.0 3.09893005093e-07
237.0 3.1094621674e-07
238.0 3.09949976438e-07
239.0 3.11066047065e-07
240.0 3.1008519291e-07
241.0 3.11261911495e-07
242.0 3.10296062983e-07
243.0 3.11534991669e-07
244.0 3.10583780732e-07
245.0 3.11890571592e-07
246.0 3.10953635514e-07
247.0 3.12152496288e-07
248.0 3.11229769969e-07
249.0 3.12453212767e-07
250.0 3.11544413638e-07
251.0 3.1282974549e-07
252.0 3.11934542615e-07
253.0 3.13280921031e-07
254.0 3.12398997641e-07
255.0 3.13808107248e-07
256.0 3.12939156445e-07
257.0 3.14411917964e-07
258.0 3.13555643561e-07
259.0 3.15114505619e-07
260.0 3.14270592781e-07
261.0 3.15484579238e-07
262.0 3.14653290574e-07
263.0 3.15931908239e-07
264.0 3.15112948941e-07
265.0 3.16445855477e-07
266.0 3.15638954754e-07
267.0 3.17028457213e-07
268.0 3.16233351168e-07
269.0 3.17679967867e-07
270.0 3.16896401512e-07
271.0 3.18401661583e-07
272.0 3.1762938738e-07
273.0 3.19158778037e-07
274.0 3.18397595096e-07
275.0 3.19445420483e-07
276.0 3.18695669096e-07
277.0 3.19838615735e-07
278.0 3.1909999958e-07
279.0 3.20289901103e-07
280.0 3.19562184465e-07
281.0 3.20796862217e-07
282.0 3.20079819128e-07
283.0 3.21361268512e-07
284.0 3.20654678268e-07
285.0 3.21980641567e-07
286.0 3.21284292571e-07
287.0 3.22659023092e-07
288.0 3.21972706551e-07
289.0 3.23274547892e-07
290.0 3.22598166455e-07
291.0 3.22486328981e-07
292.0 3.21820906738e-07
293.0 3.23061870285e-07
294.0 3.22406076821e-07
295.0 3.23684631521e-07
296.0 3.23038279212e-07
297.0 3.2435977989e-07
298.0 3.23722682362e-07
299.0 3.25086819582e-07
300.0 3.18648268267e-07
301.0 3.19610776082e-07
302.0 3.18611554738e-07
303.0 3.19607140984e-07
304.0 3.18615249978e-07
305.0 3.19644658731e-07
306.0 3.18659583001e-07
307.0 3.19723128464e-07
308.0 3.18745032811e-07
309.0 3.19842527789e-07
