50 1.0656675542e-09
51 1.02485397946e-09
52 9.86330350727e-10
53 9.49929468419e-10
54 9.15498343801e-10
55 8.82898643084e-10
56 8.52002690621e-10
57 8.22694579128e-10
58 7.94867727194e-10
59 7.68424213149e-10
60 7.43274330972e-10
61 7.19335258026e-10
62 6.96530610966e-10
63 6.74790223698e-10
64 6.54049037152e-10
65 6.34247099285e-10
66 6.15328454856e-10
67 5.97241367473e-10
68 5.79938319589e-10
69 5.6337468024e-10
70 5.47508927085e-10
71 5.32302202316e-10
72 5.17719200843e-10
73 5.03725949841e-10
74 4.9029114102e-10
75 4.77385464492e-10
76 4.64981830817e-10
77 4.53054482819e-10
78 4.41579439681e-10
79 4.30533830809e-10
80 4.19897006054e-10
81 4.09648537314e-10
82 3.99770438975e-10
83 3.90244503379e-10
84 3.8105452127e-10
85 3.72184949526e-10
86 3.63620911159e-10
87 3.55348639403e-10
88 3.47355033625e-10
89 3.39627881374e-10
90 3.3215519224e-10
91 3.24926308082e-10
92 3.17930348714e-10
93 3.1115776622e-10
94 3.04598790635e-10
95 2.98244984265e-10
96 2.92087465326e-10
97 2.86118684301e-10
98 2.80330647584e-10
99 2.74716249749e-10
100 2.69268829456e-10
101 2.63981503323e-10
102 2.58848276147e-10
103 2.53863152722e-10
104 2.49020359888e-10
105 2.44314790621e-10
106 2.39741337893e-10
107 2.35294894679e-10
108 2.30970798043e-10
109 2.26764829137e-10
110 2.22672547068e-10
111 2.18689955034e-10
112 2.14813056232e-10
113 2.11038297948e-10
114 2.07362127469e-10
115 2.03781214125e-10
116 2.00292005204e-10
117 1.96891614124e-10
118 1.93576932261e-10
119 1.90345295081e-10
120 1.87193816004e-10
121 1.84120052538e-10
122 1.81121118104e-10
123 1.78194792255e-10
124 1.75338854547e-10
125 1.72551084532e-10
126 1.6982903972e-10
127 1.67170943755e-10
128 1.64574576189e-10
129 1.62038382712e-10
130 1.59560364921e-10
131 1.57138524415e-10
132 1.54771528926e-10
133 1.52457380054e-10
134 1.50194967574e-10
135 1.47982293086e-10
136 1.45818246367e-10
137 1.43701273103e-10
138 1.41630041028e-10
139 1.39603217875e-10
140 1.37619471374e-10
141 1.35677913349e-10
142 1.33776989486e-10
143 1.31915811608e-10
144 1.30093047446e-10
145 1.28307808822e-10
146 1.26559207558e-10
147 1.24845911387e-10
148 1.23167254173e-10
149 1.21522125696e-10
150 1.19909637775e-10
151 1.18329124277e-10
152 1.16779697024e-10
153 1.15260467837e-10
154 1.13770770582e-10
155 1.12309495037e-10
156 1.10876419157e-10
157 1.09470432719e-10
158 1.08091091633e-10
159 1.06737507721e-10
160 1.05409458939e-10
161 1.04105835064e-10
162 1.02826192006e-10
163 1.01570085675e-10
164 1.0033684994e-10
165 9.91258186644e-11
166 9.79367698051e-11
167 9.67688151832e-11
168 9.56217327541e-11
169 9.44948563841e-11
170 9.3387741984e-11
171 9.22999454644e-11
172 9.12310227363e-11
173 9.0180751755e-11
174 8.91482443421e-11
175 8.81335004976e-11
176 8.71360761323e-11
177 8.61553051124e-11
178 8.51909653932e-11
179 8.42428349301e-11
180 8.33104696341e-11
181 8.23934254157e-11
182 8.14914802305e-11
183 8.06041899892e-11
184 7.97313326473e-11
185 7.887268616e-11
186 7.80275843937e-11
187 7.71962493928e-11
188 7.63780150237e-11
189 7.55726592416e-11
190 7.4779960002e-11
191 7.39999173049e-11
192 7.32316429719e-11
193 7.24755810921e-11
194 7.17310655318e-11
195 7.09978742464e-11
196 7.02760072357e-11
197 6.95647983662e-11
198 6.88646917268e-11
199 6.81747991393e-11
200 6.74953426483e-11
201 6.6826100209e-11
202 6.61666277324e-11
203 6.55169252184e-11
204 6.48767706224e-11
205 6.42459418998e-11
206 6.3624217006e-11
207 6.30113738964e-11
208 6.2407412571e-11
209 6.18121109852e-11
210 6.12252470944e-11
211 6.06468208986e-11
212 6.00766103531e-11
213 5.95141713688e-11
214 5.89597259903e-11
215 5.84128301284e-11
216 5.78737058277e-11
217 5.73419089989e-11
218 5.6817439642e-11
219 5.63000757126e-11
220 5.57898172104e-11
221 5.52864420911e-11
222 5.47899503545e-11
223 5.42998979114e-11
224 5.38165068065e-11
225 5.33395549951e-11
226 5.28688204326e-11
227 5.24045251638e-11
228 5.19460030546e-11
229 5.14936981943e-11
230 5.10471664938e-11
231 5.06064079531e-11
232 5.0171422572e-11
233 4.97419883061e-11
234 4.93181051553e-11
235 4.8899551075e-11
236 4.84861040206e-11
237 4.80782080814e-11
238 4.76751971235e-11
239 4.72772931914e-11
240 4.68844962853e-11
241 4.64963623159e-11
242 4.61131133278e-11
243 4.57345272764e-11
244 4.53608262063e-11
245 4.49913439837e-11
246 4.46265246978e-11
247 4.4266146304e-11
248 4.39102088023e-11
249 4.35582681035e-11
250 4.32107682968e-11
251 4.2867265293e-11
252 4.25279811367e-11
253 4.21926937832e-11
254 4.18611811881e-11
255 4.15336653958e-11
256 4.12101464065e-11
257 4.08901801308e-11
258 4.05739886133e-11
259 4.02613498096e-11
260 3.99524857642e-11
261 3.96471744324e-11
262 3.93451937697e-11
263 3.90467658207e-11
264 3.87516685407e-11
265 3.84599019299e-11
266 3.81712439435e-11
267 3.78861386707e-11
268 3.76039199779e-11
269 3.73250319541e-11
270 3.70492525548e-11
271 3.67763597353e-11
272 3.65065755403e-11
273 3.62398999698e-11
274 3.59758889346e-11
275 3.57147644792e-11
276 3.54567486482e-11
277 3.5201175308e-11
278 3.49484885476e-11
279 3.4698688367e-11
280 3.44513306771e-11
281 3.42066375225e-11
282 3.39646089031e-11
283 3.37250227744e-11
284 3.3488101181e-11
285 3.32536220782e-11
286 3.3021585466e-11
287 3.27919913445e-11
288 3.25646176691e-11
289 3.23399085289e-11
290 3.21171977902e-11
291 3.18969295421e-11
292 3.16791037847e-11
293 3.14632764287e-11
294 3.12496695187e-11
295 3.10382830548e-11
296 3.08288949924e-11
297 3.0621727376e-11
298 3.04167802057e-11
299 3.02136093921e-11
300 3.00126590247e-11
301 2.98137070587e-11
302 2.96165314495e-11
303 2.94215762864e-11
304 2.92283974801e-11
305 2.90369950307e-11
306 2.88475909827e-11
307 2.86601853361e-11
308 2.84743340018e-11
309 2.82904810689e-11
310 2.81081824482e-11
311 2.79278822291e-11
312 2.77491363221e-11
313 2.7572166772e-11
314 2.73969735787e-11
315 2.72233346976e-11
316 2.70514721734e-11
317 2.68809419168e-11
318 2.67121880171e-11
319 2.65452104742e-11
320 2.63795651989e-11
321 2.62154742359e-11
322 2.60529375851e-11
323 2.58919552465e-11
324 2.57325272202e-11
325 2.55744314615e-11
326 2.54176679704e-11
327 2.52626808361e-11
328 2.51088039249e-11
329 2.49564813259e-11
330 2.48054909946e-11
331 2.46558329309e-11
332 2.45077291794e-11
333 2.43607356509e-11
334 2.42150743901e-11
335 2.40707453969e-11
336 2.39277486713e-11
337 2.37860842134e-11
338 2.36455299785e-11
339 2.35063080112e-11
340 2.33681962669e-11
341 2.32314167903e-11
342 2.30957475367e-11
343 2.29614105507e-11
344 2.28281837877e-11
345 2.26960672478e-11
346 2.25650609309e-11
347 2.2435164837e-11
348 2.23066010108e-11
349 2.21789253629e-11
350 2.20523599381e-11
351 2.19269047363e-11
352 2.18025597576e-11
353 2.16793250019e-11
354 2.15569784245e-11
355 2.14357420703e-11
356 2.1315615939e-11
357 2.11963779861e-11
358 2.10780282117e-11
359 2.09607886603e-11
360 2.08446593319e-11
361 2.0729418182e-11
362 2.06150652104e-11
363 2.05016004173e-11
364 2.03890238026e-11
365 2.0277557411e-11
366 2.01669791977e-11
367 2.00572891629e-11
368 1.99484873065e-11
369 1.98403515839e-11
370 1.97333260843e-11
371 1.96271887631e-11
372 1.95217175758e-11
373 1.94173566115e-11
374 1.9313661781e-11
375 1.92108551289e-11
376 1.91087146106e-11
377 1.90074622708e-11
378 1.89070981094e-11
379 1.88076221264e-11
380 1.87085902326e-11
381 1.86106685618e-11
382 1.85134130248e-11
383 1.84168236217e-11
384 1.8321122397e-11
385 1.82260873061e-11
386 1.8131718349e-11
387 1.80382375703e-11
388 1.79454229254e-11
389 1.78532744144e-11
390 1.77617920372e-11
391 1.76709757937e-11
392 1.75810477288e-11
393 1.74917857976e-11
394 1.74029679556e-11
395 1.73150382921e-11
396 1.72277747623e-11
397 1.71411773664e-11
398 1.70550240597e-11
399 1.69697589314e-11
400 1.68849378923e-11
401 1.68010050317e-11
402 1.67175162602e-11
403 1.66346936226e-11
404 1.65523150741e-11
405 1.64708247041e-11
406 1.63897784233e-11
407 1.63093982763e-11
408 1.62294622186e-11
409 1.61501922946e-11
410 1.60715885045e-11
411 1.59934288035e-11
412 1.59159352364e-11
413 1.58388857585e-11
414 1.57625024144e-11
415 1.56867852041e-11
416 1.56112900385e-11
417 1.55366830512e-11
418 1.54622981086e-11
419 1.53885792997e-11
420 1.53155266247e-11
421 1.52429180389e-11
422 1.51707535423e-11
423 1.50990331349e-11
424 1.50279788613e-11
425 1.4957368677e-11
426 1.48872025818e-11
427 1.48174805759e-11
428 1.47484247037e-11
429 1.46798129208e-11
430 1.46116452271e-11
431 1.45439216226e-11
432 1.44766421073e-11
433 1.44098066812e-11
434 1.43434153443e-11
435 1.42776901413e-11
436 1.42121869828e-11
437 1.41473499582e-11
438 1.40827349782e-11
439 1.40187861319e-11
440 1.39550593303e-11
441 1.38917766179e-11
442 1.38291600393e-11
443 1.37667655054e-11
444 1.37048150606e-11
445 1.3643308705e-11
446 1.35822464387e-11
447 1.35214062169e-11
448 1.3461232129e-11
449 1.34012800856e-11
450 1.33417721315e-11
451 1.32827082666e-11
452 1.32240884909e-11
453 1.31656907598e-11
454 1.31077371179e-11
455 1.30502275653e-11
456 1.29931621018e-11
457 1.29363186829e-11
458 1.28799193533e-11
459 1.28239641128e-11
460 1.2768230917e-11
461 1.27129418104e-11
462 1.26578747484e-11
463 1.26032517755e-11
464 1.25490728919e-11
465 1.24951160529e-11
466 1.24416033032e-11
467 1.2388312598e-11
468 1.2335465982e-11
469 1.22828414106e-11
470 1.22306609285e-11
471 1.21789245355e-11
472 1.21271881426e-11
473 1.20761178835e-11
474 1.20252696689e-11
475 1.1974643499e-11
476 1.19244614183e-11
477 1.18745013822e-11
478 1.18247633907e-11
479 1.17754694884e-11
480 1.17263976307e-11
481 1.16777698622e-11
482 1.16293641383e-11
483 1.15811804591e-11
484 1.1533440869e-11
485 1.14859233236e-11
486 1.14388498673e-11
487 1.13917764111e-11
488 1.1345147044e-11
489 1.12989617662e-11
490 1.12527764884e-11
491 1.12070352998e-11
492 1.11615161558e-11
493 1.11162190564e-11
494 1.10713660462e-11
495 1.10267350806e-11
496 1.09823261596e-11
497 1.09381392832e-11
498 1.08941744514e-11
499 1.08506537089e-11
