1 0.009
2 0.00209932
3 0.000895958
4 0.000489685
5 0.000306482
6 0.00020899
7 0.000151195
8 0.000114223
9 8.91935e-05
10 7.14895e-05
11 5.85218e-05
12 4.87486e-05
13 4.12061e-05
14 3.52674e-05
15 3.05106e-05
16 2.66435e-05
17 2.34585e-05
18 2.08051e-05
19 1.85721e-05
20 1.66755e-05
21 1.50516e-05
22 1.36507e-05
23 1.24341e-05
24 1.1371e-05
25 1.04368e-05
26 9.61166e-06
27 8.8793e-06
28 8.22642e-06
29 7.64199e-06
30 7.11685e-06
31 6.64329e-06
32 6.21481e-06
33 5.8259e-06
34 5.47188e-06
35 5.14872e-06
36 4.85297e-06
37 4.58162e-06
38 4.33208e-06
39 4.10211e-06
40 3.8897e-06
41 3.69315e-06
42 3.5109e-06
43 3.34163e-06
44 3.18414e-06
45 3.03736e-06
46 2.90035e-06
47 2.77228e-06
48 2.65238e-06
49 2.53998e-06
50 2.43448e-06
51 2.33531e-06
52 2.242e-06
53 2.15409e-06
54 2.07117e-06
55 1.99288e-06
56 1.91888e-06
57 1.84887e-06
58 1.78256e-06
59 1.7197e-06
60 1.66006e-06
61 1.60343e-06
62 1.5496e-06
63 1.4984e-06
64 1.44965e-06
65 1.40322e-06
66 1.35894e-06
67 1.3167e-06
68 1.27636e-06
69 1.23783e-06
70 1.20098e-06
71 1.16574e-06
72 1.13199e-06
73 1.09968e-06
74 1.0687e-06
75 1.039e-06
76 1.01049e-06
77 9.83132e-07
78 9.5685e-07
79 9.31592e-07
80 9.07305e-07
81 8.83942e-07
82 8.61457e-07
83 8.39805e-07
84 8.18947e-07
85 7.98845e-07
86 7.79463e-07
87 7.60768e-07
88 7.42726e-07
89 7.2531e-07
90 7.08489e-07
91 6.92238e-07
92 6.76532e-07
93 6.61345e-07
94 6.46657e-07
95 6.32445e-07
96 6.1869e-07
97 6.05371e-07
98 5.92472e-07
99 5.79974e-07
100 5.67862e-07
101 5.56119e-07
102 5.44731e-07
103 5.33684e-07
104 5.22965e-07
105 5.1256e-07
106 5.02458e-07
107 4.92648e-07
108 4.83117e-07
109 4.73857e-07
110 4.64855e-07
111 4.56104e-07
112 4.47594e-07
113 4.39317e-07
114 4.31263e-07
115 4.23426e-07
116 4.15796e-07
117 4.08368e-07
118 4.01135e-07
119 3.94089e-07
120 3.87224e-07
121 3.80534e-07
122 3.74013e-07
123 3.67656e-07
124 3.61457e-07
125 3.55412e-07
126 3.49514e-07
127 3.43759e-07
128 3.38144e-07
129 3.32663e-07
130 3.27312e-07
131 3.22087e-07
132 3.16984e-07
133 3.12e-07
134 3.0713e-07
135 3.02372e-07
136 2.97722e-07
137 2.93177e-07
138 2.88733e-07
139 2.84388e-07
140 2.80139e-07
141 2.75983e-07
142 2.71917e-07
143 2.6794e-07
144 2.64047e-07
145 2.60237e-07
146 2.56508e-07
147 2.52858e-07
148 2.49283e-07
149 2.45783e-07
150 2.42354e-07
151 2.38996e-07
152 2.35706e-07
153 2.32483e-07
154 2.29324e-07
155 2.26228e-07
156 2.23193e-07
157 2.20218e-07
158 2.17301e-07
159 2.14441e-07
160 2.11636e-07
161 2.08885e-07
162 2.06187e-07
163 2.03539e-07
164 2.00942e-07
165 1.98393e-07
166 1.95891e-07
167 1.93436e-07
168 1.91026e-07
169 1.8866e-07
170 1.86337e-07
171 1.84056e-07
172 1.81816e-07
173 1.79616e-07
174 1.77455e-07
175 1.75333e-07
176 1.73247e-07
177 1.71198e-07
178 1.69184e-07
179 1.67206e-07
180 1.65261e-07
181 1.63349e-07
182 1.6147e-07
183 1.59623e-07
184 1.57807e-07
185 1.56021e-07
186 1.54264e-07
187 1.52537e-07
188 1.50838e-07
189 1.49167e-07
190 1.47523e-07
191 1.45906e-07
192 1.44314e-07
193 1.42749e-07
194 1.41208e-07
195 1.39691e-07
196 1.38199e-07
197 1.3673e-07
198 1.35284e-07
199 1.3386e-07
200 1.32458e-07
201 1.31078e-07
202 1.29719e-07
203 1.28381e-07
204 1.27063e-07
205 1.25765e-07
206 1.24486e-07
207 1.23227e-07
208 1.21986e-07
209 1.20763e-07
210 1.19559e-07
211 1.18372e-07
212 1.17203e-07
213 1.1605e-07
214 1.14914e-07
215 1.13795e-07
216 1.12691e-07
217 1.11603e-07
218 1.10531e-07
219 1.09474e-07
220 1.08431e-07
221 1.07404e-07
222 1.0639e-07
223 1.05391e-07
224 1.04405e-07
225 1.03433e-07
226 1.02474e-07
227 1.01529e-07
228 1.00596e-07
229 9.96754e-08
230 9.87675e-08
231 9.78717e-08
232 9.69879e-08
233 9.61159e-08
234 9.52553e-08
235 9.44061e-08
236 9.3568e-08
237 9.27408e-08
238 9.19244e-08
239 9.11186e-08
240 9.03231e-08
241 8.95379e-08
242 8.87626e-08
243 8.79973e-08
244 8.72417e-08
245 8.64955e-08
246 8.57588e-08
247 8.50313e-08
248 8.43129e-08
249 8.36034e-08
250 8.29027e-08
251 8.22106e-08
252 8.1527e-08
253 8.08517e-08
254 8.01847e-08
255 7.95258e-08
256 7.88749e-08
257 7.82317e-08
258 7.75963e-08
259 7.69685e-08
260 7.63481e-08
261 7.57351e-08
262 7.51294e-08
263 7.45307e-08
264 7.39391e-08
265 7.33544e-08
266 7.27765e-08
267 7.22053e-08
268 7.16406e-08
269 7.10825e-08
270 7.05308e-08
271 6.99853e-08
272 6.94461e-08
273 6.8913e-08
274 6.83859e-08
275 6.78647e-08
276 6.73494e-08
277 6.68398e-08
278 6.63359e-08
279 6.58376e-08
280 6.53447e-08
281 6.48574e-08
282 6.43753e-08
283 6.38985e-08
284 6.3427e-08
285 6.29605e-08
286 6.24991e-08
287 6.20427e-08
288 6.15911e-08
289 6.11444e-08
290 6.07025e-08
291 6.02653e-08
292 5.98327e-08
293 5.94047e-08
294 5.89811e-08
295 5.85621e-08
296 5.81473e-08
297 5.7737e-08
298 5.73308e-08
299 5.69289e-08
300 5.65312e-08
301 5.61375e-08
302 5.57478e-08
303 5.53622e-08
304 5.49804e-08
305 5.46025e-08
306 5.42285e-08
307 5.38582e-08
308 5.34917e-08
309 5.31288e-08
310 5.27695e-08
311 5.24138e-08
312 5.20616e-08
313 5.1713e-08
314 5.13677e-08
315 5.10259e-08
316 5.06874e-08
317 5.03522e-08
318 5.00202e-08
319 4.96915e-08
320 4.9366e-08
321 4.90436e-08
322 4.87243e-08
323 4.8408e-08
324 4.80948e-08
325 4.77845e-08
326 4.74772e-08
327 4.71729e-08
328 4.68713e-08
329 4.65727e-08
330 4.62768e-08
331 4.59837e-08
332 4.56933e-08
333 4.54056e-08
334 4.51206e-08
335 4.48382e-08
336 4.45584e-08
337 4.42812e-08
338 4.40066e-08
339 4.37344e-08
340 4.34647e-08
341 4.31975e-08
342 4.29326e-08
343 4.26702e-08
344 4.24101e-08
345 4.21524e-08
346 4.1897e-08
347 4.16438e-08
348 4.13929e-08
349 4.11442e-08
350 4.08978e-08
