1.99881409372
50 4.5535847088e-05
51 7.8502941694e-05
52 0.000129933154154
53 0.000207119336771
54 0.000319969884934
55 0.00047906108492
56 0.000699495888244
57 0.000992976525319
58 0.00137901855091
59 0.00187362069692
60 0.00249044251539
61 0.00325889776843
62 0.00419823101523
63 0.00530772607773
64 0.00662692810738
65 0.0081710710354
66 0.00994969911273
67 0.0119648237099
68 0.0142536316702
69 0.0168216459848
70 0.0196669025143
71 0.0227786870941
72 0.0262182433485
73 0.0298954409591
74 0.0338758014077
75 0.0381467790691
76 0.0426884375766
77 0.0474434097254
78 0.0524976668693
79 0.0578185584311
80 0.0633610446126
81 0.069131609033
82 0.0751218180072
83 0.0813254357187
84 0.0877117497055
85 0.0942454488402
86 0.100981347059
87 0.107827379608
88 0.11481413654
89 0.121910247452
90 0.129121714903
91 0.136418313944
92 0.143812307997
93 0.151228597862
94 0.158729450496
95 0.166238385154
96 0.173830720173
97 0.181372768508
98 0.188946636244
99 0.196529534192
100 0.204097698592
101 0.211692572113
102 0.21922740097
103 0.226676131472
104 0.234158349119
105 0.241585502919
106 0.248937020748
107 0.25627195769
108 0.263493637977
109 0.270665067781
110 0.277771275792
111 0.284797076572
112 0.291818190498
113 0.29863915385
114 0.305524017166
115 0.31217746635
116 0.318876120047
117 0.325413530849
118 0.331877601452
119 0.338258730745
120 0.344547286955
121 0.350733631315
122 0.356808142206
123 0.362874474858
124 0.368813550151
125 0.374615816419
126 0.38039052629
127 0.386013134508
128 0.391596522838
129 0.397012693313
130 0.402378089161
131 0.407688655323
132 0.412940334278
133 0.417998599705
134 0.42311874956
135 0.428034295148
136 0.432871763381
137 0.437627238093
138 0.44243488969
139 0.447016197318
140 0.45150395601
141 0.456036709732
142 0.460471187095
143 0.464803653734
144 0.469030435511
145 0.473147923685
146 0.477301508474
147 0.481191083505
148 0.485263721157
149 0.489065444197
150 0.492896908209
151 0.496603349617
152 0.500337621981
153 0.503942648141
154 0.507573611278
155 0.511071187743
156 0.514432270035
157 0.517815422644
158 0.521058164338
159 0.524321181409
160 0.527604601277
161 0.530742903784
162 0.533899844433
163 0.536907962744
164 0.539933002291
165 0.542805647088
166 0.545693550032
167 0.548596792679
168 0.551343381705
169 0.554103698535
170 0.556704064558
171 0.559491175044
172 0.562116780897
173 0.564578483291
174 0.567227922284
175 0.569711968773
176 0.57202834628
177 0.574533377977
178 0.57686932293
179 0.579214748213
180 0.581388244263
181 0.583752009366
182 0.585942499546
183 0.588141194088
184 0.59016393797
185 0.592378443571
186 0.594415731907
187 0.596460013209
188 0.598511311741
189 0.600569651841
190 0.602447040073
191 0.604330284969
192 0.606219405025
193 0.608114418793
194 0.610015344877
195 0.611731287842
196 0.613643498053
197 0.615369625766
198 0.617100598826
199 0.618836431019
200 0.620383523025
201 0.622128570612
202 0.623683874696
203 0.625243058233
204 0.627001747696
205 0.628569208476
206 0.62994398403
207 0.631518783949
208 0.633097512713
209 0.634482169136
210 0.635869846655
211 0.637459429789
212 0.63885360443
213 0.640250821315
214 0.641651087202
215 0.642853786311
216 0.644259731953
217 0.645668745988
218 0.646878957064
219 0.648293686992
220 0.649508806293
221 0.65072619746
222 0.651945864834
223 0.653167812765
224 0.654392045604
225 0.655618567712
226 0.656847383454
227 0.657873189575
228 0.65910622107
229 0.660135545286
230 0.661372807297
231 0.662405661962
232 0.663440125167
233 0.664683566774
234 0.665721578444
235 0.666761206865
236 0.667802454608
237 0.668845324247
238 0.669680827589
239 0.670726622518
240 0.671774046552
241 0.672823102264
242 0.673663559135
243 0.674715557761
244 0.675558371139
245 0.676613321015
246 0.677458497563
247 0.678304726223
248 0.679363953362
249 0.680212554767
250 0.681062212515
251 0.681912927894
252 0.682764702188
253 0.683617536672
254 0.684471432614
255 0.685326391272
256 0.686182413896
257 0.687039501728
258 0.687897655995
259 0.688542003885
260 0.689402026395
261 0.69026311862
262 0.690909669181
263 0.691772635162
264 0.692420590163
265 0.693285433219
266 0.69393479488
267 0.69480151818
268 0.695452288557
269 0.696320895101
270 0.69697307607
271 0.697625861179
272 0.698279250612
273 0.699151359798
274 0.699806162493
275 0.700461570074
276 0.701117582598
277 0.701774200085
278 0.70243142252
279 0.703089249844
280 0.703747681959
281 0.704406718722
282 0.705066359944
283 0.705726605387
284 0.706387454765
285 0.706828329829
286 0.707490179552
287 0.708152631835
288 0.708815686167
289 0.709479341977
290 0.709922055716
291 0.710586705176
292 0.711251953812
293 0.711695704634
294 0.712361941192
295 0.712806331414
296 0.713473551229
297 0.713918575362
298 0.714586773124
299 0.715032425016
300 0.71570159473
301 0.716147867525
302 0.716818002466
303 0.717264888561
304 0.717712008489
305 0.718383472232
306 0.718831192464
307 0.719279139431
308 0.719951911867
309 0.72040044422
310 0.720849195212
311 0.721523253221
312 0.721972572609
313 0.722422101475
314 0.722871836492
315 0.723321774209
316 0.723771911038
317 0.724448246673
318 0.724898910961
319 0.725349762854
320 0.725800798218
321 0.726252012774
322 0.726703402097
323 0.727154961615
324 0.727606686607
325 0.728058572197
326 0.728510613357
327 0.728962804901
328 0.729415141487
329 0.729867617609
330 0.730320227603
331 0.730772965637
332 0.731225825718
333 0.731450543605
334 0.731972000159
335 0.732379385937
336 0.732809678667
337 0.733217155643
338 0.733624661406
339 0.734032188754
340 0.734439730309
341 0.734847278517
342 0.735231885112
343 0.735639410551
344 0.736023953683
345 0.736408446784
346 0.736815870638
347 0.737200250176
348 0.737561540642
349 0.737945747465
350 0.738329860287
351 0.738713869777
352 0.739074706041
353 0.739435396561
354 0.739819014363
355 0.7401793949
356 0.740539599603
357 0.740899618093
358 0.741236312013
359 0.741595915024
360 0.741955299645
361 0.7422912941
362 0.742650197361
363 0.742985666151
364 0.743320849619
365 0.743655736043
366 0.744013527233
367 0.744324570059
368 0.744658493393
369 0.744992071173
370 0.745325290874
371 0.74563487483
372 0.745967329805
373 0.746276103228
374 0.746607741584
375 0.746915652036
376 0.747223106181
377 0.74753009049
378 0.747836591298
379 0.748142594804
380 0.748448087071
381 0.748753054034
382 0.749034110498
383 0.749337974665
384 0.749617881381
385 0.749920585055
386 0.750199283924
387 0.750500768468
388 0.750778200475
389 0.751054972332
390 0.751331068986
391 0.751606475283
392 0.751881175974
393 0.752155155715
394 0.752428399075
395 0.752677405908
396 0.752949121387
397 0.753220053703
398 0.753466677857
399 0.753735988098
400 0.75398094243
401 0.754225034206
402 0.754491787954
403 0.754734114273
404 0.754975529994
405 0.755216019009
406 0.75545556516
407 0.755694152249
408 0.755931764039
409 0.756168384254
410 0.75640399659
411 0.756614977284
412 0.756848517549
413 0.757081000894
414 0.757288782478
415 0.757519095591
416 0.757724660551
417 0.757929089476
418 0.758156020791
419 0.758358134976
420 0.758559064124
421 0.758758791928
422 0.758957302093
423 0.759178264966
424 0.759374297146
425 0.759545364055
426 0.759738841081
427 0.759931019303
428 0.760121882574
429 0.760311414784
430 0.760475872028
431 0.760662688124
432 0.760848125125
433 0.76100842266
434 0.76119104804
435 0.761348491694
436 0.76152824235
437 0.761682769441
438 0.76183581252
439 0.762011131129
440 0.762161164656
441 0.762309668068
442 0.762456626168
443 0.762602023839
444 0.762745846051
445 0.762888077859
446 0.763028704408
447 0.763167710938
448 0.763305082783
449 0.763440805373
450 0.76357486424
451 0.763683417163
452 0.763814101521
453 0.763943079432
454 0.764046497675
455 0.764172016765
456 0.764295787676
457 0.764393946697
458 0.764514176524
459 0.764608760782
460 0.764701536316
461 0.764816352523
462 0.764905474396
463 0.764992748754
464 0.765102034292
465 0.765185578411
466 0.765267237411
467 0.765346999051
468 0.765424851226
469 0.765500781973
470 0.765574779471
471 0.765646832042
472 0.765716928153
473 0.765785056419
474 0.7658512056
475 0.765915364608
476 0.765977522503
477 0.766037668497
478 0.766071889635
479 0.766127978327
480 0.766182023738
481 0.766210109072
482 0.766260036008
483 0.766307889686
484 0.766329750055
485 0.766373426919
486 0.766391089713
487 0.766430552512
488 0.766443981384
489 0.766479194157
490 0.766488354063
491 0.766495366643
492 0.76652413935
493 0.766526832917
494 0.766527354977
495 0.766525697823
496 0.766521853914
497 0.766539732007
498 0.766531492373
499 0.766521044291
500 0.766508380889
501 0.766493495459
502 0.766476381461
503 0.766457032523
504 0.76643544244
505 0.766411605174
506 0.766385514853
507 0.766357165774
508 0.7663265524
509 0.766269760928
510 0.766234604118
511 0.766197167474
512 0.766157446123
513 0.766091532495
514 0.766047229165
515 0.76600062758
516 0.765927825777
517 0.765876616815
518 0.765823097532
519 0.765743372215
520 0.765685223111
521 0.765600865546
522 0.765538073335
523 0.765449071173
524 0.765381623862
525 0.76528796604
526 0.76519197814
527 0.765117529655
528 0.76501687197
529 0.764937744059
530 0.764832408702
531 0.764724733622
532 0.764614717389
533 0.764526211972
534 0.764411506171
535 0.764294455768
536 0.764175059945
537 0.76405331803
538 0.763929229505
539 0.763826625411
540 0.763697838678
541 0.76356670459
542 0.763433223214
543 0.763297394766
544 0.763159219602
545 0.763018698223
546 0.762875831271
547 0.762730619528
548 0.762559271315
549 0.762409377574
550 0.762257142296
551 0.762102566815
552 0.7619456526
553 0.761786401255
554 0.761624814517
555 0.761437136671
556 0.761270890066
557 0.761102314134
558 0.760907670074
559 0.760734447788
560 0.760558903394
561 0.760357315646
562 0.760177140683
563 0.759994651955
564 0.759786146405
565 0.759599045102
566 0.759385945897
567 0.75919424526
568 0.758976566394
569 0.758780280594
570 0.758558036983
571 0.758357181102
572 0.758130388564
573 0.75792497858
574 0.757693653813
575 0.757483706575
576 0.757247867138
577 0.757009780931
578 0.756793064642
579 0.756550491747
580 0.756305686637
581 0.756082244121
582 0.755832982126
583 0.755581503365
584 0.755327813204
585 0.755095476044
586 0.7548373715
587 0.754577072143
588 0.754314583708
589 0.754049912017
590 0.753783062983
591 0.753537552932
592 0.753266358827
593 0.75299300556
594 0.752717499379
595 0.752439846617
596 0.752160053685
597 0.751878127075
598 0.751594073355
599 0.75130789917
