3.26635914794
50 0.0341787743113
51 0.0410997835588
52 0.0486898899468
53 0.0570697357598
54 0.0660413969112
55 0.0756935025315
56 0.0860193448683
57 0.0968203719193
58 0.108167336861
59 0.119945704266
60 0.132158582555
61 0.144686650042
62 0.157560304282
63 0.170485753225
64 0.183882414941
65 0.197277788458
66 0.210748643741
67 0.224420576773
68 0.237963000547
69 0.251785229585
70 0.265277342829
71 0.278600432292
72 0.292280766377
73 0.305328993853
74 0.318619833111
75 0.331428279601
76 0.344384319097
77 0.357047108907
78 0.369466283179
79 0.381666266814
80 0.393681446464
81 0.405426476171
82 0.416988449557
83 0.428286594781
84 0.439328872129
85 0.450175994163
86 0.460750711176
87 0.471071744359
88 0.48116243903
89 0.491050617248
90 0.500661797029
91 0.51002627857
92 0.519178639112
93 0.528101317976
94 0.536776964032
95 0.54524654688
96 0.553495917143
97 0.561511132
98 0.569339114169
99 0.576968867523
100 0.584389564277
101 0.591590570438
102 0.598625208363
103 0.60548547725
104 0.612098328575
105 0.618585703724
106 0.624875571754
107 0.631027730453
108 0.636969052196
109 0.64282934925
110 0.648467264453
111 0.653945653899
112 0.659329857135
113 0.66454603718
114 0.669589522356
115 0.674527586995
116 0.679357344963
117 0.684003126105
118 0.688607318661
119 0.693021067761
120 0.69731456811
121 0.701559935651
122 0.705680831904
123 0.709674767302
124 0.713539319211
125 0.717348508044
126 0.721024452943
127 0.724642053044
128 0.728122715737
129 0.731542183094
130 0.734899438796
131 0.738114889552
132 0.741344390429
133 0.744429466398
134 0.74744777815
135 0.750398411755
136 0.753200273484
137 0.756012582052
138 0.758754587861
139 0.761425451684
140 0.764024354042
141 0.76655049562
142 0.769084977421
143 0.771463535325
144 0.773849438344
145 0.776160067971
146 0.77839470726
147 0.780635770441
148 0.782799928066
149 0.784886505981
150 0.786978636992
151 0.788992328869
152 0.790926952047
153 0.792866311206
154 0.794725800695
155 0.796589643999
156 0.798372845903
157 0.8001600329
158 0.801865836721
159 0.803575270818
160 0.805202610605
161 0.806833240203
162 0.808467166401
163 0.81001815103
164 0.811485704749
165 0.813042469993
166 0.814428778819
167 0.815904309009
168 0.817295488408
169 0.818689035513
170 0.819997647419
171 0.821308347008
172 0.822621137703
173 0.823848306093
174 0.825165149137
175 0.826308126743
176 0.82754078461
177 0.828687046122
178 0.829834892159
179 0.830984324983
180 0.832135346857
181 0.833199248054
182 0.834264506641
183 0.835331124412
184 0.836310060115
185 0.8372901405
186 0.838360618727
187 0.83925374089
188 0.840237263682
189 0.841221936731
190 0.842118100291
191 0.843015216402
192 0.843913286118
193 0.844812310499
194 0.845622256554
195 0.846523097565
196 0.847334680027
197 0.848147038767
198 0.848960174563
199 0.849774088194
200 0.850498227502
201 0.851313612367
202 0.85203906041
203 0.852765125122
204 0.853491807059
205 0.854219106775
206 0.854947024822
207 0.855675561755
208 0.856313546339
209 0.85695200532
210 0.857682246795
211 0.858321723744
212 0.858961676272
213 0.859602104755
214 0.860243009569
215 0.860792742647
216 0.861434532955
217 0.861985025349
218 0.862627702453
219 0.86317895529
220 0.863730559422
221 0.864374534898
222 0.864926901116
223 0.865479619391
224 0.86594049372
225 0.86649385794
226 0.867047574899
227 0.867601644836
228 0.868063645813
229 0.868525892026
230 0.869080904196
231 0.869543690548
232 0.870006722588
233 0.870562678702
234 0.871026251866
235 0.871490071165
236 0.871954136739
237 0.872418448727
238 0.872790082131
239 0.873254837899
240 0.873719840464
241 0.874092026284
242 0.874557473315
243 0.874930014668
244 0.875395906593
245 0.875768803817
246 0.876235141055
247 0.876608394476
248 0.876981806246
249 0.877355376423
250 0.87782255577
251 0.878196482711
252 0.878570568234
253 0.878944812387
254 0.879319215214
255 0.879600126947
256 0.879974807368
257 0.880349646555
258 0.880724644537
259 0.881099801336
260 0.881381277624
261 0.881756712153
262 0.882038396248
263 0.882414108466
264 0.882696000247
265 0.883071990056
266 0.883354089343
267 0.883730356583
268 0.884012663125
269 0.884295058153
270 0.884671721027
271 0.884954322772
272 0.885237012664
273 0.885519790563
274 0.885896966146
275 0.886179949684
276 0.886463020725
277 0.886746179062
278 0.887029424473
279 0.887312756716
280 0.887596175528
281 0.887879680623
282 0.888163271695
283 0.888352367257
284 0.888636099067
285 0.88891991577
286 0.889203816953
287 0.889487802173
288 0.889677148829
289 0.889961270432
290 0.890245474539
291 0.890434957806
292 0.890719294892
293 0.891003712625
294 0.891193326837
295 0.891477873444
296 0.891667564532
297 0.89195223684
298 0.892142001418
299 0.892426795864
300 0.892616630146
301 0.892901542755
302 0.893091442524
303 0.893281363207
304 0.893566429441
305 0.893756408397
306 0.893946404372
307 0.894231612585
308 0.894421658453
309 0.894611716834
310 0.894801786079
311 0.895087152139
312 0.895277258076
313 0.895467369454
314 0.895657484302
315 0.895847600558
316 0.896037716075
317 0.896323247814
318 0.896513375264
319 0.896703494966
320 0.89689360439
321 0.897083700904
322 0.897273781773
323 0.897463844154
324 0.897653885098
325 0.897843901542
326 0.898033890313
327 0.898223848119
328 0.898413771552
329 0.898603657083
330 0.898793501061
331 0.898887597467
332 0.89911561444
333 0.899286150361
334 0.899466197011
335 0.89963660027
336 0.899816509262
337 0.899986762138
338 0.900156931928
339 0.900327013784
340 0.900487415929
341 0.900657304999
342 0.900827090731
343 0.90098717559
344 0.901147142597
345 0.901306986025
346 0.901466699995
347 0.901626278473
348 0.901785715268
349 0.901945004036
350 0.90209453438
351 0.902253505726
352 0.902402701884
353 0.902551719763
354 0.902700552221
355 0.902849191954
356 0.902997631492
357 0.903145863203
358 0.903293879289
359 0.903432053662
360 0.903579612869
361 0.903717310906
362 0.903864380061
363 0.904001567931
364 0.904138486887
365 0.904275127974
366 0.904411482072
367 0.904547539893
368 0.904683291984
369 0.904809095948
370 0.904944206116
371 0.905069345657
372 0.905203774119
373 0.905328208811
374 0.905452274851
375 0.905575961647
376 0.905699258449
377 0.905822154344
378 0.905944638264
379 0.90606669898
380 0.906188325109
381 0.906309505112
382 0.906420577373
383 0.906540828617
384 0.906650945834
385 0.906760566821
386 0.906879334006
387 0.906987926721
388 0.907095985944
389 0.907203498973
390 0.907310452966
391 0.907416834944
392 0.907522631793
393 0.907627830268
394 0.907722753211
395 0.907826713574
396 0.907920369175
397 0.908023036935
398 0.908115370241
399 0.908216689937
400 0.908307645043
401 0.90839788932
402 0.908497080377
403 0.908585860915
404 0.908673887381
405 0.908761145158
406 0.908847619532
407 0.908933295692
408 0.909008481276
409 0.90909251532
410 0.90917570619
411 0.909248358713
412 0.90932981681
413 0.909410386029
414 0.9094803685
415 0.909549429673
416 0.909627237993
417 0.909694410735
418 0.909760615498
419 0.909825836607
420 0.909899745175
421 0.909962952417
422 0.910025128667
423 0.91008625806
424 0.91014632469
425 0.910195622524
426 0.910253515154
427 0.910310297114
428 0.910365952375
429 0.910420464884
430 0.910464125625
431 0.91051630385
432 0.910557597139
433 0.91060737674
434 0.910646238255
435 0.910693554836
436 0.910729920228
437 0.910765013246
438 0.910798817831
439 0.910841014788
440 0.910872194712
441 0.910902038097
442 0.91093052895
443 0.910957651304
444 0.910983389223
445 0.911007726798
446 0.91103064816
447 0.911052137474
448 0.911062479637
449 0.911081057325
450 0.911098155739
451 0.911113759229
452 0.911118152298
453 0.911130719074
454 0.911141744325
455 0.911141512485
456 0.911149408413
457 0.911146016583
458 0.911141021979
459 0.911144109585
460 0.911135864159
461 0.911125970914
462 0.911124114857
463 0.91111088137
464 0.911095955759
465 0.911079323439
466 0.911060969918
467 0.9110408808
468 0.911019041788
469 0.910995438682
470 0.91097005739
471 0.910942883919
472 0.910913904388
473 0.910883105024
474 0.910850472166
475 0.910815992266
476 0.910779651893
477 0.910731741956
478 0.910691641246
479 0.910649640505
480 0.910596032456
481 0.91055019343
482 0.910492722702
483 0.910442994702
484 0.910391303258
485 0.910327944592
486 0.910262599307
487 0.910204945502
488 0.910135590484
489 0.910073902016
490 0.910000490434
491 0.909925033765
492 0.909847520749
493 0.909777625787
494 0.909695966016
495 0.909612216979
496 0.909526368005
497 0.909438408576
498 0.909348328324
499 0.909256117032
500 0.909161764639
501 0.909074939268
502 0.908966597076
503 0.908865762557
504 0.908762748243
505 0.908657544852
506 0.908550143261
507 0.908440534509
508 0.908328709793
509 0.908214660469
510 0.908088710426
511 0.90797018787
512 0.907849415773
513 0.907716722474
514 0.907591428815
515 0.907463862149
516 0.907324355482
517 0.907192221867
518 0.907048136704
519 0.906911407542
520 0.906762716044
521 0.906621364061
522 0.906468039712
523 0.906322038953
524 0.906164056562
525 0.906013382402
526 0.905850718104
527 0.905685705197
528 0.905527978497
529 0.905358250396
530 0.905186157824
531 0.905011695835
532 0.90484449263
533 0.904665275714
534 0.904483675502
535 0.904299687706
536 0.904113308201
537 0.903924533026
538 0.903742979641
539 0.903549399836
540 0.903353413431
541 0.903155017118
542 0.902954207746
543 0.902750982329
544 0.90254533804
545 0.902337272212
546 0.902117178289
547 0.901904264286
548 0.901688921723
549 0.901471148567
550 0.901250942942
551 0.901028303127
552 0.900803227559
553 0.900566127293
554 0.90033617859
555 0.900103790391
556 0.899859381735
557 0.89962211437
558 0.899382405138
559 0.899140253541
560 0.898886089583
561 0.898639054987
562 0.898380013189
563 0.898128095484
564 0.897873735193
565 0.897607376667
566 0.897348135259
567 0.897076902485
568 0.896812782739
569 0.896536679166
570 0.896267684989
571 0.895986715187
572 0.89570331584
573 0.895427021245
574 0.895138764615
575 0.894857610218
576 0.894564503607
577 0.894268976647
578 0.893971031587
579 0.893680184923
580 0.893377407701
581 0.89307221987
582 0.892774128665
583 0.892464124726
584 0.892151718812
585 0.891836914055
586 0.891519713712
587 0.891209608976
588 0.890887624283
589 0.890563254467
590 0.890236503259
591 0.889907374509
592 0.88957587218
593 0.889242000349
594 0.888905763206
595 0.888567165052
596 0.888226210299
597 0.887882903466
598 0.887537249183
599 0.887189252184
