0.367879441191
0.367879441191
0.367879441191
0.367879441191
0.367879441191
0.367879441191
0.367879441191
0.367879441191
0.367879441191
0.367879441191
0.367879441191
0.367879441191
0.367879441191
0.367879441191
0.367879441191
0.367879441191
0.367879441191
0.367879441191
0.367879441191
0.367879441191
0.367879441191
0.367879441191
0.367879441191
0.367879441191
0.367879441191
0.367879441191
0.367879441191
0.367879441191
0.367879441191
0.367879441191
0.367879441191
0.367879441191
0.367879441191
0.367879441191
0.367879441191
0.367879441191
0.367879441191
0.367879441191
0.367879441191
0.367879441191
0.367879441191
0.367879441191
0.367879441191
0.367879441191
0.367879441191
0.367879441191
0.367879441191
0.367879441191
0.367879441191
0.367879441191
0.367879441191
0.367879441191
0.367879441191
0.36787944119
0.367879441188
0.367879441184
0.367879441175
0.367879441154
0.36787944111
0.367879441023
0.367879440852
0.367879440532
0.367879439948
0.367879438914
0.367879437137
0.367879434156
0.367879429281
0.367879421485
0.367879409289
0.367879390591
0.367879362473
0.367879320949
0.36787926067
0.36787917457
0.36787905346
0.367878885556
0.367878655954
0.367878346047
0.367877932881
0.367877388473
0.367876679078
0.367875764422
0.367874596923
0.367873120881
0.367871271686
0.367868975023
0.367866146111
0.367862688976
0.367858495779
0.367853446199
0.367847406896
0.367840231058
0.367831758035
0.367821813075
0.367810207168
0.367796736995
0.367781184988
0.367763319506
0.367742895117
0.367719652993
0.367693321402
0.367663616314
0.367630242082
0.367592892226
0.367551250283
0.367504990739
0.367453780007
0.367397277471
0.367335136567
0.367267005892
0.367192530344
0.367111352274
0.367023112639
0.366927452163
0.366824012473
0.36671243723
0.366592373229
0.366463471464
0.366325388166
0.366177785789
0.366020333958
0.365852710364
0.365674601603
0.365485703962
0.365285724154
0.365074379982
0.364851400953
0.364616528827
0.364369518109
0.364110136481
0.36383816517
0.363553399269
0.363255647991
0.362944734874
0.362620497932
0.362282789758
0.36193147757
0.361566443224
0.361187583173
0.360794808386
0.360388044237
0.359967230342
0.359532320381
0.359083281875
0.358620095941
0.35814275702
0.357651272579
0.357145662799
0.356625960236
0.356092209469
0.355544466735
0.354982799549
0.354407286318
0.353818015938
0.353215087393
0.352598609345
0.351968699723
0.351325485301
0.350669101291
0.34999969092
0.34931740502
0.348622401616
0.347914845521
0.34719490793
0.346462766023
0.345718602578
0.344962605583
0.344194967863
0.343415886708
0.342625563515
0.341824203439
0.341012015045
0.340189209983
0.339356002661
0.338512609931
0.337659250791
0.33679614609
0.335923518245
0.33504159097
0.334150589015
0.333250737912
0.332342263737
0.331425392878
0.33050035181
0.329567366888
0.328626664146
0.327678469099
0.326723006567
0.325760500496
0.324791173797
0.32381524819
0.322832944053
0.32184448029
0.320850074191
0.319849941319
0.318844295387
0.317833348154
0.316817309326
0.315796386458
0.31477078487
0.313740707565
0.312706355157
0.311667925803
0.310625615137
0.309579616216
0.308530119471
0.307477312656
0.306421380808
0.305362506213
0.304300868373
0.303236643974
0.302170006868
0.301101128051
0.300030175645
0.298957314887
0.297882708124
0.296806514797
0.295728891449
0.294649991718
0.293569966342
0.292488963163
0.291407127138
0.290324600345
0.289241521996
0.288158028452
0.287074253241
0.285990327069
0.284906377849
0.283822530712
0.282738908039
0.281655629475
0.280572811964
0.279490569765
0.278409014489
0.277328255119
0.276248398044
0.275169547087
0.274091803535
0.273015266173
0.271940031312
0.270866192824
0.269793842173
0.268723068453
0.267653958413
0.266586596499
0.265521064884
0.264457443503
0.263395810089
0.262336240205
0.261278807281
0.260223582648
0.259170635573
0.258120033292
0.257071841047
0.256026122121
0.254982937868
0.253942347753
0.252904409382
0.251869178539
0.250836709218
0.249807053655
0.248780262366
0.247756384175
0.246735466248
0.24571755413
0.244702691769
0.243690921555
0.242682284347
0.241676819507
0.240674564928
0.239675557068
0.238679830976
0.237687420325
0.236698357438
0.235712673321
0.234730397688
0.233751558991
0.232776184446
0.231804300063
0.230835930671
0.229871099943
0.228909830427
0.227952143567
0.226998059729
0.226047598229
0.225100777355
0.22415761439
0.223218125638
0.222282326447
0.221350231231
0.220421853492
0.219497205844
0.218576300032
0.217659146958
0.216745756695
0.215836138514
0.214930300901
0.214028251577
0.213129997518
0.212235544973
0.211344899486
0.210458065908
0.209575048423
0.208695850558
0.207820475206
0.206948924639
0.206081200528
0.205217303955
0.204357235435
0.203500994925
0.202648581842
0.201799995082
0.200955233028
0.200114293568
0.199277174107
0.198443871586
0.197614382486
0.196788702853
0.1959668283
0.195148754026
0.194334474827
0.193523985107
0.192717278891
0.191914349835
0.191115191241
0.190319796062
0.189528156919
0.188740266108
0.18795611561
0.187175697103
0.186399001972
0.185626021316
0.18485674596
0.184091166464
0.18332927313
0.182571056012
0.181816504925
0.181065609454
0.180318358961
0.179574742591
0.178834749284
0.17809836778
0.177365586627
0.176636394189
0.17591077865
0.175188728026
0.174470230168
0.173755272767
0.173043843368
0.172335929367
0.171631518022
0.17093059646
0.17023315168
0.169539170559
0.168848639859
0.168161546232
0.167477876223
0.166797616279
0.166120752752
0.165447271901
0.164777159904
0.164110402853
0.163446986768
0.162786897594
0.16213012121
0.16147664343
0.16082645001
0.16017952665
0.159535858996
0.158895432648
0.158258233162
0.157624246051
0.156993456792
0.156365850828
0.155741413569
0.1551201304
0.154501986679
0.153886967744
0.153275058913
0.152666245488
0.152060512758
0.151457846002
0.150858230491
0.150261651489
0.149668094258
0.149077544059
0.148489986156
0.147905405815
0.147323788308
0.146745118918
0.146169382934
0.14559656566
0.145026652413
0.144459628526
0.143895479351
0.143334190258
0.142775746638
0.142220133906
0.141667337501
0.141117342887
0.140570135558
0.140025701034
0.139484024866
0.138945092638
0.138408889967
0.137875402501
0.137344615928
0.136816515968
0.136291088383
0.135768318972
0.135248193572
0.134730698064
0.13421581837
0.133703540453
0.133193850322
0.13268673403
0.132182177675
0.131680167402
0.131180689403
0.130683729917
0.130189275232
0.129697311686
0.129207825665
0.128720803608
0.128236232003
0.127754097392
0.127274386367
0.126797085574
0.126322181713
0.125849661535
0.125379511849
0.124911719517
0.124446271455
0.123983154636
0.123522356089
0.123063862898
0.122607662205
0.122153741208
0.121702087163
0.121252687382
0.120805529236
0.120360600155
0.119917887624
0.11947737919
0.119039062456
0.118602925085
0.118168954798
0.117737139378
0.117307466662
0.116879924552
0.116454501006
0.116031184043
0.11560996174
0.115190822236
0.114773753729
0.114358744476
0.113945782794
0.113534857061
0.113125955714
0.11271906725
0.112314180227
0.111911283261
0.11151036503
0.111111414269
0.110714419776
0.110319370407
0.109926255079
0.109535062765
0.109145782503
0.108758403386
0.108372914568
0.107989305264
0.107607564744
0.107227682342
0.106849647448
0.10647344951
0.106099078038
0.105726522598
0.105355772814
0.104986818372
0.104619649011
0.104254254532
0.103890624791
0.103528749705
0.103168619246
0.102810223443
0.102453552384
0.102098596212
0.101745345128
0.10139378939
0.101043919311
0.100695725262
0.100349197668
0.100004327011
0.0996611038277
0.0993195187117
0.0989795623106
0.098641225327
0.0983044985187
0.0979693726976
0.0976358387301
0.0973038875368
0.0969735100918
0.096644697423
0.0963174406118
0.0959917307926
0.0956675591528
0.0953449169324
0.0950237954239
0.0947041859721
0.0943860799737
0.094069468877
0.093754344182
0.0934406974398
0.0931285202527
0.0928178042734
0.0925085412054
0.0922007228025
0.0918943408683
0.0915893872563
0.0912858538694
0.0909837326599
0.090683015629
0.0903836948268
0.0900857623519
0.0897892103509
0.0894940310188
0.089200216598
0.0889077593786
0.088616651698
0.0883268859404
0.088038454537
0.0877513499652
0.0874655647488
0.0871810914576
0.0868979227072
0.0866160511584
0.0863354695175
0.0860561705357
0.0857781470088
0.0855013917773
0.0852258977258
0.0849516577828
0.0846786649206
0.0844069121549
0.0841363925447
0.083867099192
0.0835990252413
0.0833321638799
0.0830665083371
0.0828020518841
0.082538787834
0.0822767095415
0.0820158104021
0.0817560838528
0.081497523371
0.0812401224747
0.0809838747223
0.080728773712
0.0804748130818
0.0802219865096
0.079970287712
0.0797197104453
0.079470248504
0.0792218957218
0.0789746459702
0.0787284931593
0.0784834312367
0.0782394541878
0.0779965560355
0.0777547308397
0.0775139726975
0.0772742757425
0.0770356341448
0.076798042111
0.0765614938835
0.0763259837407
0.0760915059964
0.0758580549999
0.0756256251357
0.075394210823
0.0751638065159
0.074934406703
0.074706005907
0.0744785986849
0.0742521796271
0.0740267433582
0.0738022845357
0.0735787978505
0.0733562780265
0.0731347198204
0.0729141180213
0.0726944674507
0.0724757629623
0.0722579994418
0.0720411718064
0.0718252750051
0.0716103040179
0.0713962538562
