0.367879441235
0.367879441235
0.367879441235
0.367879441235
0.367879441235
0.367879441235
0.367879441235
0.367879441235
0.367879441235
0.367879441235
0.367879441235
0.367879441235
0.367879441235
0.367879441235
0.367879441235
0.367879441235
0.367879441235
0.367879441235
0.367879441235
0.367879441235
0.367879441235
0.367879441235
0.367879441235
0.367879441235
0.367879441235
0.367879441235
0.367879441235
0.367879441235
0.367879441235
0.367879441235
0.367879441235
0.367879441235
0.367879441235
0.367879441235
0.367879441235
0.367879441235
0.367879441235
0.367879441235
0.367879441235
0.367879441235
0.367879441235
0.367879441235
0.367879441235
0.367879441235
0.367879441235
0.367879441235
0.367879441235
0.367879441235
0.367879441235
0.367879441235
0.367879441235
0.367879441235
0.367879441235
0.367879441235
0.367879441235
0.367879441235
0.367879441235
0.367879441235
0.367879441235
0.367879441235
0.367879441235
0.367879441235
0.367879441235
0.367879441235
0.367879441235
0.367879441235
0.367879441235
0.367879441235
0.367879441235
0.367879441235
0.367879441235
0.367879441235
0.367879441235
0.367879441235
0.367879441235
0.367879441235
0.367879441235
0.367879441235
0.367879441235
0.367879441235
0.367879441235
0.367879441235
0.367879441235
0.367879441235
0.367879441235
0.367879441235
0.367879441235
0.367879441235
0.367879441235
0.367879441235
0.367879441235
0.367879441235
0.367879441235
0.367879441235
0.367879441235
0.367879441235
0.367879441234
0.367879441234
0.367879441232
0.367879441231
0.367879441228
0.367879441223
0.367879441215
0.367879441204
0.367879441187
0.367879441161
0.367879441123
0.367879441067
0.367879440986
0.367879440869
0.367879440705
0.367879440473
0.367879440152
0.367879439708
0.367879439102
0.367879438281
0.367879437178
0.367879435707
0.367879433762
0.367879431208
0.367879427879
0.367879423569
0.367879418025
0.367879410943
0.36787940195
0.3678793906
0.367879376361
0.367879358596
0.367879336555
0.367879309354
0.367879275958
0.367879235161
0.367879185565
0.367879125554
0.367879053273
0.367878966598
0.367878863107
0.367878740054
0.36787859433
0.367878422437
0.367878220448
0.367877983971
0.367877708114
0.367877387444
0.367877015945
0.367876586982
0.367876093256
0.367875526763
0.367874878752
0.36787413968
0.367873299174
0.367872345984
0.367871267944
0.367870051933
0.367868683829
0.367867148474
0.367865429637
0.367863509975
0.367861371002
0.367858993052
0.367856355254
0.367853435498
0.367850210415
0.36784665535
0.367842744343
0.367838450111
0.367833744035
0.367828596145
0.367822975117
0.367816848262
0.367810181528
0.367802939497
0.367795085397
0.367786581102
0.367777387147
0.367767462743
0.367756765792
0.367745252912
0.367732879455
0.367719599539
0.367705366077
0.367690130808
0.367673844332
0.367656456153
0.367637914715
0.367618167445
0.367597160802
0.367574840321
0.367551150666
0.367526035675
0.36749943842
0.367471301258
0.367441565887
0.367410173403
0.367377064359
0.367342178823
0.367305456438
0.367266836483
0.367226257932
0.367183659519
0.367138979794
0.367092157189
0.367043130076
0.366991836829
0.366938215887
0.366882205808
0.366823745337
0.366762773455
0.366699229446
0.366633052949
0.366564184015
0.36649256316
0.366418131424
0.366340830418
0.366260602378
0.366177390215
0.366091137561
0.366001788817
0.365909289199
0.365813584781
0.365714622536
0.365612350378
0.3655067172
0.36539767291
0.365285168467
0.365169155913
0.365049588408
0.364926420255
0.364799606934
0.364669105121
0.36453487272
0.364396868881
0.364255054021
0.364109389846
0.363959839369
0.363806366922
0.363648938174
0.363487520141
0.3633220812
0.363152591096
0.362979020952
0.362801343274
0.362619531955
0.362433562281
0.362243410934
0.362049055988
0.361850476914
0.361647654574
0.36144057122
0.36122921049
0.361013557403
0.360793598349
0.360569321088
0.360340714734
0.360107769752
0.359870477943
0.359628832433
0.359382827665
0.359132459381
0.35887772461
0.358618621654
0.358355150073
0.358087310666
0.35781510546
0.357538537686
0.357257611768
0.3569723333
0.356682709029
0.356388746838
0.356090455722
0.355787845772
0.355480928155
0.355169715088
0.354854219826
0.354534456632
0.354210440762
0.353882188442
0.353549716846
0.353213044071
0.352872189124
0.352527171889
0.352178013114
0.351824734386
0.351467358105
0.351105907468
0.350740406445
0.350370879756
0.349997352847
0.349619851876
0.349238403681
0.348853035767
0.348463776279
0.348070653984
0.347673698248
0.347272939015
0.346868406788
0.346460132604
0.346048148021
0.345632485089
0.345213176337
0.344790254749
0.344363753748
0.343933707171
0.343500149258
0.343063114625
0.342622638251
0.342178755458
0.341731501893
0.34128091351
0.340827026553
0.340369877539
0.33990950324
0.339445940669
0.33897922706
0.338509399856
0.338036496691
0.337560555374
0.337081613876
0.336599710316
0.336114882941
0.33562717012
0.335136610322
0.334643242109
0.334147104118
0.333648235053
0.333146673667
0.332642458753
0.332135629131
0.331626223636
0.331114281108
0.330599840377
0.330082940257
0.329563619534
0.329041916952
0.328517871208
0.327991520938
0.327462904711
0.326932061018
0.326399028263
0.325863844754
0.325326548697
0.324787178182
0.324245771184
0.323702365546
0.323156998978
0.322609709047
0.322060533172
0.321509508613
0.32095667247
0.320402061673
0.319845712979
0.31928766296
0.318727948007
0.318166604315
0.317603667884
0.317039174512
0.31647315979
0.315905659098
0.315336707599
0.314766340239
0.314194591737
0.313621496585
0.313047089045
0.312471403143
0.311894472666
0.31131633116
0.310737011927
0.310156548021
0.309574972248
0.308992317159
0.308408615051
0.307823897964
0.307238197678
0.306651545714
0.306063973327
0.30547551151
0.304886190988
0.304296042218
0.303705095389
0.30311338042
0.302520926957
0.301927764375
0.301333921775
0.300739427985
0.300144311558
0.299548600771
0.298952323627
0.298355507851
0.297758180892
0.297160369924
0.296562101844
0.29596340327
0.295364300548
0.294764819743
0.294164986646
0.293564826772
0.292964365361
0.292363627376
0.291762637508
0.291161420171
0.290559999509
0.28995839939
0.289356643412
0.288754754901
0.288152756914
0.287550672237
0.286948523388
0.286346332619
0.285744121913
0.285141912989
0.284539727304
0.283937586048
0.283335510152
0.282733520287
0.282131636863
0.281529880033
0.280928269694
0.280326825487
0.279725566801
0.27912451277
0.278523682282
0.27792309397
0.277322766225
0.276722717189
0.276122964759
0.275523526591
0.274924420099
0.274325662457
0.273727270603
0.273129261236
0.272531650823
0.271934455597
0.271337691561
0.270741374486
0.270145519919
0.269550143178
0.268955259361
0.26836088334
0.267767029767
0.267173713079
0.266580947491
0.265988747008
0.265397125418
0.264806096299
0.26421567302
0.263625868742
0.263036696419
0.262448168805
0.261860298446
0.261273097691
0.260686578692
0.2601007534
0.259515633576
0.258931230784
0.258347556399
0.257764621606
0.257182437404
0.256601014604
0.256020363834
0.255440495542
0.254861419992
0.254283147274
0.253705687297
0.253129049799
0.252553244342
0.25197828032
0.251404166955
0.250830913301
0.250258528249
0.249687020524
0.249116398688
0.248546671143
0.247977846134
0.247409931745
0.246842935908
0.2462768664
0.245711730845
0.245147536718
0.244584291345
0.244022001905
0.243460675431
0.242900318813
0.242340938798
0.241782541995
0.24122513487
0.240668723757
0.24011331485
0.239558914211
0.239005527769
0.238453161322
0.23790182054
0.237351510963
0.236802238007
0.236254006961
0.235706822993
0.235160691147
0.234615616348
0.234071603403
0.233528657
0.232986781712
0.232445981998
0.231906262203
0.23136762656
0.230830079194
0.230293624118
0.229758265241
0.229224006363
0.228690851182
0.228158803289
0.227627866177
0.227098043235
0.226569337755
0.226041752929
0.225515291853
0.224989957527
0.224465752857
0.223942680657
0.223420743647
0.222899944458
0.22238028563
0.221861769617
0.221344398785
0.220828175412
0.220313101695
0.219799179745
0.219286411591
0.218774799182
0.218264344386
0.21775504899
0.217246914707
0.21673994317
0.216234135938
0.215729494494
0.215226020247
0.214723714537
0.214222578627
0.213722613714
0.213223820922
0.21272620131
0.212229755865
0.211734485512
0.211240391107
0.210747473442
0.210255733247
0.209765171188
0.209275787867
0.20878758383
0.208300559558
0.207814715476
0.207330051948
0.206846569284
0.206364267735
0.205883147497
0.20540320871
0.204924451463
0.204446875789
0.203970481669
0.203495269033
0.203021237762
0.202548387683
0.202076718577
0.201606230176
0.201136922164
0.200668794177
0.200201845807
0.199736076599
0.199271486054
0.198808073628
0.198345838735
0.197884780746
0.197424898991
0.196966192756
0.196508661289
0.196052303799
0.195597119451
0.195143107378
0.19469026667
0.194238596382
0.193788095532
0.193338763102
0.192890598038
0.192443599251
0.191997765621
0.19155309599
0.191109589169
0.190667243936
0.190226059039
0.189786033192
0.18934716508
0.188909453357
0.188472896647
0.188037493546
0.187603242621
0.18717014241
0.186738191425
0.186307388149
0.185877731039
0.185449218529
0.185021849022
