0.367879441271
0.367879441271
0.367879441271
0.367879441271
0.367879441271
0.367879441271
0.367879441271
0.367879441271
0.367879441271
0.367879441271
0.367879441271
0.367879441271
0.367879441271
0.367879441271
0.367879441271
0.367879441271
0.367879441271
0.367879441271
0.367879441271
0.367879441271
0.367879441271
0.367879441271
0.367879441271
0.367879441271
0.367879441271
0.367879441271
0.367879441271
0.367879441271
0.367879441271
0.367879441271
0.367879441271
0.367879441271
0.367879441271
0.367879441271
0.367879441271
0.367879441271
0.367879441271
0.367879441271
0.367879441271
0.367879441271
0.367879441271
0.367879441271
0.367879441271
0.367879441271
0.367879441271
0.367879441271
0.367879441271
0.367879441271
0.367879441271
0.367879441271
0.367879441271
0.367879441271
0.367879441271
0.367879441271
0.367879441271
0.367879441271
0.367879441271
0.367879441271
0.367879441271
0.367879441271
0.367879441271
0.367879441271
0.367879441271
0.367879441271
0.367879441271
0.367879441271
0.367879441271
0.367879441271
0.367879441271
0.367879441271
0.367879441271
0.367879441271
0.367879441271
0.367879441271
0.367879441271
0.367879441271
0.367879441271
0.367879441271
0.367879441271
0.367879441271
0.367879441271
0.367879441271
0.367879441271
0.367879441271
0.367879441271
0.367879441271
0.367879441271
0.367879441271
0.367879441271
0.367879441271
0.367879441271
0.367879441271
0.367879441271
0.367879441271
0.367879441271
0.367879441271
0.367879441271
0.367879441271
0.367879441271
0.367879441271
0.367879441271
0.367879441271
0.367879441271
0.367879441271
0.367879441271
0.367879441271
0.367879441271
0.367879441271
0.367879441271
0.367879441271
0.367879441271
0.367879441271
0.367879441271
0.367879441271
0.367879441271
0.367879441271
0.367879441271
0.367879441271
0.367879441271
0.367879441271
0.36787944127
0.36787944127
0.367879441269
0.367879441268
0.367879441267
0.367879441264
0.367879441261
0.367879441256
0.367879441249
0.36787944124
0.367879441227
0.367879441208
0.367879441183
0.367879441149
0.367879441103
0.36787944104
0.367879440957
0.367879440846
0.3678794407
0.367879440509
0.36787944026
0.367879439937
0.367879439522
0.367879438991
0.367879438315
0.367879437458
0.367879436379
0.367879435025
0.367879433336
0.367879431238
0.367879428644
0.367879425452
0.367879421539
0.367879416765
0.367879410961
0.367879403936
0.367879395465
0.367879385289
0.367879373111
0.367879358587
0.367879341328
0.367879320888
0.367879296763
0.36787926838
0.367879235093
0.367879196175
0.367879150814
0.367879098095
0.367879037004
0.367878966407
0.367878885051
0.367878791546
0.367878684359
0.3678785618
0.367878422014
0.367878262969
0.36787808244
0.367877878002
0.367877647013
0.367877386605
0.367877093668
0.367876764837
0.367876396478
0.367875984676
0.367875525222
0.367875013594
0.367874444947
0.367873814101
0.367873115521
0.367872343309
0.367871491188
0.367870552487
0.367869520132
0.367868386628
0.367867144051
0.367865784034
0.367864297752
0.367862675918
0.367860908765
0.367858986038
0.367856896988
0.367854630356
0.36785217437
0.367849516735
0.367846644627
0.367843544684
0.367840203004
0.367836605136
0.36783273608
0.367828580282
0.36782412163
0.367819343454
0.367814228527
0.367808759061
0.367802916711
0.367796682575
0.367790037201
0.367782960582
0.36777543217
0.367767430874
0.367758935072
0.367749922611
0.367740370823
0.367730256525
0.367719556036
0.367708245181
0.367696299307
0.367683693289
0.367670401549
0.367656398062
0.367641656375
0.367626149617
0.367609850518
0.367592731421
0.367574764298
0.367555920771
0.367536172121
0.367515489312
0.367493843007
0.367471203584
0.367447541156
0.367422825589
0.367397026524
0.367370113391
0.367342055434
0.367312821725
0.367282381189
0.367250702621
0.367217754707
0.367183506043
0.367147925157
0.367110980526
0.3670726406
0.36703287382
0.366991648636
0.366948933531
0.366904697037
0.366858907756
0.366811534379
0.366762545708
0.366711910668
0.366659598334
0.366605577942
0.366549818914
0.366492290869
0.366432963646
0.366371807317
0.366308792208
0.36624388891
0.366177068302
0.366108301561
0.366037560177
0.365964815974
0.365890041118
0.365813208134
0.36573428992
0.365653259757
0.365570091327
0.365484758719
0.365397236446
0.365307499454
0.365215523133
0.365121283327
0.365024756346
0.364925918972
0.364824748472
0.364721222604
0.364615319626
0.364507018301
0.364396297911
0.364283138255
0.364167519663
0.364049422995
0.363928829653
0.363805721581
0.363680081272
0.363551891771
0.363421136678
0.363287800155
0.363151866924
0.363013322273
0.362872152055
0.362728342694
0.362581881181
0.36243275508
0.362280952524
0.36212646222
0.361969273443
0.361809376043
0.361646760438
0.361481417613
0.361313339124
0.361142517091
0.360968944198
0.360792613691
0.360613519375
0.360431655611
0.360247017312
0.360059599943
0.359869399513
0.359676412573
0.359480636215
0.359282068062
0.359080706268
0.358876549511
0.35866959699
0.35845984842
0.358247304022
0.358031964525
0.357813831155
0.357592905633
0.357369190165
0.357142687441
0.356913400624
0.356681333348
0.356446489709
0.35620887426
0.355968492004
0.355725348387
0.355479449292
0.355230801032
0.354979410344
0.35472528438
0.354468430702
0.354208857275
0.353946572457
0.353681584998
0.353413904026
0.353143539044
0.352870499923
0.352594796893
0.352316440534
0.352035441775
0.351751811882
0.35146556245
0.351176705399
0.350885252966
0.350591217695
0.350294612436
0.349995450328
0.349693744804
0.349389509573
0.34908275862
0.348773506194
0.348461766807
0.34814755522
0.347830886441
0.347511775718
0.347190238528
0.346866290575
0.34653994778
0.346211226277
0.345880142404
0.345546712697
0.345210953884
0.344872882879
0.344532516773
0.344189872833
0.343844968489
0.343497821334
0.343148449111
0.342796869716
0.342443101182
0.342087161682
0.341729069517
0.341368843113
0.341006501015
0.34064206188
0.340275544474
0.339906967664
0.339536350413
0.339163711778
0.3387890709
0.338412447
0.338033859378
0.337653327402
0.337270870507
0.33688650819
0.336500260003
0.336112145551
0.335722184483
0.335330396495
0.334936801317
0.334541418716
0.334144268485
0.333745370445
0.333344744438
0.33294241032
0.332538387964
0.332132697248
0.33172535806
0.331316390285
0.330905813809
0.330493648511
0.33007991426
0.329664630913
0.329247818312
0.328829496279
0.328409684612
0.327988403084
0.32756567144
0.327141509392
0.326715936619
0.326288972759
0.325860637412
0.325430950134
0.324999930436
0.324567597778
0.324133971572
0.323699071175
0.323262915886
0.322825524949
0.322386917546
0.321947112796
0.321506129753
0.321063987403
0.320620704665
0.320176300385
0.319730793336
0.319284202217
0.318836545649
0.318387842176
0.317938110261
0.317487368283
0.317035634542
0.316582927248
0.316129264529
0.315674664421
0.315219144872
0.314762723742
0.314305418793
0.3138472477
0.313388228039
0.312928377293
0.312467712846
0.312006251986
0.311544011901
0.311081009679
0.310617262308
0.310152786673
0.309687599559
0.309221717643
0.308755157503
0.308287935608
0.307820068323
0.307351571906
0.306882462509
0.306412756177
0.305942468843
0.305471616336
0.305000214373
0.304528278562
0.3040558244
0.303582867276
0.303109422466
0.302635505134
0.302161130336
0.301686313011
0.301211067991
0.300735409992
0.300259353619
0.299782913365
0.299306103608
0.298828938615
0.298351432538
0.297873599418
0.297395453181
0.29691700764
0.296438276495
0.295959273333
0.295480011627
0.295000504738
0.294520765912
0.294040808284
0.293560644873
0.293080288589
0.292599752227
0.29211904847
0.291638189887
0.291157188939
0.29067605797
0.290194809217
0.289713454802
0.289232006737
0.288750476923
0.288268877152
0.287787219102
0.287305514345
0.28682377434
0.286342010439
0.285860233884
0.285378455808
0.284896687236
0.284414939085
0.283933222165
0.283451547179
0.282969924722
0.282488365284
0.282006879249
0.281525476895
0.281044168397
0.280562963822
0.280081873136
0.279600906201
0.279120072775
0.278639382514
0.278158844972
0.277678469601
0.277198265754
0.276718242679
0.276238409529
0.275758775355
0.27527934911
0.274800139646
0.274321155722
0.273842405995
0.273363899027
0.272885643286
0.272407647141
0.271929918867
0.271452466646
0.270975298565
0.270498422616
0.270021846701
0.269545578629
0.269069626115
0.268593996788
0.268118698181
0.267643737742
0.267169122825
0.2666948607
0.266220958546
0.265747423455
0.265274262433
0.264801482399
0.264329090186
0.263857092544
0.263385496135
0.262914307541
0.262443533258
0.2619731797
0.261503253199
0.261033760007
0.260564706292
0.260096098146
0.259627941577
0.259160242516
0.258693006817
0.258226240254
0.257759948525
0.257294137249
0.256828811972
0.256363978164
0.255899641218
0.255435806455
0.254972479122
0.254509664392
0.254047367365
0.253585593073
0.253124346471
0.252663632448
0.252203455819
0.251743821334
0.251284733671
0.250826197438
0.25036821718
0.249910797371
0.24945394242
0.248997656669
0.248541944395
0.24808680981
0.247632257061
0.247178290233
0.246724913346
0.246272130358
0.245819945165
0.2453683616
0.244917383437
0.244467014388
