0.367879441187
0.367879441187
0.367879441187
0.367879441187
0.367879441187
0.367879441187
0.367879441187
0.367879441187
0.367879441187
0.367879441187
0.367879441187
0.367879441187
0.367879441187
0.367879441187
0.367879441187
0.367879441187
0.367879441187
0.367879441187
0.367879441187
0.367879441187
0.367879441187
0.367879441187
0.367879441187
0.367879441187
0.367879441187
0.367879441187
0.367879441187
0.367879441187
0.367879441187
0.367879441187
0.367879441187
0.367879441187
0.367879441187
0.367879441187
0.367879441187
0.367879441187
0.367879441187
0.367879441187
0.367879441187
0.367879441187
0.367879441187
0.367879441187
0.367879441187
0.367879441187
0.367879441187
0.367879441187
0.367879441187
0.367879441187
0.367879441186
0.367879441183
0.367879441175
0.367879441156
0.367879441113
0.367879441019
0.367879440822
0.367879440426
0.367879439661
0.367879438235
0.367879435664
0.367879431169
0.367879423535
0.367879410918
0.36787939059
0.367879358607
0.367879309397
0.367879235252
0.367879125713
0.367878966852
0.367878740439
0.367878423001
0.367877984773
0.367877388561
0.367876588509
0.367875528818
0.367874142404
0.367872349548
0.367870056542
0.367867154368
0.367863517434
0.3678590024
0.367853447106
0.367846669641
0.367838467561
0.367828617289
0.367816873692
0.367802969868
0.367786617134
0.36776750522
0.367745302685
0.367719657526
0.367690197991
0.367656533584
0.367618256239
0.367574941656
0.36752615079
0.367471431454
0.367410320035
0.367342343299
0.36726702026
0.367183864101
0.36709238412
0.366992087691
0.366882482214
0.366763077046
0.36663338539
0.366492926131
0.366341225614
0.366177819338
0.366002253571
0.365814086869
0.365612891496
0.365398254743
0.365169780128
0.364927088501
0.36466981902
0.364397630028
0.364110199804
0.363807227218
0.363488432261
0.363153556487
0.362802363334
0.362434638364
0.362050189395
0.361648846556
0.361230462243
0.360794911014
0.360342089394
0.359871915623
0.359384329332
0.35887929117
0.358356782372
0.357816804282
0.357259377837
0.356684543008
0.356092358212
0.355482899698
0.354856260902
0.354212551794
0.353551898195
0.352874441095
0.352180335955
0.351469752006
0.350742871543
0.349999889224
0.349241011367
0.348466455253
0.347676448438
0.346871228073
0.346051040236
0.345216139268
0.344366787139
0.343503252811
0.342625811625
0.341734744709
0.340830338394
0.339912883652
0.338982675554
0.338040012746
0.337085196939
0.336118532429
0.335140325622
0.334150884592
0.33315051865
0.332139537934
0.331118253019
0.330086974544
0.329046012861
0.327995677697
0.326936277839
0.325868120831
0.324791512694
0.323706757658
0.322614157914
0.321514013376
0.320406621465
0.319292276902
0.31817127152
0.317043894088
0.315910430145
0.314771161853
0.313626367855
0.312476323156
0.311321299
0.310161562771
0.308997377898
0.307829003772
0.306656695672
0.305480704698
0.304301277717
0.303118657315
0.301933081753
0.300744784936
0.299553996387
0.298360941229
0.297165840167
0.295968909485
0.29477036104
0.293570402271
0.292369236201
0.291167061452
0.289964072263
0.288760458513
0.287556405738
0.286352095168
0.285147703755
0.283943404205
0.28273936502
0.281535750534
0.280332720957
0.279130432419
0.277929037016
0.27672868286
0.275529514125
0.274331671101
0.273135290245
0.271940504237
0.270747442032
0.269556228915
0.268366986562
0.267179833091
0.265994883124
0.264812247843
0.263632035048
0.262454349217
0.261279291562
0.260106960094
0.258937449673
0.257770852073
0.256607256042
0.255446747353
0.25428940887
0.253135320603
0.251984559762
0.250837200823
0.249693315575
0.248552973184
0.247416240244
0.246283180835
0.245153856578
0.244028326686
0.242906648021
0.241788875144
0.240675060372
0.239565253824
0.238459503475
0.237357855205
0.23626035285
0.23516703825
0.234077951297
0.232993129979
0.231912610434
0.23083642699
0.22976461221
0.228697196939
0.227634210345
0.226575679966
0.225521631745
0.224472090077
0.223427077848
0.222386616473
0.221350725937
0.220319424832
0.219292730396
0.218270658546
0.217253223919
0.216240439904
0.215232318677
0.214228871236
0.213230107432
0.212236036004
0.211246664608
0.210261999853
0.209282047323
0.208306811617
0.207336296368
0.20637050428
0.20540943715
0.204453095898
0.203501480594
0.20255459048
0.201612424001
0.200674978825
0.199742251873
0.198814239334
0.197890936696
0.196972338765
0.196058439688
0.195149232974
0.194244711515
0.193344867606
0.192449692967
0.19155917876
0.190673315608
0.189792093618
0.188915502393
0.188043531053
0.187176168252
0.186313402194
0.185455220649
0.18460161097
0.183752560109
0.18290805463
0.182068080726
0.181232624231
0.180401670636
0.179575205102
0.178753212473
0.177935677289
0.177122583797
0.176313915968
0.175509657502
0.174709791847
0.173914302205
0.173123171542
0.172336382605
0.171553917927
0.170775759838
0.170001890477
0.169232291797
0.168466945582
0.167705833447
0.166948936853
0.166196237113
0.165447715402
0.164703352762
0.163963130113
0.163227028259
0.162495027895
0.161767109617
0.161043253925
0.16032344123
0.159607651865
0.158895866088
0.158188064087
0.157484225988
0.156784331861
0.156088361724
0.155396295552
0.154708113277
0.154023794796
0.153343319978
0.152666668664
0.151993820676
0.15132475582
0.150659453888
0.149997894668
0.149340057942
0.148685923492
0.148035471107
0.147388680582
0.146745531724
0.146106004356
0.145470078319
0.144837733475
0.144208949712
0.143583706946
0.142961985123
0.142343764223
0.141729024263
0.141117745298
0.140509907426
0.139905490788
0.139304475571
0.138706842012
0.138112570397
0.137521641068
0.136934034419
0.136349730902
0.135768711027
0.135190955368
0.134616444557
0.134045159292
0.133477080336
0.132912188522
0.132350464746
0.13179188998
0.131236445264
0.13068411171
0.130134870506
0.129588702915
0.129045590274
0.128505513999
0.127968455585
0.127434396604
0.12690331871
0.126375203636
0.1258500332
0.1253277893
0.124808453919
0.124292009121
0.12377843706
0.123267719971
0.122759840176
0.122254780086
0.121752522195
0.121253049087
0.120756343434
0.120262387995
0.11977116562
0.119282659246
0.118796851901
0.1183137267
0.117833266852
0.117355455653
0.116880276491
0.116407712845
0.115937748283
0.115470366465
0.115005551143
0.114543286158
0.114083555445
0.113626343028
0.113171633023
0.112719409637
0.11226965717
0.111822360011
0.111377502642
0.110935069636
0.110495045655
0.110057415455
0.109622163881
0.10918927587
0.108758736449
0.108330530735
0.107904643937
0.107481061353
0.10705976837
0.106640750468
0.106223993213
0.105809482263
0.105397203363
0.10498714235
0.104579285145
0.104173617763
0.103770126302
0.10336879695
0.102969615984
0.102572569766
0.102177644745
0.101784827458
0.101394104529
0.101005462664
0.100618888659
0.100234369394
0.0998518918321
0.0994714430235
0.0990930101015
0.0987165802834
0.0983421408702
0.0979696792459
0.0975991828774
0.097230639314
0.096864036187
0.0964993612093
0.0961366021753
0.09577574696
0.0954167835188
0.0950596998875
0.0947044841812
0.0943511245945
0.0939996094008
0.0936499269518
0.0933020656774
0.092956014085
0.0926117607591
0.0922692943614
0.0919286036293
0.0915896773767
0.0912525044928
0.0909170739418
0.0905833747627
0.0902513960686
0.0899211270466
0.089592556957
0.0892656751333
0.0889404709812
0.0886169339787
0.0882950536755
0.0879748196925
0.0876562217214
0.0873392495243
0.0870238929332
0.0867101418498
0.0863979862448
0.0860874161574
0.0857784216954
0.0854709930342
0.0851651204166
0.0848607941524
0.0845580046181
0.084256742256
0.0839569975744
0.0836587611468
0.0833620236114
0.0830667756711
0.0827730080925
0.0824807117062
0.0821898774056
0.0819004961472
0.0816125589495
0.0813260568933
0.0810409811206
0.0807573228349
0.0804750733
0.0801942238404
0.0799147658401
0.079636690743
0.0793599900518
0.079084655328
0.0788106781915
0.0785380503198
0.0782667634482
0.0779968093691
0.0777281799313
0.0774608670403
0.0771948626573
0.0769301587991
0.0766667475378
0.0764046210001
0.0761437713672
0.0758841908742
0.0756258718101
0.0753688065169
0.0751129873896
0.0748584068757
0.074605057475
0.0743529317388
0.07410202227
0.0738523217227
0.0736038228014
0.073356518261
0.0731104009066
0.0728654635926
0.072621699223
0.0723791007504
0.0721376611762
0.0718973735499
0.0716582309689
0.0714202265781
0.0711833535697
0.0709476051826
0.0707129747023
0.0704794554604
0.0702470408346
0.0700157242478
0.0697854991681
0.0695563591087
0.0693282976272
0.0691013083253
0.0688753848487
0.0686505208868
0.068426710172
0.0682039464797
0.0679822236281
0.0677615354776
0.0675418759305
0.0673232389311
0.0671056184647
0.066889008558
0.0666734032784
0.0664587967338
0.0662451830722
0.0660325564818
0.0658209111901
0.065610241464
0.0654005416096
0.0651918059716
0.0649840289331
0.0647772049156
0.0645713283783
0.0643663938182
0.0641623957695
0.0639593288035
0.0637571875284
0.0635559665889
0.0633556606659
0.0631562644762
0.0629577727727
0.0627601803433
0.0625634820115
0.0623676726355
0.0621727471083
0.0619787003573
0.0617855273441
0.0615932230643
0.0614017825469
0.0612112008547
0.0610214730834
0.0608325943619
0.0606445598516
0.0604573647464
0.0602710042724
0.0600854736877
0.0599007682823
0.0597168833774
0.0595338143258
0.0593515565111
0.0591701053478
0.058989456281
