0.367879441216
0.367879441216
0.367879441216
0.367879441216
0.367879441216
0.367879441216
0.367879441216
0.367879441216
0.367879441216
0.367879441216
0.367879441216
0.367879441216
0.367879441216
0.367879441216
0.367879441216
0.367879441216
0.367879441216
0.367879441216
0.367879441216
0.367879441216
0.367879441216
0.367879441216
0.367879441216
0.367879441216
0.367879441216
0.367879441216
0.367879441216
0.367879441216
0.367879441216
0.367879441216
0.367879441216
0.367879441216
0.367879441216
0.367879441216
0.367879441216
0.367879441216
0.367879441216
0.367879441216
0.367879441216
0.367879441216
0.367879441216
0.367879441216
0.367879441216
0.367879441216
0.367879441216
0.367879441216
0.367879441216
0.367879441216
0.367879441216
0.367879441216
0.367879441216
0.367879441216
0.367879441216
0.367879441216
0.367879441216
0.367879441216
0.367879441216
0.367879441216
0.367879441216
0.367879441216
0.367879441216
0.367879441216
0.367879441216
0.367879441216
0.367879441216
0.367879441216
0.367879441216
0.367879441216
0.367879441216
0.367879441216
0.367879441216
0.367879441216
0.367879441216
0.367879441216
0.367879441216
0.367879441216
0.367879441216
0.367879441216
0.367879441216
0.367879441215
0.367879441215
0.367879441214
0.367879441212
0.367879441209
0.367879441203
0.367879441194
0.367879441179
0.367879441153
0.367879441112
0.367879441047
0.367879440946
0.367879440791
0.367879440556
0.367879440205
0.367879439689
0.367879438938
0.367879437859
0.367879436328
0.367879434178
0.367879431192
0.367879427088
0.367879421502
0.367879413972
0.367879403914
0.367879390596
0.367879373113
0.367879350346
0.367879320931
0.367879283212
0.367879235198
0.367879174504
0.367879098298
0.367879003238
0.367878885401
0.367878740211
0.367878562362
0.367878345735
0.367878083307
0.367877767063
0.367877387899
0.367876935523
0.367876398356
0.367875763425
0.367875016261
0.36787414079
0.367873119232
0.367871931993
0.367870557561
0.367868972404
0.367867150875
0.367865065114
0.36786268496
0.367859977861
0.367856908802
0.367853440228
0.367849531976
0.367845141222
0.367840222428
0.367834727301
0.367828604761
0.367821800915
0.367814259049
0.367805919618
0.367796720254
0.367786595783
0.367775478247
0.367763296942
0.367749978462
0.36773544675
0.367719623166
0.367702426558
0.36768377334
0.367663577584
0.367641751118
0.367618203624
0.367592842757
0.367565574258
0.367536302077
0.367504928505
0.367471354306
0.367435478852
0.367397200271
0.367356415584
0.367313020861
0.367266911361
0.367217981693
0.367166125958
0.367111237909
0.367053211101
0.36699193904
0.366927315341
0.36685923387
0.366787588896
0.366712275236
0.366633188399
0.366550224722
0.366463281513
0.366372257181
0.366277051363
0.366177565056
0.366073700732
0.365965362459
0.36585245601
0.365734888972
0.365612570849
0.365485413158
0.36535332952
0.36521623575
0.365074049938
0.364926692522
0.364774086364
0.364616156813
0.364452831767
0.364284041727
0.36410971985
0.363929801991
0.363744226744
0.363552935479
0.363355872372
0.363152984427
0.362944221503
0.362729536324
0.362508884498
0.362282224519
0.362049517773
0.361810728539
0.361565823983
0.36131477415
0.361057551956
0.360794133168
0.360524496391
0.360248623045
0.35996649734
0.359678106251
0.359383439487
0.359082489461
0.358775251253
0.358461722578
0.358141903743
0.357815797607
0.357483409544
0.357144747392
0.356799821413
0.356448644243
0.356091230847
0.355727598467
0.355357766573
0.354981756812
0.354599592956
0.354211300851
0.353816908361
0.353416445316
0.353009943457
0.352597436384
0.352178959498
0.351754549949
0.35132424658
0.350888089872
0.350446121891
0.34999838623
0.349544927957
0.349085793564
0.348621030907
0.348150689155
0.347674818741
0.347193471303
0.346706699637
0.346214557645
0.34571710028
0.345214383504
0.34470646423
0.344193400278
0.343675250328
0.343152073869
0.342623931155
0.342090883159
0.341552991529
0.341010318541
0.34046292706
0.339910880494
0.339354242756
0.338793078221
0.338227451686
0.337657428333
0.337083073693
0.336504453603
0.335921634176
0.335334681762
0.334743662915
0.334148644362
0.333549692967
0.332946875701
0.332340259609
0.331729911787
0.331115899345
0.330498289384
0.329877148966
0.32925254509
0.328624544665
0.327993214485
0.327358621207
0.326720831327
0.326079911157
0.325435926803
0.324788944147
0.324139028825
0.323486246207
0.322830661382
0.322172339137
0.32151134394
0.320847739925
0.320181590878
0.319512960217
0.318841910982
0.318168505822
0.317492806975
0.316814876265
0.316134775084
0.315452564381
0.314768304653
0.314082055936
0.313393877791
0.3127038293
0.312011969055
0.311318355147
0.310623045165
0.309926096184
0.309227564757
0.308527506917
0.30782597816
0.307123033449
0.306418727204
0.305713113299
0.305006245058
0.304298175251
0.303588956091
0.302878639229
0.302167275755
0.301454916193
0.300741610498
0.300027408058
0.299312357689
0.298596507636
0.297879905571
0.297162598593
0.296444633226
0.295726055424
0.295006910564
0.294287243453
0.293567098322
0.292846518835
0.292125548081
0.291404228584
0.290682602298
0.28996071061
0.289238594346
0.288516293768
0.287793848576
0.287071297915
0.286348680373
0.285626033987
0.284903396242
0.284180804077
0.283458293886
0.282735901523
0.282013662303
0.281291611007
0.280569781885
0.279848208659
0.279126924527
0.278405962167
0.27768535374
0.276965130895
0.276245324771
0.275525966003
0.274807084726
0.274088710576
0.273370872699
0.272653599751
0.271936919904
0.271220860851
0.270505449809
0.269790713525
0.269076678277
0.268363369883
0.267650813702
0.26693903464
0.266228057156
0.26551790526
0.264808602528
0.264100172096
0.263392636673
0.262686018539
0.261980339555
0.261275621164
0.260571884395
0.259869149872
0.259167437815
0.258466768045
0.257767159987
0.257068632681
0.256371204778
0.255674894551
0.254979719895
0.254285698336
0.253592847032
0.252901182777
0.25221072201
0.251521480814
0.250833474925
0.250146719732
0.249461230286
0.248777021301
0.248094107159
0.247412501914
0.246732219299
0.246053272728
0.245375675297
0.244699439796
0.244024578707
0.243351104208
0.242679028183
0.242008362219
0.241339117613
0.240671305379
0.240004936246
0.239340020668
0.238676568821
0.238014590615
0.237354095692
0.23669509343
0.236037592951
0.235381603121
0.234727132555
0.234074189618
0.233422782436
0.232772918889
0.232124606626
0.231477853058
0.230832665368
0.230189050515
0.229547015232
0.228906566033
0.228267709218
0.227630450873
0.226994796874
0.226360752891
0.225728324393
0.225097516646
0.224468334721
0.223840783497
0.22321486766
0.222590591709
0.22196795996
0.221346976546
0.220727645423
0.22010997037
0.219493954994
0.218879602732
0.218266916853
0.217655900464
0.217046556507
0.216438887769
0.215832896876
0.215228586306
0.21462595838
0.214025015276
0.213425759022
0.212828191506
0.212232314471
0.211638129525
0.211045638138
0.210454841647
0.209865741257
0.209278338046
0.208692632962
0.208108626831
0.207526320354
0.206945714115
0.206366808579
0.205789604093
0.205214100893
0.204640299103
0.204068198736
0.203497799697
0.202929101789
0.202362104707
0.201796808047
0.201233211304
0.200671313876
0.200111115065
0.199552614077
0.198995810028
0.198440701941
0.197887288753
0.197335569311
0.196785542378
0.196237206634
0.195690560675
0.195145603018
0.1946023321
0.194060746281
0.193520843848
0.192982623008
0.192446081902
0.191911218594
0.191378031083
0.190846517297
0.190316675097
0.189788502279
0.189261996578
0.188737155661
0.188213977138
0.187692458557
0.187172597407
0.186654391121
0.186137837075
0.18562293259
0.185109674934
0.184598061322
0.184088088917
0.183579754834
0.183073056136
0.182567989841
0.182064552919
0.181562742295
0.181062554848
0.180563987414
0.180067036789
0.179571699724
0.179077972932
0.178585853085
0.178095336819
0.17760642073
0.177119101379
0.176633375291
0.176149238956
0.175666688831
0.17518572134
0.174706332874
0.174228519794
0.173752278431
0.173277605085
0.17280449603
0.17233294751
0.171862955742
0.171394516918
0.170927627205
0.170462282743
0.169998479649
0.169536214019
0.169075481923
0.168616279411
0.168158602512
0.167702447235
0.167247809568
0.166794685479
0.166343070922
0.165892961827
0.165444354112
0.164997243676
0.164551626403
0.164107498159
0.163664854799
0.163223692162
0.162784006073
0.162345792343
0.161909046774
0.161473765153
0.161039943255
0.160607576846
0.160176661681
0.159747193504
0.15931916805
0.158892581047
0.15846742821
0.158043705251
0.15762140787
0.157200531763
0.156781072618
0.156363026115
0.155946387932
0.155531153738
0.155117319198
0.154704879974
0.15429383172
0.15388417009
0.153475890732
0.153068989293
0.152663461414
0.152259302736
0.151856508898
0.151455075536
0.151054998285
0.150656272779
0.150258894652
0.149862859537
0.149468163066
0.149074800872
0.148682768588
0.148292061849
0.14790267629
0.147514607548
0.14712785126
0.146742403067
0.14635825861
0.145975413535
0.145593863489
0.145213604121
0.144834631085
0.144456940038
0.14408052664
0.143705386555
0.143331515451
0.142958909001
0.142587562882
0.142217472776
0.14184863437
0.141481043355
