0.367879441204
0.367879441204
0.367879441204
0.367879441204
0.367879441204
0.367879441204
0.367879441204
0.367879441204
0.367879441204
0.367879441204
0.367879441204
0.367879441204
0.367879441204
0.367879441204
0.367879441204
0.367879441204
0.367879441204
0.367879441204
0.367879441204
0.367879441204
0.367879441204
0.367879441204
0.367879441204
0.367879441204
0.367879441204
0.367879441204
0.367879441204
0.367879441204
0.367879441204
0.367879441204
0.367879441204
0.367879441204
0.367879441204
0.367879441204
0.367879441204
0.367879441204
0.367879441204
0.367879441204
0.367879441204
0.367879441204
0.367879441204
0.367879441204
0.367879441204
0.367879441204
0.367879441204
0.367879441204
0.367879441204
0.367879441204
0.367879441204
0.367879441204
0.367879441204
0.367879441204
0.367879441204
0.367879441204
0.367879441204
0.367879441204
0.367879441204
0.367879441204
0.367879441204
0.367879441204
0.367879441204
0.367879441204
0.367879441204
0.367879441204
0.367879441204
0.367879441204
0.367879441204
0.367879441204
0.367879441203
0.367879441202
0.367879441201
0.367879441197
0.36787944119
0.367879441178
0.367879441156
0.367879441116
0.367879441049
0.367879440934
0.367879440746
0.367879440443
0.36787943996
0.367879439208
0.367879438056
0.367879436317
0.367879433735
0.367879429955
0.367879424498
0.367879416724
0.367879405789
0.367879390594
0.367879369719
0.36787934136
0.367879303237
0.367879252505
0.367879185644
0.367879098342
0.367878985355
0.36787884037
0.367878655838
0.367878422805
0.36787813073
0.367877767288
0.367877318167
0.367876766853
0.367876094415
0.367875279278
0.367874296995
0.36787312002
0.367871717478
0.367870054943
0.367868094221
0.367865793133
0.367863105322
0.367859980058
0.367856362065
0.367852191364
0.367847403134
0.367841927583
0.367835689856
0.367828609954
0.367820602677
0.367811577591
0.367801439027
0.367790086093
0.367777412717
0.367763307718
0.367747654892
0.367730333129
0.367711216554
0.367690174685
0.367667072617
0.367641771221
0.367614127371
0.367583994177
0.367551221243
0.367515654939
0.367477138679
0.367435513217
0.367390616952
0.367342286241
0.367290355716
0.367234658607
0.367175027073
0.367111292526
0.367043285967
0.366970838307
0.366893780701
0.366811944862
0.366725163387
0.366633270063
0.366536100173
0.366433490791
0.366325281074
0.366211312535
0.366091429312
0.365965478427
0.365833310027
0.365694777617
0.365549738283
0.365398052898
0.365239586316
0.365074207556
0.364901789965
0.364722211378
0.364535354258
0.364341105822
0.36413935816
0.363930008334
0.36371295847
0.363488115833
0.363255392893
0.363014707379
0.362765982316
0.362509146062
0.36224413232
0.361970880153
0.361689333977
0.361399443556
0.361101163978
0.360794455627
0.360479284149
0.360155620402
0.359823440407
0.359482725289
0.35913346121
0.358775639297
0.358409255564
0.358034310833
0.357650810642
0.357258765152
0.356858189058
0.35644910148
0.356031525868
0.355605489891
0.355171025331
0.354728167968
0.354276957475
0.353817437296
0.353349654535
0.352873659837
0.35238950727
0.35189725421
0.35139696122
0.350888691931
0.350372512926
0.349848493622
0.34931670615
0.348777225241
0.348230128107
0.347675494333
0.347113405753
0.346543946349
0.34596720213
0.345383261031
0.344792212799
0.344194148893
0.343589162373
0.342977347806
0.342358801156
0.341733619696
0.341101901905
0.340463747375
0.339819256722
0.339168531495
0.338511674085
0.337848787647
0.33717997601
0.336505343601
0.335824995365
0.335139036688
0.334447573325
0.333750711326
0.333048556971
0.332341216697
0.331628797038
0.330911404561
0.330189145804
0.329462127218
0.328730455114
0.327994235605
0.327253574556
0.326508577533
0.325759349756
0.325005996051
0.324248620812
0.323487327948
0.322722220855
0.321953402367
0.321180974727
0.320405039546
0.319625697776
0.318843049672
0.318057194766
0.317268231839
0.316476258892
0.315681373121
0.314883670893
0.314083247726
0.313280198265
0.312474616262
0.311666594562
0.31085622508
0.310043598789
0.309228805703
0.308411934864
0.307593074331
0.306772311167
0.305949731429
0.305125420157
0.304299461368
0.303471938049
0.302642932146
0.301812524563
0.300980795154
0.300147822722
0.299313685013
0.298478458712
0.297642219446
0.296805041779
0.295966999213
0.295128164187
0.294288608077
0.293448401202
0.292607612818
0.291766311129
0.290924563282
0.290082435376
0.289239992462
0.28839729855
0.287554416611
0.286711408584
0.285868335382
0.285025256895
0.284182231997
0.283339318555
0.282496573432
0.281654052495
0.280811810625
0.279969901721
0.279128378708
0.278287293547
0.277446697242
0.276606639849
0.275767170481
0.274928337323
0.274090187635
0.273252767764
0.272416123152
0.271580298347
0.270745337008
0.269911281919
0.269078174997
0.268246057301
0.267414969042
0.26658494959
0.265756037491
0.264928270469
0.264101685439
0.263276318518
0.262452205033
0.261629379531
0.260807875791
0.259987726831
0.259168964919
0.258351621585
0.257535727626
0.256721313121
0.255908407438
0.255097039245
0.254287236519
0.253479026554
0.252672435975
0.251867490745
0.251064216173
0.250262636927
0.249462777041
0.248664659926
0.247868308378
0.247073744588
0.24628099015
0.245490066074
0.24470099279
0.24391379016
0.243128477486
0.242345073521
0.241563596474
0.240784064021
0.240006493313
0.239230900988
0.238457303171
0.237685715493
0.236916153091
0.236148630619
0.235383162258
0.234619761722
0.233858442266
0.233099216694
0.232342097367
0.231587096212
0.230834224727
0.230083493989
0.229334914665
0.228588497015
0.227844250899
0.227102185789
0.22636231077
0.225624634554
0.224889165479
0.224155911521
0.223424880299
0.222696079084
0.221969514801
0.221245194038
0.220523123054
0.219803307782
0.219085753838
0.218370466525
0.217657450839
0.216946711478
0.216238252843
0.215532079049
0.214828193925
0.214126601025
0.213427303631
0.212730304756
0.212035607154
0.211343213323
0.21065312551
0.209965345717
0.209279875703
0.208596716995
0.207915870887
0.207237338446
0.206561120521
0.205887217742
0.205215630527
0.204546359088
0.203879403432
0.20321476337
0.202552438515
0.201892428294
0.201234731943
0.200579348521
0.199926276906
0.199275515802
0.198627063745
0.197980919103
0.197337080082
0.196695544729
0.196056310935
0.195419376442
0.194784738841
0.19415239558
0.193522343966
0.192894581167
0.192269104216
0.191645910017
0.191024995343
0.190406356843
0.189789991045
0.189175894356
0.188564063068
0.18795449336
0.187347181301
0.18674212285
0.186139313863
0.185538750096
0.184940427201
0.184344340736
0.183750486166
0.18315885886
0.1825694541
0.181982267084
0.18139729292
0.180814526637
0.180233963184
0.179655597431
0.179079424175
0.178505438138
0.177933633969
0.177364006252
0.176796549501
0.176231258166
0.175668126635
0.175107149231
0.174548320223
0.17399163382
0.173437084174
0.172884665386
0.172334371504
0.171786196526
0.171240134399
0.170696179028
0.170154324267
0.169614563932
0.169076891792
0.168541301577
0.16800778698
0.167476341654
0.166946959216
0.166419633249
0.165894357301
0.165371124892
0.164849929506
0.164330764601
0.163813623605
0.163298499922
0.162785386927
0.162274277972
0.161765166386
0.161258045475
0.160752908525
0.160249748802
0.159748559552
0.159249334005
0.158752065373
0.158256746853
0.157763371626
0.157271932861
0.156782423713
0.156294837326
0.155809166833
0.155325405356
0.154843546009
0.154363581897
0.153885506117
0.153409311761
0.152934991915
0.152462539657
0.151991948064
0.151523210209
0.15105631916
0.150591267985
0.15012804975
0.14966665752
0.14920708436
0.148749323337
0.148293367516
0.147839209968
0.147386843762
0.146936261974
0.146487457682
0.146040423967
0.145595153917
0.145151640624
0.144709877187
0.144269856709
0.143831572302
0.143395017085
0.142960184184
0.142527066735
0.142095657879
0.141665950772
0.141237938574
0.140811614458
0.140386971607
0.139964003215
0.139542702487
0.139123062639
0.138705076901
0.138288738512
0.137874040728
0.137460976814
0.13704954005
0.136639723732
0.136231521166
0.135824925676
0.135419930597
0.135016529282
0.134614715098
0.134214481428
0.133815821669
0.133418729237
0.133023197561
0.13262922009
0.132236790286
0.131845901632
0.131456547623
0.131068721778
0.130682417627
0.130297628723
0.129914348634
0.129532570948
0.12915228927
0.128773497223
0.128396188452
0.128020356618
0.127645995401
0.127273098502
0.12690165964
0.126531672555
0.126163131004
0.125796028767
0.125430359641
0.125066117446
0.124703296019
0.12434188922
0.123981890927
0.12362329504
0.123266095481
0.122910286189
0.122555861126
0.122202814275
0.121851139641
0.121500831246
0.121151883137
0.120804289381
0.120458044066
0.120113141301
0.119769575217
0.119427339966
0.119086429722
0.118746838681
0.118408561058
0.118071591093
0.117735923045
0.117401551196
0.117068469849
0.116736673331
0.116406155987
0.116076912187
0.115748936321
0.115422222802
0.115096766064
0.114772560564
0.11444960078
0.114127881211
0.113807396381
0.113488140832
0.113170109131
0.112853295866
0.112537695646
0.112223303103
0.111910112891
0.111598119685
0.111287318182
0.110977703102
0.110669269186
0.110362011197
