0.367879441196
0.367879441196
0.367879441196
0.367879441196
0.367879441196
0.367879441196
0.367879441196
0.367879441196
0.367879441196
0.367879441196
0.367879441196
0.367879441196
0.367879441196
0.367879441196
0.367879441196
0.367879441196
0.367879441196
0.367879441196
0.367879441196
0.367879441196
0.367879441196
0.367879441196
0.367879441196
0.367879441196
0.367879441196
0.367879441196
0.367879441196
0.367879441196
0.367879441196
0.367879441196
0.367879441196
0.367879441196
0.367879441196
0.367879441196
0.367879441196
0.367879441196
0.367879441196
0.367879441196
0.367879441196
0.367879441196
0.367879441196
0.367879441196
0.367879441196
0.367879441196
0.367879441196
0.367879441196
0.367879441196
0.367879441196
0.367879441196
0.367879441196
0.367879441196
0.367879441196
0.367879441196
0.367879441196
0.367879441196
0.367879441196
0.367879441196
0.367879441196
0.367879441196
0.367879441196
0.367879441195
0.367879441193
0.367879441189
0.367879441181
0.367879441165
0.367879441134
0.367879441074
0.367879440966
0.367879440772
0.367879440435
0.367879439864
0.367879438919
0.367879437388
0.367879434958
0.367879431176
0.367879425397
0.367879416719
0.367879403906
0.367879385279
0.367879358605
0.367879320945
0.367879268489
0.367879196356
0.367879098369
0.367878966804
0.367878792102
0.367878562559
0.367878263986
0.367877879343
0.367877388351
0.367876767082
0.367875987533
0.367875017194
0.367873818597
0.36787234888
0.367870559336
0.367868394987
0.367865794167
0.367862688123
0.367859000648
0.367854647741
0.367849537308
0.3678435689
0.367836633493
0.367828613325
0.367819381777
0.367808803307
0.367796733437
0.367783018805
0.367767497257
0.367749998004
0.367730341831
0.367708341359
0.36768380135
0.367656519068
0.367626284684
0.367592881714
0.367556087507
0.367515673756
0.367471407045
0.367423049424
0.367370358998
0.367313090542
0.367250996125
0.367183825746
0.367111327973
0.367033250585
0.366949341216
0.366859347986
0.366763020129
0.366660108611
0.366550366726
0.366433550681
0.366309420165
0.366177738885
0.36603827509
0.365890802066
0.365735098601
0.365570949433
0.365398145659
0.365216485122
0.365025772762
0.36482582095
0.364616449778
0.364397487326
0.364168769903
0.363930142253
0.363681457734
0.363422578474
0.363153375491
0.362873728793
0.362583527451
0.362282669649
0.361971062706
0.361648623076
0.361315276335
0.360970957134
0.360615609143
0.360249184972
0.359871646078
0.359482962651
0.359083113493
0.358672085876
0.358249875388
0.357816485775
0.357371928761
0.356916223872
0.356449398235
0.355971486385
0.355482530057
0.354982577975
0.354471685631
0.35394991507
0.353417334662
0.352874018876
0.35232004805
0.351755508163
0.351180490604
0.350595091938
0.349999413681
0.349393562065
0.348777647814
0.348151785915
0.347516095398
0.346870699111
0.346215723502
0.345551298406
0.344877556834
0.34419463476
0.343502670925
0.342801806631
0.34209218555
0.341373953531
0.340647258415
0.339912249856
0.339169079138
0.338417899014
0.337658863528
0.336892127864
0.336117848182
0.335336181472
0.334547285404
0.333751318191
0.332948438449
0.332138805066
0.33132257708
0.330499913554
0.329670973459
0.328835915567
0.327994898338
0.327148079823
0.326295617564
0.325437668499
0.324574388877
0.32370593417
0.322832458995
0.321954117036
0.321071060973
0.320183442412
0.319291411821
0.318395118472
0.317494710379
0.316590334246
0.315682135419
0.314770257833
0.313854843976
0.312936034841
0.312013969891
0.311088787023
0.310160622538
0.30922961111
0.308295885755
0.307359577815
0.306420816927
0.305479731008
0.304536446238
0.30359108704
0.302643776071
0.301694634208
0.30074378054
0.299791332357
0.298837405147
0.297882112591
0.296925566556
0.295967877102
0.295009152471
0.294049499097
0.293089021604
0.292127822813
0.291166003743
0.290203663619
0.289240899879
0.288277808184
0.287314482422
0.286351014721
0.285387495462
0.284424013286
0.283460655106
0.282497506126
0.281534649845
0.280572168081
0.279610140977
0.278648647022
0.277687763064
0.276727564326
0.275768124424
0.274809515382
0.273851807649
0.272895070119
0.271939370146
0.270984773565
0.270031344705
0.269079146414
0.268128240074
0.267178685617
0.266230541552
0.265283864975
0.264338711594
0.263395135746
0.262453190417
0.261512927261
0.260574396618
0.259637647535
0.258702727786
0.257769683888
0.256838561123
0.255909403556
0.254982254056
0.254057154312
0.253134144853
0.252213265068
0.251294553225
0.250378046487
0.249463780934
0.248551791576
0.24764211238
0.246734776279
0.245829815195
0.244927260056
0.244027140814
0.243129486461
0.242234325046
0.241341683696
0.240451588628
0.239564065171
0.238679137775
0.237796830038
0.236917164711
0.236040163723
0.235165848192
0.234294238441
0.233425354018
0.232559213702
0.23169583553
0.230835236801
0.229977434096
0.229122443295
0.228270279585
0.227420957478
0.226574490823
0.225730892823
0.224890176044
0.224052352432
0.223217433324
0.222385429461
0.221556351001
0.220730207533
0.219907008087
0.219086761146
0.218269474661
0.217455156059
0.216643812257
0.215835449672
0.215030074233
0.214227691391
0.213428306132
0.212631922985
0.211838546033
0.211048178925
0.210260824883
0.209476486716
0.208695166824
0.207916867216
0.207141589509
0.206369334946
0.205600104401
0.204833898388
0.204070717071
0.20331056027
0.202553427473
0.201799317843
0.201048230223
0.200300163149
0.199555114856
0.198813083281
0.198074066079
0.197338060623
0.196605064016
0.195875073096
0.195148084442
0.194424094382
0.193703099002
0.192985094148
0.192270075436
0.191558038256
0.190848977781
0.190142888968
0.189439766572
0.188739605142
0.188042399036
0.18734814242
0.186656829275
0.185968453406
0.185283008443
0.184600487847
0.183920884916
0.18324419279
0.182570404455
0.181899512748
0.181231510364
0.180566389855
0.179904143639
0.179244764004
0.178588243111
0.177934572997
0.177283745584
0.176635752677
0.175990585971
0.175348237054
0.174708697413
0.174071958434
0.173438011408
0.172806847533
0.17217845792
0.171552833594
0.170929965497
0.170309844494
0.169692461371
0.169077806845
0.168465871562
0.1678566461
0.167250120976
0.166646286642
0.166045133495
0.165446651875
0.164850832069
0.164257664314
0.163667138798
0.163079245664
0.162493975013
0.161911316904
0.161331261356
0.160753798353
0.160178917847
0.159606609754
0.159036863962
0.158469670331
0.157905018695
0.157342898862
0.156783300621
0.156226213738
0.155671627962
0.155119533023
0.154569918638
0.154022774508
0.153478090326
0.15293585577
0.152396060513
0.151858694217
0.151323746542
0.150791207141
0.150261065664
0.14973331176
0.149207935077
0.148684925266
0.148164271976
0.147645964863
0.147129993585
0.146616347809
0.146105017204
0.145595991451
0.145089260238
0.144584813263
0.144082640235
0.143582730876
0.14308507492
0.142589662114
0.142096482222
0.14160552502
0.141116780305
0.140630237887
0.140145887596
0.139663719282
0.139183722812
0.138705888075
0.13823020498
0.137756663459
0.137285253465
0.136815964976
0.13634878799
0.135883712533
0.135420728655
0.134959826429
0.134500995956
0.134044227364
0.133589510807
0.133136836467
0.132686194553
0.132237575303
0.131790968985
0.131346365895
0.130903756359
0.130463130734
0.130024479406
0.129587792792
0.129153061343
0.128720275539
0.128289425893
0.12786050295
0.127433497286
0.127008399514
0.126585200276
0.126163890251
0.125744460147
0.125326900712
0.124911202724
0.124497356996
0.124085354376
0.123675185748
0.123266842031
0.122860314177
0.122455593175
0.12205267005
0.121651535862
0.121252181708
0.120854598719
0.120458778065
0.120064710949
0.119672388614
0.119281802336
0.118892943432
0.118505803251
0.118120373181
0.117736644649
0.117354609116
0.11697425808
0.116595583079
0.116218575685
0.115843227509
0.115469530199
0.11509747544
0.114727054956
0.114358260504
0.113991083884
0.11362551693
0.113261551513
0.112899179543
0.112538392968
0.112179183771
0.111821543974
0.111465465637
0.111110940855
0.110757961763
0.110406520532
0.110056609369
0.109708220522
0.109361346271
0.109015978938
0.10867211088
0.108329734489
0.107988842199
0.107649426476
0.107311479826
0.106974994791
0.106639963948
0.106306379914
0.105974235339
0.105643522913
0.10531423536
0.104986365441
0.104659905954
0.104334849732
0.104011189645
0.103688918599
0.103368029536
0.103048515433
0.102730369303
0.102413584196
0.102098153195
0.101784069421
0.10147132603
0.10115991621
0.100849833188
0.100541070225
0.100233620616
0.0999274776908
0.0996226348146
0.0993190853869
0.0990168228414
0.0987158406463
0.0984161323039
0.0981176913507
0.097820511357
0.097524585927
0.0972299086985
0.096936473343
0.0966442735654
0.0963533031038
0.0960635557296
0.0957750252473
0.0954877054941
0.0952015903403
0.0949166736887
0.0946329494745
0.0943504116656
0.0940690542619
0.0937888712956
0.0935098568308
0.0932320049634
0.0929553098211
0.0926797655633
0.0924053663807
0.0921321064952
0.0918599801601
0.0915889816597
0.091319105309
0.091050345454
0.0907826964712
0.0905161527675
0.0902507087804
0.0899863589772
0.0897230978557
0.0894609199433
0.0891998197972
0.0889397920045
0.0886808311815
0.088422931974
0.088166089057
0.0879102971346
