0.36787944157
0.36787944157
0.36787944157
0.36787944157
0.36787944157
0.36787944157
0.36787944157
0.36787944157
0.36787944157
0.36787944157
0.36787944157
0.36787944157
0.36787944157
0.36787944157
0.36787944157
0.36787944157
0.36787944157
0.36787944157
0.36787944157
0.36787944157
0.36787944157
0.36787944157
0.36787944157
0.36787944157
0.36787944157
0.36787944157
0.36787944157
0.36787944157
0.36787944157
0.36787944157
0.36787944157
0.36787944157
0.36787944157
0.36787944157
0.36787944157
0.36787944157
0.36787944157
0.36787944157
0.36787944157
0.36787944157
0.36787944157
0.36787944157
0.36787944157
0.36787944157
0.36787944157
0.36787944157
0.36787944157
0.36787944157
0.36787944157
0.36787944157
0.36787944157
0.36787944157
0.36787944157
0.36787944157
0.36787944157
0.36787944157
0.36787944157
0.36787944157
0.36787944157
0.36787944157
0.36787944157
0.36787944157
0.36787944157
0.36787944157
0.36787944157
0.36787944157
0.36787944157
0.36787944157
0.36787944157
0.36787944157
0.36787944157
0.36787944157
0.36787944157
0.36787944157
0.36787944157
0.36787944157
0.36787944157
0.36787944157
0.36787944157
0.36787944157
0.36787944157
0.36787944157
0.36787944157
0.36787944157
0.36787944157
0.36787944157
0.36787944157
0.36787944157
0.36787944157
0.36787944157
0.36787944157
0.36787944157
0.36787944157
0.36787944157
0.36787944157
0.36787944157
0.36787944157
0.36787944157
0.36787944157
0.36787944157
0.36787944157
0.36787944157
0.36787944157
0.36787944157
0.36787944157
0.36787944157
0.36787944157
0.36787944157
0.36787944157
0.36787944157
0.36787944157
0.36787944157
0.36787944157
0.36787944157
0.36787944157
0.36787944157
0.36787944157
0.36787944157
0.36787944157
0.36787944157
0.36787944157
0.36787944157
0.36787944157
0.36787944157
0.36787944157
0.36787944157
0.36787944157
0.36787944157
0.36787944157
0.36787944157
0.36787944157
0.36787944157
0.36787944157
0.36787944157
0.36787944157
0.36787944157
0.36787944157
0.36787944157
0.36787944157
0.36787944157
0.36787944157
0.36787944157
0.36787944157
0.36787944157
0.36787944157
0.36787944157
0.36787944157
0.36787944157
0.36787944157
0.36787944157
0.36787944157
0.36787944157
0.36787944157
0.36787944157
0.36787944157
0.36787944157
0.36787944157
0.36787944157
0.36787944157
0.36787944157
0.36787944157
0.36787944157
0.36787944157
0.36787944157
0.36787944157
0.36787944157
0.36787944157
0.36787944157
0.36787944157
0.36787944157
0.36787944157
0.36787944157
0.36787944157
0.36787944157
0.36787944157
0.36787944157
0.36787944157
0.36787944157
0.36787944157
0.36787944157
0.36787944157
0.36787944157
0.36787944157
0.36787944157
0.36787944157
0.36787944157
0.36787944157
0.36787944157
0.36787944157
0.36787944157
0.36787944157
0.36787944157
0.36787944157
0.36787944157
0.36787944157
0.36787944157
0.36787944157
0.36787944157
0.36787944157
0.36787944157
0.36787944157
0.36787944157
0.36787944157
0.36787944157
0.36787944157
0.36787944157
0.36787944157
0.36787944157
0.36787944157
0.36787944157
0.36787944157
0.36787944157
0.36787944157
0.36787944157
0.36787944157
0.36787944157
0.36787944157
0.36787944157
0.36787944157
0.36787944157
0.36787944157
0.36787944157
0.36787944157
0.36787944157
0.36787944157
0.36787944157
0.36787944157
0.36787944157
0.36787944157
0.36787944157
0.36787944157
0.36787944157
0.36787944157
0.36787944157
0.36787944157
0.36787944157
0.36787944157
0.36787944157
0.36787944157
0.36787944157
0.36787944157
0.36787944157
0.367879441569
0.367879441569
0.367879441569
0.367879441568
0.367879441568
0.367879441567
0.367879441567
0.367879441566
0.367879441565
0.367879441563
0.367879441562
0.36787944156
0.367879441558
0.367879441555
0.367879441552
0.367879441549
0.367879441544
0.367879441539
0.367879441533
0.367879441526
0.367879441517
0.367879441507
0.367879441496
0.367879441482
0.367879441466
0.367879441447
0.367879441426
0.367879441401
0.367879441372
0.367879441338
0.367879441299
0.367879441254
0.367879441202
0.367879441143
0.367879441074
0.367879440996
0.367879440906
0.367879440804
0.367879440686
0.367879440553
0.367879440401
0.367879440229
0.367879440033
0.367879439812
0.367879439561
0.367879439278
0.367879438958
0.367879438598
0.367879438192
0.367879437737
0.367879437225
0.367879436652
0.36787943601
0.367879435291
0.367879434489
0.367879433594
0.367879432596
0.367879431486
0.367879430251
0.36787942888
0.367879427358
0.367879425672
0.367879423806
0.367879421742
0.367879419461
0.367879416945
0.367879414171
0.367879411115
0.367879407754
0.367879404059
0.367879400002
0.367879395551
0.367879390672
0.36787938533
0.367879379487
0.367879373099
0.367879366124
0.367879358514
0.367879350219
0.367879341183
0.367879331351
0.367879320659
0.367879309044
0.367879296436
0.36787928276
0.367879267939
0.367879251888
0.36787923452
0.36787921574
0.367879195451
0.367879173545
0.367879149914
0.367879124438
0.367879096995
0.367879067452
0.367879035673
0.367879001512
0.367878964815
0.367878925421
0.367878883161
0.367878837855
0.367878789317
0.36787873735
0.367878681747
0.367878622291
0.367878558755
0.367878490902
0.367878418482
0.367878341235
0.367878258889
0.367878171159
0.367878077746
0.367877978342
0.367877872621
0.367877760247
0.367877640867
0.367877514113
0.367877379605
0.367877236945
0.367877085719
0.367876925498
0.367876755836
0.367876576268
0.367876386312
0.367876185471
0.367875973225
0.367875749037
0.367875512352
0.367875262593
0.367874999163
0.367874721446
0.367874428803
0.367874120574
0.367873796077
0.367873454608
0.36787309544
0.367872717822
0.367872320981
0.367871904117
0.367871466408
0.367871007006
0.367870525038
0.367870019605
0.367869489781
0.367868934614
0.367868353127
0.367867744312
0.367867107136
0.367866440537
0.367865743424
0.367865014678
0.367864253151
0.367863457664
0.367862627009
0.367861759949
0.367860855215
0.367859911507
0.367858927496
0.367857901818
0.36785683308
0.367855719857
0.367854560692
0.367853354092
0.367852098537
0.367850792469
0.3678494343
0.367848022407
0.367846555135
0.367845030793
0.367843447658
0.367841803973
0.367840097944
0.367838327747
0.367836491521
0.367834587369
0.367832613363
0.367830567538
0.367828447893
0.367826252396
0.367823978976
0.367821625529
0.367819189916
0.367816669964
0.367814063462
0.367811368167
0.367808581799
0.367805702046
0.367802726559
0.367799652954
0.367796478814
0.367793201685
0.367789819082
0.367786328484
0.367782727335
0.367779013047
0.367775182996
0.367771234527
0.367767164949
0.36776297154
0.367758651543
0.36775420217
0.367749620601
0.367744903981
0.367740049425
0.367735054018
0.367729914809
0.367724628821
0.367719193043
0.367713604435
0.367707859927
0.367701956418
0.367695890779
0.367689659852
0.36768326045
0.367676689358
0.367669943334
0.367663019107
0.367655913381
0.367648622832
0.367641144111
0.367633473844
0.367625608629
0.367617545044
0.367609279638
0.367600808941
0.367592129457
0.367583237668
0.367574130034
0.367564802994
0.367555252964
0.367545476343
0.367535469507
0.367525228814
0.367514750602
0.367504031193
0.367493066889
0.367481853975
0.367470388722
0.367458667383
0.367446686195
0.367434441381
0.36742192915
0.367409145699
0.367396087208
0.367382749849
0.367369129778
0.367355223145
0.367341026084
0.367326534723
0.367311745179
0.367296653561
0.36728125597
0.367265548498
0.367249527233
0.367233188254
0.367216527636
0.36719954145
0.36718222576
0.367164576629
0.367146590116
0.367128262276
0.367109589166
0.367090566838
0.367071191345
0.367051458742
0.367031365081
0.367010906418
0.36699007881
0.366968878318
0.366947301003
0.366925342934
0.36690300018
0.36688026882
0.366857144934
0.36683362461
0.366809703944
0.366785379039
0.366760646003
0.366735500957
0.366709940029
0.366683959357
0.366657555088
0.366630723382
0.36660346041
0.366575762354
0.366547625409
0.366519045784
0.366490019701
0.366460543396
0.366430613119
0.366400225137
0.366369375733
0.366338061203
0.366306277864
0.366274022047
0.366241290103
0.3662080784
0.366174383326
0.366140201287
0.366105528709
0.36607036204
0.366034697746
0.365998532315
0.365961862258
0.365924684106
0.365886994415
0.36584878976
0.365810066744
0.365770821989
0.365731052145
0.365690753885
0.365649923906
0.365608558932
0.365566655711
0.365524211018
0.365481221656
0.365437684452
0.36539359626
0.365348953965
0.365303754476
0.365257994733
0.365211671702
0.365164782379
0.36511732379
0.365069292988
0.365020687058
0.364971503114
0.3649217383
0.364871389791
0.364820454792
0.36476893054
0.364716814302
0.364664103379
0.364610795101
0.364556886831
0.364502375965
0.36444725993
0.364391536187
0.364335202228
0.36427825558
0.364220693803
0.364162514488
0.364103715262
0.364044293786
0.363984247753
0.363923574891
0.363862272961
0.363800339761
0.363737773121
0.363674570907
0.363610731018
0.363546251389
0.363481129991
0.363415364827
0.363348953937
0.363281895397
0.363214187316
