50 0.0580032906222
51 0.0565919675758
52 0.0551953690952
53 0.0538179500289
54 0.0524637965749
55 0.0511366328058
56 0.0498351830963
57 0.04856736502
58 0.0473314654973
59 0.0461216130998
60 0.0449492717338
61 0.0438083875604
62 0.0427014275129
63 0.0416266901842
64 0.0405825961728
65 0.0395713678446
66 0.0385877677758
67 0.0376375525278
68 0.0367156064231
69 0.0358239376667
70 0.0349577996501
71 0.0341192160112
72 0.0333068752974
73 0.0325225799781
74 0.0317590409236
75 0.0310240644784
76 0.0303077550738
77 0.0296148828891
78 0.0289443638031
79 0.0282951771555
80 0.0276663613445
81 0.0270544874274
82 0.0264637998659
83 0.0258884984693
84 0.0253326995225
85 0.024793215027
86 0.0242693630195
87 0.0237604980368
88 0.0232681778341
89 0.0227895646576
90 0.0223241129745
91 0.0218733442181
92 0.0214366444028
93 0.0210095138514
94 0.020597391262
95 0.0201939851342
96 0.0198045507202
97 0.0194248774575
98 0.0190546123474
99 0.0186951617564
100 0.0183461070531
101 0.0180070496512
102 0.0176759620856
103 0.0173541901603
104 0.0170397979175
105 0.0167356592091
106 0.0164383077598
107 0.0161475225696
108 0.0158660499163
109 0.0155906266557
110 0.0153224907222
111 0.0150613864876
112 0.0148070694281
113 0.0145579484797
114 0.0143152018545
115 0.0140786133226
116 0.0138479757399
117 0.0136230905947
118 0.0134037675803
119 0.0131885947878
120 0.0129786655694
121 0.012775001225
122 0.0125750389981
123 0.012378678624
124 0.0121880956181
125 0.0120019737261
126 0.0118190726575
127 0.0116414791891
128 0.0114668776348
129 0.0112962453381
130 0.011130500039
131 0.0109674364504
132 0.0108079966035
133 0.0106510807989
134 0.010498585973
135 0.0103494055496
136 0.0102024928839
137 0.0100596711209
138 0.00991896213448
139 0.00978214207138
140 0.00964729129311
141 0.00951525371123
142 0.00938682633929
143 0.00926017237219
144 0.00913610611326
145 0.00901455737812
146 0.00889545834556
147 0.00877874346272
148 0.00866354180297
149 0.00855141763924
150 0.00844149348888
151 0.00833371201494
152 0.00822725085605
153 0.00812359973884
154 0.0080211822846
155 0.00792145280627
156 0.00782287623927
157 0.00772687269791
158 0.00763194676191
159 0.00753878280875
160 0.00744803158879
161 0.00735825428227
162 0.00727011277089
163 0.00718356746944
164 0.00709857998299
165 0.00701576695007
166 0.00693377681587
167 0.00685323617046
168 0.00677411096735
169 0.00669636815398
170 0.00661997563712
171 0.00654429225246
172 0.00647051459898
173 0.00639799627555
174 0.00632670870998
175 0.00625662413604
176 0.00618771556638
177 0.00611938637747
178 0.0060527580513
179 0.00598722908248
180 0.0059222233404
181 0.0058588272929
182 0.00579646009889
183 0.00573456503362
184 0.00567419514865
185 0.00561426587147
186 0.00555580878569
187 0.00549827512011
188 0.00544113830248
189 0.00538489703781
190 0.00533002943735
191 0.00527551872728
192 0.00522233585403
193 0.00516948519411
194 0.00511791865817
195 0.00506666110065
196 0.00501617839451
197 0.00496691788863
198 0.0049179340001
199 0.00486967947809
200 0.0048221398848
201 0.00477574623832
202 0.0047295902989
203 0.00468410812953
204 0.00463928665218
205 0.00459554140908
206 0.00455199927767
207 0.00450908052135
208 0.00446677327103
209 0.00442506593885
210 0.00438394721026
211 0.00434340603629
212 0.00430343162614
213 0.00426441088164
214 0.00422553500014
215 0.00418719503802
216 0.00414938116641
217 0.00411208378088
218 0.00407529349525
219 0.00403900113573
220 0.00400319773514
221 0.00396787452736
222 0.00393302294198
223 0.00389863459901
224 0.00386434111649
225 0.00383085797619
226 0.00379781399044
227 0.00376520149281
228 0.00373301298352
229 0.00370124112516
230 0.00366987873843
231 0.00363891879813
232 0.00360835442915
233 0.00357784541995
234 0.00354805492658
235 0.00351864020718
236 0.00348959495051
237 0.00346091297736
238 0.00343226832394
239 0.0034042974992
240 0.00337667214791
241 0.00334938658748
242 0.00332212560493
243 0.00329550552275
244 0.00326920884096
245 0.00324323032648
246 0.00321726497899
247 0.00319190988278
248 0.00316685784937
249 0.00314181121354
250 0.00311735320456
251 0.00309318403977
252 0.00306901312036
253 0.00304541029914
254 0.00302208292775
255 0.00299874721841
256 0.00297596010432
257 0.00295343581331
258 0.00293089712557
259 0.0029088884912
260 0.00288686169274
261 0.00286535307447
262 0.00284408779305
263 0.00282279907482
264 0.00280201146638
265 0.00278119714429
266 0.00276087299022
267 0.00274051902451
268 0.00272064463146
269 0.00270073749846
270 0.00268129967522
271 0.00266207444516
272 0.00264281238037
273 0.00262400484665
274 0.00260515793721
275 0.00258675606989
276 0.00256831242731
277 0.0025500669432
278 0.00253225278539
279 0.00251439350492
280 0.00249695676301
281 0.00247947282237
282 0.00246240289414
283 0.0024452838093
284 0.00242857046233
285 0.00241180611322
286 0.00239521621968
287 0.00237902008499
288 0.00236277038085
289 0.00234690674982
290 0.00233098796101
291 0.00231523198507
292 0.00229985094644
293 0.00228441254518
294 0.00226934193122
295 0.00225421259307
296 0.00223923538169
297 0.0022246155898
298 0.00220993518858
299 0.00219540091985
300 0.00218121413104
301 0.0021669650213
302 0.00215285634252
303 0.0021390856097
304 0.00212525100539
305 0.00211155140627
306 0.00209818060351
307 0.00208474452825
308 0.00207143829229
309 0.00205845206758
310 0.00204539930818
311 0.00203247146729
312 0.00201966695286
313 0.00200717126151
314 0.00199460755363
315 0.00198216255699
316 0.00196983477775
317 0.001957805208
318 0.00194570634773
319 0.00193372037273
320 0.00192184588016
321 0.00191025952021
322 0.00189860278418
323 0.00188705346093
324 0.00187561023208
325 0.00186444556087
326 0.00185320959883
327 0.00184207590515
328 0.00183104323987
329 0.00182011038176
330 0.00180944476342
331 0.00179870692852
332 0.0017880653552
333 0.00177751889381
334 0.00176706641181
335 0.00175687052904
336 0.00174660171813
337 0.00173642359717
338 0.00172633509901
339 0.0017163351722
340 0.00170642278062
341 0.00169675503619
342 0.00168701375917
343 0.00167735700666
344 0.00166778380139
345 0.00165829318017
346 0.00164888419366
347 0.00163955590615
348 0.0016303073953
349 0.00162128885142
350 0.00161219633182
351 0.00160318090704
352 0.00159424170593
353 0.00158537786961
354 0.00157660324538
355 0.00156790214189
356 0.00155927373789
357 0.00155071722361
358 0.00154223180052
359 0.00153381668116
360 0.0015254568714
361 0.00151718011759
362 0.00150897136906
363 0.00150082988083
364 0.00149274100547
365 0.00148473191806
366 0.001476774152
367 0.00146889460309
368 0.0014610651204
369 0.00145331232466
370 0.00144560837522
371 0.00143797962183
372 0.00143039852887
373 0.00142289117918
374 0.00141543033698
375 0.00140802869909
376 0.00140068563915
377 0.00139341352581
378 0.0013861857083
379 0.00137901463929
380 0.00137189972473
381 0.00136484037833
382 0.00135783602141
383 0.00135088608284
384 0.00134398999887
385 0.00133714721306
386 0.00133035717613
387 0.00132361934587
388 0.00131693318702
389 0.00131028595909
390 0.00130370162594
391 0.00129716739864
392 0.0012906827687
393 0.0012842352648
394 0.00127784838934
395 0.0012715096236
396 0.00126520669236
397 0.00125896276045
398 0.00125276550602
399 0.00124660284516
400 0.00124049761226
401 0.00123442617251
402 0.00122841114381
403 0.00122242912867
404 0.00121649119365
405 0.00121060818857
406 0.00120475706521
407 0.00119894873887
408 0.00119319391278
409 0.00118746987997
410 0.00118178740749
411 0.00117614609295
412 0.00117054553881
413 0.00116499621017
414 0.00115947595187
415 0.00115399529022
416 0.00114855384643
417 0.00114315124624
418 0.00113778711987
419 0.0011324611019
420 0.00112717283125
421 0.00112192195114
422 0.00111670810896
423 0.00111153095627
424 0.0011063798371
425 0.00110127508196
426 0.00109620599497
427 0.00109117224371
428 0.00108617349965
429 0.00108119936112
430 0.00107626970696
431 0.00107137409669
432 0.00106650227678
433 0.00106167386212
434 0.001056878561
435 0.00105210626473
436 0.00104737632946
437 0.00104266889116
438 0.00103800313626
439 0.00103335938274
440 0.00102875664949
441 0.00102417543398
442 0.00101963458974
443 0.00101511479119
444 0.0010106253095
445 0.00100617525107
446 0.00100174555122
447 0.000997345363945
448 0.000992983681641
449 0.000988641695198
450 0.000984328443544
451 0.00098005280718
452 0.000975796227321
453 0.000971567629954
454 0.000967366769717
455 0.000963193403934
456 0.000959047292577
457 0.000954928198239
458 0.000950844748004
459 0.00094677894787
460 0.000942739468126
461 0.000938726081488
462 0.00093473856312
463 0.000930776690608
464 0.000926840243924
465 0.000922920403661
466 0.000919034194167
467 0.000915172764206
468 0.000911335903
469 0.00090752340201
470 0.000903735054907
471 0.000899970657541
472 0.000896221655023
473 0.000892504587926
474 0.000888810870724
475 0.000885140307727
476 0.000881484489748
477 0.000877859690041
478 0.000874257469441
479 0.000870669525554
480 0.000867111935326
481 0.000863576366869
482 0.000860054622491
483 0.000856562586363
484 0.000853084080927
485 0.000849634863705
486 0.000846198890318
487 0.000842791793146
488 0.000839397659318
489 0.000836031997555
490 0.000832679024845
491 0.000829354127714
492 0.000826041651392
493 0.000822756861647
494 0.000819484230361
495 0.000816231296589
496 0.000813005479416
497 0.000809791437854
498 0.000806596624276
499 0.000803428373208
500 0.000800271527354
501 0.000797133453877
502 0.000794014003858
503 0.000790920401254
504 0.000787837728546
505 0.00078477324149
506 0.000781726796961
507 0.000778698253244
508 0.000775687470009
509 0.000772701509903
510 0.000769725804397
511 0.000766767446732
512 0.000763826301978
513 0.000760902236515
514 0.00075799511802
515 0.000755104815449
516 0.000752231199024
517 0.000749374140216
518 0.000746533511736
519 0.000743709187513
520 0.000740901042686
521 0.000738108953588
522 0.000735332797733
523 0.000732572453801
524 0.000729820999613
525 0.000727091945604
526 0.000724378346285
527 0.000721680084872
528 0.000718997045686
529 0.000716329114136
530 0.000713669525231
531 0.000711031494066
532 0.000708408233043
533 0.000705799631809
534 0.000703199027152
535 0.00070061944259
536 0.000698054192759
537 0.000695496689254
538 0.00069295981461
539 0.000690436958606
540 0.00068792160636
541 0.000685426501704
542 0.000682945108269
543 0.000680470983439
544 0.000678016734579
545 0.000675569601528
546 0.00067314210185
547 0.000670721568295
548 0.000668320429586
549 0.000665926110352
550 0.00066355095142
551 0.000661182468286
552 0.000658832914813
553 0.000656489896361
554 0.00065416558075
555 0.000651847662221
556 0.000649542169654
557 0.000647255046603
558 0.000644974118876
559 0.000642711343057
560 0.000640454631438
561 0.000638209909494
562 0.000635983019605
563 0.000633762002095
564 0.000631552721649
565 0.000629355095513
566 0.000627174886936
567 0.000625000303788
568 0.000622837131126
569 0.000620685289065
570 0.000618550463311
571 0.000616421025724
572 0.000614302683338
573 0.000612195359015
574 0.000610098976286
575 0.000608019126091
576 0.000605944380454
577 0.000603880351057
578 0.00060182696404
579 0.000599784146182
580 0.000597751824888
581 0.000595729928188
582 0.000593718384728
583 0.000591717123764
584 0.000589726075155
585 0.000587745169358
586 0.000585774337422
587 0.000583813510981
588 0.00058186262225
589 0.000579921604014
590 0.00057799038963
591 0.000576068913014
592 0.000574157108641
593 0.000572254911535
594 0.000570362257264
595 0.00056847908194
596 0.000566605322204
597 0.000564740915231
598 0.000562880552616
599 0.000561034681978
