50 0.0357095578894
51 0.0428182233978
52 0.0506492859463
53 0.0591661825183
54 0.0683968921315
55 0.0782462677187
56 0.0887690806344
57 0.0997653339264
58 0.111307228586
59 0.123280359376
60 0.135547706597
61 0.148259857702
62 0.161320209591
63 0.174436019245
64 0.187832506126
65 0.201415549424
66 0.215081628372
67 0.228718925122
68 0.24246097318
69 0.256225783397
70 0.269926374595
71 0.28347160518
72 0.297076202255
73 0.310361842341
74 0.323566232929
75 0.336629850876
76 0.349491609044
77 0.36201394319
78 0.374438072448
79 0.386683599936
80 0.39866438826
81 0.410417201804
82 0.421944532004
83 0.433253552992
84 0.444309833158
85 0.455079000637
86 0.465672280064
87 0.475966460117
88 0.486032288185
89 0.495845912632
90 0.505436298964
91 0.514783034813
92 0.523920451958
93 0.532775986436
94 0.541442701925
95 0.549849419002
96 0.558095914291
97 0.566053344483
98 0.573825338534
99 0.581401223816
100 0.588770491965
101 0.595984831484
102 0.602973572992
103 0.609726771365
104 0.616362984188
105 0.622811978194
106 0.62906640989
107 0.635185188048
108 0.641096458653
109 0.646860655246
110 0.652472849272
111 0.657928211428
112 0.663291023719
113 0.668419198742
114 0.673516829149
115 0.67837085951
116 0.683188686186
117 0.687825916814
118 0.692350453323
119 0.696759670286
120 0.701050997377
121 0.705221921863
122 0.709269991067
123 0.713267014272
124 0.717137263276
125 0.720878439406
126 0.724563685973
127 0.728116200374
128 0.731609959499
129 0.734967492546
130 0.73826357482
131 0.741497245735
132 0.744667559906
133 0.747695802045
134 0.750736313663
135 0.753632332495
136 0.756460785051
137 0.759220830081
138 0.76199090751
139 0.764611959392
140 0.767162183599
141 0.769720880299
142 0.772207745583
143 0.774622030738
144 0.77696300731
145 0.779229967477
146 0.781503514887
147 0.78362062305
148 0.785825181289
149 0.787871987093
150 0.789924101136
151 0.791899158598
152 0.793879132951
153 0.795781254412
154 0.797687913465
155 0.799515950796
156 0.801264806586
157 0.803017470242
158 0.804690242222
159 0.806366482461
160 0.808046198547
161 0.809645174968
162 0.811247300715
163 0.812768034769
164 0.814291605852
165 0.81573316393
166 0.817177261354
167 0.818623902896
168 0.819987795627
169 0.821353949253
170 0.822636794872
171 0.824007339931
172 0.825294308659
173 0.826497303307
174 0.827788141108
175 0.828994751819
176 0.830116762148
177 0.831326749207
178 0.832451898578
179 0.833578562526
180 0.834619925397
181 0.835749507802
182 0.836793567586
183 0.837838924394
184 0.838798328036
185 0.839846175334
186 0.840807864095
187 0.841770647662
188 0.842734527418
189 0.843699504745
190 0.844577728663
191 0.84545686111
192 0.846336903145
193 0.847217855823
194 0.848099720197
195 0.848894196563
196 0.84977779569
197 0.850573834324
198 0.851370614009
199 0.852168135528
200 0.852877685104
201 0.85367660964
202 0.854387406886
203 0.855098791969
204 0.855899784691
205 0.856612421159
206 0.857236479881
207 0.857950221947
208 0.858664554661
209 0.859290097922
210 0.859916093602
211 0.86063205284
212 0.861259019644
213 0.861886440082
214 0.86251431454
215 0.863052871897
216 0.86368159024
217 0.864310763708
218 0.864850434457
219 0.865480453871
220 0.866020849702
221 0.866561580429
222 0.867102646304
223 0.867644047578
224 0.868185784501
225 0.868727857322
226 0.869270266288
227 0.869722547353
228 0.87026557294
229 0.870718367645
230 0.87126201069
231 0.871715319748
232 0.872168862694
233 0.872713405191
234 0.873167463509
235 0.873621756178
236 0.87407628334
237 0.874531045136
238 0.874895040161
239 0.875350224356
240 0.875805643568
241 0.876261297928
242 0.876626006232
243 0.877082083895
244 0.877447130437
245 0.877903631797
246 0.878269016876
247 0.878634552345
248 0.879091666177
249 0.879457540549
250 0.879823565447
251 0.8801897409
252 0.88055606693
253 0.880922543555
254 0.881289170783
255 0.881655948617
256 0.88202287705
257 0.882389956066
258 0.882757185641
259 0.883032718976
260 0.883400211379
261 0.883767854185
262 0.884043695555
263 0.884411600725
264 0.884687637379
265 0.885055804456
266 0.885332035826
267 0.885700464226
268 0.885976889609
269 0.886345578604
270 0.886622197142
271 0.886898897516
272 0.887175679433
273 0.887544848399
274 0.887821821192
275 0.888098874509
276 0.888376007949
277 0.888653221082
278 0.888930513442
279 0.88920788453
280 0.889485333812
281 0.889762860714
282 0.890040464622
283 0.890318144879
284 0.890595900786
285 0.89078108006
286 0.891058956115
287 0.891336905426
288 0.891614927094
289 0.891893020168
290 0.892078397352
291 0.892356601245
292 0.892634873324
293 0.892820349045
294 0.893098724921
295 0.893284253654
296 0.893562727966
297 0.893748304047
298 0.89402687085
299 0.894212488008
300 0.894491140727
301 0.894676792043
302 0.894955523433
303 0.895141201296
304 0.89532687971
305 0.895605699457
306 0.895791391606
307 0.895977077457
308 0.896255965022
309 0.896441649988
310 0.896627320868
311 0.896906252881
312 0.897091906297
313 0.897277536821
314 0.897463141279
315 0.897648716374
316 0.897834258682
317 0.898113168031
318 0.898298653233
319 0.898484094584
320 0.898669488123
321 0.898854829753
322 0.899040115233
323 0.899225340174
324 0.899410500042
325 0.899595590154
326 0.89978060567
327 0.899965541599
328 0.900150392791
329 0.900335153936
330 0.900519819564
331 0.90070438404
332 0.900888841563
333 0.900979475362
334 0.901191799727
335 0.901357137287
336 0.901531712032
337 0.901696766465
338 0.901861668327
339 0.902026410616
340 0.902190986149
341 0.902355387565
342 0.902510220781
343 0.902674249448
344 0.902828690974
345 0.902982923811
346 0.903146332738
347 0.903300124792
348 0.903444286535
349 0.903597600029
350 0.903750661606
351 0.903903462057
352 0.904046589488
353 0.904189433748
354 0.904341390535
355 0.90448364045
356 0.904625577334
357 0.90476719086
358 0.904899059161
359 0.905039992776
360 0.905180570933
361 0.905311366923
362 0.905451199305
363 0.905581224022
364 0.905710845096
365 0.905840050734
366 0.905978251423
367 0.906097167623
368 0.906225054392
369 0.90635247676
370 0.906479422046
371 0.906596448415
372 0.906722399497
373 0.906838402936
374 0.90696330706
375 0.907078234168
376 0.90719260208
377 0.907306396965
378 0.90741960483
379 0.907532211531
380 0.907644202766
381 0.907755564085
382 0.907856838819
383 0.907966895222
384 0.908066833235
385 0.908175525206
386 0.908274066453
387 0.908381333373
388 0.908478416729
389 0.908574747392
390 0.908670309707
391 0.908765087896
392 0.908859066066
393 0.908952228207
394 0.909044558201
395 0.909126584563
396 0.909217200537
397 0.909306935385
398 0.909386314625
399 0.909474236633
400 0.909551767995
401 0.9096283499
402 0.909713426752
403 0.909788059897
404 0.909861692804
405 0.909934308404
406 0.910005889561
407 0.91007641908
408 0.910145879704
409 0.910214254124
410 0.910281524978
411 0.910338207024
412 0.910403217809
413 0.910467072695
414 0.910520284433
415 0.910581774282
416 0.910632584694
417 0.910682167831
418 0.910739978014
419 0.91078705432
420 0.910832850545
421 0.910877349074
422 0.91092053229
423 0.910971856888
424 0.911012357052
425 0.911042013921
426 0.911079759792
427 0.91111610236
428 0.911151024074
429 0.911184507408
430 0.911207058016
431 0.911237611814
432 0.911266674855
433 0.911284752095
434 0.911310781226
435 0.911325789503
436 0.911348715597
437 0.911360586049
438 0.911370861853
439 0.911389004616
440 0.911396040185
441 0.911401430213
442 0.911405157882
443 0.91140720645
444 0.911407559253
445 0.91140619971
446 0.911403111325
447 0.911398277692
448 0.911391682495
449 0.911383309514
450 0.911373142627
451 0.911351687482
452 0.911337884969
453 0.911322240821
454 0.911295261595
455 0.911275887391
456 0.911254624811
457 0.911221981524
458 0.911196896513
459 0.911160401114
460 0.91112195738
461 0.911091026029
462 0.911048640932
463 0.911004263493
464 0.910967353541
465 0.910918947871
466 0.910868507076
467 0.910816017183
468 0.910761464365
469 0.910704834944
470 0.910646115388
471 0.910585292319
472 0.910522352508
473 0.910457282885
474 0.910390070533
475 0.910320702695
476 0.910249166775
477 0.910175450335
478 0.910090075919
479 0.910011962602
480 0.909931632467
481 0.909839611161
482 0.909754813118
483 0.909667763465
484 0.909568991178
485 0.909477405641
486 0.909374077515
487 0.909277912522
488 0.90916998578
489 0.909069199163
490 0.908956632442
491 0.908841731263
492 0.908733936819
493 0.908614336324
494 0.908492372552
495 0.908368036267
496 0.908241318418
497 0.908121654736
498 0.907990145968
499 0.907856229556
500 0.907719897185
501 0.907581140725
502 0.907439952232
503 0.907296323948
504 0.9071502483
505 0.907001717903
506 0.906850725558
507 0.906697264253
508 0.906541327163
509 0.906373481142
510 0.906212574428
511 0.906049172603
512 0.905883269588
513 0.905705439936
514 0.905534518836
515 0.905361079463
516 0.905175702438
517 0.904997212566
518 0.904816189013
519 0.904623218704
520 0.904437115586
521 0.904239060745
522 0.904047860553
523 0.903844704511
524 0.903648391208
525 0.903440118768
526 0.903229283984
527 0.903025275206
528 0.90280930399
529 0.902600148422
530 0.902379029209
531 0.902155333274
532 0.901929058289
533 0.901709579996
534 0.901478138233
535 0.901244111476
536 0.901007498103
537 0.900768296667
538 0.900526505893
539 0.90029148782
540 0.900044512671
541 0.899794945368
542 0.899542785322
543 0.899288032111
544 0.899030685484
545 0.898770745352
546 0.898508211796
547 0.898243085059
548 0.897966026502
549 0.897695717597
550 0.897422817244
551 0.897147326333
552 0.896869245914
553 0.896588577193
554 0.896305321534
555 0.896010161756
556 0.895721739931
557 0.895430736212
558 0.895127843054
559 0.894831684709
560 0.894532950879
561 0.894222343885
562 0.893918469665
563 0.893612027698
564 0.893293730402
565 0.892982164906
566 0.89265875686
567 0.89234208052
568 0.892013575073
569 0.891691801684
570 0.891358213289
571 0.891031357741
572 0.890692701931
573 0.890360780186
574 0.890017073555
575 0.889680102622
576 0.889331362802
577 0.888980115144
578 0.888635606357
579 0.88827935388
580 0.887920608347
581 0.887568605734
582 0.887204885962
583 0.886838689001
584 0.886470020384
585 0.886108101363
586 0.885734502603
587 0.885358449441
588 0.884979947862
589 0.88459900396
590 0.884215623933
591 0.883839006095
592 0.883450768811
593 0.883060114614
594 0.882667050121
595 0.882271582054
596 0.881873717229
597 0.881473462563
598 0.88107082507
599 0.880665811857
