50 0.835840695139
51 0.841398735742
52 0.84655877812
53 0.851352847845
54 0.855814362017
55 0.859977980919
56 0.863839191091
57 0.86747468664
58 0.870881515558
59 0.874016150209
60 0.87699825636
61 0.87978520235
62 0.882416230828
63 0.884889912496
64 0.88720490056
65 0.889401396421
66 0.891436944694
67 0.893393728042
68 0.895229482012
69 0.896985270469
70 0.898618724101
71 0.900171135479
72 0.901642082212
73 0.903073261167
74 0.904380158509
75 0.905688886211
76 0.906872617523
77 0.908015515119
78 0.909117424665
79 0.910178197127
80 0.911197688826
81 0.912133242422
82 0.913069719883
83 0.913921918254
84 0.914774879966
85 0.915585928397
86 0.916354952966
87 0.917081848748
88 0.917809296215
89 0.918494483522
90 0.919137316986
91 0.919780579574
92 0.920424272494
93 0.920982537927
94 0.921584078945
95 0.922100033519
96 0.922659265492
97 0.923175791463
98 0.923649540526
99 0.924123519397
100 0.924597728715
101 0.925072169087
102 0.925503703505
103 0.925935428146
104 0.926324167958
105 0.9267562544
106 0.92714531882
107 0.927491307543
108 0.927880661762
109 0.928226906667
110 0.928573271806
111 0.928919757153
112 0.929266362572
113 0.929569762206
114 0.929873251151
115 0.930176828784
116 0.930480494265
117 0.930784246506
118 0.931088084123
119 0.931348597542
120 0.931609166373
121 0.931913219961
122 0.932173903357
123 0.932391176682
124 0.932651935591
125 0.932912730933
126 0.933130066466
127 0.933390903604
128 0.9336082438
129 0.933825568062
130 0.934086398309
131 0.934303667747
132 0.934520885261
133 0.934694473046
134 0.934911529185
135 0.935128482089
136 0.935301719893
137 0.935518390447
138 0.93569127847
139 0.935907562815
140 0.9360799868
141 0.936252124932
142 0.936467582537
143 0.936639041838
144 0.936810093605
145 0.936980690424
146 0.937150781213
147 0.937320311083
148 0.937445531332
149 0.937613751048
150 0.93778122112
151 0.93794787022
152 0.938069903872
153 0.938234671835
154 0.938354646372
155 0.938517194565
156 0.938634753205
157 0.938794706089
158 0.938909454821
159 0.939022636466
160 0.93917790648
161 0.939287616654
162 0.939395407913
163 0.93950115369
164 0.939604722834
165 0.939749774139
166 0.939848583134
167 0.939944795129
168 0.940038261399
169 0.940128829076
170 0.940216341277
171 0.940256817316
172 0.940337728786
173 0.940415091578
174 0.940488734187
175 0.940558481856
176 0.940624156759
177 0.940641740523
178 0.940698722447
179 0.940751081818
180 0.940754787628
181 0.94079733336
182 0.940834686264
183 0.940822806677
184 0.940849190081
185 0.94082594964
186 0.940840579394
187 0.940849036184
188 0.940807276335
189 0.940758948516
190 0.940747694875
191 0.940685634242
192 0.940660248003
193 0.940583663572
194 0.940543354816
195 0.940451461303
196 0.940351623819
197 0.940287468675
198 0.940171162655
199 0.940046340632
200 0.93991281589
201 0.93981420038
202 0.939662712068
203 0.939501974548
204 0.939331811071
205 0.939195815335
206 0.939006272633
207 0.938806791334
208 0.938597207222
209 0.938377359572
210 0.938147091274
211 0.937906248955
212 0.937654683093
213 0.937435933501
214 0.937162475153
215 0.93687786831
216 0.936581979844
217 0.936274680939
218 0.93595584717
219 0.935625358561
220 0.935283099651
221 0.934928959541
222 0.934562831944
223 0.934184615224
224 0.933750696936
225 0.933348034603
226 0.932933007021
227 0.932505531439
228 0.932065529862
229 0.931612929065
230 0.931147660586
231 0.930669660724
232 0.930178870529
233 0.929631912373
234 0.929115407674
235 0.928585964733
236 0.928043543413
237 0.927488108215
238 0.926876433297
239 0.926294909305
240 0.925700292972
241 0.925092566944
242 0.924428637469
243 0.923794687174
244 0.92314760205
245 0.922487382105
246 0.921771074625
247 0.921084633795
248 0.920385083716
249 0.919629583717
250 0.918903902156
251 0.918165172944
252 0.91737067231
253 0.916605971207
254 0.915828318192
255 0.914995111174
256 0.91419171215
257 0.913375489093
258 0.912503966291
259 0.911662285303
260 0.910765494333
261 0.909898580328
262 0.909019121362
263 0.908084863228
264 0.907180553543
265 0.906221670082
266 0.905292793396
267 0.904309581405
268 0.903356442704
269 0.902349219579
270 0.901372143836
271 0.900383204285
272 0.899340577187
273 0.898328222199
274 0.897262458661
275 0.896227057644
276 0.895138537171
277 0.894038810897
278 0.892969592198
279 0.891847706442
280 0.890756431382
281 0.889612800809
282 0.888499888177
283 0.887334939479
284 0.886200819564
285 0.885014990333
286 0.883818915914
287 0.882653841461
288 0.881437561438
289 0.880252399032
290 0.87901637355
291 0.877770679224
292 0.876556281682
293 0.875291545833
294 0.874058228334
295 0.8727749274
296 0.871482554267
297 0.870221782518
298 0.868911568276
299 0.867592646663
300 0.866305509999
301 0.864969479335
302 0.863625109449
303 0.862312707383
304 0.860951965865
305 0.859583255282
306 0.858246693575
307 0.856862351613
308 0.855470411537
309 0.854110798542
310 0.85270396783
311 0.851289909623
312 0.849868747315
313 0.848480143152
314 0.847045075145
315 0.845603271616
316 0.844154854989
317 0.842739218861
318 0.841277873878
319 0.839810280704
320 0.838336560285
321 0.8368958323
322 0.83541014919
323 0.833918698636
324 0.832421599657
325 0.83095769317
326 0.829449581914
327 0.82793617568
328 0.826417591177
329 0.824893944477
330 0.82340372141
331 0.821870224444
332 0.82033200929
333 0.818789189306
334 0.817241877123
335 0.815728197343
336 0.814172163167
337 0.812611969995
338 0.811047727415
339 0.809479544218
340 0.807907528387
341 0.806369363655
342 0.804789929609
343 0.803206981749
344 0.801620624715
345 0.800030962288
346 0.798438097378
347 0.796842132018
348 0.795243167354
349 0.79367828878
350 0.792073550588
351 0.790466111025
352 0.788856067636
353 0.787243517047
354 0.785632216063
355 0.784018583315
356 0.782402712628
357 0.780784696897
358 0.779164628084
359 0.77754259722
360 0.775915078567
361 0.774289400509
362 0.772662027866
363 0.771033047909
364 0.76939896151
365 0.767767032585
366 0.766130182297
367 0.764495642225
368 0.762856362127
369 0.761219541199
370 0.759578157845
371 0.757939378841
372 0.756296211282
373 0.754655789493
374 0.753011149302
375 0.751365891144
376 0.749720090127
377 0.74807730652
378 0.746430633755
379 0.744783637933
380 0.743136390493
381 0.741488961961
382 0.739841421961
383 0.738193839214
384 0.736546281544
385 0.734898815884
386 0.733251508277
387 0.731604423884
388 0.72995762699
389 0.728307787037
390 0.726661762172
391 0.725016212433
392 0.723371198644
393 0.721723417492
394 0.720079662325
395 0.718436620481
396 0.716791009112
397 0.715149573079
398 0.713509020229
399 0.711866088197
400 0.710227473476
401 0.708586602385
402 0.706950139235
403 0.70531153931
404 0.70367415564
405 0.702041309959
406 0.700406500977
407 0.698773056512
408 0.697144273173
409 0.69551369305
410 0.693884618857
411 0.692257096239
412 0.690631170105
413 0.689010095454
414 0.687387486554
415 0.685766604536
416 0.684147491439
417 0.682530188602
418 0.680914736667
419 0.67930117559
420 0.677689544647
421 0.676079882437
422 0.674472226895
423 0.672866615293
424 0.671259956136
425 0.669658549085
426 0.668059293883
427 0.666462225228
428 0.664867377189
429 0.663271692328
430 0.661681392664
431 0.660093412115
432 0.658504713637
433 0.656921472982
434 0.655340644535
435 0.653759211603
436 0.65218330393
437 0.65060686446
438 0.649035992402
439 0.647464658941
440 0.64589893287
441 0.644332813544
442 0.642772339464
443 0.641211538082
444 0.639653436908
445 0.638101033881
446 0.636548398474
447 0.634998534855
448 0.633454417793
449 0.631910158606
450 0.630368738292
451 0.628833108619
452 0.627297422573
453 0.625764638149
454 0.624234775322
455 0.622707853611
456 0.621183892082
457 0.619662909354
458 0.618147804193
459 0.616632826106
460 0.615120880067
461 0.613611982966
462 0.612106151274
463 0.610603401047
464 0.609103747933
465 0.607604375712
466 0.606110969129
467 0.604620704199
468 0.603133594992
469 0.601649655198
470 0.600168898128
471 0.598691336726
472 0.597214200515
473 0.595743074665
474 0.594275181111
475 0.592810531361
476 0.591346380869
477 0.589888258656
478 0.588433412687
479 0.586979117757
480 0.585530861142
481 0.584085910219
482 0.582641559029
483 0.581203253417
484 0.579765578343
485 0.578333952202
486 0.576902986121
487 0.575478071187
488 0.574053844588
489 0.572635670243
490 0.571218211293
491 0.569806804633
492 0.568396139244
493 0.566991525143
494 0.565587677042
495 0.564187249079
496 0.562792869008
497 0.561399289944
498 0.560009145644
499 0.558625043683
500 0.557241775325
501 0.555861954125
502 0.554485583729
503 0.553115245082
504 0.551745779926
505 0.550379775147
506 0.549017233482
507 0.547658157449
508 0.546302549347
509 0.544952950762
510 0.5436042783
511 0.54225907943
512 0.540917355627
513 0.539579108164
514 0.538244338117
515 0.536913046373
516 0.535585233627
517 0.534260900387
518 0.53294004698
519 0.531622673551
520 0.530308780068
521 0.528998366322
522 0.527691431938
523 0.526387976366
524 0.525085551972
525 0.523789057765
526 0.522496039729
527 0.521206496668
528 0.519920427235
529 0.518637829926
530 0.517356292189
531 0.516080639973
532 0.514808454473
533 0.513539733602
534 0.512272087927
535 0.511010295386
536 0.509751960374
537 0.508494710657
538 0.50724328852
539 0.505995315623
540 0.504748436804
541 0.50350735901
542 0.502269721036
543 0.501033184673
544 0.499802421835
545 0.498572764962
546 0.497348862778
547 0.496126070398
548 0.494909013496
549 0.493693069743
550 0.492482841895
551 0.491273730062
552 0.490070314217
553 0.48886801679
554 0.487671395104
555 0.486475893791
556 0.485283786218
557 0.484097323422
558 0.482911983119
559 0.481732266591
560 0.480553673455
561 0.479378448889
562 0.478208816063
563 0.477040307236
564 0.475875150878
565 0.474713341463
566 0.473557080171
567 0.472401942373
568 0.471250134505
569 0.470101650746
570 0.468958670564
571 0.467816811972
572 0.466678259638
573 0.465543007478
574 0.464411049342
575 0.463284537932
576 0.462159143906
577 0.461037025107
578 0.459918175147
579 0.458802587582
580 0.457690255913
581 0.456581173588
582 0.455475334002
583 0.4543727305
584 0.453273356376
585 0.452177204876
586 0.451084269198
587 0.449994542495
588 0.448908017874
589 0.447824688398
590 0.446744547089
591 0.445667586926
592 0.444593800846
593 0.443523181751
594 0.4424557225
595 0.441391415916
596 0.440330254789
597 0.439272231869
598 0.438215297776
599 0.437163534294
