50 1.0
51 1.0
52 1.0
53 1.0
54 1.0
55 1.0
56 1.0
57 1.0
58 1.0
59 1.0
60 1.0
61 1.0
62 1.0
63 1.0
64 1.0
65 1.0
66 1.0
67 1.0
68 1.0
69 1.0
70 1.0
71 1.0
72 1.0
73 1.0
74 1.0
75 1.0
76 1.0
77 1.0
78 1.0
79 1.0
80 1.0
81 1.0
82 1.0
83 1.0
84 1.0
85 1.0
86 1.0
87 1.0
88 1.0
89 1.0
90 1.0
91 1.0
92 1.0
93 1.0
94 1.0
95 1.0
96 1.0
97 1.0
98 1.0
99 1.0
100 1.0
101 1.0
102 1.0
103 1.0
104 1.0
105 1.0
106 1.0
107 1.0
108 1.0
109 1.0
110 1.0
111 1.0
112 1.0
113 1.0
114 1.0
115 1.0
116 1.0
117 1.0
118 1.0
119 1.0
120 1.0
121 1.0
122 1.0
123 1.0
124 1.0
125 1.0
126 1.0
127 1.0
128 1.0
129 1.0
130 1.0
131 1.0
132 1.0
133 1.0
134 1.0
135 1.0
136 1.0
137 1.0
138 1.0
139 1.0
140 1.0
141 1.0
142 1.0
143 1.0
144 1.0
145 1.0
146 1.0
147 1.0
148 1.0
149 1.0
150 1.0
151 1.0
152 1.0
153 1.0
154 1.0
155 1.0
156 1.0
157 1.0
158 1.0
159 1.0
160 1.0
161 1.0
162 1.0
163 1.0
164 1.0
165 1.0
166 1.0
167 1.0
168 1.0
169 1.0
170 1.0
171 1.0
172 1.0
173 1.0
174 1.0
175 1.0
176 1.0
177 1.0
178 1.0
179 1.0
180 1.0
181 1.0
182 1.0
183 1.0
184 1.0
185 1.0
186 1.0
187 1.0
188 1.0
189 1.0
190 1.0
191 1.0
192 1.0
193 1.0
194 1.0
195 1.0
196 0.999999999999
197 0.999999999999
198 0.999999999999
199 0.999999999998
200 0.999999999998
201 0.999999999997
202 0.999999999997
203 0.999999999996
204 0.999999999994
205 0.999999999993
206 0.999999999991
207 0.999999999988
208 0.999999999985
209 0.999999999981
210 0.999999999975
211 0.999999999969
212 0.999999999961
213 0.999999999951
214 0.999999999939
215 0.999999999924
216 0.999999999906
217 0.999999999884
218 0.999999999857
219 0.999999999824
220 0.999999999785
221 0.999999999737
222 0.999999999679
223 0.99999999961
224 0.999999999527
225 0.999999999427
226 0.999999999309
227 0.999999999168
228 0.999999999001
229 0.999999998804
230 0.99999999857
231 0.999999998295
232 0.999999997972
233 0.999999997593
234 0.999999997149
235 0.999999996631
236 0.999999996026
237 0.999999995324
238 0.999999994508
239 0.999999993563
240 0.99999999247
241 0.999999991208
242 0.999999989755
243 0.999999988084
244 0.999999986167
245 0.99999998397
246 0.999999981457
247 0.999999978588
248 0.999999975319
249 0.999999971599
250 0.999999967373
251 0.99999996258
252 0.999999957153
253 0.999999951017
254 0.999999944091
255 0.999999936285
256 0.999999927499
257 0.999999917626
258 0.999999906548
259 0.999999894133
260 0.999999880242
261 0.99999986472
262 0.999999847398
263 0.999999828094
264 0.99999980661
265 0.99999978273
266 0.99999975622
267 0.99999972683
268 0.999999694285
269 0.99999965829
270 0.999999618529
271 0.999999574659
272 0.999999526312
273 0.999999473092
274 0.999999414574
275 0.999999350302
276 0.999999279789
277 0.999999202511
278 0.99999911791
279 0.99999902539
280 0.999998924313
281 0.999998814001
282 0.999998693731
283 0.999998562735
284 0.999998420195
285 0.999998265242
286 0.999998096956
287 0.999997914361
288 0.999997716422
289 0.999997502045
290 0.999997270074
291 0.999997019286
292 0.999996748391
293 0.999996456028
294 0.999996140763
295 0.999995801087
296 0.999995435411
297 0.999995042065
298 0.999994619294
299 0.999994165256
300 0.99999367802
301 0.999993155561
302 0.999992595756
303 0.999991996387
304 0.99999135513
305 0.999990669559
306 0.999989937137
307 0.999989155219
308 0.999988321045
309 0.999987431735
310 0.999986484294
311 0.999985475599
312 0.999984402404
313 0.999983261333
314 0.999982048877
315 0.999980761393
316 0.999979395099
317 0.999977946073
318 0.99997641025
319 0.999974783415
320 0.999973061207
321 0.999971239112
322 0.999969312459
323 0.999967276424
324 0.999965126017
325 0.999962856091
326 0.999960461328
327 0.999957936248
328 0.999955275197
329 0.99995247235
330 0.999949521707
331 0.999946417092
332 0.99994315215
333 0.999939720344
334 0.999936114956
335 0.999932329081
336 0.999928355631
337 0.999924187326
338 0.999919816701
339 0.999915236094
340 0.999910437657
341 0.999905413344
342 0.999900154914
343 0.999894653933
344 0.999888901768
345 0.999882889587
346 0.999876608361
347 0.999870048862
348 0.999863201662
349 0.999856057131
350 0.99984860544
351 0.999840836558
352 0.999832740255
353 0.999824306098
354 0.999815523453
355 0.999806381488
356 0.999796869167
357 0.999786975258
358 0.999776688326
359 0.999765996739
360 0.999754888669
361 0.999743352088
362 0.999731374774
363 0.99971894431
364 0.999706048084
365 0.999692673294
366 0.999678806946
367 0.999664435857
368 0.999649546656
369 0.999634125787
370 0.999618159509
371 0.999601633902
372 0.999584534862
373 0.999566848111
374 0.999548559193
375 0.999529653481
376 0.999510116176
377 0.999489932313
378 0.999469086759
379 0.99944756422
380 0.999425349243
381 0.999402426216
382 0.999378779377
383 0.999354392808
384 0.999329250447
385 0.999303336088
386 0.999276633381
387 0.999249125842
388 0.99922079685
389 0.999191629653
390 0.999161607375
391 0.999130713013
392 0.999098929447
393 0.999066239438
394 0.999032625638
395 0.998998070588
396 0.998962556725
397 0.998926066388
398 0.998888581815
399 0.998850085155
400 0.998810558468
401 0.998769983728
402 0.998728342831
403 0.998685617596
404 0.998641789769
405 0.998596841031
406 0.998550752998
407 0.998503507227
408 0.998455085221
409 0.998405468431
410 0.998354638265
411 0.998302576087
412 0.998249263223
413 0.998194680967
414 0.998138810585
415 0.998081633318
416 0.998023130386
417 0.997963282994
418 0.997902072338
419 0.997839479603
420 0.997775485974
421 0.997710072637
422 0.997643220785
423 0.99757491162
424 0.997505126358
425 0.997433846237
426 0.997361052514
427 0.997286726477
428 0.997210849443
429 0.997133402765
430 0.997054367837
431 0.996973726096
432 0.996891459027
433 0.996807548167
434 0.996721975109
435 0.996634721506
436 0.996545769075
437 0.996455099601
438 0.99636269494
439 0.996268537025
440 0.996172607865
441 0.996074889556
442 0.995975364277
443 0.9958740143
444 0.995770821989
445 0.995665769806
446 0.995558840314
447 0.995450016181
448 0.995339280181
449 0.995226615201
450 0.995112004239
451 0.994995430415
452 0.994876876965
453 0.994756327253
454 0.994633764768
455 0.994509173127
456 0.994382536083
457 0.994253837524
458 0.994123061474
459 0.993990192102
460 0.993855213718
461 0.99371811078
462 0.993578867895
463 0.993437469823
464 0.993293901475
465 0.993148147923
466 0.993000194394
467 0.99285002628
468 0.992697629133
469 0.992542988674
470 0.99238609079
471 0.992226921538
472 0.992065467148
473 0.991901714022
474 0.99173564874
475 0.991567258057
476 0.99139652891
477 0.991223448414
478 0.991048003869
479 0.990870182759
480 0.990689972752
481 0.990507361704
482 0.990322337661
483 0.990134888856
484 0.989945003715
485 0.989752670857
486 0.989557879092
487 0.989360617428
488 0.989160875065
489 0.988958641403
490 0.988753906037
491 0.988546658761
492 0.988336889571
493 0.988124588659
494 0.987909746421
495 0.987692353452
496 0.987472400551
497 0.987249878719
498 0.987024779159
499 0.986797093279
500 0.986566812691
501 0.98633392921
502 0.986098434858
503 0.985860321858
504 0.985619582643
505 0.985376209847
506 0.985130196312
507 0.984881535085
508 0.984630219416
509 0.984376242765
510 0.984119598793
511 0.98386028137
512 0.983598284567
513 0.983333602664
514 0.983066230143
515 0.982796161692
516 0.982523392201
517 0.982247916766
518 0.981969730685
519 0.981688829459
520 0.981405208792
521 0.98111886459
522 0.980829792959
523 0.980537990206
524 0.980243452841
525 0.97994617757
526 0.979646161299
527 0.979343401133
528 0.979037894373
529 0.978729638517
530 0.97841863126
531 0.97810487049
532 0.97778835429
533 0.977469080936
534 0.977147048897
535 0.976822256833
536 0.976494703592
537 0.976164388216
538 0.97583130993
539 0.97549546815
540 0.975156862478
541 0.974815492698
542 0.974471358781
543 0.974124460879
544 0.973774799327
545 0.97342237464
546 0.973067187511
547 0.972709238812
548 0.972348529593
549 0.971985061077
550 0.971618834663
551 0.971249851922
552 0.970878114598
553 0.970503624602
554 0.970126384018
555 0.969746395096
556 0.96936366025
557 0.968978182063
558 0.968589963277
559 0.9681990068
560 0.967805315698
561 0.967408893196
562 0.967009742679
563 0.966607867687
564 0.966203271913
565 0.965795959206
566 0.965385933566
567 0.964973199143
568 0.964557760235
569 0.96413962129
570 0.963718786899
571 0.963295261798
572 0.962869050866
573 0.962440159125
574 0.962008591734
575 0.961574353991
576 0.961137451332
577 0.960697889326
578 0.960255673677
579 0.959810810219
580 0.95936330492
581 0.958913163874
582 0.958460393302
583 0.958004999553
584 0.957546989098
585 0.957086368532
586 0.956623144569
587 0.956157324047
588 0.955688913916
589 0.955217921246
590 0.954744353222
591 0.95426821714
592 0.953789520409
593 0.953308270548
594 0.952824475184
595 0.952338142052
596 0.951849278992
597 0.951357893948
598 0.950863994965
599 0.95036759019
