50 7.30241687808e-12
51 2.78527824093e-11
52 9.64303533147e-11
53 3.06585137464e-10
54 8.9860847721e-10
55 2.45650165461e-09
56 6.28749308775e-09
57 1.51264695765e-08
58 3.43385505966e-08
59 7.41263450226e-08
60 1.52753934823e-07
61 3.0283191786e-07
62 5.75342000061e-07
63 1.05159140313e-06
64 1.85628790059e-06
65 3.1768843728e-06
66 5.27129787931e-06
67 8.51282245408e-06
68 1.3380467613e-05
69 2.0548966717e-05
70 3.0834088604e-05
71 4.5205992449e-05
72 6.50074897205e-05
73 9.20474569522e-05
74 0.00012783937703
75 0.000174149747809
76 0.000234499547512
77 0.000310917655239
78 0.000407484371523
79 0.000525850088033
80 0.000670773994445
81 4.7811089825e-15
82 1.3413301878e-14
83 3.60641462234e-14
84 9.25705564347e-14
85 2.28603690841e-13
86 5.4523687275e-13
87 1.25113116583e-12
88 2.77277346484e-12
89 5.98101798573e-12
90 1.24603912488e-11
91 2.52661557378e-11
92 4.96731014972e-11
93 9.54185615639e-11
94 1.79091331117e-10
95 3.27167344699e-10
96 5.86237554567e-10
97 1.02638221779e-09
98 1.7558074929e-09
99 2.95754515096e-09
100 4.88647849265e-09
101 7.91901400012e-09
102 1.26367107139e-08
103 1.98556955364e-08
104 3.07202391971e-08
105 4.66203883003e-08
106 7.02053105909e-08
107 1.03699430363e-07
108 1.51408104854e-07
109 2.19363966586e-07
110 3.1174138827e-07
111 4.41310514868e-07
112 6.15154665854e-07
113 8.47601326776e-07
114 1.15889255213e-06
115 1.56625425358e-06
116 2.10051532125e-06
117 2.79533624497e-06
118 3.67714015598e-06
119 4.79988849225e-06
120 6.24128231972e-06
121 8.02203862601e-06
122 1.02315348245e-05
123 1.29491728219e-05
124 1.63254554318e-05
125 2.0423676994e-05
126 2.53540875053e-05
127 3.13533729642e-05
128 3.84738905001e-05
129 4.70294916571e-05
130 5.70453349391e-05
131 6.89274846774e-05
132 8.29635285696e-05
133 9.90895426474e-05
134 0.000117893812235
135 0.000139725867487
136 0.000164962515109
137 0.000193258998201
138 0.000226408948725
139 0.000263204630459
140 0.000305979918981
141 0.000352970545583
142 0.000407177262673
143 0.000467898265919
144 0.000533538283107
145 0.000608386144772
146 0.000691060361414
147 0.000784968554743
148 0.000884779134391
149 0.000997280046921
150 0.00111975344729
151 0.00125242211221
152 0.00140080838682
153 0.00156073730674
154 0.00173222371391
155 0.00192255102027
156 0.00212556742586
157 0.00234096560273
158 0.0025781901125
159 0.00282851186126
160 0.0031031362755
161 0.00339130519674
162 0.00370623282295
163 0.00403479733941
164 0.00439248781031
165 0.00476346117906
166 0.00516576352611
167 0.00558045561675
168 0.00602843572903
169 0.00651237583023
170 0.0070080557266
171 0.00751240370755
172 0.00808419401715
173 0.00866598294351
174 0.00925384529248
175 0.00988158289243
176 0.0105519004036
177 0.0112242717052
178 0.0119856643242
179 0.0127002661971
180 0.0135095223466
181 0.0143149722115
182 0.0151684404185
183 0.0160108617728
184 0.0169654329916
185 0.0179076481854
186 0.0188293588349
187 0.0198750841545
188 0.0208980517658
189 0.0219567088801
190 0.0230511877536
191 0.0241908790496
192 0.0253575309806
193 0.0265496778102
194 0.0277871387904
195 0.0290486120245
196 0.0303439125613
197 0.0316725046633
198 0.0330337501611
199 0.0344269059834
200 0.0358511219924
201 0.0373054391492
202 0.0387887880317
203 0.0403155478326
204 0.0418538989428
205 0.0434341755643
206 0.0450393276687
207 0.0466857697217
208 0.0483550466411
209 0.0500453521357
210 0.0517747492993
211 0.0535225655325
212 0.0553080256119
213 0.0571089339577
214 0.058945718873
215 0.0607946204649
216 0.0626773107021
217 0.0645933600581
218 0.0665166043398
219 0.0684971081351
220 0.0704821390323
221 0.0724687198493
222 0.0745112892568
223 0.0765522998508
224 0.0786188585428
225 0.080710038207
226 0.0828248579926
227 0.0849622834293
228 0.0871212266398
229 0.0893005466636
230 0.0914990498914
231 0.0936793210665
232 0.0959115403016
233 0.0981590461864
234 0.100420441705
235 0.102694281121
236 0.104979071112
237 0.107314690058
238 0.109617606069
239 0.111969937379
240 0.11428447732
241 0.11664685733
242 0.119012115957
243 0.121425331191
244 0.123791865574
245 0.126204518956
246 0.128614532461
247 0.131019977629
248 0.133470407441
249 0.135914187219
250 0.138349291596
251 0.140828020781
252 0.143295830418
253 0.145750607593
254 0.148247433544
255 0.150728832877
256 0.153192615992
257 0.155696668108
258 0.158180574731
259 0.16070410491
260 0.163204878254
261 0.165680595319
262 0.16819386415
263 0.17074525434
264 0.17326844626
265 0.175761061228
266 0.178289531392
267 0.180784572811
268 0.183314527508
269 0.185879884034
270 0.188408394637
271 0.190897593149
272 0.193419675245
273 0.195975075342
274 0.198487599056
275 0.201032331977
276 0.203531105273
277 0.206060934738
278 0.208541690123
279 0.211052308394
280 0.213593149042
281 0.216081148805
282 0.218598126867
283 0.221059071789
284 0.223547719034
285 0.226064380453
286 0.228521141478
287 0.231004598883
288 0.233515042774
289 0.235961663846
290 0.238433916592
291 0.240932069551
292 0.24336243422
293 0.245817312445
294 0.24829695149
295 0.250704806523
296 0.253136009404
297 0.255590786537
298 0.257969767083
299 0.260370888441
300 0.262794356684
301 0.265240379801
302 0.267605847996
303 0.269992409825
304 0.272400253399
305 0.274723500811
306 0.277066560726
307 0.279429602116
308 0.281812795392
309 0.284106622112
310 0.286529700723
311 0.28875043385
312 0.291100724006
313 0.293470142517
314 0.295744661584
315 0.298036807339
316 0.300346716392
317 0.302557712565
318 0.304902656963
319 0.307147188122
320 0.309408240623
321 0.311565644484
322 0.313859219925
323 0.316047655741
324 0.31825134918
325 0.320470406629
326 0.322704935214
327 0.324829630302
328 0.326968312902
329 0.329248144433
330 0.331415915543
331 0.333469209741
332 0.335664769406
333 0.337744384579
334 0.339836882622
335 0.342074362651
336 0.344060847076
337 0.346192474607
338 0.348337307252
339 0.350360157617
340 0.35239475369
341 0.35444116368
342 0.356499456193
343 0.358569700236
344 0.360651965212
345 0.362606323796
346 0.364571271762
347 0.366688384972
348 0.368675451028
349 0.370530227367
350 0.372538109834
351 0.374556871737
352 0.376441233601
353 0.378481144007
354 0.380385246301
355 0.382298926862
356 0.38422223388
357 0.386155215785
358 0.387948140315
359 0.38989986476
360 0.391710173706
361 0.393680822449
362 0.395508684401
363 0.397345032142
364 0.399189905071
365 0.401043342776
366 0.402749889533
367 0.404619854334
368 0.406498500418
369 0.408228257558
370 0.409965374374
371 0.411709882185
372 0.413621443509
373 0.415381507053
374 0.416988066792
375 0.418762454458
376 0.420544391729
377 0.422170917328
378 0.423967356774
379 0.425607119644
380 0.427418179314
381 0.429071287208
382 0.430730787984
383 0.432396706369
384 0.434069067188
385 0.43574789536
386 0.437264395337
387 0.438955580442
388 0.440653305714
389 0.442186875458
390 0.443897096786
391 0.44544195423
392 0.446992187428
393 0.448547815093
394 0.450108856
395 0.451675328992
396 0.453247252975
397 0.454824646924
398 0.456407529876
399 0.457995920937
400 0.459412467995
401 0.461011315588
402 0.462437187819
403 0.464046560799
404 0.46548181961
405 0.466921516979
406 0.468365666638
407 0.469814282358
408 0.471267377957
409 0.472724967291
410 0.474187064263
411 0.475653682816
412 0.477124836937
413 0.478600540658
414 0.479895528873
415 0.481379801024
416 0.482682308285
417 0.484175198631
418 0.48548526861
419 0.486986827207
420 0.488304503831
421 0.489625745309
422 0.490950561289
423 0.492278961445
424 0.493610955477
425 0.494946553111
426 0.4962857641
427 0.497628598223
428 0.498975065286
429 0.500325175121
430 0.501678937586
431 0.502842224378
432 0.50420279651
433 0.505371934758
434 0.506739350824
435 0.507914369973
436 0.509288664411
437 0.510469594056
438 0.511850801477
439 0.51303767136
440 0.514227292946
441 0.515419672619
442 0.516614816776
443 0.517812731829
444 0.519013424204
445 0.520216900344
446 0.521423166706
447 0.522632229761
448 0.523844095996
449 0.525058771912
450 0.526276264027
451 0.527293001017
452 0.528515673104
453 0.529741179936
454 0.530764609956
455 0.531995330874
456 0.533023115139
457 0.534259072338
458 0.535291229382
459 0.536532445149
460 0.537568993586
461 0.538607544269
462 0.539856448827
463 0.54089941812
464 0.541944402068
465 0.542991404564
466 0.544040429512
467 0.545091480818
468 0.5461445624
469 0.547199678182
470 0.548256832094
471 0.549316028076
472 0.550377270074
473 0.551440562043
474 0.552505907944
475 0.553573311747
476 0.554642777429
477 0.55549984138
478 0.556573028459
479 0.557648288595
480 0.558509996076
481 0.559588997783
482 0.560670083783
483 0.56153645997
484 0.562621307824
485 0.563490698669
486 0.564579321473
487 0.565451737473
488 0.566325501349
489 0.567419600058
490 0.568296404314
491 0.569174563231
492 0.570274165404
493 0.571155380005
494 0.572037956085
495 0.57292189575
496 0.574028736562
497 0.574915752038
498 0.575804137961
499 0.576693896452
500 0.577585029631
501 0.578477539624
502 0.57937142856
503 0.580266698571
504 0.581163351791
505 0.58206139036
506 0.582960816418
507 0.583861632112
508 0.584763839589
509 0.585441413971
510 0.586346062218
511 0.587252108175
512 0.588159554
513 0.588841062342
514 0.58975096312
515 0.590662269727
516 0.591574984336
517 0.592260449498
518 0.593175633323
519 0.593862952846
520 0.594780612572
521 0.595469791479
522 0.596389933808
523 0.597311497799
524 0.598003608786
525 0.598696521578
526 0.599621649294
527 0.600316436614
528 0.60124406715
529 0.601940734074
530 0.602638208085
531 0.603569425822
532 0.604268786711
533 0.604968957812
534 0.605903776631
535 0.606605841912
536 0.607308720541
537 0.608012413461
538 0.608951934517
539 0.609657531153
540 0.610363945232
541 0.611071177701
542 0.611779229509
543 0.612488101607
544 0.613434537756
545 0.614145327593
546 0.614856940894
547 0.615569378614
548 0.61628264171
549 0.616996731137
550 0.617711647855
551 0.618427392823
552 0.619143967001
553 0.61986137135
554 0.620340106627
555 0.621058896708
556 0.62177851953
557 0.622498976059
558 0.623220267261
559 0.623942394104
560 0.624665357557
561 0.625147802301
562 0.625872162235
563 0.626597361368
564 0.627323400673
565 0.628050281125
566 0.628535339601
567 0.629263624106
568 0.629992752362
569 0.630479310749
570 0.631209847404
571 0.631941230421
572 0.632429293364
573 0.63316208914
574 0.633895733896
575 0.634385306054
576 0.635120367942
577 0.635610885723
578 0.636347367483
579 0.636838832716
580 0.637576737094
581 0.638069151611
582 0.638808481356
583 0.639301846994
584 0.640042604863
585 0.640536923461
586 0.641279112214
587 0.641774385615
588 0.642518008018
589 0.643014238069
590 0.643759296895
591 0.644256485445
592 0.644754057902
593 0.645501132374
594 0.645999665927
595 0.646498584428
596 0.647247680002
597 0.647747562202
598 0.648247830392
599 0.648998952543
