0.367879449249
0.367879448937
0.367879448642
0.367879448364
0.367879448101
0.367879447852
0.367879447616
0.367879447393
0.367879447181
0.367879446979
0.367879446788
0.367879446606
0.367879446432
0.367879446267
0.367879446109
0.367879445959
0.367879445815
0.367879445678
0.367879445547
0.367879445421
0.367879445301
0.367879445185
0.367879445075
0.367879444969
0.367879444867
0.367879444769
0.367879444675
0.367879444585
0.367879444498
0.367879444415
0.367879444334
0.367879444257
0.367879444182
0.36787944411
0.367879444041
0.367879443974
0.367879443909
0.367879443846
0.367879443786
0.367879443728
0.367879443671
0.367879443617
0.367879443564
0.367879443513
0.367879443463
0.367879443415
0.367879443369
0.367879443324
0.36787944328
0.367879443238
0.367879443197
0.367879443157
0.367879443118
0.367879443081
0.367879443044
0.367879443009
0.367879442974
0.367879442941
0.367879442908
0.367879442876
0.367879442846
0.367879442816
0.367879442786
0.367879442758
0.36787944273
0.367879442703
0.367879442677
0.367879442651
0.367879442626
0.367879442602
0.367879442578
0.367879442555
0.367879442533
0.367879442511
0.367879442489
0.367879442468
0.367879442448
0.367879442428
0.367879442408
0.367879442389
0.36787944237
0.367879442352
0.367879442334
0.367879442317
0.3678794423
0.367879442283
0.367879442267
0.367879442251
0.367879442235
0.36787944222
0.367879442205
0.367879442191
0.367879442176
0.367879442162
0.367879442149
0.367879442135
0.367879442122
0.367879442109
0.367879442097
0.367879442084
0.367879442072
0.36787944206
0.367879442049
0.367879442037
0.367879442026
0.367879442015
0.367879442004
0.367879441994
0.367879441983
0.367879441973
0.367879441963
0.367879441953
0.367879441944
0.367879441934
0.367879441925
0.367879441916
0.367879441907
0.367879441898
0.367879441889
0.367879441881
0.367879441873
0.367879441865
0.367879441856
0.367879441849
0.367879441841
0.367879441833
0.367879441826
0.367879441818
0.367879441811
0.367879441804
0.367879441797
0.36787944179
0.367879441783
0.367879441777
0.36787944177
0.367879441764
0.367879441757
0.367879441751
0.367879441745
0.367879441739
0.367879441733
0.367879441727
0.367879441721
0.367879441715
0.36787944171
0.367879441704
0.367879441699
0.367879441694
0.367879441688
0.367879441683
0.367879441678
0.367879441673
0.367879441667
0.367879441662
0.367879441657
0.367879441652
0.367879441647
0.367879441642
0.367879441637
0.367879441631
0.367879441626
0.36787944162
0.367879441614
0.367879441608
0.367879441601
0.367879441594
0.367879441586
0.367879441577
0.367879441567
0.367879441555
0.367879441543
0.367879441528
0.367879441511
0.367879441491
0.367879441469
0.367879441442
0.367879441411
0.367879441375
0.367879441332
0.367879441283
0.367879441224
0.367879441156
0.367879441075
0.367879440982
0.367879440872
0.367879440744
0.367879440595
0.367879440422
0.36787944022
0.367879439986
0.367879439715
0.367879439402
0.36787943904
0.367879438624
0.367879438144
0.367879437593
0.367879436962
0.367879436239
0.367879435413
0.36787943447
0.367879433396
0.367879432174
0.367879430787
0.367879429214
0.367879427434
0.367879425422
0.367879423151
0.367879420591
0.367879417712
0.367879414476
0.367879410845
0.367879406776
0.367879402224
0.367879397138
0.367879391461
0.367879385136
0.367879378095
0.367879370269
0.367879361581
0.367879351948
0.36787934128
0.367879329481
0.367879316445
0.367879302061
0.367879286207
0.367879268752
0.367879249558
0.367879228472
0.367879205336
0.367879179976
0.367879152208
0.367879121836
0.367879088648
0.367879052422
0.367879012917
0.367878969881
0.367878923042
0.367878872114
0.367878816791
0.367878756751
0.367878691651
0.367878621128
0.3678785448
0.367878462259
0.36787837308
0.367878276809
0.367878172971
0.367878061063
0.367877940559
0.367877810902
0.367877671509
0.367877521766
0.367877361031
0.367877188629
0.367877003851
0.367876805959
0.367876594177
0.367876367695
0.367876125666
0.367875867206
0.367875591392
0.367875297261
0.367874983811
0.367874649996
0.367874294729
0.367873916878
0.367873515268
0.367873088675
0.367872635831
0.367872155418
0.36787164607
0.367871106372
0.367870534855
0.367869930002
0.367869290239
0.367868613942
0.367867899429
0.367867144965
0.367866348755
0.36786550895
0.36786462364
0.367863690858
0.367862708575
0.367861674702
0.367860587089
0.367859443522
0.367858241725
0.367856979358
0.367855654018
0.367854263235
0.367852804473
0.367851275132
0.367849672543
0.367847993972
0.367846236615
0.3678443976
0.367842473989
0.367840462772
0.367838360871
0.367836165138
0.367833872356
0.367831479236
0.367828982421
0.367826378483
0.367823663922
0.367820835168
0.367817888582
0.367814820451
0.367811626995
0.367808304361
0.367804848627
0.367801255799
0.367797521814
0.36779364254
0.367789613774
0.367785431244
0.36778109061
0.367776587462
0.367771917323
0.367767075647
0.367762057824
0.367756859174
0.367751474952
0.367745900348
0.367740130487
0.367734160431
0.367727985176
0.367721599658
0.367714998749
0.367708177262
0.367701129948
0.367693851501
0.367686336555
0.367678579685
0.367670575414
0.367662318204
0.367653802468
0.367645022562
0.367635972791
0.367626647409
0.367617040619
0.367607146577
0.367596959389
0.367586473116
0.367575681774
0.367564579334
0.367553159725
0.367541416836
0.367529344512
0.367516936563
0.367504186761
0.36749108884
0.367477636501
0.367463823412
0.367449643209
0.367435089495
0.367420155849
0.367404835818
0.367389122925
0.367373010668
0.367356492522
0.367339561941
0.367322212357
0.367304437185
0.367286229823
0.367267583652
0.36724849204
0.367228948341
0.367208945899
0.36718847805
0.367167538118
0.367146119424
0.367124215281
0.367101819002
0.367078923894
0.367055523267
0.367031610429
0.367007178693
0.366982221375
0.366956731795
0.366930703282
0.366904129172
0.366877002813
0.366849317561
0.366821066787
0.366792243877
0.36676284223
0.366732855264
0.366702276414
0.366671099137
0.366639316909
0.36660692323
0.366573911622
0.366540275636
0.366506008845
0.366471104854
0.366435557294
0.366399359828
0.366362506151
0.36632498999
0.366286805108
0.3662479453
0.366208404401
0.366168176283
0.366127254856
0.36608563407
0.366043307918
0.366000270434
0.365956515694
0.365912037822
0.365866830984
0.365820889395
0.365774207317
0.365726779059
0.365678598981
0.365629661494
0.365579961059
0.36552949219
0.365478249454
0.365426227472
0.36537342092
0.365319824529
0.365265433089
0.365210241443
0.365154244497
0.365097437211
0.365039814609
0.364981371772
0.364922103844
0.364862006028
0.364801073592
0.364739301865
0.36467668624
0.364613222175
0.36454890519
0.364483730873
0.364417694875
0.364350792915
0.364283020778
0.364214374315
0.364144849447
0.364074442159
0.364003148507
0.363930964616
0.363857886679
0.363783910957
0.363709033783
0.363633251558
0.363556560755
0.363478957916
0.363400439655
0.363321002654
0.363240643671
0.363159359532
0.363077147133
0.362994003447
0.362909925513
0.362824910445
0.362738955429
0.362652057722
0.362564214655
0.362475423627
0.362385682115
0.362294987664
0.362203337892
0.362110730491
0.362017163223
0.361922633924
0.361827140501
0.361730680933
0.361633253272
0.361534855641
0.361435486234
0.361335143319
0.361233825233
0.361131530385
0.361028257257
0.360924004398
0.360818770433
0.360712554053
0.360605354022
0.360497169173
0.360387998409
0.360277840703
0.360166695098
0.360054560705
0.359941436704
0.359827322344
0.359712216941
0.359596119882
0.359479030618
0.35936094867
0.359241873624
0.359121805133
0.359000742918
0.358878686763
0.35875563652
0.358631592106
0.3585065535
0.358380520748
0.358253493959
0.358125473306
0.357996459024
0.357866451412
0.357735450831
0.357603457703
0.357470472511
0.357336495801
0.357201528178
0.357065570306
0.356928622912
0.356790686777
0.356651762745
0.356511851716
0.356370954648
0.356229072556
0.356086206512
0.355942357644
0.355797527136
0.355651716226
0.355504926208
0.355357158429
0.355208414289
0.355058695244
0.3549080028
0.354756338515
0.354603704
0.354450100915
0.354295530974
0.354139995936
0.353983497613
0.353826037866
0.353667618601
0.353508241775
0.353347909392
0.3531866235
0.353024386196
0.352861199621
0.352697065963
0.352531987452
0.352365966364
0.352199005018
0.352031105774
0.351862271036
0.351692503252
0.351521804907
0.351350178529
0.351177626686
0.351004151986
0.350829757075
