0.367879442766
0.367879442704
0.367879442646
0.367879442591
0.367879442539
0.367879442489
0.367879442443
0.367879442399
0.367879442357
0.367879442317
0.367879442279
0.367879442243
0.367879442209
0.367879442176
0.367879442145
0.367879442115
0.367879442087
0.36787944206
0.367879442034
0.367879442009
0.367879441985
0.367879441963
0.367879441941
0.36787944192
0.3678794419
0.367879441881
0.367879441862
0.367879441844
0.367879441827
0.367879441811
0.367879441795
0.36787944178
0.367879441765
0.367879441751
0.367879441737
0.367879441724
0.367879441711
0.367879441698
0.367879441686
0.367879441675
0.367879441663
0.367879441652
0.36787944164
0.367879441628
0.367879441615
0.3678794416
0.367879441582
0.36787944156
0.36787944153
0.367879441489
0.367879441431
0.367879441349
0.367879441232
0.367879441064
0.367879440825
0.367879440487
0.367879440013
0.367879439352
0.367879438439
0.36787943719
0.367879435493
0.367879433209
0.367879430159
0.367879426117
0.367879420804
0.367879413871
0.36787940489
0.367879393338
0.367879378578
0.367879359845
0.367879336218
0.367879306602
0.3678792697
0.367879223982
0.367879167656
0.367879098636
0.367879014498
0.367878912449
0.367878789279
0.367878641319
0.367878464392
0.367878253766
0.3678780041
0.36787770939
0.367877362915
0.36787695718
0.367876483852
0.367875933709
0.367875296573
0.367874561252
0.367873715476
0.36787274584
0.36787163774
0.367870375319
0.367868941402
0.367867317444
0.367865483475
0.367863418045
0.36786109818
0.367858499329
0.367855595324
0.367852358341
0.367848758862
0.367844765643
0.367840345689
0.367835464226
0.367830084687
0.367824168697
0.367817676059
0.36781056476
0.367802790962
0.367794309015
0.367785071464
0.367775029066
0.367764130816
0.367752323966
0.367739554061
0.367725764973
0.367710898943
0.367694896625
0.367677697133
0.367659238102
0.367639455735
0.367618284874
0.367595659059
0.367571510596
0.367545770631
0.367518369222
0.367489235416
0.367458297326
0.367425482215
0.367390716575
0.367353926214
0.367315036338
0.367273971642
0.367230656392
0.367185014516
0.367136969693
0.367086445435
0.367033365183
0.366977652388
0.3669192306
0.366858023555
0.36679395526
0.366726950075
0.366656932798
0.366583828744
0.366507563827
0.366428064634
0.366345258506
0.366259073605
0.366169438992
0.366076284693
0.365979541766
0.365879142367
0.365775019811
0.365667108632
0.36555534464
0.365439664975
0.365320008159
0.365196314146
0.365068524365
0.364936581768
0.364800430867
0.364660017774
0.364515290237
0.36436619767
0.364212691186
0.364054723623
0.363892249566
0.363725225377
0.363553609204
0.363377361007
0.363196442569
0.363010817506
0.362820451284
0.362625311217
0.36242536648
0.362220588111
0.362010949009
0.361796423936
0.361576989512
0.361352624213
0.361123308363
0.360889024125
0.360649755493
0.360405488278
0.360156210096
0.359901910353
0.359642580232
0.35937821267
0.359108802344
0.358834345649
0.358554840678
0.358270287198
0.357980686631
0.357686042026
0.357386358035
0.357081640889
0.35677189837
0.356457139785
0.356137375937
0.355812619097
0.355482882975
0.355148182691
0.354808534748
0.354463956994
0.354114468599
0.353760090023
0.353400842981
0.353036750416
0.352667836465
0.352294126429
0.351915646741
0.351532424934
0.351144489609
0.350751870406
0.350354597969
0.349952703916
0.349546220809
0.349135182121
0.348719622204
0.348299576263
0.347875080321
0.347446171187
0.347012886434
0.346575264361
0.346133343966
0.345687164919
0.345236767532
0.344782192728
0.344323482018
0.343860677468
0.343393821675
0.342922957739
0.342448129236
0.341969380193
0.341486755062
0.341000298694
0.340510056315
0.340016073502
0.339518396156
0.339017070485
0.338512142974
0.338003660365
0.337491669639
0.336976217986
0.336457352794
0.335935121618
0.335409572168
0.334880752286
0.334348709924
0.333813493131
0.33327515003
0.332733728802
0.332189277669
0.331641844876
0.331091478674
0.330538227306
0.329982138988
0.329423261898
0.328861644157
0.328297333819
0.327730378854
0.327160827133
0.326588726421
0.326014124357
0.325437068447
0.324857606051
0.32427578437
0.323691650435
0.323105251098
0.322516633022
0.321925842666
0.321332926282
0.320737929904
0.320140899333
0.31954188014
0.318940917644
0.318338056918
0.317733342769
0.31712681974
0.316518532098
0.315908523829
0.315296838631
0.314683519909
0.314068610768
0.313452154008
0.31283419212
0.312214767279
0.311593921339
0.310971695833
0.310348131961
0.309723270595
0.309097152268
0.308469817174
0.307841305166
0.307211655748
0.306580908077
0.305949100959
0.305316272844
0.30468246183
0.304047705653
0.30341204169
0.302775506958
0.30213813811
0.301499971433
0.300861042852
0.300221387921
0.299581041831
0.298940039402
0.298298415087
0.297656202968
0.29701343676
0.296370149807
0.295726375084
0.295082145198
0.294437492385
0.293792448512
0.293147045081
0.292501313222
0.291855283702
0.29120898692
0.290562452909
0.289915711339
0.289268791516
0.288621722385
0.287974532529
0.287327250171
0.286679903179
0.286032519059
0.285385124968
0.284737747705
0.28409041372
0.28344314911
0.282795979626
0.282148930672
0.281502027309
0.280855294252
0.280208755878
0.279562436226
0.278916358996
0.278270547556
0.277625024943
0.27697981386
0.276334936687
0.275690415477
0.275046271958
0.274402527542
0.273759203318
0.273116320064
0.27247389824
0.271831957999
0.271190519183
0.27054960133
0.269909223674
0.269269405148
0.268630164387
0.26799151973
0.267353489224
0.266716090624
0.266079341399
0.26544325873
0.264807859519
0.264173160385
0.26353917767
0.262905927443
0.2622734255
0.261641687366
0.261010728301
0.260380563301
0.259751207099
0.25912267417
0.258494978734
0.257868134753
0.257242155944
0.256617055771
0.255992847454
0.255369543969
0.254747158054
0.254125702206
0.253505188687
0.252885629529
0.25226703653
0.251649421263
0.251032795076
0.250417169092
0.249802554216
0.249188961135
0.248576400321
0.247964882034
0.247354416323
0.24674501303
0.246136681792
0.245529432042
0.244923273015
0.244318213746
0.243714263077
0.243111429654
0.242509721933
0.241909148184
0.241309716489
0.240711434746
0.240114310671
0.239518351803
0.238923565503
0.238329958958
0.237737539179
0.237146313013
0.236556287133
0.23596746805
0.235379862109
0.234793475496
0.234208314234
0.233624384192
0.233041691082
0.232460240463
0.231880037743
0.23130108818
0.230723396888
0.230146968831
0.229571808834
0.22899792158
0.22842531161
0.227853983331
0.227283941013
0.226715188793
0.226147730676
0.225581570537
0.225016712124
0.224453159057
0.223890914832
0.223329982825
0.222770366288
0.222212068354
0.221655092041
0.221099440249
0.220545115766
0.219992121264
0.219440459309
0.218890132354
0.218341142746
0.217793492728
0.217247184434
0.216702219901
0.21615860106
0.215616329744
0.21507540769
0.214535836534
0.21399761782
0.213460752997
0.212925243423
0.212391090363
0.211858294995
0.211326858406
0.210796781598
0.210268065489
0.20974071091
0.209214718611
0.208690089261
0.208166823448
0.207644921682
0.207124384394
0.206605211941
0.206087404602
0.205570962586
0.205055886026
0.204542174986
0.204029829457
0.203518849363
0.203009234561
0.202500984838
0.201994099919
0.20148857946
0.200984423059
0.200481630247
0.199980200495
0.199480133215
0.198981427759
0.19848408342
0.197988099434
0.197493474981
0.197000209187
0.196508301122
0.196017749804
0.195528554197
0.195040713214
0.19455422572
0.194069090527
0.1935853064
0.193102872057
0.192621786167
0.192142047354
0.191663654198
0.191186605232
0.190710898948
0.190236533793
0.189763508174
0.189291820457
0.188821468965
0.188352451985
0.187884767763
0.187418414507
0.186953390388
0.186489693541
0.186027322065
0.185566274024
0.185106547447
0.184648140329
0.184191050633
0.183735276289
0.183280815196
0.18282766522
0.1823758242
0.181925289942
0.181476060225
0.181028132797
0.180581505382
0.180136175673
0.179692141339
0.17924940002
0.178807949334
0.178367786871
0.177928910198
0.177491316859
0.177055004372
0.176619970235
0.176186211923
0.175753726888
0.175322512562
0.174892566357
0.174463885663
0.174036467851
0.173610310274
0.173185410264
0.172761765137
0.17233937219
0.171918228702
0.171498331937
0.171079679141
0.170662267544
0.170246094362
0.169831156794
0.169417452025
0.169004977226
0.168593729553
0.16818370615
0.167774904147
0.16736732066
0.166960952796
