1 0.88803048036
2 0.866305509999
3 0.845112024027
4 0.824437020095
5 0.804267813945
6 0.78459203163
7 0.765397601924
8 0.74667274891
9 0.728405984764
10 0.710586102699
11 0.693202170096
12 0.676243521793
13 0.659699753541
14 0.643560715625
15 0.627816506635
16 0.61245746739
17 0.597474175013
18 0.582857437153
19 0.568598286339
20 0.554687974485
21 0.541117967518
22 0.527879940146
23 0.514965770748
24 0.502367536393
25 0.490077507976
26 0.478088145481
27 0.466392093352
28 0.454982175981
29 0.443851393303
30 0.432992916508
31 0.422400083846
32 0.41206639654
33 0.401985514803
34 0.392151253944
35 0.382557580576
36 0.373198608916
37 0.364068597169
38 0.35516194401
39 0.346473185147
40 0.337996989966
41 0.329728158263
42 0.321661617053
43 0.313792417458
44 0.306115731669
45 0.298626849987
46 0.291321177931
47 0.284194233422
48 0.27724164403
49 0.270459144293
50 0.263842573101
51 0.257387871143
52 0.251091078414
53 0.244948331789
54 0.23895586265
55 0.233109994576
56 0.227407141087
57 0.221843803444
58 0.216416568499
59 0.211122106608
