1 0.56862780617
2 0.557241775325
3 0.546083734911
4 0.535149119717
5 0.524433455943
6 0.513932359372
7 0.503641533577
8 0.493556768158
9 0.483673937025
10 0.473988996707
11 0.464497984699
12 0.455197017839
13 0.44608229072
14 0.437150074134
15 0.428396713546
16 0.419818627598
17 0.411412306642
18 0.403174311309
19 0.395101271098
20 0.387189882998
21 0.379436910134
22 0.37183918045
23 0.364393585402
24 0.357097078692
25 0.349946675022
26 0.342939448867
27 0.336072533285
28 0.329343118739
29 0.32274845195
30 0.316285834771
31 0.309952623079
32 0.303746225698
33 0.297664103338
34 0.291703767552
35 0.285862779723
36 0.280138750065
37 0.274529336641
38 0.269032244412
39 0.263645224291
40 0.258366072228
41 0.253192628307
42 0.248122775858
43 0.243154440598
44 0.238285589778
45 0.23351423135
46 0.228838413158
47 0.224256222132
48 0.21976578351
49 0.21536526007
50 0.211052851378
51 0.20682679305
52 0.202685356033
53 0.198626845896
54 0.194649602136
55 0.1907519975
56 0.186932437317
57 0.18318935885
58 0.179521230651
59 0.17592655194
