0.59239064582 0.941537581161
0.626615002912 0.940288495767
0.661751193022 0.939007855113
0.698450498177 0.937672104454
0.735977721061 0.936308184819
0.774874536688 0.934896581426
0.815267310623 0.933432940721
0.856568505 0.931938752484
0.899249896354 0.930397144693
0.943077653322 0.928816785099
0.98826302858 0.927190282279
1.03456216658 0.925526642599
1.08228209932 0.923815074127
1.13051606063 0.922088285511
1.18101485587 0.920283873732
1.23217772542 0.918459334331
1.28444798065 0.916599039547
1.33847895282 0.914680041335
1.3931068141 0.912743928049
1.45013826221 0.910726999663
1.50718235731 0.908714082386
1.5649737821 0.906679330837
1.62596282267 0.904536936943
1.68582120803 0.902439182601
1.74862372048 0.900243480092
1.81103013333 0.898066917926
1.87617780076 0.89580036241
1.94195956971 0.893517549948
2.0086456077 0.891209294645
2.07639318702 0.888870401444
2.14543192884 0.886493247296
2.21529144534 0.884094303193
2.28650668646 0.881655485996
2.35859430846 0.87919364513
2.43159020629 0.876707790597
2.50589925926 0.874184436182
2.58098436874 0.871642105634
2.65694268507 0.869077731976
2.73391977939 0.866486660848
2.81211656547 0.86386244402
2.89090671996 0.861226352516
2.97047481928 0.858572396746
3.0510722292 0.855892446517
3.1325026965 0.853193291493
3.21454201234 0.850482562851
3.29751565772 0.847749722247
3.38122896505 0.845001419027
3.46546166494 0.842245056879
3.55063804399 0.839466957238
3.63658200957 0.836673109673
3.72309510242 0.833870151801
3.80995567402 0.831065382745
3.89772695629 0.828240789183
3.98624979953 0.825401733099
4.07446206158 0.822582318446
4.16389479411 0.819733726687
4.25348438807 0.816890029197
4.34399701445 0.814027051172
4.43425344047 0.811182168377
4.5261567625 0.808295591349
4.61740464999 0.805439763056
4.70886244192 0.802587490165
4.80155958784 0.799706872549
4.89415024591 0.796839885316
4.98640693772 0.793993461839
5.07945917321 0.791132792827
5.17319855399 0.788261420192
5.2660293678 0.78542814886
5.36072159721 0.782548557428
5.45412576968 0.779718478915
5.54756314598 0.776897634753
5.64256157837 0.774040124944
5.73736262345 0.771199029965
5.83177958623 0.768379810491
5.92561450413 0.765588181439
6.02058751601 0.762773021088
6.11467034182 0.759994454072
6.20968618991 0.757198604395
6.3034675766 0.754449164745
6.39794457614 0.751689426099
6.49305096424 0.748921498585
6.58640494128 0.746214484869
6.68248191248 0.743438728203
6.77651001102 0.740732162996
6.87070746018 0.738030603235
6.96497664513 0.735336850347
7.05656244039 0.73272919212
7.1505884382 0.73006167557
7.24435860453 0.727411088543
7.33775286564 0.72478069274
7.43064567506 0.72217385542
7.52290615478 0.719594043711
7.61748603272 0.716958942358
7.70814277614 0.714442201849
7.80098291056 0.711874003748
7.89276860485 0.709344049503
7.98334519809 0.706856237115
8.07602440919 0.704319704581
8.16732776764 0.701829728429
8.25708770644 0.699390424604
8.34884212745 0.696905681578
8.43886551675 0.694476395084
8.52697871231 0.692106855917
8.61695100264 0.689695664281
8.70480625475 0.687349313999
8.79447109022 0.684962865598
8.88180059003 0.682646537644
8.97088152065 0.680291824859
9.05739789121 0.678012677333
9.14559893996 0.675697009436
9.23099602029 0.673462494123
9.31800261413 0.671193463548
9.40666466533 0.668889124795
9.4922309795 0.666672746691
9.57448552118 0.664549075091
9.6631459856 0.662267588589
9.74334581198 0.660210566299
9.83002898357 0.657994438749
9.91303418925 0.655879313915
9.99745286577 0.653735144854
10.077911927 0.651698071441
10.159676304 0.649634452693
10.2427780277 0.64754377676
10.3215758722 0.645567592924
10.4073579199 0.643423106976
10.4828648337 0.6415413872
10.5654141181 0.639490459828
10.6432400058 0.637562889614
10.7222207259 0.635612656839
10.80238218 0.633639368659
10.8837510501 0.631642623388
10.9599567214 0.629778286401
11.0372368622 0.627893282579
11.1156143629 0.625987274852
11.1884450423 0.624221342863
11.262236212 0.622437202456
11.3438530217 0.620469790546
11.4127770575 0.618813187948
11.4895665463 0.616972746032
11.5673961868 0.615112959809
11.6390714698 0.613405194732
11.7116403625 0.611680968464
11.7851196851 0.609940048689
11.8595266826 0.608182198879
11.9273013372 0.606585446059
12.0035200023 0.604794762244
12.0729549233 0.603168057761
12.1431976601 0.601526879886
12.2142623959 0.599871040688
12.2861636478 0.59820034912
12.3507907565 0.596702650039
12.4243129212 0.595003371637
12.4904051919 0.593479947126
12.5572042504 0.591944194459
12.6247214979 0.590395968532
12.6929685824 0.588835122073
12.761957405 0.587261505608
12.8317001267 0.585674967417
12.8933538506 0.584276011003
12.955602777 0.582866939219
13.0274836245 0.581244065545
13.0910373813 0.579812958992
13.1552141423 0.57837139914
13.220023116 0.5769192755
13.2854736929 0.575456476113
13.3420927975 0.574194049685
13.4087604718 0.572711121953
13.4664373404 0.571431272218
13.5343563884 0.569927815076
13.5931209511 0.568630193983
13.6523979314 0.567324251025
13.7222102747 0.565790047124
13.7826207582 0.564465808377
13.8435653921 0.563133001294
13.8947664932 0.562015709788
13.9567089745 0.560666986576
14.0192061056 0.559309466773
14.0822653714 0.557943068027
14.1352503784 0.556797544324
14.1886355176 0.55564574845
14.2532314293 0.554255262948
14.3075129854 0.553089494237
14.3622094835 0.551917294234
14.4283989163 0.550502110973
14.4840252157 0.549315582635
14.5400820068 0.548122458899
14.5965743078 0.546922687435
14.6535072154 0.545716215402
14.6993750405 0.544746160908
14.757114132 0.543527493229
14.8153085301 0.542301974275
14.8621962667 0.541316573292
14.9212238966 0.540078583713
14.9687853636 0.539083134603
15.0286642549 0.537832493646
15.076914084 0.536826850531
15.1376627899 0.535563374261
15.1866160392 0.534547388695
15.2358868647 0.533526758243
15.285478368 0.532501452831
15.3479226074 0.531213218912
15.398247194 0.530177283478
15.4489028213 0.529136573725
15.4998927677 0.528091058571
15.5512203548 0.527040706694
15.5899404929 0.526249732397
15.6418670703 0.52519084033
15.6941406529 0.524127024137
15.7467647318 0.523058251573
15.7997428451 0.521984490141
15.8397117331 0.521175859
15.8933180572 0.52009328826
15.93376228 0.519278012485
15.9880080591 0.518186530764
16.0289361505 0.517364533573
16.0838328985 0.516264037815
16.1252535978 0.515435241383
16.1808131067 0.514325627129
16.2227353647 0.513489952572
16.2648753666 0.512651305921
16.3214026983 0.511528481306
16.3640574258 0.510682841976
16.4069356387 0.509834180981
16.4500390987 0.508982483261
16.507862881 0.507842155264
16.5514988814 0.506983312613
16.5953661366 0.506121382413
16.6394664907 0.505256349224
16.6838018071 0.50438819752
16.7283739695 0.503516911683
16.7731848813 0.502642476006
16.8182364667 0.501764874694
16.8635306707 0.500884091859
16.8938634611 0.500295110504
16.939566401 0.499408989746
16.9855172491 0.498519644652
17.0317180286 0.497627059
17.0781707848 0.496731216475
17.1092811575 0.496132154072
17.1561584742 0.495230847074
17.2032933318 0.49432623924
17.2348615402 0.493721309219
17.2824303688 0.492811163079
17.3302624678 0.491897671472
17.3622986984 0.491286794467
17.4105744589 0.490367689603
17.4429085087 0.489753054954
17.4916341341 0.488828289414
17.5242701774 0.488209865352
17.5734519874 0.487279391272
17.606394277 0.486657145733
17.65603871 0.485720914802
17.6892915787 0.48509481542
17.7226699069 0.484467165453
17.7729730577 0.483522792988
17.8066681696 0.482891243362
17.8404912558 0.482258124702
17.8914663264 0.481305513883
17.9256125669 0.480668449152
17.9598893642 0.480029796702
17.994297469 0.479389551147
18.0461564056 0.478426203923
18.0808961089 0.477781951745
18.1157697923 0.477136087467
18.1507782328 0.476488605616
18.1859222134 0.475839500701
18.2212025231 0.47518876721
18.274379315 0.474209620246
18.3100039475 0.4735547909
18.3457677194 0.472898313531
18.3816714477 0.472240182536
18.417715956 0.471580392295
18.4539020742 0.470918937165
18.4902306389 0.470255811485
18.5267024931 0.469591009572
18.5633184866 0.468924525725
18.600079476 0.468256354221
18.6369863244 0.467586489318
18.6740399022 0.466914925254
18.7112410862 0.466241656245
18.7485907607 0.465566676489
18.7673224943 0.465228526403
18.8124290751 0.464415258223
18.8464020018 0.463803667724
18.8823955571 0.463156579943
18.9166218386 0.462542101415
18.9528843219 0.461891955527
18.987366804 0.46127457075
19.0219749658 0.460655765506
19.0567094958 0.460035535442
19.0896310846 0.459448448652
19.1246133203 0.458825435606
19.1597239814 0.458200984843
19.1930027054 0.457609900004
19.226397214 0.457017525133
19.2599081125 0.456423856494
19.2935360109 0.455828890345
19.3272815231 0.455232622931
19.3611452676 0.454635050484
19.395127867 0.454036169231
19.4272207209 0.453471315617
19.4614358321 0.452869882932
19.4937486427 0.452302621256
19.5261689138 0.451734187171
19.5586971826 0.451164577487
19.5913339899 0.450593789003
19.62407988 0.450021818512
19.656935401 0.449448662797
19.6899011046 0.448874318633
19.7209071096 0.448334787083
19.754087875 0.447758131106
19.7852964861 0.447216426547
19.8186944256 0.446637446561
19.8501076359 0.44609355753
19.8816205689 0.445548607373
19.9132337004 0.445002593384
19.9449475092 0.444455512854
19.9767624772 0.443907363067
20.0086790894 0.4433581413
20.0385601594 0.442844563102
20.0706746697 0.442293261111
20.1007413026 0.44177773662
20.1330555581 0.441224344159
20.1633094886 0.440706863791
20.1936544656 0.44018843577
20.2240909008 0.439669057847
20.2546192085 0.43914872777
20.2852398055 0.438627443282
20.3159531111 0.438105202119
20.3467595471 0.437582002014
20.3776595379 0.437057840696
20.4086535105 0.436532715888
20.4375182498 0.436044233688
20.4686946878 0.435517244287
20.4977296064 0.435027026752
20.5268470003 0.434535970867
20.5582967345 0.434006203444
20.5875865513 0.433513400471
20.6169599331 0.433019753473
20.6464172383 0.432525260597
20.6759588272 0.43202991999
20.7055850621 0.431533729793
20.7352963075 0.431036688145
20.7650929299 0.43053879318
20.792673696 0.430078437259
20.8226355427 0.429578896059
20.8503694567 0.429117017362
20.8804979061 0.428615822994
20.9083862477 0.42815241511
20.9386826938 0.427649560617
20.966726757 0.427184617113
20.99484603 0.426718934227
21.0253937026 0.426213609938
21.0536706388 0.425746381871
21.0820237248 0.425278409822
21.1104532685 0.424809692292
21.1389595798 0.424340227784
21.1675429701 0.423870014795
21.1938124843 0.42343832588
21.2225444858 0.42296667411
21.2513544845 0.422494269469
21.2778325321 0.422060567706
21.3067929157 0.421586715846
21.3358322293 0.421112106703
21.3625213043 0.420676380298
21.3892772234 0.42024001514
21.4185419321 0.419763252136
21.4454384307 0.419325547603
21.4724025548 0.41888720069
21.4994345599 0.418448210221
21.5290016446 0.417968577711
21.5561764145 0.417528237804
21.5834198632 0.417087250694
21.6107322515 0.416645615198
21.6381138415 0.416203330133
21.6630665611 0.415800686636
21.6905809956 0.415357158199
21.7181654018 0.414912976739
21.7458200471 0.414468141066
21.7735452003 0.414022649988
21.7988113865 0.413617086914
21.8266718963 0.413170341306
21.8520615836 0.41276363579
21.8800584438 0.412315631292
21.9055725403 0.411907779367
21.9337067549 0.411458511614
21.9593461775 0.411049509305
21.9850456039 0.4106399578
22.010805245 0.410229856193
22.0392105575 0.409778109469
22.0650973413 0.409366849693
22.0910450001 0.408955037006
22.117053749 0.408542670501
22.1431238042 0.408129749269
22.1692553826 0.4077162724
22.1954487025 0.407302238983
22.2217039829 0.406887648108
22.248021444 0.40647249886
22.2717605957 0.40609838497
22.2981968102 0.405682172309
22.3246958499 0.405265398626
22.3512579391 0.404848063005
22.3752180004 0.404471978362
22.401900505 0.404053572543
22.4286467157 0.403634602125
22.4527730487 0.403257043915
22.4796409308 0.402836998239
22.5038771409 0.402458470818
22.5281656601 0.402079483259
22.5552143667 0.401657846937
22.5796138744 0.401277885754
22.6040662213 0.40089746234
22.6312975846 0.400474228141
22.6558620466 0.400092826682
22.6804798849 0.399710960894
22.7051512737 0.399328630103
22.7298763881 0.398945833631
22.7546554037 0.398562570805
22.7794884972 0.398178840947
22.8043758457 0.397794643381
22.8293176274 0.397409977429
22.8543140211 0.397024842413
22.8793652063 0.396639237657
22.9044713636 0.39625316248
22.9296326741 0.395866616205
22.9548493198 0.395479598152
22.9801214835 0.395092107642
23.00263247 0.394747273152
23.0280100022 0.394358888375
23.0534435851 0.393970029174
23.076098503 0.393623976443
23.1016384669 0.393234219259
23.1243882416 0.392887367256
23.1500352556 0.392496709656
23.1757392162 0.392105574376
23.1986352231 0.391757495766
23.221576508 0.391409038725
23.2474396519 0.391016572986
23.2704776004 0.390667310175
23.2964498355 0.390273936709
23.3195850599 0.38992386596
23.3427662745 0.389573414257
23.3659936165 0.38922258112
23.3921795968 0.388827438632
23.4155054184 0.38847579334
23.4388778002 0.388123765109
23.4622968816 0.387771353457
23.4857628029 0.387418557903
23.5092757046 0.387065377964
23.5328357282 0.386711813159
23.5564430155 0.386357863005
23.5830578014 0.385959209134
23.6037999512 0.385648804723
23.6275498861 0.385293695628
23.6513476578 0.384938199255
23.675193411 0.38458231512
23.699087291 0.38422604274
23.7230294435 0.383869381633
23.7470200152 0.383512331314
23.7710591532 0.383154891302
23.7921334351 0.382841810041
23.8162640328 0.382483638056
23.8404436227 0.382125074988
23.86164115 0.381811009933
23.8859130035 0.381451712286
23.9102342804 0.381092022165
23.9315561377 0.380776969818
23.9559704912 0.38041654251
23.9773740236 0.380100844395
24.0018819892 0.3797396782
24.0233676671 0.379423332828
24.0479697843 0.379061426045
24.0695380816 0.378744431925
24.0942348943 0.378381782853
24.1158862885 0.378064138498
24.1406783446 0.377700745435
24.1624133171 0.377382449356
24.1841874585 0.377063848634
24.2091202046 0.376699361309
24.2309786369 0.376380106678
24.2528765725 0.376060546384
24.2748141185 0.375740680103
24.2999341573 0.375374744753
24.3219569462 0.375054221686
24.3440196849 0.374733391613
24.3661224825 0.374412254208
24.3882654482 0.37409080915
24.4104486914 0.373769056113
24.4358503495 0.373400961992
24.4581202735 0.373078547904
24.4804308223 0.372755824818
24.5027821072 0.372432792412
24.5251742399 0.372109450361
24.5476073326 0.371785798342
24.5700814977 0.371461836031
24.5925968482 0.371137563105
24.611928664 0.370859366293
24.6345208023 0.370534515658
24.657154451 0.370209353482
24.6798297245 0.369883879444
24.7025467378 0.36955809322
24.7253056064 0.369231994486
24.748106446 0.36890558292
24.7676835919 0.368625551265
24.7905626861 0.368298557874
24.8134840846 0.367971250727
24.8331648317 0.367690450716
24.856165107 0.367362560032
24.8792080233 0.367034354671
24.9022936994 0.366705834311
24.9221156185 0.366423993436
24.9452810218 0.366094887229
24.9651714549 0.365812543734
24.9884169992 0.365482850571
25.011705869 0.36515284089
25.0317024043 0.364869722273
25.0550720574 0.364539123929
25.075138015 0.364255500278
25.0985888725 0.363924312161
25.1187246148 0.363640182528
25.1422571009 0.363308403531
25.1624629925 0.363023766965
25.1827013844 0.362738896114
25.2063539426 0.362406251538
25.2266630216 0.36212087237
25.2503982649 0.361787634193
25.2707784021 0.361501745761
25.2911914611 0.361215621969
25.3116375218 0.360929262615
25.3355329982 0.360594879804
25.3560508381 0.36030800937
25.3766019342 0.360020902737
25.4006202759 0.35968564728
25.4212437056 0.359398028189
25.4419006488 0.359110172263
25.4625911872 0.358822079303
25.483315403 0.358533749108
25.5075362532 0.358197064826
25.5283337196 0.35790821993
25.5491651248 0.357619137166
25.570030552 0.357329816333
25.5909300848 0.357040257233
25.6118638067 0.356750459666
25.6328318019 0.356460423432
25.6538341544 0.356170148332
25.674870949 0.355879634168
25.6959422703 0.355588880739
25.7170482035 0.355297887849
25.7381888339 0.355006655297
25.7593642473 0.354715182886
