0.600179399101 0.92842022582
0.634761128172 0.927199249845
0.670504139449 0.925938959998
0.707362355813 0.924641142315
0.745593187831 0.923296915242
0.784961952359 0.921914719838
0.825860356224 0.920481011716
0.867703597215 0.919016489442
0.910970360612 0.917504593908
0.955431871479 0.915953540808
1.00078478928 0.914374092137
1.04778486964 0.912740153496
1.09627243321 0.911057562883
1.14534595992 0.909357796679
1.19602585004 0.907605719261
1.24813940219 0.905807598356
1.30145829864 0.903971575241
1.35569190292 0.902107872175
1.41151774006 0.900193466199
1.46875631581 0.898234832015
1.5271768082 0.896240148507
1.58649155446 0.894219463697
1.64776323514 0.892136895405
1.70937768952 0.890047567444
1.77249737653 0.887912271231
1.8369330166 0.885737741194
1.90245045311 0.883532163723
1.96836336173 0.881318815
2.03597805528 0.879054081663
2.10493412398 0.876750413309
2.17477502039 0.874423338508
2.24572478363 0.872065640962
2.31781557787 0.869676537475
2.39110845424 0.867254306426
2.46538250514 0.864806531288
2.54037851245 0.862341973056
2.61686541674 0.859835654465
2.69393687075 0.857317549434
2.77207874691 0.854771999938
2.85107387677 0.852206337269
2.93111898713 0.849614427697
3.01200390621 0.847003332076
3.09398560052 0.844365019227
3.17634645845 0.841722779323
3.25988786683 0.839051112635
3.34386189804 0.836374156535
3.42921154264 0.833662099677
3.51452489711 0.830959984578
3.60081235542 0.828235925575
3.68789908317 0.825495688368
3.77558788194 0.822745666928
3.86443511009 0.819968659321
3.95349182028 0.817194510511
4.04249192245 0.814431501726
4.13292109592 0.811633695433
4.22377020327 0.808832574992
4.3148228515 0.806034878591
4.40685213488 0.803217007132
4.49867493189 0.800415276221
4.59111126659 0.797604695735
4.68399703408 0.7947903911
4.77715233329 0.791977893394
4.87161543131 0.789136074172
4.96475321932 0.786344109203
5.06018716303 0.783493558996
5.1538268931 0.78070664487
5.24956155515 0.777867629218
5.34445689506 0.77506369243
5.43976387225 0.772257765722
5.53534026295 0.769454108471
5.63103256375 0.766657248186
5.72667588145 0.763871977967
5.82209391424 0.761103351575
5.91892080326 0.758304104098
6.01525438268 0.755529334928
6.11088648962 0.752784813632
6.20760171494 0.750019347769
6.30328981079 0.747293249756
6.39984127834 0.744552597742
6.49500351649 0.741861215015
6.59077669262 0.73916237624
6.68708830322 0.736458265728
6.78386035489 0.733751191122
6.87854733123 0.73111207547
6.97591348379 0.728408184376
7.07086929375 0.725780861217
7.16577263751 0.723164458485
7.26051387469 0.720561932755
7.35779254412 0.717899449481
7.45193083893 0.715332284183
7.54554541749 0.712788504329
7.64154071455 0.710189427042
7.73689406324 0.707617112911
7.83146463989 0.705075117979
7.92510647444 0.702567084739
8.01766873721 0.700096733744
8.11241759522 0.697577021888
8.20242685479 0.695191753012
8.29803461614 0.692667054574
8.38857011624 0.690284751143
8.48110193243 0.687858383985
8.57187354371 0.685486459985
8.66460818765 0.683071686672
8.75538148369 0.680716224873
8.84807588349 0.678319294552
8.93859556691 0.675986744524
9.02674566769 0.673722963929
9.11665080254 0.671421921149
9.20395591152 0.66919494537
9.29294846059 0.666932528237
9.38367787318 0.664633829607
9.47152744445 0.662415643856
9.56103661664 0.660163167522
9.64740981127 0.657996869077
9.73535700519 0.655798397628
9.8199038045 0.653691853209
9.90593120257 0.651555363865
9.99347845535 0.64938829773
10.0773018439 0.647320163394
10.1625425959 0.645223813479
10.2437765499 0.643232322057
10.3318677659 0.641079667761
10.415841057 0.639034348949
10.4954577706 0.637101169069
10.582121112 0.635003536341
10.6643088629 0.633020613471
10.7417782721 0.631157198208
10.8264733986 0.629126254743
10.9063243557 0.627217457418
10.9873613539 0.62528622933
11.0632418635 0.623483278933
11.1466352577 0.621507815088
11.2247383322 0.61966334744
11.3039430926 0.617798452748
11.3775367711 0.616070702793
11.4589193096 0.614165720158
11.5345504415 0.612400646201
11.6111860547 0.610617303883
11.6888463059 0.608815415547
11.7675518945 0.606994698103
11.8400289303 0.605322883528
11.9134038068 0.603635049084
11.987693322 0.601930969834
12.0629146953 0.600210416793
12.1390855808 0.598473156836
12.2084677485 0.596895106368
12.2864929481 0.595125446231
12.3575744522 0.593517840887
12.4294827814 0.591895954385
12.5022324557 0.590259601528
12.5676188347 0.588792731279
12.641998534 0.587128537366
12.7088581516 0.585636614871
12.7764283476 0.584132688014
12.8533065616 0.582426286493
12.9224248982 0.580896380404
12.9835176007 0.579547464653
13.0540465556 0.577994093144
13.1253455864 0.576427992956
13.1883756482 0.575047056764
13.2520136562 0.573656157247
13.3254966388 0.572054266429
13.3904674125 0.570641663659
13.4560745166 0.569218765311
13.5223273519 0.567785462761
13.5796385876 0.566548512902
13.6471162 0.565095595617
13.715267444 0.563631955765
13.7742284649 0.562368747295
13.8436577909 0.560884890172
13.9037296927 0.559604181435
13.9643249248 0.558315278145
14.0254503612 0.557018104749
14.0871129966 0.555712584823
14.1493199494 0.55439864107
14.2120784638 0.553076195304
14.2753959133 0.551745168438
14.328594796 0.550629325487
14.3929565331 0.549282358628
14.4470363897 0.548153119469
14.5124684826 0.546789937991
14.5674513983 0.545647071319
14.6228522869 0.544497932771
14.6898895929 0.543110664336
14.7462270005 0.541947553002
14.8029979638 0.540778010414
14.8602075111 0.539601985751
14.9178607485 0.538419427704
14.9643084159 0.537468598692
15.0227733992 0.536274150135
15.081696798 0.53507302186
15.1410840288 0.533865160646
15.1889335317 0.532893945996
15.249169567 0.531673830171
15.2977053601 0.530692742181
15.358808542 0.529460194562
15.4080455109 0.528469090226
15.4575989944 0.527473487864
15.519988177 0.526222664337
15.5702651068 0.525216834627
15.620868658 0.52420641192
15.671802027 0.523191366512
15.7230684517 0.522171668466
15.7746712125 0.521147287615
15.8266136331 0.520118193559
15.8788990809 0.519084355663
15.9315309681 0.518045743053
15.9845127521 0.51700232462
16.0378479365 0.51595406901
16.0780856068 0.515164640213
16.1320477955 0.514107843822
16.1863732637 0.513046122776
16.2273601541 0.512246538423
16.2823302373 0.511176121861
16.3238048573 0.5103699793
16.3794311067 0.509290767035
16.4214022238 0.508477990594
16.4776964679 0.507389881083
16.5201730608 0.50657039407
16.5771474137 0.505473284399
16.6201386786 0.504647009087
16.6633533777 0.503817800676
16.7067932594 0.502985644608
16.7650638047 0.501871542996
16.8090360372 0.50103245148
16.8532394133 0.500190363185
16.8976757623 0.499345263189
16.9423469329 0.498497136485
16.9872547932 0.49764596798
17.0324012312 0.496791742495
17.0777881551 0.495934444764
17.1234174932 0.495074059434
17.1692911947 0.494210571067
17.2154112297 0.493343964133
17.2617795893 0.492474223018
17.2928331799 0.491892601726
17.3396198788 0.491017602462
17.3866603184 0.490139426934
17.4339565701 0.489258059201
17.4815107281 0.488373483229
17.5133601324 0.487781932785
17.5613488323 0.486891974278
17.6096011356 0.485998764331
17.6419191122 0.485401434985
17.6906155927 0.484502769945
17.7232316977 0.483901789389
17.7723785226 0.48299762335
17.805296906 0.48239296082
17.8549003568 0.481483247451
17.8881252462 0.480874871895
17.9381917217 0.479959564432
17.9717274235 0.479347444513
18.0222634423 0.478426495761
18.0561143437 0.477810599851
18.0900925619 0.477193184834
18.1412971185 0.476264258359
18.1755968183 0.475643022578
18.2100263812 0.47502024966
18.2619128404 0.474083250883
18.2966703346 0.473456611855
18.3315603064 0.472828417427
18.3841423912 0.471883250557
18.4193669172 0.471251144093
18.4547266059 0.470617463735
18.4902222378 0.469982204156
18.5258545995 0.469345360008
18.5616244834 0.468706925923
18.6155361081 0.467746331794
18.6516533265 0.467103898824
18.6879108894 0.466459856989
18.7243096176 0.465814200836
18.7608503379 0.465166924893
18.7975338839 0.464518023668
18.8343610954 0.46386749165
18.8713328191 0.463215323309
18.9084499081 0.462561513095
18.9457132223 0.461906055437
18.9831236284 0.461248944749
19.020682 0.460590175421
19.0583892176 0.459929741826
19.0962461685 0.459267638317
19.1342537472 0.458603859227
19.1724128555 0.457938398869
19.1915520224 0.457604992802
19.235710827 0.456836668155
19.2704129235 0.456233787295
19.3071786697 0.455595922538
19.3421392175 0.454990204161
19.3772265438 0.454383098942
19.4124413402 0.453774602642
19.4477843033 0.45316471101
19.4832561348 0.452553419781
19.516876535 0.451974795714
19.5526009703 0.451360770832
19.5864612126 0.450779557384
19.6204388768 0.450197080702
19.6565436252 0.449578964344
19.6907649757 0.448993875354
19.7230825474 0.448442034734
19.7575360673 0.447854468551
19.7921101147 0.4472656208
19.8268053239 0.446675487786
19.8595711487 0.4461188867
19.8924453986 0.445561140797
19.9274934244 0.444967282489
19.9605930111 0.444407165536
19.993802687 0.443845894222
20.0271230028 0.443283465413
20.0584620382 0.442755129943
20.0919982979 0.44219044958
20.1256468367 0.441624602474
20.1572950744 0.441093054034
20.1911627644 0.440524937387
20.2230174575 0.439991255732
20.2549727742 0.43945653787
20.2870291927 0.438920781167
20.3213344187 0.438348163776
20.3514472623 0.437846140675
20.3838098847 0.437307251589
20.4162755517 0.436767313069
20.4488447565 0.436226322452
20.4793367906 0.435720442029
20.512107578 0.435177409813
20.5427886267 0.434669619292
20.5757628759 0.434124535454
20.6066347041 0.433614825458
20.63759927 0.433104185467
20.6686569926 0.432592613281
20.6998082935 0.432080106698
20.7310535966 0.431566663507
20.7623933284 0.431052281495
20.7938279183 0.430536958446
20.8231027509 0.430057595429
20.854721501 0.429540451274
20.8841680885 0.429059393444
20.9159726236 0.428540419884
20.9455924836 0.42805765952
20.9775844477 0.427536848225
21.0073791157 0.427052377575
21.0372585027 0.426567080697
21.0672229709 0.426080955783
21.0972728847 0.425594001022
21.1274086105 0.425106214602
21.1576305167 0.424617594706
21.1879389738 0.424128139512
21.2159934087 0.423675587645
21.246469358 0.423184521014
21.2770329537 0.422692613747
21.3053238743 0.42223779377
21.3360570865 0.421744264771
21.3645052254 0.421287944733
21.3930292947 0.420830902447
21.4240161444 0.420334960813
21.4526993843 0.41987640915
21.4814594995 0.419417130758
21.5102967998 0.418957124177
21.5392115966 0.418496387947
21.568204203 0.418034920606
21.5972749339 0.417572720687
21.6264241058 0.417109786724
21.655652037 0.416646117246
21.6825140186 0.41622043554
21.7118937991 0.41575535224
21.7413532769 0.415289529128
21.7684283336 0.414861869558
21.798041473 0.414394624365
21.8252579348 0.413965658782
21.8525424167 0.413536066831
21.8823849211 0.413066709468
21.9098124558 0.412635804108
21.9373088048 0.412204268837
21.9648742276 0.411772102504
21.9925089851 0.411339303958
22.022735123 0.410866441676
22.0505157033 0.410432317477
22.0758318943 0.410037103509
22.1037466258 0.409601764571
22.1317320162 0.409165787643
22.1597883344 0.408729171565
22.1879158507 0.408291915175
22.2135485764 0.407893848953
22.2418127703 0.407455366949
22.2701489562 0.407016241247
22.2959720698 0.406616472786
22.3244464604 0.406176114994
22.3503956719 0.405775224564
22.3790092817 0.405333630421
22.4050855179 0.404931614144
22.4312225698 0.404529060397
22.4600435682 0.404085633368
22.4863090296 0.403681948033
22.5126359709 0.403277722488
22.5390246084 0.40287295585
22.5654751595 0.402467647231
22.5919878425 0.402061795746
22.6185628768 0.401655400506
22.6452004829 0.401248460623
22.6719008821 0.400840975207
22.698664297 0.400432943369
22.7254909512 0.400024364218
22.7523810692 0.399615236861
22.7766368625 0.399246549157
22.8036481832 0.398836377775
22.8307236251 0.398425655597
22.8551467707 0.398055530408
22.882344673 0.397643759276
22.9096073631 0.397231434751
22.9341996006 0.396859865295
22.9615860262 0.396446486876
22.9862900025 0.3960739675
23.0110471734 0.395700997154
23.0386174879 0.395286059725
23.063487526 0.394912135152
23.0884112967 0.394537757566
23.11616736 0.394121254067
23.1412051415 0.393745917936
23.1662972009 0.393370126745
23.1914437152 0.392993879835
23.2166448619 0.392617176547
23.2419008195 0.392240016219
23.2672117671 0.391862398194
23.2925778847 0.391484321809
23.3179993529 0.391105786403
23.3434763535 0.390726791316
23.3690090686 0.390347335886
23.3945976813 0.38996741945
23.4202423757 0.389587041346
23.4459433364 0.389206200911
23.4688362504 0.388867284014
23.4946439976 0.388485568499
23.5205085494 0.388103388735
23.543547328 0.387763279776
23.5695196894 0.387380221307
23.5955494005 0.386996696671
23.6187354434 0.386655390717
23.6448740004 0.386270983746
23.6681570967 0.385928892479
23.6944051843 0.385543600798
23.717785945 0.385200722104
23.7441442538 0.384814543335
23.7676232954 0.384470875099
23.791148801 0.384126834593
23.8176704655 0.383739346969
23.8412951679 0.383394513807
23.8649667678 0.383049306909
23.8886854054 0.382703725803
23.912451221 0.38235777002
23.9392440973 0.381968124732
23.9631106363 0.381621371181
23.987024796 0.381274241486
24.010986719 0.380926735176
24.0349965488 0.38057885178
24.0590544293 0.380230590829
24.083160505 0.379881951851
24.107314921 0.379532934376
24.131517823 0.379183537933
24.1557693572 0.378833762051
24.1800696704 0.37848360626
24.2044189102 0.378133070089
24.2257649673 0.37782603536
24.2502063426 0.377474784724
24.2746970716 0.377123152352
24.299237304 0.376771137773
24.3207509506 0.376462808014
24.3453844067 0.376110075546
24.3700678002 0.375756959515
24.3917070668 0.375447664927
24.4164845023 0.375093828464
24.4413123142 0.374739607084
24.4630783054 0.374429344254
24.4880009872 0.374074399899
24.5098502257 0.373763503775
24.5348683228 0.373407834786
24.5568012874 0.373096303915
24.5819153491 0.372739908635
24.6039325226 0.372427741566
24.6259891591 0.372115277117
24.651244971 0.371757813616
24.6733865308 0.37144471084
24.6987396806 0.371086516956
24.7209666555 0.3707727744
24.7432336598 0.370458732792
24.7655408016 0.370144391816
24.7910837406 0.369784781173
24.8134772591 0.369469797612
24.8359112582 0.369154513689
24.8583858478 0.368838929089
24.8809011383 0.368523043496
24.9034572404 0.368206856593
24.9292855401 0.367845133839
24.9519294715 0.367528300192
24.9746145652 0.367211164244
24.9973409337 0.366893725678
25.0201086897 0.366575984179
25.0429179465 0.366257939432
25.0657688178 0.365939591119
25.0886614176 0.365620938927
25.1115958605 0.36530198254
25.131287555 0.365028346081
25.1543000106 0.364708823939
25.1773546387 0.364388996701
25.2004515553 0.364068864052
25.223590877 0.363748425678
25.2467727209 0.363427681262
25.2699972042 0.363106630491
25.2899381344 0.362831197236
25.3132421173 0.362509576699
25.3365890776 0.362187648908
25.3566352551 0.361911463251
25.3800623457 0.361588964026
25.403532755 0.361266156649
25.4236850159 0.36098921639
25.4472361929 0.360665835912
25.4708310336 0.360342146386
25.4910902229 0.360064449328
25.5147664754 0.359740185035
25.5350956254 0.359461994886
25.5588537121 0.359137154747
25.5792531858 0.358858470581
25.603093532 0.358533053515
25.6235636954 0.358253874405
25.6474867294 0.357927879334
25.6680279507 0.357648204355
25.6920341036 0.357321630201
25.7126467539 0.35704145843
25.7367364599 0.356714304116
25.7574209126 0.35643363463
25.7781386311 0.356152735127
25.8023512401 0.355824730959
25.8231413116 0.355543332393
25.8439649043 0.355261703188
25.8683013599 0.354932846873
25.8891978618 0.354650717262
25.9101281429 0.354368356391
25.9310922854 0.354085764065
25.9555931505 0.35375578302
25.9766309426 0.353472688523
25.9977028576 0.353189361952
26.0188089785 0.352905803112
26.0399493887 0.352622011808
26.0611241721 0.352337987845
26.0858714392 0.352006334953
26.1071209868 0.351721806216
26.1284051742 0.351437044203
26.1497240863 0.351152048722
26.1710778082 0.350866819578
26.1924664253 0.350581356577
26.2138900232 0.350295659526
26.2353486879 0.35000972823
26.2568425056 0.349723562497
