11.1388525581 0.32164359072
11.5669375023 0.319077344133
11.9920637961 0.31654909731
12.4134308679 0.314062975157
12.8306910001 0.311620326026
13.2440328203 0.309219346359
13.649910139 0.306879727627
14.0536414424 0.304570041412
14.452583488 0.30230482976
14.8386940313 0.300128520467
15.2242542075 0.297970947258
15.6018561957 0.295872941885
15.9747391513 0.293815652728
16.3408540767 0.291809622898
16.6980171109 0.289865841279
17.0507077987 0.28795910538
17.3902935165 0.286135071354
17.7289481932 0.284327544941
18.0581521433 0.282581405922
18.3839823047 0.280863721392
18.6972441966 0.279222138678
19.0044588365 0.27762156429
19.3044954545 0.276067243328
19.6051484375 0.274518458309
19.8875637798 0.273071537975
20.1781979032 0.271590471826
20.4481216423 0.27022214101
20.7153194797 0.268874418652
20.9792922293 0.267549563991
21.2395240169 0.266249875005
21.4954837842 0.264977681102
21.7356049111 0.263789736558
21.9811253729 0.262580586606
22.2092040317 0.26146230119
22.4420418868 0.260325593648
22.6678034408 0.259228151443
22.8859127144 0.25817230157
23.0957954625 0.257160336153
23.3095437295 0.256133809635
23.5143675116 0.255153987793
23.7096908796 0.25422310507
23.9082691078 0.253280191604
24.1101850263 0.252325015566
24.2879868556 0.251486895779
24.4823815351 0.250573746225
24.6515304034 0.249781884477
24.837392506 0.248914665823
25.0114723 0.248105153385
25.1732147621 0.247355372066
25.3370504124 0.246598197467
25.5030206633 0.245833520941
25.671168 0.245061231915
25.8259781999 0.24435234474
25.9826562331 0.243636992451
26.1253161726 0.242987464942
26.2856381047 0.242259589012
26.43163436 0.24159864994
26.5627944924 0.241006413207
26.7118763363 0.24033501596
26.8458221611 0.239733379831
26.9811098834 0.239127245169
27.1177600766 0.238516561926
27.2557937227 0.23790127941
27.3777496245 0.23735898394
27.5007947215 0.236813097961
27.6249439259 0.236263586028
27.7502124118 0.235710412305
27.8766156221 0.235153540558
28.0041692746 0.234592934145
28.1144536615 0.234109304688
28.2256043083 0.233622885234
28.3563610924 0.233051958678
28.4694252498 0.232559408816
28.5643590598 0.23214664562
28.6790808131 0.231648823775
28.7947226876 0.231148089586
28.8918270786 0.230728459613
29.0091847807 0.230222322926
29.1077341976 0.229798159768
29.2069510694 0.229371913275
29.3268743576 0.228857764982
29.4275847376 0.228426878804
29.5289850996 0.227993860172
29.6106333532 0.227645787313
29.7132935014 0.227208893132
29.8166641683 0.226769822375
29.8999021725 0.226416882628
30.0045703297 0.225973855844
30.0888553391 0.225617734557
30.1948459909 0.225170699046
30.2801983031 0.22481135353
30.3660313817 0.224450562244
30.4739774801 0.223997642836
30.5609080762 0.223633564568
30.6483331248 0.223268012275
30.7362569397 0.222900977135
30.8246838816 0.222532450272
30.9136183598 0.222162422754
30.9806799481 0.221883808196
31.0705129429 0.221511134835
31.1608658649 0.221136935929
31.2517433106 0.220761202343
31.320271717 0.220478293325
31.412077909 0.220099853652
31.4813075165 0.219814907903
31.5740570117 0.219433733516
31.643998884 0.219146729276
31.7377065291 0.21876279124
31.8083719482 0.218473706531
31.8793507686 0.218183724286
31.9744533607 0.217795788218
32.0461722457 0.217503693668
32.1182117257 0.217210687778
32.1905740021 0.216916766354
32.2632612947 0.216621925183
32.3606621744 0.2162274666
32.4341169714 0.215930461151
32.5079043143 0.215632521828
32.5820265075 0.215333644338
32.6564858756 0.215033824372
32.7312847634 0.214733057601
32.781363332 0.214531926524
32.8567330078 0.214229573585
32.9324485654 0.213926262167
33.0085124266 0.213621987871
33.0849270344 0.213316746278
33.1616948542 0.213010532947
33.2130917335 0.212805765537
33.2904534758 0.212497924045
33.3681751194 0.212189098847
33.4202107236 0.211982587423
33.4985375923 0.21167211391
33.5772312141 0.211360644577
33.6299177929 0.2111523673
33.709228216 0.21083922926
33.7623279015 0.210629837563
33.8422625084 0.210315017931
33.922575365 0.209999182467
33.9763465677 0.209787988885
34.030287485 0.209576342128
34.1114930604 0.209258120267
34.1658622542 0.209045332751
34.2477148475 0.208725390056
34.3025175289 0.208511452879
34.3850249886 0.208189776072
34.4402664488 0.20797468027
34.4956847878 0.207759119046
34.5791223589 0.20743499251
34.6349870277 0.207218259978
34.691031636 0.207001056895
34.7472570723 0.206783381778
34.8319139575 0.206456066854
34.8885956786 0.206237203922
34.9454613741 0.206017863762
35.0025119572 0.205798044875
35.0884153529 0.205467496976
35.1459324599 0.20524647355
35.2036376908 0.205024966138
35.2615319847 0.204802973219
35.3196162869 0.204580493273
35.3778915483 0.204357524772
35.4363587262 0.204134066185
35.4950187837 0.203910115977
35.5833535133 0.203573338373
35.6425002594 0.203348151393
35.7018433008 0.203122467402
35.7613836288 0.202896284845
35.8211222411 0.202669602163
35.8810601419 0.202442417792
35.941198342 0.202214730163
36.0015378584 0.201986537704
36.0620797153 0.201757838835
36.1228249431 0.201528631976
36.1837745791 0.20129891554
36.2143432292 0.201183802287
36.2756012418 0.200953319308
36.3370662894 0.20072232275
36.3987394334 0.200490811009
36.4606217422 0.200258782478
36.5227142914 0.200026235546
36.5850181638 0.199793168593
36.6475344493 0.199559579999
36.7102642453 0.199325468136
36.7417247449 0.199208158844
36.8047767117 0.19897325971
36.8680449673 0.198737833206
36.931530635 0.198501877689
36.9952348458 0.198265391509
37.0271836228 0.198146895651
37.0912176302 0.197909611013
37.1554730443 0.197671791559
37.219951023 0.197433435621
37.2522875825 0.197314005201
37.3171014514 0.197074842
37.3821408172 0.196835138118
37.4474068661 0.196594891871
37.4801384335 0.196474516435
37.5457466121 0.196233454032
37.611584477 0.195991845022
37.6446026703 0.19587078828
37.710787215 0.195628356703
37.7772045015 0.195385374246
37.8105131616 0.195263630766
37.8772817567 0.195019819283
37.9442862022 0.194775452616
37.9778892358 0.194653016932
38.0452496993 0.194407814735
38.1128491764 0.194162053015
38.1467505571 0.194038919627
38.2147108441 0.193792315825
38.2487931202 0.193668761345
38.3171171339 0.193421311501
38.3856853397 0.193173295126
38.4200724663 0.193049034056
38.4890093267 0.192800165011
38.5235813083 0.192675477476
38.5928898231 0.192425751755
38.6276481738 0.192300635724
38.6973313749 0.192050049305
38.7322776248 0.191924502738
38.8023385763 0.191673051581
38.8726531431 0.191421021422
38.9079160704 0.191294752478
38.978613566 0.191041850817
39.01406855 0.190915145865
39.0851521271 0.190661368616
39.120800758 0.190534225588
39.1565142301 0.190406936317
39.2281174889 0.190151985463
39.2640267564 0.190024255337
39.3360235886 0.189768419285
39.3721302818 0.189640246216
39.4445239558 0.189383520819
39.4808297225 0.189254902711
39.5536235425 0.188997283806
39.5901300484 0.188868218554
39.6267037838 0.188739004
39.7000362837 0.188480187452
39.736813009 0.188350522929
39.8105535079 0.188090803083
39.8475349313 0.187960686468
39.884584917 0.187830418883
39.958874705 0.187569488262
39.9961316971 0.187438765734
40.0708375413 0.187176921927
40.1083032923 0.187045742312
40.1458389725 0.186914410046
40.2211049912 0.186651342202
40.2588517984 0.186519549973
40.2966693318 0.186387604123
40.3725018736 0.186123304603
40.4105329372 0.185990895899
40.4486355357 0.185858332601
40.5250410445 0.185592793723
40.5633596121 0.185459764664
40.6017505354 0.185326580034
40.6787355518 0.185059794073
40.7173449196 0.184926140762
40.7560274761 0.184792330895
40.8335986396 0.184524290085
40.8725021532 0.184390008601
40.9114797008 0.184255569574
40.9505314962 0.184120972756
41.028844807 0.183851352509
41.0681207545 0.183716280378
41.1074718111 0.183581049463
41.1468981943 0.183445659513
41.2259643881 0.183174447531
41.2656181792 0.183038578549
41.3053481747 0.182902549533
41.3451545964 0.182766360231
41.4249846144 0.182493544137
41.465021762 0.18235687206
41.5051362301 0.182220038692
41.5453282447 0.182083043779
41.6259332395 0.181808611112
41.6663593619 0.181671129659
41.7068639424 0.181533485649
41.7474472114 0.181395678828
41.7881094002 0.181257708941
41.8696593756 0.180981319893
41.9105598173 0.180842858914
41.9515401114 0.180704233849
41.9926004937 0.180565444442
42.0337412008 0.180426490438
42.1162529142 0.180148126796
42.1576361164 0.180008677112
42.1991005981 0.179869061804
42.2406466003 0.179729280612
42.2822743652 0.179589333279
42.3239841359 0.179449219546
42.4076395717 0.179168529058
42.4495969139 0.179027914251
42.4916372429 0.178887132009
42.5337608064 0.178746182071
42.5759678533 0.178605064178
42.6182586335 0.178463778068
42.6606333977 0.17832232348
42.7030923976 0.178180700152
42.7882536686 0.177896981012
42.8309669752 0.177754849605
42.8737655338 0.177612548412
42.916649601 0.177470077171
42.9596194347 0.17732743562
43.0069846107 0.177170336238
43.0544542389 0.177013030052
43.1020286665 0.176855516711
43.149708242 0.176697795863
43.1974933156 0.176539867159
43.2453842392 0.176381730245
43.2890144726 0.17623778554
43.3371084493 0.176079250181
43.385309308 0.175920505586
43.4336174067 0.175761551401
43.4776280764 0.175616862616
43.5261418991 0.175457507346
43.5703401778 0.175312453395
43.6190610458 0.175152695745
43.66344814 0.175007275448
43.7123773859 0.174847114121
43.7569545124 0.174701326298
43.80609348 0.174540759994
43.8508618659 0.17439460346
43.9002119107 0.174233630876
43.9451727937 0.174087104444
43.990225777 0.173940401464
44.035371145 0.173793521665
44.0851372375 0.173631752122
44.1304775496 0.1734845001
44.1759111349 0.17333707042
44.2214382824 0.173189462811
44.2670592823 0.173041677
44.3127744261 0.172893712717
44.3585840063 0.172745569688
44.4044883167 0.172597247642
44.4504876524 0.172448746306
44.4965823096 0.172300065407
44.5427725858 0.172151204671
44.5890587796 0.172002163826
44.6307994021 0.171867870302
44.6772686614 0.171718486512
44.7238347115 0.171568921818
44.770497856 0.171419175945
44.8125787236 0.171284247056
44.8594271832 0.171134156204
44.9063736245 0.170983883375
44.948710206 0.170848479597
44.9958436588 0.170697860271
45.0430759917 0.170547058167
45.0856706319 0.170411177411
45.1330916932 0.170260027287
45.1758566898 0.170123832898
45.223467616 0.169972333755
45.2664039959 0.169835824831
45.3094219157 0.169699166612
45.3573147307 0.169547151306
45.4005055622 0.169410177221
45.4437786619 0.169273053208
45.4919558827 0.16912051956
45.5354034406 0.168983078347
45.5789340036 0.168845486574
45.6225478105 0.168707744037
45.6662451009 0.16856985053
45.7148950998 0.168416460581
45.7587694291 0.168278247676
45.8027279932 0.168139883167
45.8467710356 0.16800136685
45.8908988008 0.167862698519
45.9351115339 0.16772387797
45.9794094813 0.167584904998
46.02379289 0.167445779397
46.0682620083 0.167306500963
46.1128170852 0.167167069489
46.1574583708 0.167027484771
46.1972127914 0.166903278456
46.2420175969 0.166763403728
46.2869093389 0.166623375161
46.3318882713 0.166483192548
46.3769546487 0.166342855683
46.4170879495 0.166217980022
46.4623201957 0.166077351242
46.5076406286 0.165936567614
46.5480003694 0.165811294372
46.59348808 0.165670217701
46.6390647275 0.165528985583
46.6796528346 0.165403313222
46.7253981846 0.165261786931
46.7661366589 0.165135852781
46.8120516517 0.164994031576
46.8529413322 0.164867834978
46.8990269153 0.164725718117
46.9400686473 0.164599258411
46.9863257749 0.164456845152
47.0275204101 0.164330121678
47.0687872942 0.164203273855
47.1152984398 0.164060423375
47.1567194909 0.163933310811
47.1982133889 0.16380607344
47.2449806547 0.163662784128
47.2866299975 0.163535281042
47.3283527918 0.163407652691
47.3753783031 0.163263922936
47.417257834 0.163136027894
47.4592114278 0.163008007127
47.5012392815 0.162879860488
47.543341593 0.162751587829
47.5855185606 0.162623189003
47.6277703835 0.162494663864
47.6753927622 0.162349923876
47.7178043207 0.162221129817
47.7602913613 0.162092208982
47.8028540862 0.161963161224
47.845492698 0.161833986396
47.8882074004 0.16170468435
47.9309983975 0.161575254938
47.9685038885 0.161461897728
48.0114384879 0.161332229118
48.0544499732 0.161202432717
48.0975385516 0.161072508378
48.140704431 0.16094245595
48.1839478197 0.160812275288
48.2272689273 0.160681966242
48.2652394134 0.160567838599
48.3087068071 0.160437288446
48.3522525255 0.160306609484
48.3958767808 0.160175801563
48.4341131819 0.160061236978
48.4778852655 0.159930186872
48.5217365006 0.159799007383
48.5601720052 0.159684117356
48.6041722267 0.159552694881
48.6482522205 0.159421142594
48.6868883908 0.159305926051
48.7311185412 0.159174129978
48.7698864288 0.159058699913
48.8142675056 0.158926659531
48.8531677864 0.158811015487
48.8977005647 0.158678730272
48.9367339191 0.158562871791
48.9814191793 0.158430341221
49.0205862926 0.158314267845
49.0654248202 0.158181491395
49.1047263823 0.158065202666
49.1497189684 0.157932179814
49.1891556739 0.157815675272
49.228655684 0.157699069866
49.2738756632 0.157565684682
49.3135118441 0.157448862791
49.3532118114 0.157331939723
49.3986609146 0.157198191079
49.4384980905 0.157081050853
49.4783995396 0.156963809134
49.5183654179 0.156846465823
49.5641192211 0.156712236354
49.6042236921 0.156594674998
49.6443930856 0.156477011736
49.6846275596 0.156359246467
49.7249272726 0.156241379091
49.7652923836 0.156123409509
49.8115036608 0.155988463491
49.8520094514 0.155870274548
49.8925811432 0.155751983085
49.9332188975 0.155633589
49.9739228759 0.155515092195
50.0146932408 0.155396492568
50.0555301549 0.155277790021
50.0964337815 0.155158984453
50.1374042844 0.155040075765
50.178441828 0.154921063855
50.2195465773 0.154801948624
50.2607186976 0.154682729973
50.3019583549 0.154563407801
50.3432657159 0.154443982009
50.3846409474 0.154324452496
50.4201601003 0.154221914492
50.46166182 0.154102192098
50.5032318908 0.153982365698
50.5448704818 0.153862435192
50.5865777629 0.15374240048
50.6283539043 0.153622261463
50.6642174693 0.153519200611
50.7061219456 0.153398867626
50.748095772 0.15327843005
50.790139121 0.153157887783
50.8262322401 0.153054481015
50.8684051597 0.152933744065
50.910648098 0.15281290214
50.9469126825 0.152709238318
50.989286117 0.152588201181
51.0317300709 0.152467058782
51.0681673473 0.152363137209
51.1107427318 0.152241799069
51.1533891412 0.152120355384
51.1900003477 0.15201617536
51.2327791311 0.151894535405
51.2695040609 0.151790187018
51.3124158362 0.15166835045
51.3492550208 0.151563833405
51.3923004099 0.15144179988
51.429254384 0.151337113882
51.4724340126 0.151214883057
51.5095033142 0.151110027812
51.5528178119 0.150987599345
51.5900029824 0.15088257456
51.6334529828 0.150759948107
51.670754567 0.150654753487
51.7081100641 0.150549480387
51.7517592537 0.15042656396
51.7892319669 0.150321120596
51.8330182355 0.150198005341
51.870608718 0.15009239142
51.9082537421 0.149986698686
51.9522415217 0.149863292226
51.9900051298 0.149757428506
52.0278236574 0.149651485776
52.0656972243 0.149545463971
52.1099522776 0.149421673238
52.1479455123 0.149315479886
52.1859941688 0.149209207264
52.2240983686 0.149102855308
52.2686231414 0.148978679041
52.3068481058 0.148872154976
52.3451290005 0.148765551382
52.3834659487 0.148658868195
52.4218590735 0.148552105354
52.4667217395 0.148427449281
52.5052370076 0.148320513636
52.5438088454 0.148213498141
52.5824373778 0.148106402733
52.62112273 0.147999227351
52.6598650275 0.147891971933
52.6986643964 0.147784636417
52.7375209629 0.147677220741
52.7764348538 0.147569724844
52.8154061962 0.147462148663
52.8544351175 0.147354492137
52.8935217455 0.147246755205
52.9326662084 0.147138937804
52.9718686349 0.147031039873
53.0111291539 0.146923061351
53.0504478947 0.146815002176
53.0898249871 0.146706862286
53.1292605612 0.146598641621
53.1687547475 0.146490340119
53.2083076769 0.146381957718
53.2479194806 0.146273494357
53.2875902903 0.146164949975
53.3273202382 0.146056324512
53.3604742322 0.145965740125
53.4003129423 0.145856965858
