0.60090338597 0.938874033425
0.635497004193 0.937638895619
0.671251753865 0.936364008118
0.708121499907 0.935051179143
0.746363917791 0.933691417831
0.785744061524 0.932293269592
0.826654014143 0.930843024369
0.86850839223 0.929361634201
0.911786331505 0.92783233779
0.956258835857 0.926263451098
1.00162231036 0.924665866127
1.04863314742 0.923013172589
1.09713150681 0.921311279881
1.14621516429 0.919592043071
1.19690531661 0.917819903488
1.2490291128 0.91600120464
1.30235806476 0.914144185325
1.35660134413 0.91225918941
1.41243693744 0.910322919023
1.46968521772 0.908341926327
1.52811521358 0.906324487352
1.58743909579 0.90428076881
1.64872018149 0.902174463191
1.71034336578 0.900061346499
1.77347179076 0.897901745863
1.83791606562 0.895702475257
1.90344191071 0.893471817288
1.96936266206 0.891233321282
2.03698531374 0.888942860437
2.10594926592 0.886613030779
2.17579775454 0.884259542725
2.24675493574 0.881875094879
2.31885299399 0.87945889454
2.39215301171 0.877009199672
2.46643398961 0.874533682026
2.54143661072 0.872041204298
2.6179301446 0.869506497545
2.69500787733 0.866959884681
2.77315588879 0.864385524792
2.85215693291 0.861790834079
2.93220781968 0.859169607109
3.01309830572 0.856528986392
3.09508545839 0.85386084717
3.17745141954 0.851188749303
3.26099786775 0.848486896989
3.34497662665 0.845779706836
3.43033101076 0.843037022019
3.5156486614 0.840304405766
3.60194031306 0.837549603128
3.6890310813 0.834778446156
3.77672371496 0.831997402297
3.86557474627 0.829189070777
3.95463495315 0.826383640549
4.0436381857 0.823589487664
4.13407055557 0.820760144808
4.22492264452 0.817927457857
4.31597801204 0.815098242117
4.40800996858 0.812248626564
4.49983508868 0.809415344189
4.59227362185 0.806573117051
4.685161428 0.8037271292
4.77831856969 0.800882974916
4.87278357245 0.798009168095
4.96592270308 0.795185793008
5.061358294 0.792303165466
5.15499902919 0.789484908553
5.25073495592 0.786613957088
5.34563116166 0.783778490701
5.44093889571 0.780941015375
5.5365159092 0.778105839052
5.63220867303 0.775277540824
5.72785226776 0.772460968365
5.82327036489 0.769661232938
5.92009744062 0.766830528737
6.01643095116 0.764024585257
6.11206270572 0.761249237618
6.20877764669 0.758452707962
6.30446512966 0.755695997786
6.40101601829 0.752924568897
6.49617730302 0.750202973363
6.59194952458 0.747473837759
6.68826016718 0.744739371283
6.78503122484 0.742001907857
6.87971674995 0.739333179558
6.97708181269 0.736598937474
7.0720360389 0.733942137154
7.16693771042 0.73129638203
7.26167717367 0.72866466224
7.3589543987 0.725972301647
7.4530906813 0.723376345342
7.546703106 0.720804040672
7.64269655349 0.718175808377
7.73804789393 0.715574643849
7.83261629014 0.713004143417
7.92625575861 0.710467990831
8.01881545637 0.707969948769
8.11356202003 0.705421983324
8.20356828176 0.703009989984
8.2991737901 0.70045697972
8.3897063076 0.698047983555
8.482235386 0.695594421372
8.57300399997 0.693195920457
8.66573588257 0.690754081851
8.7565061407 0.688372227993
8.84919772972 0.685948433014
8.93971430884 0.68358974893
9.02786099968 0.681300614476
9.1177629345 0.67897379296
9.20506452169 0.676721878558
9.29405375001 0.674434118635
9.384780042 0.672109663662
9.4726261506 0.669866634614
9.56213205152 0.667588924042
9.64850161731 0.665398368429
9.73644536512 0.663175272901
9.82098834586 0.661045146425
9.90701209966 0.658884733379
9.99455588129 0.65669339485
10.0783754078 0.654602109302
10.1636124627 0.652482286236
10.2448423151 0.650468509762
10.3329301571 0.648291740076
10.4168996619 0.646223522015
10.4965121678 0.644268713209
10.5831720279 0.642147584352
10.6653558685 0.640142464764
10.7428209302 0.638258206296
10.8275124338 0.636204517972
10.9073593237 0.63427435914
10.9883923918 0.632321513413
11.064268516 0.630498397898
11.147658248 0.628500811373
11.2257571984 0.626635704292
11.3049579624 0.624749936826
11.3785471727 0.623002866684
11.4599259642 0.62107655338
11.5355528713 0.619291732566
11.6121843786 0.617488434564
11.6898406415 0.615666378641
11.768542358 0.613825278569
11.8410150293 0.612134766641
11.9143856521 0.610428051522
11.988671023 0.608704905793
12.0638883603 0.606965097934
12.1400553167 0.605208392243
12.2094330476 0.603612697564
12.2874545268 0.601823221401
12.3585317981 0.600197633667
12.4304359942 0.598557601335
12.5031816339 0.596902937163
12.5685634575 0.595419672965
12.6429393142 0.593736849176
12.7097945647 0.592228245638
12.7773604856 0.590707500118
12.8542351356 0.58898198615
12.9233493781 0.587434964099
12.9844374534 0.586070979492
13.0549624893 0.584500223157
13.1262576872 0.582916592553
13.1892833782 0.581520220129
13.2529170986 0.580113769979
13.3263964988 0.578493939143
13.3913631479 0.577065537049
13.4569662072 0.575626721337
13.5232150763 0.57417738219
13.5805217993 0.572926616025
13.6479955995 0.571457437207
13.7161431069 0.569977413099
13.7750998412 0.56870008665
13.8445255785 0.56719961373
13.9045933393 0.565904586107
13.9651845019 0.564601269772
14.0263059393 0.563289588347
14.0879646453 0.561969464577
14.150167737 0.560640820321
14.212922458 0.559303576539
14.2762361809 0.557957653281
14.3294307793 0.556829346468
14.3937889203 0.555467300293
14.4478646223 0.55432544302
14.5132932463 0.552946996308
14.5682721333 0.551791354765
14.6236690552 0.5506293691
14.6907030767 0.549226559376
14.7470366384 0.548050440421
14.8038038154 0.54686781624
14.861009635 0.545678635463
14.9186592025 0.544482846221
14.9651026385 0.543521404974
15.0235640656 0.542313588368
15.0824839638 0.541099015381
15.1418677487 0.539877632213
15.1897132434 0.538895569984
15.2499459404 0.537661791412
15.2984778327 0.536669741885
15.3595777812 0.535423388808
15.4088109539 0.534421207442
15.458360693 0.533414476071
15.5207467941 0.532149637343
15.5710200798 0.531132560866
15.6216200367 0.530110838399
15.6725498602 0.52908443992
15.7238127876 0.528053335171
15.7754120989 0.527017493664
15.8273511169 0.525976884673
15.8796332085 0.524931477232
15.9322617851 0.523881240138
15.9852403038 0.522826141944
16.0385722673 0.521766150962
16.0788061577 0.520967911061
16.1327652134 0.519899280876
16.1870875915 0.518825669483
16.2280708339 0.518017156343
16.2830379114 0.516934749357
16.3245089688 0.516119602012
16.3801322948 0.515028298173
16.4220999324 0.514206440158
16.4783913333 0.513106136833
16.5208645277 0.512277490644
16.5778361156 0.511168083813
16.6208240607 0.5103325709
16.6640354793 0.509494090881
16.7074721194 0.50865262905
16.7657400504 0.507526035086
16.809709116 0.506677557823
16.8539093625 0.505826049108
16.8983426188 0.504971493862
16.9430107329 0.504113876921
16.9879155726 0.503253183032
17.0330590254 0.502389396858
17.078442999 0.50152250297
17.1240694213 0.500652485856
17.1699402411 0.499779329911
17.216057428 0.498903019444
17.2624229727 0.498023538673
17.2934732052 0.497435432011
17.3402571553 0.496550632249
17.387294878 0.495662619657
17.4345884445 0.494771378123
17.4821399484 0.493876891442
17.5139861589 0.49327873985
17.5619722668 0.492378808488
17.6102220081 0.491475588319
17.6425368852 0.490871590479
17.6912308636 0.489962852307
17.7238439306 0.489355160671
17.7729883117 0.48844085811
17.8059037172 0.487829441602
17.8555047811 0.48690952783
17.8887267511 0.486294355084
17.9387908952 0.485368782845
17.9723237348 0.484749822203
18.0228574764 0.4838185438
18.0567055713 0.48319576331
18.0906810112 0.482571445949
18.1418833698 0.481632098021
18.176180345 0.481003915581
18.2106072105 0.480374178058
18.2624915481 0.479426665027
18.2972463967 0.478793016612
18.3321337491 0.478157794668
18.384713786 0.477202019726
18.4199357426 0.476562840489
18.4552928872 0.475922069041
18.4907859999 0.475279700002
18.5264158671 0.47463572797
18.5621832808 0.473990147524
18.6160929981 0.473018768104
18.6522077929 0.472369142616
18.6884629558 0.47171788959
18.7248593072 0.47106500352
18.7613976738 0.470410478877
18.7980788888 0.469754310113
18.8349037918 0.469096491662
18.8718732291 0.468437017936
18.9089880538 0.467775883329
18.9462491253 0.467113082214
18.9836573103 0.466448608945
19.0212134819 0.465782457857
19.0589185204 0.465114623263
19.0967733131 0.464445099457
19.1347787541 0.463773880716
19.1729357449 0.463100961292
19.1920722947 0.462763845478
19.2362291783 0.461986899306
19.2709291141 0.461377264782
19.3076927711 0.460732250893
19.3426511976 0.460119745981
19.3777364219 0.459505838159
19.4129491355 0.458890523144
19.4482900349 0.458273796642
19.4837598214 0.457655654345
19.5173781442 0.457070547697
19.5531005716 0.456449640101
19.5869587734 0.455861914061
19.6209344153 0.455272910141
19.6570372099 0.454647863736
19.6912565738 0.454056217265
19.7235721263 0.453498194224
19.7580236948 0.452904041855
19.792595808 0.452308593088
19.8272891 0.451711844189
19.8600529748 0.451149005489
19.8929252915 0.450585008693
19.9279714504 0.449984491391
19.9610691372 0.449418096084
19.9942769296 0.448850533041
20.027595378 0.448281799098
20.058932513 0.447747543111
20.0924669374 0.447176531528
20.1261136566 0.446604339703
20.1577600415 0.446066833485
20.1916259429 0.445492345852
20.2234788141 0.444952681695
20.2554323242 0.444411969316
20.2874869513 0.443870206055
20.3217904489 0.443291165616
20.3519014827 0.44278351622
20.3842623581 0.442238584295
20.4167262926 0.441692590788
20.4492937793 0.44114553301
20.4797840618 0.440633981544
20.5125531595 0.440084858533
20.543232485 0.439571374823
20.5762050723 0.439020176457
20.6070752051 0.438504751032
20.6380380893 0.437988384831
20.6690941438 0.437471075635
20.70024379 0.436952821216
20.7314874517 0.436433619343
20.7628255555 0.435913467782
20.7942585302 0.435392364292
20.8235317142 0.434907626561
20.8551488751 0.434384680879
20.8845938397 0.433898228676
20.916396811 0.433373432421
20.9460150734 0.43288525795
20.9780054984 0.432358602707
21.0077985936 0.431868698139
21.0376764202 0.431377957767
21.0676393401 0.430886379765
21.0976877176 0.430393962305
21.127821919 0.429900703556
21.1580423126 0.429406601682
21.1883492689 0.428911654844
21.2164021694 0.428454027723
21.2468766409 0.427957450789
21.2774387702 0.4274600235
21.3057281908 0.42700010197
21.3364599592 0.426501034188
21.3649066206 0.426039595212
21.3934292236 0.425577425612
21.4244146623 0.425075917293
21.4530964578 0.424612220838
21.4818551393 0.424147789233
21.5106910166 0.423682621004
21.539604401 0.423216714678
21.5685956057 0.422750068775
21.5976649452 0.422282681817
21.626812736 0.421814552322
21.6560392962 0.421345678805
21.6828998736 0.420915221705
21.7122783035 0.420444918001
21.7417364407 0.419973865934
21.7688101233 0.419541408043
21.7984219418 0.41906891745
21.8256370493 0.418635138411
21.8529201867 0.41820072574
21.8827613991 0.417726098557
21.9101876085 0.41729035727
21.9376826416 0.416853978774
21.965246758 0.416416961905
21.9928802184 0.415979305503
22.0231051108 0.415501132909
22.0508844124 0.415062135525
22.0761992916 0.414662487443
22.1041127626 0.414222261249
22.1320969014 0.413781389688
22.1601519768 0.413339871586
22.1882782592 0.412897705772
22.2139097179 0.41249517236
22.2421726952 0.412051766753
22.2705076731 0.411607710015
22.2963295457 0.411203454639
22.3248027452 0.410758151568
22.3507507327 0.410352761227
22.379363168 0.409906207521
22.4054381968 0.409499678298
22.4315740496 0.409092605376
22.460393898 0.408644197614
22.4866581766 0.408235980012
22.5129839431 0.407827215947
22.5393714139 0.407417904524
22.5658208061 0.407008044848
22.5923323381 0.406597636025
22.6189062292 0.406186677158
22.6455426998 0.405775167349
22.6722419712 0.4053631057
22.6990042659 0.404950491314
22.7258298074 0.404537323289
22.7527188202 0.404123600726
22.7769734757 0.403750774167
22.803983706 0.403335995506
22.8310580648 0.402920659691
22.8554800948 0.402546378992
22.8826769284 0.402129982102
22.9099385569 0.401713025434
22.9345297005 0.401337283751
22.9619150785 0.400919261019
22.9866179751 0.400542558421
23.0113740732 0.400165399628
23.0389433609 0.399745799887
23.0638123401 0.39936767583
23.0887350586 0.398989093515
23.1164901154 0.398567909635
23.1415268582 0.398188357698
23.1666178857 0.397808345436
23.1917633746 0.397427872183
23.2169635025 0.397046937275
23.2422184479 0.396665540044
23.2675283897 0.396283679824
23.2928935079 0.395901355949
23.3183139831 0.39551856775
23.343789997 0.395135314559
23.3693217316 0.394751595709
23.3949093702 0.394367410532
23.4205530965 0.393982758356
23.4462530952 0.393597638515
23.4691450157 0.393254915327
23.4949518131 0.392868910295
23.5208154211 0.392482435661
23.5438532243 0.392138506611
23.5698246538 0.391751143127
23.5958534388 0.391363308102
23.6190385241 0.39101816821
23.6451761666 0.39062944067
23.6684583169 0.39028350638
23.6947055014 0.389893883926
23.7180853277 0.389547153106
23.7444427445 0.389156633337
23.7679208629 0.388809103849
23.791445451 0.388461197783
23.8179662402 0.388069354071
23.841590036 0.387720646194
23.8652607349 0.387371560259
23.8889784769 0.387022095791
23.9127434023 0.386672252315
23.9395354299 0.386278226075
23.9634010894 0.385927575626
23.9873143747 0.385576544688
24.0112754287 0.385225132785
24.0352843947 0.384873339443
24.0593414164 0.384521164187
24.0834466386 0.384168606541
24.107600206 0.38381566603
24.1318022645 0.38346234218
24.1560529602 0.383108634513
24.18035244 0.382754542556
24.2047008511 0.382400065833
24.2260460492 0.382089581492
24.2504866057 0.381734382055
24.2749765208 0.381378796484
24.299515944 0.381022824303
24.321028751 0.380711029951
24.3456614075 0.380354331599
24.370344006 0.379997245267
24.3919824474 0.379684474931
24.4167590972 0.379326659862
24.441586128 0.378968455444
24.4633513079 0.378654705679
24.4882732178 0.378295769956
24.5101216542 0.377981379579
24.5351389883 0.377621710876
24.5570711599 0.377306678421
24.5821844674 0.376946275063
24.6042008567 0.376630599065
24.6262567136 0.376314622248
24.6515117843 0.375953138368
24.6736525732 0.375636515858
24.6990049904 0.375274293192
24.721231203 0.374957023522
24.7434974491 0.374639451347
24.765803837 0.374321576347
24.7913460602 0.373957920617
24.8137388332 0.373639395625
24.8361720909 0.373320566804
24.8586459433 0.373001433836
24.8811605007 0.372681996403
24.9037158738 0.372362254184
24.9295434819 0.371996462051
24.9521866923 0.371676065641
24.9748710689 0.371355363443
24.9975967242 0.37103435514
25.0203637711 0.370713040412
25.0431723226 0.370391418941
25.0660224925 0.370069490407
25.0889143948 0.369747254494
25.1118481439 0.369424710881
25.1315391156 0.369147998677
25.1545508851 0.368824882785
25.1776048308 0.368501458284
25.2007010688 0.368177724857
25.2238397156 0.367853682186
25.2470208881 0.367529329952
25.2702447037 0.367204667838
25.2901849374 0.366926138081
25.31348826 0.366600899638
25.3368345634 0.366275350407
25.3568800553 0.365996059559
25.3803064962 0.365669932314
25.4037762592 0.365343493375
25.4239278453 0.365063439215
25.447478383 0.364736420579
25.4710725878 0.364409089343
25.4913311128 0.364128269652
25.5150067363 0.363800357039
25.5353352287 0.363519038568
25.5590926931 0.363190543484
25.5794915162 0.362908725297
25.6033312468 0.362579646654
25.6238007662 0.362297327816
25.647723191 0.361967664524
25.668263775 0.361684844102
25.6922693252 0.361354595072
25.7128813447 0.361071272132
25.7369704544 0.360740436278
25.7576542828 0.36045660989
25.7783713801 0.36017255083
25.8025834023 0.359840855357
25.8233728589 0.359556291489
25.84419584 0.359271494321
25.868531718 0.358938936914
25.8894276143 0.35865363358
25.9103572931 0.358368096322
25.9313208362 0.358082324941
25.9558211358 0.357748629889
25.9768583346 0.357462350559
25.9979296593 0.357175836483
26.0190351929 0.356889087463
26.0401750188 0.356602103302
26.0613492208 0.356314883803
26.08609594 0.355979497714
26.107344912 0.355691767638
26.1286285267 0.355403801603
26.149946869 0.355115599412
26.171300024 0.35482716087
26.192688077 0.354538485781
26.2141111136 0.354249573948
26.2355692199 0.353960425178
26.2570624819 0.353671039273
