1 0.961560049277
2 0.924597728715
3 0.889056237922
4 0.85488096027
5 0.822019378594
6 0.790420994487
7 0.760037250696
8 0.730821456508
9 0.702728715999
10 0.67571585904
11 0.649741374962
12 0.624765348762
13 0.60074939977
14 0.577656622665
15 0.555451530765
16 0.534100001495
17 0.513569223951
18 0.493827648477
19 0.474844938183
20 0.456591922331
21 0.439040551503
22 0.422163854497
23 0.405935896887
24 0.390331741162
25 0.375327408408
26 0.360899841461
27 0.34702686947
28 0.333687173835
29 0.320860255437
30 0.308526403146
31 0.296666663524
32 0.285262811705
33 0.274297323384
34 0.26375334789
35 0.25361468229
36 0.243865746492
37 0.234491559303
38 0.225477715404
39 0.216810363217
40 0.208476183617
41 0.200462369468
42 0.192756605937
43 0.185347051573
44 0.178222320112
45 0.171371462974
46 0.164783952444
47 0.158449665492
48 0.152358868216
49 0.146502200885
50 0.140870663556
51 0.135455602242
52 0.130248695616
53 0.125241942222
54 0.12042764818
55 0.115798415362
56 0.111347130024
57 0.107066951873
58 0.102951303558
59 0.0989938605599
