50 0.724697810296
51 0.717557756265
52 0.710624668492
53 0.703888737622
54 0.697340793093
55 0.690972250626
56 0.684775064899
57 0.678741686808
58 0.672865024796
59 0.667138409805
60 0.661555563457
61 0.656110569106
62 0.650797845482
63 0.645612122637
64 0.640548419965
65 0.635602026095
66 0.630768480463
67 0.626043556403
68 0.621423245609
69 0.616903743842
70 0.612481437765
71 0.6081528928
72 0.603914841914
73 0.599764175259
74 0.595697930576
75 0.591713284313
76 0.587807543384
77 0.583978137516
78 0.580222612147
79 4.4761466252e-05
80 4.50274064905e-05
81 4.46339446746e-05
82 4.49264915867e-05
83 4.52346559255e-05
84 4.56829390009e-05
85 4.53182019462e-05
86 4.56784531912e-05
87 4.60562907925e-05
88 4.57085040986e-05
89 4.62417006018e-05
90 4.66709222772e-05
91 4.63326744546e-05
92 4.67924246465e-05
93 4.74042965078e-05
94 4.70855379654e-05
95 4.75914134795e-05
96 4.72766974546e-05
97 4.78158938709e-05
98 4.75103368659e-05
99 4.80727758761e-05
100 4.8812227352e-05
101 4.85133812849e-05
102 4.91371871245e-05
103 4.88467916941e-05
104 4.85547381498e-05
105 4.92096234521e-05
106 4.89312853284e-05
107 4.97786977753e-05
108 4.95015138908e-05
109 5.02258464148e-05
110 4.99504168538e-05
111 5.07063833867e-05
112 5.04383260881e-05
113 5.01736885893e-05
114 5.11469761569e-05
115 5.08825725376e-05
116 5.17179440291e-05
117 5.14544488917e-05
118 5.12001353389e-05
119 5.20769238178e-05
120 5.18171870072e-05
121 5.1566546241e-05
122 5.24869236062e-05
123 5.22365854738e-05
124 5.33997194036e-05
125 5.31547089072e-05
126 5.29063575346e-05
127 5.26669618538e-05
128 5.36786190552e-05
129 5.34327990612e-05
130 5.31959074121e-05
131 5.42533874441e-05
132 5.40223346089e-05
133 5.37875526533e-05
134 5.51238777924e-05
135 5.48938045869e-05
136 5.46598326221e-05
137 5.44346836523e-05
138 5.56014603531e-05
139 5.53753929387e-05
140 5.51516920509e-05
141 5.63756533729e-05
142 5.61508011221e-05
143 5.5928261631e-05
144 5.57079951996e-05
145 5.72555559683e-05
146 5.70328622033e-05
147 5.68190240194e-05
148 5.66007488175e-05
149 5.79655206262e-05
150 5.77455591703e-05
151 5.75344744836e-05
152 5.73187976041e-05
153 5.71118874855e-05
154 5.8541737427e-05
155 5.8333039221e-05
156 5.81196057628e-05
157 5.79149863424e-05
158 5.77123505848e-05
159 5.92130539278e-05
160 5.90084480121e-05
161 5.88058193853e-05
162 5.8605143228e-05
163 5.84250962796e-05
164 6.02921259513e-05
165 6.00902163861e-05
166 5.9890252744e-05
167 5.96922120267e-05
168 5.94960769937e-05
169 6.11844308958e-05
170 6.09930552544e-05
171 6.07964635248e-05
172 6.0601772925e-05
173 6.0408968042e-05
174 6.21923939778e-05
175 6.19971127149e-05
176 6.18109321984e-05
177 6.16194232563e-05
178 6.14297863074e-05
179 6.1249144669e-05
180 6.349185445e-05
181 6.33004272241e-05
182 6.31182601445e-05
183 6.29306049194e-05
184 6.27521407937e-05
185 6.25682172219e-05
186 6.23861480929e-05
187 6.44089399133e-05
188 6.42317348513e-05
189 6.40489162353e-05
190 6.38754274971e-05
191 6.36963560269e-05
192 6.35265591888e-05
193 6.33511974972e-05
194 6.54966990651e-05
195 6.53263475536e-05
196 6.51502724226e-05
197 6.49836617431e-05
198 6.48188939305e-05
199 6.46559756996e-05
200 6.44873771683e-05
201 6.719627947e-05
202 6.70318424721e-05
203 6.68693051709e-05
204 6.67008753471e-05
205 6.65421253651e-05
206 6.63852452228e-05
207 6.62302304295e-05
208 6.60770767198e-05
209 6.85453365847e-05
210 6.83899401463e-05
211 6.82364598422e-05
212 6.80769402829e-05
213 6.79272769888e-05
214 6.77794908775e-05
215 6.76335952581e-05
216 6.74895728983e-05
217 6.73474068993e-05
218 6.99880894749e-05
219 6.98439123834e-05
220 6.97016446229e-05
221 6.95612944731e-05
222 6.94228457194e-05
223 6.92943619267e-05
224 6.91596798227e-05
225 6.90268771537e-05
226 6.88959306877e-05
227 6.87668583056e-05
228 7.21213503798e-05
229 7.1989606201e-05
230 7.18597871405e-05
231 7.1731887774e-05
232 7.16142357016e-05
233 7.14901271861e-05
234 7.13679106429e-05
235 7.12475683601e-05
236 7.11290962782e-05
237 7.10207603293e-05
238 7.41289790258e-05
239 7.40109088635e-05
240 7.3894751955e-05
241 7.37890920868e-05
242 7.36767171726e-05
243 7.35662202992e-05
244 7.34575901762e-05
245 7.33593676403e-05
246 7.32544359912e-05
247 7.31513391739e-05
248 7.30585813843e-05
249 7.64333579443e-05
250 7.63310415824e-05
251 7.62394865509e-05
252 7.61409070031e-05
253 7.60441794402e-05
254 7.59581462842e-05
255 7.58650808561e-05
256 7.5773835998e-05
257 7.56932134913e-05
258 7.56055607256e-05
259 7.55284894972e-05
260 7.54443830827e-05
261 7.53620324883e-05
262 7.97190360489e-05
263 7.96355206953e-05
264 7.95631036485e-05
265 7.94832105118e-05
266 7.94143794277e-05
267 7.93380659678e-05
268 7.92727687964e-05
269 7.91999825324e-05
270 7.9128951495e-05
271 7.90688651004e-05
272 7.90012825601e-05
273 7.89446102109e-05
274 7.88804338721e-05
275 7.88271235783e-05
276 8.29582422924e-05
277 8.28959358158e-05
278 8.28450098254e-05
279 8.27861490201e-05
280 8.27386382171e-05
281 8.26831828605e-05
282 8.26390359361e-05
283 8.25869276123e-05
284 8.2546094651e-05
285 8.25069059018e-05
286 8.2459721873e-05
287 8.2423768434e-05
288 8.23798145741e-05
289 8.23470497314e-05
290 8.23158617414e-05
291 8.68902935646e-05
292 8.68606462732e-05
293 8.68225142413e-05
294 8.67961047181e-05
295 8.67713073817e-05
296 8.67379842482e-05
297 8.67163464916e-05
298 8.66962754405e-05
299 8.66676581885e-05
300 8.31146930148e-05
301 8.28747692055e-05
302 8.26281492158e-05
303 8.23939707195e-05
304 8.21626924242e-05
305 8.19246344012e-05
306 8.16987611928e-05
307 8.14756158677e-05
308 0.274130356524
309 0.272964631108
310 0.271807015592
311 0.270658411378
312 0.269518336219
313 0.268386769603
314 0.267263227939
315 0.266148154323
316 0.265041065199
317 0.263941940578
318 0.262851226353
319 0.261767973078
320 0.260693093421
321 0.259625636975
322 0.258566051858
323 0.257513853019
324 0.256469022166
325 0.255432010039
326 0.254401862373
327 0.253379499782
328 0.252363966972
329 0.251355716712
330 0.25035473307
331 0.249360529156
332 0.248373560203
333 0.247392866923
334 0.24641937749
335 0.245452604647
336 0.244492533259
337 0.243538674521
338 0.242591961533
339 0.241651431703
340 0.240717069886
341 0.239789337026
342 0.238867743721
343 0.237952275767
344 0.237042919261
345 0.236140138121
346 0.235242964432
347 0.234351862257
348 0.233466818857
349 0.232587342517
350 0.231713899442
351 0.2308459976
352 0.2299841046
353 0.229127728075
354 0.22827685561
355 0.227431956881
356 0.226592056734
357 0.225758107609
358 0.224929133134
359 0.2241056044
360 0.223287026502
361 0.22247435624
362 0.221666614786
363 0.220863790621
364 0.220066358107
365 0.219273821361
366 0.21848616953
367 0.217703878887
368 0.216925965603
369 0.216153393697
370 0.215385666243
371 0.214622284855
372 0.213864216653
373 0.213110474656
374 0.212361538215
375 0.211616908068
376 0.210877064772
377 0.210141999665
378 0.209411212805
379 0.20868469466
380 0.207962928157
381 0.207245412657
382 0.20653263225
383 0.205823592325
384 0.205119270809
385 0.2044186718
386 0.203722775176
387 0.203030583742
388 0.202343079312
389 0.201659263393
390 0.200979623396
391 0.200303655047
392 0.199632343989
393 0.198964191599
394 0.198300682138
395 0.197640813197
396 0.196984576759
397 0.196332464062
398 0.195683969051
399 0.19503958403
