1.0	0.0
2.0	0.0
3.0	0.0
4.0	0.0
5.0	0.0
6.0	0.0
7.0	0.0
8.0	0.0
9.0	0.0
10.0	0.0
11.0	0.0
12.0	0.0
13.0	0.0
14.0	0.0
15.0	0.0
16.0	0.0
17.0	0.0
18.0	0.0
19.0	0.0
20.0	0.0
21.0	0.0
22.0	0.0
23.0	0.0
24.0	0.0
25.0	0.0
26.0	0.0
27.0	0.0
28.0	0.0
29.0	0.0
30.0	0.0
31.0	0.0
32.0	0.0
33.0	0.0
34.0	0.0
35.0	0.0
36.0	0.0
37.0	0.0
38.0	0.0
39.0	0.0
40.0	0.0
41.0	0.0
42.0	0.0
43.0	0.0
44.0	0.0
45.0	0.0
46.0	0.0
47.0	0.0
48.0	0.0
49.0	0.0
50.0	0.0
51.0	0.0
52.0	0.0
53.0	0.0
54.0	0.0
55.0	0.0
56.0	0.0
57.0	0.0
58.0	0.0
59.0	0.0
60.0	0.0
61.0	0.0
62.0	0.0
63.0	0.0
64.0	0.0
65.0	0.0
66.0	0.0
67.0	0.0
68.0	0.0
69.0	0.0
70.0	0.0
71.0	0.0
72.0	0.0
73.0	0.0
74.0	0.0
75.0	0.0
76.0	0.0
77.0	0.0
78.0	0.0
79.0	0.0
80.0	2.44958257675
81.0	0.0
82.0	2.41405534744
83.0	2.43100523949
84.0	0.0
85.0	2.38934111595
86.0	0.0
87.0	0.0
88.0	2.34402728081
89.0	0.0
90.0	0.0
91.0	2.30437541008
92.0	0.0
93.0	0.0
94.0	2.25965499878
95.0	2.26916027069
96.0	0.0
97.0	0.0
98.0	2.21775555611
99.0	0.0
100.0	0.0
101.0	2.14889740944
102.0	2.156427145
103.0	0.0
104.0	0.0
105.0	2.09620785713
106.0	2.10281705856
107.0	0.0
108.0	0.0
109.0	0.0
110.0	2.04380846024
111.0	2.04953503609
112.0	0.0
113.0	0.0
114.0	1.96701562405
115.0	1.97183728218
116.0	1.97667074203
117.0	0.0
118.0	0.0
119.0	0.0
120.0	1.90923857689
121.0	1.91391801834
122.0	0.0
123.0	0.0
124.0	0.0
125.0	1.84298455715
126.0	1.84620988369
127.0	1.85008728504
128.0	0.0
129.0	0.0
130.0	0.0
131.0	1.76179897785
132.0	1.76488101482
133.0	1.76735043526
134.0	1.77044177055
135.0	0.0
136.0	0.0
137.0	0.0
138.0	1.6932669878
139.0	1.69622671604
140.0	1.69859731197
141.0	1.70097053051
142.0	0.0
143.0	0.0
144.0	0.0
145.0	0.0
146.0	1.62407493591
147.0	1.62633907795
148.0	1.62803602219
149.0	1.63030314445
150.0	0.0
151.0	0.0
152.0	0.0
153.0	0.0
154.0	1.53516173363
155.0	1.53728997707
156.0	1.53888094425
157.0	1.54100990295
158.0	1.54260015488
159.0	0.0
160.0	0.0
161.0	0.0
162.0	0.0
163.0	0.0
164.0	1.4613237381
165.0	1.463321805
166.0	1.46480667591
167.0	1.46628904343
168.0	1.46776854992
169.0	0.0
170.0	0.0
171.0	0.0
172.0	0.0
173.0	0.0
174.0	0.0
175.0	1.38516354561
176.0	1.38652002811
177.0	1.38738656044
178.0	1.38873231411
179.0	1.39007258415
180.0	1.39092087746
181.0	0.0
182.0	0.0
183.0	0.0
184.0	0.0
185.0	0.0
186.0	0.0
187.0	0.0
188.0	1.29099786282
189.0	1.29171407223
190.0	1.29287314415
191.0	1.29357159138
192.0	1.29471290112
193.0	1.29539215565
194.0	0.0
195.0	0.0
196.0	0.0
197.0	0.0
198.0	0.0
199.0	0.0
200.0	0.0
201.0	0.0
202.0	1.20823538303
203.0	1.20876085758
204.0	1.2092744112
205.0	1.21019876003
206.0	1.21068787575
207.0	1.21116423607
208.0	1.211627841
209.0	1.21207821369
210.0	0.0
211.0	0.0
212.0	0.0
213.0	0.0
214.0	0.0
215.0	0.0
216.0	0.0
217.0	0.0
218.0	0.0
219.0	1.1214646101
220.0	1.12173378468
221.0	1.12198853493
222.0	1.12222886086
223.0	1.12245452404
224.0	1.1222730875
225.0	1.12246906757
226.0	1.12264990807
227.0	1.12281548977
228.0	0.0
229.0	0.0
230.0	0.0
231.0	0.0
232.0	0.0
233.0	0.0
234.0	0.0
235.0	0.0
236.0	0.0
237.0	0.0
238.0	0.0
239.0	1.01209700108
240.0	1.01206016541
241.0	1.01200866699
242.0	1.01158881187
243.0	1.01150763035
244.0	1.01141166687
245.0	1.01130080223
246.0	1.0108217001
247.0	1.01068103313
248.0	1.01052546501
249.0	1.01000189781
250.0	0.0
251.0	0.0
252.0	0.0
253.0	0.0
254.0	0.0
255.0	0.0
256.0	0.0
257.0	0.0
258.0	0.0
259.0	0.0
260.0	0.0
261.0	0.0
262.0	0.0
263.0	0.910142421722
264.0	0.90978705883
265.0	0.909100711346
266.0	0.908719241619
267.0	0.908007323742
268.0	0.907599925995
269.0	0.906862616539
270.0	0.906429648399
271.0	0.905983865261
272.0	0.90520888567
273.0	0.904737830162
274.0	0.903938233852
275.0	0.903442263603
276.0	0.902618348598
277.0	0.0
278.0	0.0
279.0	0.0
280.0	0.0
281.0	0.0
282.0	0.0
283.0	0.0
284.0	0.0
285.0	0.0
286.0	0.0
287.0	0.0
288.0	0.0
289.0	0.0
290.0	0.0
291.0	0.0
292.0	0.797984957695
293.0	0.797075033188
294.0	0.796434283257
295.0	0.795505821705
296.0	0.794568538666
297.0	0.793899834156
298.0	0.792944669724
299.0	0.791980922222
300.0	0.791285216808
301.0	0.790304243565
302.0	0.789314985275
303.0	0.788593113422
304.0	0.787587225437
305.0	0.78657335043
306.0	0.785826265812
307.0	0.784796416759
308.0	0.783758878708
309.0	0.0
310.0	0.0
311.0	0.0
312.0	0.0
313.0	0.0
314.0	0.0
315.0	0.0
316.0	0.0
317.0	0.0
318.0	0.0
319.0	0.0
320.0	0.0
321.0	0.0
322.0	0.0
323.0	0.0
324.0	0.0
325.0	0.0
326.0	0.0
327.0	0.0
328.0	0.0
329.0	0.0
330.0	0.0
331.0	0.0
332.0	0.0
333.0	0.0
334.0	0.0
335.0	0.0
336.0	0.0
337.0	0.0
338.0	0.0
339.0	0.0
340.0	0.0
341.0	0.0
342.0	0.0
343.0	0.0
344.0	0.0
345.0	0.0
346.0	0.0
347.0	0.0
348.0	0.0
349.0	0.0
350.0	0.0
351.0	0.0
352.0	0.0
353.0	0.0
354.0	0.0
355.0	0.0
356.0	0.0
357.0	0.0
358.0	0.0
359.0	0.0
360.0	0.0
361.0	0.0
362.0	0.0
363.0	0.0
364.0	0.0
365.0	0.0
366.0	0.0
367.0	0.0
368.0	0.0
369.0	0.0
370.0	0.0
371.0	0.0
372.0	0.0
373.0	0.0
374.0	0.0
375.0	0.0
376.0	0.0
377.0	0.0
378.0	0.0
379.0	0.0
380.0	0.0
381.0	0.0
382.0	0.0
383.0	0.0
384.0	0.0
385.0	0.0
386.0	0.0
387.0	0.0
388.0	0.0
389.0	0.0
390.0	0.0
391.0	0.0
392.0	0.0
393.0	0.0
394.0	0.0
395.0	0.0
396.0	0.0
397.0	0.0
398.0	0.0
399.0	0.0
400.0	0.0
401.0	0.0
402.0	0.0
403.0	0.0
404.0	0.0
405.0	0.0
406.0	0.0
407.0	0.0
408.0	0.0
409.0	0.0
410.0	0.0
411.0	0.0
412.0	0.0
413.0	0.0
414.0	0.0
415.0	0.0
416.0	0.0
417.0	0.0
418.0	0.0
419.0	0.0
420.0	0.0
421.0	0.0
422.0	0.0
423.0	0.0
424.0	0.0
425.0	0.0
426.0	0.0
427.0	0.0
428.0	0.0
429.0	0.0
430.0	0.0
431.0	0.0
432.0	0.0
433.0	0.0
434.0	0.0
435.0	0.0
436.0	0.0
437.0	0.0
438.0	0.0
439.0	0.0
440.0	0.0
441.0	0.0
442.0	0.0
443.0	0.0
444.0	0.0
445.0	0.0
446.0	0.0
447.0	0.0
448.0	0.0
449.0	0.0
450.0	0.0
451.0	0.0
452.0	0.0
453.0	0.0
454.0	0.0
455.0	0.0
456.0	0.0
457.0	0.0
458.0	0.0
459.0	0.0
460.0	0.0
461.0	0.0
462.0	0.0
463.0	0.0
464.0	0.0
465.0	0.0
466.0	0.0
467.0	0.0
468.0	0.0
469.0	0.0
470.0	0.0
471.0	0.0
472.0	0.0
473.0	0.0
474.0	0.0
475.0	0.0
476.0	0.0
477.0	0.0
478.0	0.0
479.0	0.0
480.0	0.0
481.0	0.0
482.0	0.0
483.0	0.0
484.0	0.0
485.0	0.0
486.0	0.0
487.0	0.0
488.0	0.0
489.0	0.0
490.0	0.0
491.0	0.0
492.0	0.0
493.0	0.0
494.0	0.0
495.0	0.0
496.0	0.0
497.0	0.0
498.0	0.0
499.0	0.0
500.0	0.0
