50 0.698629667464
51 0.707951832062
52 0.716661763801
53 0.724801669343
54 0.732418217686
55 0.739562118592
56 0.746218130619
57 0.752512299547
58 0.758434555804
59 0.763904128926
60 0.769125768523
61 0.774021715651
62 0.778657941304
63 0.783029425762
64 0.787131404684
65 0.791033130158
66 0.794657277843
67 0.79814862968
68 0.801430474974
69 0.804575006723
70 0.807505062767
71 0.810293575455
72 0.812938780399
73 0.815514972342
74 0.817868599754
75 0.820226703705
76 0.822358809346
77 0.824416342903
78 0.826398166018
79 0.828303093331
80 0.830129891386
81 0.831799727808
82 0.833466218711
83 0.834972754054
84 0.836473463177
85 0.837889184439
86 0.83921841559
87 0.84045961998
88 0.841689693069
89 0.842828787196
90 0.843875268283
91 0.844906250314
92 0.845920342175
93 0.846758236214
94 0.847655054907
95 0.848372300071
96 0.849145553923
97 0.849815109867
98 0.850379321743
99 0.850915905655
100 0.851423431072
101 0.851900487323
102 0.852266239168
103 0.852598712627
104 0.852817096942
105 0.853079099273
106 0.853224482921
107 0.853252041304
108 0.853319734201
109 0.853267429753
110 0.853173677475
111 0.85303754667
112 0.852858168678
113 0.852555264371
114 0.852207625219
115 0.851814589092
116 0.851375560188
117 0.850890009224
118 0.850357473365
119 0.84969834937
120 0.84899163728
121 0.848316153913
122 0.847513495069
123 0.846583758905
124 0.845684794682
125 0.844737601395
126 0.843663588118
127 0.842620245842
128 0.841450564858
129 0.840233415748
130 0.83904728103
131 0.837735955032
132 0.836378132135
133 0.83489640319
134 0.833447009431
135 0.831952491344
136 0.830335982872
137 0.828752997734
138 0.827049501143
139 0.825380464686
140 0.823592533211
141 0.821763496196
142 0.819970499627
143 0.81806125806
144 0.816113133786
145 0.814126907694
146 0.812103376885
147 0.810043352886
148 0.807872355992
149 0.805742027998
150 0.803577714184
151 0.80138026709
152 0.799076062035
153 0.796815141183
154 0.794449628344
155 0.792128714503
156 0.789705395044
157 0.787327982652
158 0.784850361302
159 0.782347016277
160 0.779891507677
161 0.777339089221
162 0.774763547433
163 0.772165739138
164 0.769546514497
165 0.766978200476
166 0.76431841557
167 0.761639716331
168 0.758942919861
169 0.756228833599
170 0.753498254849
171 0.75068199886
172 0.747921041844
173 0.745145920733
174 0.742357388372
175 0.739556185726
176 0.736743041634
177 0.733850270294
178 0.731015644538
179 0.728171190003
180 0.725249984563
181 0.722388161541
182 0.719518506812
183 0.71657486792
184 0.713691723443
185 0.710736378955
186 0.707842199153
187 0.704943253945
188 0.701974686241
189 0.699003035296
190 0.696093725897
191 0.693117262994
192 0.690203649925
193 0.687224463536
194 0.684308583284
195 0.681328659457
196 0.678349219045
197 0.675433671585
198 0.672456284831
199 0.669480721577
200 0.666507404314
201 0.663598591204
202 0.660630709612
203 0.657666271498
204 0.654705653083
205 0.651809968123
206 0.648857798192
207 0.645910510926
208 0.64296843908
209 0.640031904998
210 0.637101220794
211 0.634176688541
212 0.631258600458
213 0.628405806313
214 0.625501174022
215 0.622603805998
216 0.619713956954
217 0.616831872684
218 0.613957790255
219 0.611091938187
220 0.608234536643
221 0.605385797603
222 0.602545925051
223 0.599715115151
224 0.596837926374
225 0.594026061991
226 0.591223802707
227 0.58843131515
228 0.585648758993
229 0.582876287124
230 0.580114045812
231 0.577362174867
232 0.574620807798
233 0.571836772386
234 0.56911704271
235 0.566408180198
236 0.563710294705
237 0.561023490549
238 0.558295829264
239 0.555631727639
240 0.552978987459
241 0.550337692311
242 0.547656875238
243 0.54503894571
244 0.542432682375
245 0.539838150241
246 0.537205338498
247 0.534634686215
248 0.532075933568
249 0.529479777604
250 0.526945201879
251 0.524422658469
252 0.521863543109
253 0.519365405205
254 0.516879399559
255 0.51435761128
256 0.511896177105
257 0.509446945229
258 0.506962680686
259 0.504538129106
260 0.502079025309
261 0.499679196601
262 0.497291627198
263 0.494870195512
264 0.492507373764
265 0.490111132307
266 0.487773049103
267 0.485401974756
268 0.483088602583
269 0.480742654436
270 0.478453948579
271 0.476177447962
272 0.473868968799
273 0.471617038806
274 0.469333514486
275 0.46710607228
276 0.464847408516
277 0.462601240273
278 0.460410447384
279 0.458188973149
280 0.456022403088
281 0.453825497961
282 0.451683024916
283 0.449510553298
284 0.447392041141
285 0.445243857541
286 0.443107860057
287 0.441025110429
288 0.438913164739
289 0.436853994533
290 0.434765933708
291 0.432689847143
292 0.430665826388
293 0.428613359573
294 0.426612488377
295 0.424583457137
296 0.422566166779
297 0.420599766961
298 0.418605624025
299 0.416623073317
300 0.414690711939
301 0.412731009162
302 0.410782744738
303 0.408883973021
304 0.406958247365
305 0.405043801761
306 0.403178157476
307 0.401285933329
308 0.39940482724
309 0.397571836888
310 0.395712628187
311 0.393864372518
312 0.392027013967
313 0.390236865481
314 0.388420963224
315 0.386615789955
316 0.384821288897
317 0.383073104549
318 0.38129961164
319 0.379536620657
320 0.377784074255
321 0.376076964395
322 0.374344973321
323 0.37262325522
324 0.370911752442
325 0.369244819944
326 0.367553417072
327 0.365872057324
328 0.364200682965
329 0.362539236278
330 0.360921296469
331 0.359279379054
332 0.357647217261
333 0.356024753533
334 0.354411930384
335 0.352841574281
336 0.351247711609
337 0.349663318449
338 0.348088337684
339 0.346522712307
340 0.344966385438
341 0.343451309035
342 0.341913265728
343 0.340384351956
344 0.338864511404
345 0.337353687916
346 0.335851825505
347 0.334358868355
348 0.332874760829
349 0.331430335842
350 0.329963624708
351 0.328505598232
352 0.327056201544
353 0.32561537998
354 0.324186100534
355 0.322765261005
356 0.321352807608
357 0.319948686778
358 0.318552845175
359 0.317165229685
360 0.315782844275
361 0.314411535388
362 0.313048294607
363 0.311693069766
364 0.310342916489
365 0.30900358049
366 0.307669237801
367 0.306345584648
368 0.305026847265
369 0.303718672988
370 0.302415337678
371 0.301122440366
372 0.299834305972
373 0.2985564858
374 0.297283353271
375 0.296017653593
376 0.294759337734
377 0.293511092481
378 0.292267386654
379 0.29103091924
380 0.289801642293
381 0.28857950814
382 0.28736446938
383 0.286156478889
384 0.284955489816
385 0.283761455588
386 0.282574329905
387 0.281394066747
388 0.280220620367
389 0.279051344492
390 0.277891406349
391 0.276738149343
392 0.275591528837
393 0.274448942558
394 0.273315472802
395 0.272188507223
396 0.271065475915
397 0.269951398749
398 0.268843695923
399 0.267739829351
400 0.266644757558
401 0.265553457741
402 0.264470848099
403 0.263391947017
404 0.262319187975
405 0.261254964645
406 0.26019435634
407 0.259139767215
408 0.258093562285
409 0.257050880773
410 0.256014098005
411 0.254983174355
412 0.253958070461
413 0.252941104654
414 0.251927513803
415 0.250919626267
416 0.24991740374
417 0.248920808179
418 0.247929801799
419 0.246944347076
420 0.245964406743
421 0.24498994379
422 0.244020921465
423 0.243057303266
424 0.24209679657
425 0.24114388702
426 0.240196273565
427 0.239253920711
428 0.238316793215
429 0.237382643637
430 0.236455870745
431 0.235534218906
432 0.234615467208
433 0.233703963423
434 0.232797478578
435 0.23189381785
436 0.230997278857
437 0.230103514252
438 0.229216788661
439 0.228332788489
440 0.227455745731
441 0.226581380173
442 0.225713891538
443 0.224849032628
444 0.223988883636
445 0.223135492842
446 0.222284661925
447 0.221438447588
448 0.220598875145
449 0.219761794352
450 0.218929238806
451 0.218103211221
452 0.217279608654
453 0.216460441967
454 0.215645681788
455 0.214835298957
456 0.214029264526
457 0.213227549758
458 0.212432106
459 0.211638937785
460 0.210850004307
461 0.210065277653
462 0.209284730117
463 0.208508334192
464 0.207736062573
465 0.206965959205
466 0.2062018622
467 0.205441808737
468 0.2046857723
469 0.203933726565
470 0.203185645402
471 0.202441502872
472 0.201699393362
473 0.2009630579
474 0.200230584348
475 0.199501947519
476 0.198775269799
477 0.198054238306
478 0.197336969035
479 0.196621604991
480 0.195911793585
481 0.195205671526
482 0.194501402114
483 0.193802593664
484 0.193105603511
485 0.192414014232
486 0.191724209455
487 0.191039746286
488 0.190357034376
489 0.189679605615
490 0.18900389541
491 0.188333410696
492 0.187664612368
493 0.187000982658
494 0.186339007687
495 0.185680414674
496 0.185026906397
497 0.184375006349
498 0.18372642373
499 0.183082843673
