0.01 0.000194225897809
0.02 0.000386292319011
0.03 0.000576217271012
0.04 0.000764018627741
0.05 0.000949714130578
0.06 0.00113332138928
0.07 0.00131485788289
0.08 0.00149434096065
0.09 0.0016717878429
0.1 0.00184721562199
0.11 0.00202064126313
0.12 0.00219208160534
0.13 0.00236155336227
0.14 0.00252907312309
0.15 0.00269465735339
0.16 0.00285832239599
0.17 0.00302008447184
0.18 0.00317995968083
0.19 0.00333796400268
0.2 0.00349411329773
0.21 0.00364842330782
0.22 0.00380090965708
0.23 0.00395158785278
0.24 0.00410047328611
0.25 0.00424758123305
0.26 0.00439292685511
0.27 0.00453652520017
0.28 0.00467839120328
0.29 0.00481853968741
0.3 0.00495698536429
0.31 0.00509374283513
0.32 0.00522882659145
0.33 0.00536225101578
0.34 0.00549403038252
0.35 0.0056241788586
0.36 0.00575271050429
0.37 0.00587963927394
0.38 0.00600497901672
0.39 0.00612874347733
0.4 0.00625094629679
0.41 0.00637160101313
0.42 0.00649072106212
0.43 0.00660831977797
0.44 0.00672441039409
0.45 0.00683900604376
0.46 0.00695211976086
0.47 0.00706376448052
0.48 0.0071739530399
0.49 0.00728269817879
0.5 0.00739001254036
0.51 0.0074959086718
0.52 0.00760039902503
0.53 0.00770349595734
0.54 0.00780521173209
0.55 0.00790555851932
0.56 0.00800454839649
0.57 0.00810219334905
0.58 0.00819850527114
0.59 0.00829349596621
0.6 0.0083871771477
0.61 0.00847956043961
0.62 0.00857065737719
0.63 0.00866047940756
0.64 0.00874903789029
0.65 0.00883634409807
0.66 0.00892240921731
0.67 0.00900724434872
0.68 0.00909086050799
0.69 0.00917326862629
0.7 0.00925447955097
0.71 0.00933450404608
0.72 0.00941335279301
0.73 0.00949103639104
0.74 0.00956756535795
0.75 0.00964295013059
0.76 0.00971720106544
0.77 0.00979032843921
0.78 0.00986234244937
0.79 0.00993325321475
0.8 0.0100030707761
0.81 0.0100718050966
0.82 0.0101394660624
0.83 0.0102060634832
0.84 0.0102716070931
0.85 0.0103361065504
0.86 0.0103995714388
0.87 0.0104620112678
0.88 0.0105234354729
0.89 0.0105838534166
0.9 0.0106432743886
0.91 0.0107017076065
0.92 0.0107591622159
0.93 0.0108156472917
0.94 0.0108711718379
0.95 0.0109257447883
0.96 0.0109793750072
0.97 0.0110320712896
0.98 0.0110838423621
0.99 0.0111346968828
1.0 0.0111846434425
1.01 0.0112336905644
1.02 0.0112818467054
1.03 0.0113291202558
1.04 0.0113755195405
1.05 0.0114210528189
1.06 0.0114657282855
1.07 0.0115095540708
1.08 0.011552538241
1.09 0.0115946887993
1.1 0.0116360136855
1.11 0.0116765207771
1.12 0.0117162178896
1.13 0.0117551127768
1.14 0.0117932131314
1.15 0.011830526585
1.16 0.0118670607095
1.17 0.0119028230164
1.18 0.0119378209582
1.19 0.0119720619279
1.2 0.0120055532605
1.21 0.0120383022323
1.22 0.0120703160622
1.23 0.0121016019118
1.24 0.0121321668855
1.25 0.0121620180315
1.26 0.0121911623418
1.27 0.0122196067528
1.28 0.0122473581454
1.29 0.0122744233458
1.3 0.0123008091258
1.31 0.0123265222029
1.32 0.0123515692412
1.33 0.0123759568511
1.34 0.0123996915904
1.35 0.0124227799643
1.36 0.0124452284258
1.37 0.0124670433762
1.38 0.0124882311653
1.39 0.0125087980919
1.4 0.0125287504042
1.41 0.0125480943001
1.42 0.0125668359277
1.43 0.0125849813852
1.44 0.0126025367221
1.45 0.0126195079386
1.46 0.0126359009868
1.47 0.0126517217704
1.48 0.0126669761454
1.49 0.0126816699205
1.5 0.0126958088572
1.51 0.0127093986702
1.52 0.0127224450281
1.53 0.0127349535531
1.54 0.0127469298219
1.55 0.0127583793657
1.56 0.0127693076707
1.57 0.0127797201785
1.58 0.0127896222861
1.59 0.0127990193466
1.6 0.0128079166692
1.61 0.0128163195198
1.62 0.0128242331211
1.63 0.0128316626531
1.64 0.0128386132534
1.65 0.0128450900172
1.66 0.0128510979981
1.67 0.012856642208
1.68 0.0128617276175
1.69 0.0128663591565
1.7 0.0128705417141
1.71 0.0128742801392
1.72 0.0128775792404
1.73 0.0128804437868
1.74 0.0128828785081
1.75 0.0128848880946
1.76 0.0128864771978
1.77 0.0128876504309
1.78 0.0128884123685
1.79 0.0128887675472
1.8 0.012888720466
1.81 0.0128882755864
1.82 0.0128874373328
1.83 0.0128862100925
1.84 0.0128845982164
1.85 0.0128826060189
1.86 0.0128802377785
1.87 0.0128774977375
1.88 0.0128743901032
1.89 0.0128709190471
1.9 0.0128670887059
1.91 0.0128629031818
1.92 0.0128583665419
1.93 0.0128534828196
1.94 0.012848256014
1.95 0.0128426900906
1.96 0.0128367889814
1.97 0.0128305565851
1.98 0.0128239967674
1.99 0.0128171133614
2.0 0.0128099101675
2.01 0.0128023909541
2.02 0.0127945594572
2.03 0.0127864193815
2.04 0.0127779743998
2.05 0.0127692281538
2.06 0.0127601842539
2.07 0.01275084628
2.08 0.0127412177812
2.09 0.0127313022762
2.1 0.0127211032536
2.11 0.0127106241721
2.12 0.0126998684607
2.13 0.0126888395189
2.14 0.0126775407171
2.15 0.0126659753964
2.16 0.0126541468693
2.17 0.0126420584197
2.18 0.012629713303
2.19 0.0126171147466
2.2 0.0126042659497
2.21 0.012591170084
2.22 0.0125778302937
2.23 0.0125642496954
2.24 0.0125504313789
2.25 0.0125363784068
2.26 0.0125220938152
2.27 0.0125075806137
2.28 0.0124928417854
2.29 0.0124778802876
2.3 0.0124626990513
2.31 0.0124473009822
2.32 0.0124316889603
2.33 0.0124158658401
2.34 0.0123998344513
2.35 0.0123835975985
2.36 0.0123671580615
2.37 0.0123505185957
2.38 0.012333681932
2.39 0.0123166507772
2.4 0.012299427814
2.41 0.0122820157013
2.42 0.0122644170745
2.43 0.0122466345454
2.44 0.0122286707025
2.45 0.0122105281114
2.46 0.0121922093146
2.47 0.012173716832
2.48 0.0121550531607
2.49 0.0121362207756
2.5 0.0121172221293
2.51 0.0120980596523
2.52 0.0120787357535
2.53 0.0120592528196
2.54 0.0120396132162
2.55 0.0120198192872
2.56 0.0119998733554
2.57 0.0119797777227
2.58 0.0119595346698
2.59 0.0119391464568
2.6 0.0119186153234
2.61 0.0118979434885
2.62 0.0118771331513
2.63 0.0118561864903
2.64 0.0118351056644
2.65 0.0118138928127
2.66 0.0117925500546
2.67 0.01177107949
2.68 0.0117494831995
2.69 0.0117277632445
2.7 0.0117059216674
2.71 0.0116839604916
2.72 0.0116618817219
2.73 0.0116396873445
2.74 0.011617379327
2.75 0.0115949596189
2.76 0.0115724301514
2.77 0.0115497928377
2.78 0.0115270495732
2.79 0.0115042022355
2.8 0.0114812526844
2.81 0.0114582027627
2.82 0.0114350542955
2.83 0.0114118090908
2.84 0.0113884689395
2.85 0.0113650356157
2.86 0.0113415108767
2.87 0.011317896463
2.88 0.0112941940986
2.89 0.0112704054914
2.9 0.0112465323325
2.91 0.0112225762974
2.92 0.0111985390452
2.93 0.0111744222193
2.94 0.0111502274472
2.95 0.011125956341
2.96 0.0111016104971
2.97 0.0110771914964
2.98 0.0110527009049
2.99 0.0110281402731
3.0 0.0110035111367
3.01 0.0109788150163
3.02 0.0109540534179
3.03 0.0109292278326
3.04 0.0109043397372
3.05 0.0108793905938
3.06 0.0108543818505
3.07 0.0108293149409
3.08 0.0108041912845
3.09 0.0107790122871
3.1 0.0107537793403
3.11 0.0107284938221
3.12 0.0107031570969
3.13 0.0106777705154
3.14 0.010652335415
3.15 0.0106268531197
3.16 0.0106013249402
3.17 0.0105757521743
3.18 0.0105501361065
3.19 0.0105244780088
3.2 0.01049877914
3.21 0.0104730407464
3.22 0.0104472640616
3.23 0.0104214503069
3.24 0.0103956006909
3.25 0.0103697164103
3.26 0.0103437986492
3.27 0.0103178485799
3.28 0.0102918673625
3.29 0.0102658561454
3.3 0.010239816065
3.31 0.0102137482461
3.32 0.0101876538019
3.33 0.010161533834
3.34 0.0101353894327
3.35 0.0101092216768
3.36 0.0100830316339
3.37 0.0100568203607
3.38 0.0100305889024
3.39 0.0100043382936
3.4 0.00997806955792
3.41 0.0099517837081
3.42 0.00992548174628
3.43 0.00989916466393
3.44 0.00987283344203
3.45 0.0098464890511
3.46 0.00982013245132
3.47 0.0097937645926
3.48 0.00976738641465
3.49 0.00974099884709
3.5 0.00971460280953
3.51 0.00968819921164
3.52 0.00966178895323
3.53 0.00963537292435
3.54 0.00960895200536
3.55 0.009582527067
3.56 0.00955609897048
3.57 0.00952966856758
3.58 0.00950323670069
3.59 0.0094768042029
3.6 0.00945037189809
3.61 0.009423940601
3.62 0.00939751111731
3.63 0.0093710842437
3.64 0.00934466076795
3.65 0.00931824146899
3.66 0.00929182711698
3.67 0.0092654184734
3.68 0.0092390162911
3.69 0.0092126213144
3.7 0.00918623427913
3.71 0.00915985591272
3.72 0.00913348693426
3.73 0.00910712805459
3.74 0.00908077997635
3.75 0.00905444339405
3.76 0.00902811899415
3.77 0.00900180745513
3.78 0.00897550944753
3.79 0.00894922563407
3.8 0.00892295666964
3.81 0.00889670320145
3.82 0.00887046586902
3.83 0.00884424530432
3.84 0.00881804213176
3.85 0.00879185696831
3.86 0.00876569042353
3.87 0.00873954309965
3.88 0.00871341559164
3.89 0.00868730848724
3.9 0.00866122236707
3.91 0.00863515780463
3.92 0.00860911536643
3.93 0.00858309561199
3.94 0.00855709909393
3.95 0.00853112635804
3.96 0.0085051779433
3.97 0.00847925438198
3.98 0.00845335619968
3.99 0.00842748391538
4.0 0.0084016380415
4.01 0.00837581908399
4.02 0.00835002754232
4.03 0.0083242639096
4.04 0.0082985286726
4.05 0.00827282231184
4.06 0.00824714530158
4.07 0.00822149810994
4.08 0.00819588119892
4.09 0.00817029502446
4.1 0.00814474003651
4.11 0.00811921667906
4.12 0.00809372539018
4.13 0.00806826660212
4.14 0.00804284074131
4.15 0.00801744822846
4.16 0.00799208947856
4.17 0.00796676490096
4.18 0.00794147489944
4.19 0.0079162198722
4.2 0.00789100021197
4.21 0.00786581630601
4.22 0.0078406685362
4.23 0.00781555727906
4.24 0.00779048290581
4.25 0.00776544578242
4.26 0.00774044626964
4.27 0.00771548472306
4.28 0.00769056149316
4.29 0.00766567692535
4.3 0.00764083136001
4.31 0.00761602513253
4.32 0.0075912585734
4.33 0.00756653200818
4.34 0.00754184575762
4.35 0.00751720013763
4.36 0.0074925954594
4.37 0.00746803202938
4.38 0.00744351014935
4.39 0.00741903011647
4.4 0.0073945922233
4.41 0.00737019675786
4.42 0.00734584400367
4.43 0.00732153423978
4.44 0.00729726774082
4.45 0.00727304477704
4.46 0.00724886561434
4.47 0.00722473051432
4.48 0.00720063973433
4.49 0.00717659352748
4.5 0.00715259214271
4.51 0.00712863582481
4.52 0.00710472481445
4.53 0.00708085934826
4.54 0.00705703965882
4.55 0.00703326597471
4.56 0.00700953852057
4.57 0.00698585751711
4.58 0.00696222318115
4.59 0.0069386357257
4.6 0.00691509535991
4.61 0.0068916022892
4.62 0.00686815671521
4.63 0.00684475883591
4.64 0.00682140884559
4.65 0.00679810693489
4.66 0.00677485329087
4.67 0.00675164809703
4.68 0.00672849153331
4.69 0.00670538377618
4.7 0.00668232499863
4.71 0.00665931537023
4.72 0.00663635505712
4.73 0.00661344422212
4.74 0.00659058302469
4.75 0.00656777162097
4.76 0.00654501016387
4.77 0.00652229880304
4.78 0.00649963768492
4.79 0.00647702695278
4.8 0.00645446674673
4.81 0.00643195720379
4.82 0.00640949845788
4.83 0.00638709063987
4.84 0.0063647338776
4.85 0.00634242829591
4.86 0.00632017401668
4.87 0.00629797115887
4.88 0.00627581983851
4.89 0.00625372016875
4.9 0.0062316722599
4.91 0.00620967621944
4.92 0.00618773215207
4.93 0.0061658401597
4.94 0.00614400034152
4.95 0.006122212794
4.96 0.00610047761092
4.97 0.00607879488342
4.98 0.00605716469998
4.99 0.00603558714649
5.0 0.00601406230628
5.01 0.00599259026009
5.02 0.00597117108617
5.03 0.00594980486023
5.04 0.00592849165555
5.05 0.00590723154291
5.06 0.0058860245907
5.07 0.00586487086489
5.08 0.00584377042909
5.09 0.00582272334455
5.1 0.00580172967018
5.11 0.0057807894626
5.12 0.00575990277615
5.13 0.0057390696629
5.14 0.00571829017272
5.15 0.00569756435322
5.16 0.00567689224987
5.17 0.00565627390595
5.18 0.0056357093626
5.19 0.00561519865885
5.2 0.00559474183163
5.21 0.0055743389158
5.22 0.00555398994415
5.23 0.00553369494746
5.24 0.0055134539545
5.25 0.00549326699203
5.26 0.00547313408486
5.27 0.00545305525586
5.28 0.00543303052596
5.29 0.0054130599142
5.3 0.00539314343772
5.31 0.00537328111182
5.32 0.00535347294994
5.33 0.00533371896369
5.34 0.0053140191629
5.35 0.0052943735556
5.36 0.00527478214806
5.37 0.0052552449448
5.38 0.00523576194864
5.39 0.00521633316065
5.4 0.00519695858025
5.41 0.00517763820517
5.42 0.00515837203151
5.43 0.00513916005372
5.44 0.00512000226464
5.45 0.00510089865552
5.46 0.00508184921603
5.47 0.00506285393428
5.48 0.00504391279684
5.49 0.00502502578875
5.5 0.00500619289356
5.51 0.0049874140933
5.52 0.00496868936855
5.53 0.00495001869844
5.54 0.00493140206064
5.55 0.0049128394314
5.56 0.00489433078559
5.57 0.00487587609666
5.58 0.0048574753367
5.59 0.00483912847645
5.6 0.00482083548529
5.61 0.00480259633129
5.62 0.0047844109812
5.63 0.00476627940049
5.64 0.00474820155333
5.65 0.00473017740265
5.66 0.00471220691012
5.67 0.00469429003618
5.68 0.00467642674003
5.69 0.00465861697971
5.7 0.00464086071203
5.71 0.00462315789264
5.72 0.00460550847604
5.73 0.00458791241558
5.74 0.00457036966346
5.75 0.00455288017079
5.76 0.00453544388756
5.77 0.00451806076266
5.78 0.00450073074393
5.79 0.00448345377813
5.8 0.00446622981098
5.81 0.00444905878714
5.82 0.00443194065029
5.83 0.00441487534306
5.84 0.0043978628071
5.85 0.00438090298308
5.86 0.00436399581069
5.87 0.00434714122867
5.88 0.00433033917481
5.89 0.00431358958596
5.9 0.00429689239805
5.91 0.00428024754612
5.92 0.00426365496429
5.93 0.00424711458581
5.94 0.00423062634304
5.95 0.0042141901675
5.96 0.00419780598983
5.97 0.00418147373988
5.98 0.00416519334662
5.99 0.00414896473823
6.0 0.0041327878421
6.01 0.0041166625848
6.02 0.00410058889214
6.03 0.00408456668914
6.04 0.00406859590007
6.05 0.00405267644846
6.06 0.00403680825708
6.07 0.00402099124798
6.08 0.00400522534251
6.09 0.00398951046129
6.1 0.00397384652425
6.11 0.00395823345064
6.12 0.00394267115902
6.13 0.00392715956731
6.14 0.00391169859274
6.15 0.00389628815191
6.16 0.00388092816078
6.17 0.0038656185347
6.18 0.00385035918837
6.19 0.0038351500359
6.2 0.00381999099081
6.21 0.003804881966
6.22 0.00378982287383
6.23 0.00377481362606
6.24 0.0037598541339
6.25 0.003744944308
6.26 0.00373008405846
6.27 0.00371527329486
6.28 0.00370051192625
6.29 0.00368579986116
6.3 0.0036711370076
6.31 0.00365652327309
6.32 0.00364195856465
6.33 0.00362744278884
6.34 0.00361297585171
6.35 0.00359855765885
6.36 0.00358418811542
6.37 0.00356986712609
6.38 0.0035555945951
6.39 0.00354137042626
6.4 0.00352719452295
6.41 0.00351306678812
6.42 0.00349898712433
6.43 0.0034849554337
6.44 0.00347097161799
6.45 0.00345703557854
6.46 0.00344314721633
6.47 0.00342930643194
6.48 0.00341551312561
6.49 0.0034017671972
6.5 0.00338806854622
6.51 0.00337441707182
6.52 0.00336081267285
6.53 0.00334725524778
6.54 0.00333374469479
6.55 0.00332028091171
6.56 0.00330686379608
6.57 0.00329349324513
6.58 0.00328016915578
6.59 0.00326689142467
6.6 0.00325365994813
6.61 0.00324047462225
6.62 0.00322733534281
6.63 0.00321424200534
6.64 0.0032011945051
6.65 0.0031881927371
6.66 0.0031752365961
6.67 0.00316232597662
6.68 0.00314946077292
6.69 0.00313664087907
6.7 0.00312386618889
6.71 0.00311113659596
6.72 0.00309845199369
6.73 0.00308581227525
6.74 0.00307321733362
6.75 0.00306066706158
6.76 0.00304816135172
6.77 0.00303570009644
6.78 0.00302328318795
6.79 0.00301091051831
6.8 0.00299858197939
6.81 0.0029862974629
6.82 0.00297405686039
6.83 0.00296186006326
6.84 0.00294970696275
6.85 0.00293759744996
6.86 0.00292553141586
6.87 0.00291350875127
6.88 0.00290152934689
6.89 0.00288959309329
6.9 0.00287769988092
6.91 0.00286584960012
6.92 0.00285404214112
6.93 0.00284227739403
6.94 0.00283055524887
6.95 0.00281887559556
6.96 0.00280723832393
6.97 0.00279564332372
6.98 0.00278409048458
6.99 0.00277257969609
7.0 0.00276111084774
7.01 0.00274968382898
7.02 0.00273829852916
7.03 0.00272695483759
7.04 0.00271565264349
7.05 0.00270439183607
7.06 0.00269317230446
7.07 0.00268199393774
7.08 0.00267085662497
7.09 0.00265976025516
7.1 0.00264870471728
7.11 0.00263768990027
7.12 0.00262671569306
7.13 0.00261578198453
7.14 0.00260488866356
7.15 0.002594035619
7.16 0.0025832227397
7.17 0.0025724499145
7.18 0.00256171703223
7.19 0.00255102398172
7.2 0.00254037065179
7.21 0.00252975693129
7.22 0.00251918270906
7.23 0.00250864787394
7.24 0.00249815231483
7.25 0.00248769592059
7.26 0.00247727858015
7.27 0.00246690018245
7.28 0.00245656061643
7.29 0.0024462597711
7.3 0.00243599753549
7.31 0.00242577379867
7.32 0.00241558844973
7.33 0.00240544137783
7.34 0.00239533247216
7.35 0.00238526162197
7.36 0.00237522871656
7.37 0.00236523364527
7.38 0.00235527629752
7.39 0.00234535656276
7.4 0.00233547433055
7.41 0.00232562949046
7.42 0.00231582193217
7.43 0.00230605154543
7.44 0.00229631822002
7.45 0.00228662184586
7.46 0.00227696231289
7.47 0.00226733951118
7.48 0.00225775333085
7.49 0.00224820366212
7.5 0.00223869039529
7.51 0.00222921342077
7.52 0.00221977262905
7.53 0.00221036791072
7.54 0.00220099915645
7.55 0.00219166625704
7.56 0.00218236910339
7.57 0.00217310758647
7.58 0.0021638815974
7.59 0.00215469102738
7.6 0.00214553576775
7.61 0.00213641570992
7.62 0.00212733074547
7.63 0.00211828076605
7.64 0.00210926566346
7.65 0.00210028532961
7.66 0.00209133965654
7.67 0.0020824285364
7.68 0.00207355186149
7.69 0.00206470952423
7.7 0.00205590141716
7.71 0.00204712743298
7.72 0.0020383874645
7.73 0.00202968140468
7.74 0.00202100914661
7.75 0.00201237058353
7.76 0.00200376560883
7.77 0.00199519411601
7.78 0.00198665599876
7.79 0.00197815115088
7.8 0.00196967946635
7.81 0.00196124083928
7.82 0.00195283516393
7.83 0.00194446233474
7.84 0.00193612224627
7.85 0.00192781479327
7.86 0.00191953987062
7.87 0.00191129737339
7.88 0.00190308719677
7.89 0.00189490923617
7.9 0.0018867633871
7.91 0.0018786495453
7.92 0.00187056760662
7.93 0.00186251746711
7.94 0.00185449902299
7.95 0.00184651217064
7.96 0.00183855680663
7.97 0.00183063282767
7.98 0.00182274013067
7.99 0.00181487861273
8.0 0.00180704817109
8.01 0.00179924870321
8.02 0.00179148010669
8.03 0.00178374227933
8.04 0.00177603511912
8.05 0.00176835852423
8.06 0.001760712393
8.07 0.00175309662397
8.08 0.00174551111586
8.09 0.00173795576758
8.1 0.00173043047823
8.11 0.00172293514709
8.12 0.00171546967365
8.13 0.00170803395758
8.14 0.00170062789875
8.15 0.0016932513972
8.16 0.00168590435319
8.17 0.00167858666716
8.18 0.00167129823977
8.19 0.00166403897186
8.2 0.00165680876446
8.21 0.0016496075188
8.22 0.00164243513635
8.23 0.00163529151872
8.24 0.00162817656776
8.25 0.00162109018552
8.26 0.00161403227424
8.27 0.00160700273638
8.28 0.00160000147458
8.29 0.00159302839171
8.3 0.00158608339084
8.31 0.00157916637524
8.32 0.00157227724839
8.33 0.00156541591398
8.34 0.00155858227591
8.35 0.0015517762383
8.36 0.00154499770545
8.37 0.00153824658189
8.38 0.00153152277237
8.39 0.00152482618185
8.4 0.00151815671548
8.41 0.00151151427864
8.42 0.00150489877693
8.43 0.00149831011615
8.44 0.00149174820233
8.45 0.0014852129417
8.46 0.00147870424072
8.47 0.00147222200605
8.48 0.00146576614458
8.49 0.00145933656342
8.5 0.00145293316988
8.51 0.00144655587151
8.52 0.00144020457606
8.53 0.00143387919151
8.54 0.00142757962606
8.55 0.00142130578812
8.56 0.00141505758633
8.57 0.00140883492956
8.58 0.00140263772687
8.59 0.00139646588758
8.6 0.00139031932119
8.61 0.00138419793746
8.62 0.00137810164635
8.63 0.00137203035806
8.64 0.00136598398299
8.65 0.00135996243178
8.66 0.00135396561529
8.67 0.0013479934446
8.68 0.00134204583102
8.69 0.00133612268609
8.7 0.00133022392156
8.71 0.00132434944941
8.72 0.00131849918185
8.73 0.00131267303132
8.74 0.00130687091046
8.75 0.00130109273216
8.76 0.00129533840954
8.77 0.00128960785593
8.78 0.00128390098488
8.79 0.0012782177102
8.8 0.00127255794589
8.81 0.0012669216062
8.82 0.00126130860559
8.83 0.00125571885876
8.84 0.00125015228064
8.85 0.00124460878637
8.86 0.00123908829134
8.87 0.00123359071114
8.88 0.00122811596161
8.89 0.00122266395882
8.9 0.00121723461904
8.91 0.0012118278588
8.92 0.00120644359484
8.93 0.00120108174412
8.94 0.00119574222386
8.95 0.00119042495147
8.96 0.00118512984461
8.97 0.00117985682117
8.98 0.00117460579926
8.99 0.00116937669721
9.0 0.0011641694336
9.01 0.00115898392721
9.02 0.00115382009708
9.03 0.00114867786245
9.04 0.0011435571428
9.05 0.00113845785784
9.06 0.0011333799275
9.07 0.00112832327195
9.08 0.00112328781158
9.09 0.001118273467
9.1 0.00111328015906
9.11 0.00110830780883
9.12 0.00110335633761
9.13 0.00109842566694
9.14 0.00109351571856
9.15 0.00108862641445
9.16 0.00108375767684
9.17 0.00107890942814
9.18 0.00107408159103
9.19 0.0010692740884
9.2 0.00106448684335
9.21 0.00105971977924
9.22 0.00105497281962
9.23 0.00105024588831
9.24 0.00104553890931
9.25 0.00104085180687
9.26 0.00103618450547
9.27 0.0010315369298
9.28 0.00102690900478
9.29 0.00102230065557
9.3 0.00101771180753
9.31 0.00101314238627
9.32 0.0010085923176
9.33 0.00100406152758
9.34 0.000999549942468
9.35 0.000995057488765
9.36 0.000990584093189
9.37 0.00098612968268
9.38 0.000981694184406
9.39 0.000977277525753
9.4 0.000972879634333
9.41 0.00096850043798
9.42 0.00096413986475
9.43 0.000959797842921
9.44 0.000955474300994
9.45 0.00095116916769
9.46 0.000946882371952
9.47 0.000942613842946
9.48 0.000938363510055
9.49 0.000934131302886
9.5 0.000929917151266
9.51 0.000925720985239
9.52 0.000921542735073
9.53 0.000917382331252
9.54 0.000913239704482
9.55 0.000909114785685
9.56 0.000905007506005
9.57 0.000900917796801
9.58 0.000896845589651
9.59 0.000892790816354
9.6 0.000888753408921
9.61 0.000884733299585
9.62 0.000880730420791
9.63 0.000876744705206
9.64 0.000872776085708
9.65 0.000868824495394
9.66 0.000864889867576
9.67 0.00086097213578
9.68 0.000857071233749
9.69 0.000853187095437
9.7 0.000849319655016
9.71 0.00084546884687
9.72 0.000841634605597
9.73 0.000837816866006
9.74 0.000834015563123
9.75 0.000830230632183
9.76 0.000826462008634
9.77 0.000822709628137
9.78 0.000818973426562
9.79 0.000815253339992
9.8 0.000811549304721
9.81 0.00080786125725
9.82 0.000804189134295
9.83 0.000800532872777
9.84 0.000796892409828
9.85 0.000793267682789
9.86 0.00078965862921
9.87 0.000786065186847
9.88 0.000782487293665
9.89 0.000778924887837
9.9 0.000775377907742
9.91 0.000771846291965
9.92 0.000768329979298
9.93 0.000764828908737
9.94 0.000761343019487
9.95 0.000757872250954
9.96 0.00075441654275
9.97 0.000750975834692
9.98 0.0007475500668
9.99 0.000744139179296
