3.13553157694
0.1 0.00125203718303
0.11 0.00137185292326
0.12 0.00149071202594
0.13 0.00160862014234
0.14 0.00172558289413
0.15 0.00184160587354
0.16 0.00195669464355
0.17 0.00207085473797
0.18 0.00218409166161
0.19 0.00229641089043
0.2 0.00240781787167
0.21 0.002518318024
0.22 0.00262791673765
0.23 0.00273661937456
0.24 0.00284443126849
0.25 0.00295135772521
0.26 0.0030574040226
0.27 0.00316257541079
0.28 0.0032668771123
0.29 0.00337031432219
0.3 0.00347289220818
0.31 0.00357461591077
0.32 0.00367549054342
0.33 0.00377552119263
0.34 0.0038747129181
0.35 0.00397307075288
0.36 0.00407059970344
0.37 0.00416730474988
0.38 0.00426319084601
0.39 0.00435826291946
0.4 0.00445252587188
0.41 0.004545984579
0.42 0.0046386438908
0.43 0.00473050863161
0.44 0.00482158360025
0.45 0.00491187357016
0.46 0.00500138328951
0.47 0.00509011748133
0.48 0.00517808084366
0.49 0.00526527804963
0.5 0.00535171374761
0.51 0.00543739256131
0.52 0.00552231908994
0.53 0.00560649790831
0.54 0.00568993356692
0.55 0.00577263059215
0.56 0.00585459348629
0.57 0.00593582672776
0.58 0.00601633477113
0.59 0.00609612204731
0.6 0.00617519296363
0.61 0.00625355190398
0.62 0.00633120322889
0.63 0.00640815127568
0.64 0.00648440035858
0.65 0.0065599547688
0.66 0.00663481877468
0.67 0.00670899662182
0.68 0.00678249253312
0.69 0.00685531070899
0.7 0.00692745532738
0.71 0.00699893054394
0.72 0.00706974049209
0.73 0.00713988928318
0.74 0.00720938100657
0.75 0.00727821972972
0.76 0.00734640949836
0.77 0.00741395433651
0.78 0.00748085824668
0.79 0.00754712520992
0.8 0.00761275918593
0.81 0.00767776411319
0.82 0.00774214390904
0.83 0.0078059024698
0.84 0.00786904367089
0.85 0.00793157136688
0.86 0.00799348939167
0.87 0.00805480155852
0.88 0.00811551166021
0.89 0.00817562346908
0.9 0.00823514073721
0.91 0.00829406719645
0.92 0.00835240655858
0.93 0.00841016251534
0.94 0.00846733873861
0.95 0.00852393888044
0.96 0.00857996657319
0.97 0.00863542542962
0.98 0.00869031904298
0.99 0.00874465098711
1.0 0.00879842481653
1.01 0.00885164406656
1.02 0.0089043122534
1.03 0.00895643287421
1.04 0.00900800940724
1.05 0.00905904531189
1.06 0.00910954402883
1.07 0.00915950898008
1.08 0.0092089435691
1.09 0.0092578511809
1.1 0.00930623518213
1.11 0.00935409892113
1.12 0.00940144572809
1.13 0.0094482789151
1.14 0.00949460177622
1.15 0.00954041758764
1.16 0.00958572960768
1.17 0.00963054107697
1.18 0.00967485521847
1.19 0.00971867523758
1.2 0.00976200432225
1.21 0.00980484564303
1.22 0.00984720235319
1.23 0.00988907758879
1.24 0.00993047446876
1.25 0.00997139609502
1.26 0.0100118455525
1.27 0.0100518259093
1.28 0.0100913402168
1.29 0.0101303915095
1.3 0.0101689828054
1.31 0.0102071171061
1.32 0.0102447973965
1.33 0.0102820266454
1.34 0.0103188078052
1.35 0.0103551438119
1.36 0.0103910375858
1.37 0.0104264920308
1.38 0.010461510035
1.39 0.0104960944708
1.4 0.0105302481944
1.41 0.0105639740466
1.42 0.0105972748525
1.43 0.0106301534216
1.44 0.0106626125479
1.45 0.0106946550101
1.46 0.0107262835715
1.47 0.0107575009802
1.48 0.0107883099691
1.49 0.010818713256
1.5 0.0108487135438
1.51 0.0108783135202
1.52 0.0109075158583
1.53 0.0109363232164
1.54 0.0109647382379
1.55 0.0109927635517
1.56 0.011020401772
1.57 0.0110476554988
1.58 0.0110745273174
1.59 0.0111010197988
1.6 0.0111271354999
1.61 0.0111528769631
1.62 0.011178246717
1.63 0.011203247276
1.64 0.0112278811405
1.65 0.0112521507969
1.66 0.0112760587179
1.67 0.0112996073625
1.68 0.0113227991757
1.69 0.0113456365892
1.7 0.0113681220208
1.71 0.0113902578752
1.72 0.0114120465434
1.73 0.011433490403
1.74 0.0114545918185
1.75 0.0114753531411
1.76 0.0114957767088
1.77 0.0115158648465
1.78 0.0115356198663
1.79 0.011555044067
1.8 0.0115741397347
1.81 0.0115929091427
1.82 0.0116113545515
1.83 0.0116294782089
1.84 0.01164728235
1.85 0.0116647691976
1.86 0.0116819409616
1.87 0.0116987998398
1.88 0.0117153480175
1.89 0.0117315876676
1.9 0.0117475209509
1.91 0.011763150016
1.92 0.0117784769993
1.93 0.0117935040252
1.94 0.0118082332061
1.95 0.0118226666423
1.96 0.0118368064226
1.97 0.0118506546235
1.98 0.0118642133102
1.99 0.0118774845359
2.0 0.0118904703424
2.01 0.0119031727596
2.02 0.0119155938061
2.03 0.0119277354892
2.04 0.0119395998044
2.05 0.0119511887363
2.06 0.0119625042578
2.07 0.011973548331
2.08 0.0119843229064
2.09 0.0119948299236
2.1 0.0120050713114
2.11 0.0120150489871
2.12 0.0120247648575
2.13 0.0120342208182
2.14 0.0120434187541
2.15 0.0120523605395
2.16 0.0120610480377
2.17 0.0120694831016
2.18 0.0120776675732
2.19 0.0120856032841
2.2 0.0120932920556
2.21 0.0121007356982
2.22 0.0121079360123
2.23 0.0121148947879
2.24 0.0121216138045
2.25 0.0121280948316
2.26 0.0121343396285
2.27 0.0121403499443
2.28 0.0121461275182
2.29 0.0121516740792
2.3 0.0121569913463
2.31 0.0121620810287
2.32 0.0121669448259
2.33 0.0121715844271
2.34 0.0121760015123
2.35 0.0121801977513
2.36 0.0121841748047
2.37 0.012187934323
2.38 0.0121914779476
2.39 0.0121948073101
2.4 0.0121979240328
2.41 0.0122008297283
2.42 0.0122035260002
2.43 0.0122060144426
2.44 0.0122082966404
2.45 0.0122103741691
2.46 0.0122122485952
2.47 0.0122139214762
2.48 0.0122153943602
2.49 0.0122166687865
2.5 0.0122177462853
2.51 0.012218628378
2.52 0.0122193165769
2.53 0.0122198123857
2.54 0.0122201172992
2.55 0.0122202328033
2.56 0.0122201603755
2.57 0.0122199014843
2.58 0.0122194575899
2.59 0.0122188301437
2.6 0.0122180205886
2.61 0.0122170303593
2.62 0.0122158608816
2.63 0.0122145135733
2.64 0.0122129898436
2.65 0.0122112910936
2.66 0.012209418716
2.67 0.0122073740952
2.68 0.0122051586077
2.69 0.0122027736217
2.7 0.0122002204972
2.71 0.0121975005863
2.72 0.0121946152331
2.73 0.0121915657737
2.74 0.0121883535363
2.75 0.0121849798412
2.76 0.0121814460007
2.77 0.0121777533197
2.78 0.0121739030949
2.79 0.0121698966156
2.8 0.0121657351633
2.81 0.0121614200119
2.82 0.0121569524276
2.83 0.0121523336691
2.84 0.0121475649878
2.85 0.0121426476272
2.86 0.0121375828238
2.87 0.0121323718063
2.88 0.0121270157964
2.89 0.0121215160082
2.9 0.0121158736488
2.91 0.0121100899177
2.92 0.0121041660075
2.93 0.0120981031036
2.94 0.012091902384
2.95 0.01208556502
2.96 0.0120790921755
2.97 0.0120724850076
2.98 0.0120657446664
2.99 0.0120588722949
3.0 0.0120518690293
3.01 0.0120447359991
3.02 0.0120374743267
3.03 0.0120300851278
3.04 0.0120225695114
3.05 0.0120149285796
3.06 0.012007163428
3.07 0.0119992751456
3.08 0.0119912648144
3.09 0.0119831335103
3.1 0.0119748823024
3.11 0.0119665122532
3.12 0.0119580244189
3.13 0.0119494198492
3.14 0.0119406995874
3.15 0.0119318646703
3.16 0.0119229161286
3.17 0.0119138549865
3.18 0.0119046822619
3.19 0.0118953989666
3.2 0.0118860061062
3.21 0.0118765046799
3.22 0.011866895681
3.23 0.0118571800966
3.24 0.0118473589077
3.25 0.0118374330893
3.26 0.0118274036104
3.27 0.0118172714339
3.28 0.0118070375168
3.29 0.0117967028104
3.3 0.0117862682598
3.31 0.0117757348045
3.32 0.0117651033779
3.33 0.0117543749078
3.34 0.0117435503164
3.35 0.0117326305197
3.36 0.0117216164285
3.37 0.0117105089477
3.38 0.0116993089765
3.39 0.0116880174086
3.4 0.011676635132
3.41 0.0116651630294
3.42 0.0116536019778
3.43 0.0116419528488
3.44 0.0116302165083
3.45 0.0116183938171
3.46 0.0116064856304
3.47 0.0115944927981
3.48 0.0115824161648
3.49 0.0115702565696
3.5 0.0115580148467
3.51 0.0115456918245
3.52 0.0115332883267
3.53 0.0115208051714
3.54 0.0115082431719
3.55 0.0114956031359
3.56 0.0114828858664
3.57 0.0114700921612
3.58 0.0114572228129
3.59 0.0114442786092
3.6 0.0114312603327
3.61 0.0114181687611
3.62 0.0114050046672
3.63 0.0113917688187
3.64 0.0113784619786
3.65 0.0113650849049
3.66 0.0113516383507
3.67 0.0113381230645
3.68 0.0113245397899
3.69 0.0113108892655
3.7 0.0112971722256
3.71 0.0112833893995
3.72 0.0112695415118
3.73 0.0112556292826
3.74 0.0112416534272
3.75 0.0112276146564
3.76 0.0112135136763
3.77 0.0111993511886
3.78 0.0111851278903
3.79 0.011170844474
3.8 0.0111565016277
3.81 0.0111421000351
3.82 0.0111276403753
3.83 0.0111131233231
3.84 0.0110985495488
3.85 0.0110839197185
3.86 0.0110692344937
3.87 0.0110544945318
3.88 0.0110397004859
3.89 0.0110248530047
3.9 0.0110099527327
3.91 0.0109950003103
3.92 0.0109799963734
3.93 0.0109649415541
3.94 0.01094983648
3.95 0.0109346817748
3.96 0.010919478058
3.97 0.0109042259451
3.98 0.0108889260473
3.99 0.0108735789721
4.0 0.0108581853226
4.01 0.0108427456983
4.02 0.0108272606943
4.03 0.0108117309022
4.04 0.0107961569092
4.05 0.010780539299
4.06 0.0107648786512
4.07 0.0107491755415
4.08 0.0107334305419
4.09 0.0107176442204
4.1 0.0107018171414
4.11 0.0106859498653
4.12 0.010670042949
4.13 0.0106540969453
4.14 0.0106381124036
4.15 0.0106220898696
4.16 0.0106060298849
4.17 0.0105899329881
4.18 0.0105737997136
4.19 0.0105576305924
4.2 0.0105414261519
4.21 0.010525186916
4.22 0.0105089134049
4.23 0.0104926061353
4.24 0.0104762656205
4.25 0.01045989237
4.26 0.0104434868903
4.27 0.0104270496839
4.28 0.0104105812503
4.29 0.0103940820853
4.3 0.0103775526815
4.31 0.010360993528
4.32 0.0103444051104
4.33 0.0103277879113
4.34 0.0103111424097
4.35 0.0102944690813
4.36 0.0102777683987
4.37 0.0102610408311
4.38 0.0102442868444
4.39 0.0102275069014
4.4 0.0102107014616
4.41 0.0101938709812
4.42 0.0101770159134
4.43 0.0101601367082
4.44 0.0101432338124
4.45 0.0101263076697
4.46 0.0101093587207
4.47 0.0100923874028
4.48 0.0100753941506
4.49 0.0100583793954
4.5 0.0100413435654
4.51 0.0100242870861
4.52 0.0100072103796
4.53 0.00999011386543
4.54 0.00997299795977
4.55 0.00995586307606
4.56 0.00993870962474
4.57 0.00992153801335
4.58 0.00990434864649
4.59 0.00988714192591
4.6 0.00986991825047
4.61 0.00985267801618
4.62 0.0098354216162
4.63 0.00981814944089
4.64 0.00980086187778
4.65 0.00978355931162
4.66 0.00976624212439
4.67 0.00974891069529
4.68 0.00973156540081
4.69 0.00971420661468
4.7 0.00969683470794
4.71 0.00967945004892
4.72 0.00966205300328
4.73 0.00964464393399
4.74 0.00962722320141
4.75 0.00960979116323
4.76 0.00959234817454
4.77 0.0095748945878
4.78 0.00955743075292
4.79 0.00953995701719
4.8 0.00952247372537
4.81 0.00950498121966
4.82 0.00948747983974
4.83 0.00946996992277
4.84 0.00945245180338
4.85 0.00943492581377
4.86 0.00941739228361
4.87 0.00939985154014
4.88 0.00938230390815
4.89 0.00936474970999
4.9 0.00934718926562
4.91 0.00932962289256
4.92 0.00931205090597
4.93 0.00929447361862
4.94 0.00927689134092
4.95 0.00925930438094
4.96 0.00924171304441
4.97 0.00922411763475
4.98 0.00920651845305
4.99 0.00918891579813
5.0 0.00917130996651
5.01 0.00915370125246
5.02 0.00913608994799
5.03 0.00911847634287
5.04 0.00910086072464
5.05 0.00908324337862
5.06 0.00906562458794
5.07 0.00904800463354
5.08 0.00903038379417
5.09 0.00901276234644
5.1 0.00899514056478
5.11 0.00897751872152
5.12 0.00895989708682
5.13 0.00894227592875
5.14 0.0089246555133
5.15 0.00890703610433
5.16 0.00888941796366
5.17 0.00887180135102
5.18 0.0088541865241
5.19 0.00883657373855
5.2 0.008818963248
5.21 0.00880135530404
5.22 0.00878375015629
5.23 0.00876614805234
5.24 0.00874854923784
5.25 0.00873095395644
5.26 0.00871336244985
5.27 0.00869577495783
5.28 0.0086781917182
5.29 0.00866061296687
5.3 0.00864303893783
5.31 0.00862546986317
5.32 0.0086079059731
5.33 0.00859034749594
5.34 0.00857279465816
5.35 0.00855524768437
5.36 0.00853770679733
5.37 0.00852017221796
5.38 0.00850264416539
5.39 0.0084851228569
5.4 0.008467608508
5.41 0.00845010133239
5.42 0.00843260154201
5.43 0.00841510934701
5.44 0.00839762495581
5.45 0.00838014857505
5.46 0.00836268040967
5.47 0.00834522066284
5.48 0.00832776953607
5.49 0.00831032722912
5.5 0.00829289394006
5.51 0.0082754698653
5.52 0.00825805519956
5.53 0.00824065013588
5.54 0.00822325486568
5.55 0.0082058695787
5.56 0.00818849446308
5.57 0.0081711297053
5.58 0.00815377549025
5.59 0.00813643200121
5.6 0.00811909941985
5.61 0.00810177792628
5.62 0.00808446769901
5.63 0.008067168915
5.64 0.00804988174964
5.65 0.00803260637679
5.66 0.00801534296875
5.67 0.00799809169631
5.68 0.00798085272873
5.69 0.00796362623376
5.7 0.00794641237765
5.71 0.00792921132517
5.72 0.00791202323959
5.73 0.00789484828271
5.74 0.00787768661488
5.75 0.00786053839498
5.76 0.00784340378045
5.77 0.00782628292729
5.78 0.00780917599006
5.79 0.00779208312193
5.8 0.00777500447462
5.81 0.00775794019849
5.82 0.00774089044246
5.83 0.0077238553541
5.84 0.00770683507959
5.85 0.00768982976375
5.86 0.00767283955002
5.87 0.00765586458051
5.88 0.00763890499597
5.89 0.00762196093584
5.9 0.00760503253821
5.91 0.00758811993985
5.92 0.00757122327624
5.93 0.00755434268155
5.94 0.00753747828865
5.95 0.00752063022914
5.96 0.00750379863331
5.97 0.00748698363021
5.98 0.00747018534763
5.99 0.00745340391208
6.0 0.00743663944886
6.01 0.007419892082
6.02 0.00740316193431
6.03 0.00738644912738
6.04 0.00736975378159
6.05 0.00735307601611
6.06 0.0073364159489
6.07 0.00731977369674
6.08 0.00730314937522
6.09 0.00728654309875
6.1 0.00726995498058
6.11 0.00725338513278
6.12 0.0072368336663
6.13 0.0072203006909
6.14 0.00720378631523
6.15 0.00718729064679
6.16 0.00717081379197
6.17 0.00715435585601
6.18 0.00713791694309
6.19 0.00712149715623
6.2 0.00710509659739
6.21 0.00708871536743
6.22 0.00707235356613
6.23 0.00705601129217
6.24 0.00703968864319
6.25 0.00702338571576
6.26 0.00700710260537
6.27 0.00699083940651
6.28 0.00697459621258
6.29 0.00695837311596
6.3 0.00694217020801
6.31 0.00692598757907
6.32 0.00690982531844
6.33 0.00689368351443
6.34 0.00687756225435
6.35 0.0068614616245
6.36 0.0068453817102
6.37 0.00682932259579
6.38 0.00681328436463
6.39 0.00679726709909
6.4 0.00678127088061
6.41 0.00676529578964
6.42 0.00674934190571
6.43 0.00673340930737
6.44 0.00671749807226
6.45 0.00670160827707
6.46 0.00668573999758
6.47 0.00666989330862
6.48 0.00665406828412
6.49 0.00663826499713
6.5 0.00662248351974
6.51 0.00660672392319
6.52 0.00659098627781
6.53 0.00657527065305
6.54 0.00655957711747
6.55 0.00654390573876
6.56 0.00652825658376
6.57 0.00651262971843
6.58 0.00649702520788
6.59 0.00648144311636
6.6 0.00646588350729
6.61 0.00645034644324
6.62 0.00643483198595
6.63 0.00641934019633
6.64 0.00640387113448
6.65 0.00638842485965
6.66 0.00637300143033
6.67 0.00635760090415
6.68 0.00634222333797
6.69 0.00632686878785
6.7 0.00631153730906
6.71 0.00629622895608
6.72 0.00628094378262
6.73 0.0062656818416
6.74 0.00625044318519
6.75 0.00623522786478
6.76 0.00622003593101
6.77 0.00620486743378
6.78 0.0061897224222
6.79 0.00617460094469
6.8 0.00615950304889
6.81 0.00614442878173
6.82 0.0061293781894
6.83 0.00611435131737
6.84 0.0060993482104
6.85 0.00608436891253
6.86 0.00606941346709
6.87 0.00605448191671
6.88 0.00603957430332
6.89 0.00602469066815
6.9 0.00600983105176
6.91 0.00599499549399
6.92 0.00598018403405
6.93 0.00596539671044
6.94 0.00595063356099
6.95 0.00593589462288
6.96 0.00592117993262
6.97 0.00590648952607
6.98 0.00589182343843
6.99 0.00587718170426
7.0 0.00586256435747
7.01 0.00584797143134
7.02 0.00583340295852
7.03 0.00581885897101
7.04 0.00580433950021
7.05 0.00578984457688
7.06 0.00577537423118
7.07 0.00576092849265
7.08 0.00574650739022
7.09 0.00573211095222
7.1 0.00571773920639
7.11 0.00570339217987
7.12 0.00568906989919
7.13 0.00567477239032
7.14 0.00566049967865
7.15 0.00564625178896
7.16 0.0056320287455
7.17 0.00561783057192
7.18 0.00560365729131
7.19 0.00558950892621
7.2 0.00557538549859
7.21 0.00556128702987
7.22 0.00554721354092
7.23 0.00553316505207
7.24 0.00551914158311
7.25 0.00550514315328
7.26 0.0054911697813
7.27 0.00547722148536
7.28 0.0054632982831
7.29 0.00544940019168
7.3 0.0054355272277
7.31 0.00542167940728
7.32 0.00540785674601
7.33 0.00539405925897
7.34 0.00538028696075
7.35 0.00536653986544
7.36 0.00535281798661
7.37 0.00533912133738
7.38 0.00532544993035
7.39 0.00531180377763
7.4 0.00529818289088
7.41 0.00528458728127
7.42 0.00527101695947
7.43 0.00525747193571
7.44 0.00524395221975
7.45 0.00523045782087
7.46 0.0052169887479
7.47 0.00520354500923
7.48 0.00519012661276
7.49 0.00517673356597
7.5 0.00516336587588
7.51 0.00515002354907
7.52 0.00513670659169
7.53 0.00512341500944
7.54 0.0051101488076
7.55 0.005096907991
7.56 0.00508369256406
7.57 0.00507050253078
7.58 0.00505733789473
7.59 0.00504419865906
7.6 0.00503108482653
7.61 0.00501799639945
7.62 0.00500493337977
7.63 0.00499189576901
7.64 0.00497888356827
7.65 0.0049658967783
7.66 0.00495293539941
7.67 0.00493999943154
7.68 0.00492708887426
7.69 0.00491420372671
7.7 0.00490134398768
7.71 0.00488850965558
7.72 0.00487570072843
7.73 0.00486291720387
7.74 0.00485015907921
7.75 0.00483742635134
7.76 0.00482471901682
7.77 0.00481203707184
7.78 0.00479938051223
7.79 0.00478674933345
7.8 0.00477414353064
7.81 0.00476156309856
7.82 0.00474900803163
7.83 0.00473647832394
7.84 0.00472397396921
7.85 0.00471149496085
7.86 0.00469904129191
7.87 0.00468661295513
7.88 0.0046742099429
7.89 0.00466183224729
7.9 0.00464947986003
7.91 0.00463715277256
7.92 0.00462485097596
7.93 0.00461257446102
7.94 0.00460032321822
7.95 0.00458809723769
7.96 0.00457589650929
7.97 0.00456372102255
7.98 0.00455157076672
7.99 0.00453944573071
8.0 0.00452734590316
8.01 0.0045152712724
8.02 0.00450322182648
8.03 0.00449119755314
8.04 0.00447919843984
8.05 0.00446722447374
8.06 0.00445527564175
8.07 0.00444335193046
8.08 0.00443145332619
8.09 0.00441957981499
8.1 0.00440773138263
8.11 0.00439590801462
8.12 0.00438410969618
8.13 0.00437233641227
8.14 0.00436058814758
8.15 0.00434886488656
8.16 0.00433716661336
8.17 0.0043254933119
8.18 0.00431384496583
8.19 0.00430222155855
8.2 0.00429062307322
8.21 0.00427904949274
8.22 0.00426750079974
8.23 0.00425597697664
8.24 0.00424447800561
8.25 0.00423300386855
8.26 0.00422155454716
8.27 0.00421013002288
8.28 0.00419873027692
8.29 0.00418735529026
8.3 0.00417600504365
8.31 0.00416467951761
8.32 0.00415337869242
8.33 0.00414210254817
8.34 0.0041308510647
8.35 0.00411962422163
8.36 0.00410842199838
8.37 0.00409724437413
8.38 0.00408609132787
8.39 0.00407496283837
8.4 0.00406385888417
8.41 0.00405277944364
8.42 0.00404172449491
8.43 0.00403069401593
8.44 0.00401968798442
8.45 0.00400870637793
8.46 0.00399774917379
8.47 0.00398681634915
8.48 0.00397590788094
8.49 0.00396502374594
8.5 0.00395416392069
8.51 0.00394332838158
8.52 0.00393251710478
8.53 0.0039217300663
8.54 0.00391096724197
8.55 0.00390022860741
8.56 0.00388951413808
8.57 0.00387882380926
8.58 0.00386815759605
8.59 0.00385751547338
8.6 0.003846897416
8.61 0.0038363033985
8.62 0.00382573339529
8.63 0.0038151873806
8.64 0.00380466532854
8.65 0.003794167213
8.66 0.00378369300774
8.67 0.00377324268636
8.68 0.00376281622228
8.69 0.00375241358879
8.7 0.00374203475899
8.71 0.00373167970586
8.72 0.0037213484022
8.73 0.00371104082068
8.74 0.0037007569338
8.75 0.00369049671394
8.76 0.00368026013329
8.77 0.00367004716395
8.78 0.00365985777783
8.79 0.00364969194672
8.8 0.00363954964227
8.81 0.00362943083599
8.82 0.00361933549924
8.83 0.00360926360327
8.84 0.00359921511916
8.85 0.0035891900179
8.86 0.00357918827031
8.87 0.00356920984711
8.88 0.00355925471887
8.89 0.00354932285605
8.9 0.00353941422897
8.91 0.00352952880784
8.92 0.00351966656273
8.93 0.00350982746361
8.94 0.00350001148032
8.95 0.00349021858257
8.96 0.00348044873998
8.97 0.00347070192202
8.98 0.00346097809808
8.99 0.00345127723743
9.0 0.0034415993092
9.01 0.00343194428244
9.02 0.00342231212608
9.03 0.00341270280895
9.04 0.00340311629976
9.05 0.00339355256714
9.06 0.00338401157958
9.07 0.0033744933055
9.08 0.0033649977132
9.09 0.0033555247709
9.1 0.0033460744467
9.11 0.00333664670861
9.12 0.00332724152455
9.13 0.00331785886234
9.14 0.0033084986897
9.15 0.00329916097429
9.16 0.00328984568363
9.17 0.00328055278518
9.18 0.00327128224631
9.19 0.00326203403431
9.2 0.00325280811635
9.21 0.00324360445956
9.22 0.00323442303095
9.23 0.00322526379746
9.24 0.00321612672596
9.25 0.00320701178323
9.26 0.00319791893596
9.27 0.00318884815077
9.28 0.00317979939422
9.29 0.00317077263277
9.3 0.00316176783281
9.31 0.00315278496067
9.32 0.0031438239826
9.33 0.00313488486476
9.34 0.00312596757327
9.35 0.00311707207416
9.36 0.00310819833341
9.37 0.0030993463169
9.38 0.00309051599049
9.39 0.00308170731993
9.4 0.00307292027093
9.41 0.00306415480914
9.42 0.00305541090014
9.43 0.00304668850944
9.44 0.0030379876025
9.45 0.00302930814473
9.46 0.00302065010147
9.47 0.00301201343799
9.48 0.00300339811954
9.49 0.00299480411128
9.5 0.00298623137833
9.51 0.00297767988577
9.52 0.00296914959859
9.53 0.00296064048178
9.54 0.00295215250023
9.55 0.00294368561881
9.56 0.00293523980234
9.57 0.00292681501558
9.58 0.00291841122325
9.59 0.00291002839002
9.6 0.00290166648054
9.61 0.00289332545937
9.62 0.00288500529106
9.63 0.00287670594012
9.64 0.00286842737099
9.65 0.00286016954811
9.66 0.00285193243583
9.67 0.00284371599852
9.68 0.00283552020046
9.69 0.00282734500592
9.7 0.00281919037913
9.71 0.00281105628428
9.72 0.00280294268553
9.73 0.002794849547
9.74 0.00278677683279
9.75 0.00277872450695
9.76 0.00277069253351
9.77 0.00276268087647
9.78 0.0027546894998
9.79 0.00274671836742
9.8 0.00273876744327
9.81 0.0027308366912
9.82 0.00272292607509
9.83 0.00271503555876
9.84 0.00270716510601
9.85 0.00269931468064
9.86 0.00269148424638
9.87 0.00268367376698
9.88 0.00267588320615
9.89 0.00266811252758
9.9 0.00266036169493
9.91 0.00265263067186
9.92 0.002644919422
9.93 0.00263722790895
9.94 0.00262955609632
9.95 0.00262190394767
9.96 0.00261427142657
9.97 0.00260665849656
9.98 0.00259906512116
9.99 0.0025914912639
