3.13553157694
0.1 0.00125958081905
0.11 0.00138155748007
0.12 0.00150282272728
0.13 0.00162337964206
0.14 0.00174323129394
0.15 0.00186238074068
0.16 0.00198083102826
0.17 0.00209858519099
0.18 0.00221564625147
0.19 0.00233201722071
0.2 0.00244770109814
0.21 0.00256270087162
0.22 0.00267701951755
0.23 0.00279066000084
0.24 0.002903625275
0.25 0.00301591828218
0.26 0.00312754195316
0.27 0.00323849920747
0.28 0.00334879295335
0.29 0.00345842608785
0.3 0.00356740149686
0.31 0.0036757220551
0.32 0.00378339062624
0.33 0.00389041006288
0.34 0.00399678320661
0.35 0.00410251288805
0.36 0.0042076019269
0.37 0.00431205313196
0.38 0.00441586930116
0.39 0.00451905322165
0.4 0.00462160766979
0.41 0.00472353541119
0.42 0.00482483920078
0.43 0.00492552178284
0.44 0.00502558589102
0.45 0.00512503424837
0.46 0.00522386956743
0.47 0.00532209455022
0.48 0.0054197118883
0.49 0.00551672426278
0.5 0.00561313434441
0.51 0.00570894479356
0.52 0.00580415826029
0.53 0.0058987773844
0.54 0.00599280479543
0.55 0.00608624311271
0.56 0.00617909494542
0.57 0.0062713628926
0.58 0.0063630495432
0.59 0.00645415747609
0.6 0.00654468926017
0.61 0.00663464745429
0.62 0.00672403460741
0.63 0.00681285325853
0.64 0.00690110593681
0.65 0.00698879516155
0.66 0.00707592344225
0.67 0.00716249327863
0.68 0.00724850716069
0.69 0.00733396756873
0.7 0.00741887697337
0.71 0.00750323783562
0.72 0.00758705260689
0.73 0.00767032372903
0.74 0.00775305363436
0.75 0.00783524474573
0.76 0.0079168994765
0.77 0.00799802023064
0.78 0.00807860940272
0.79 0.00815866937797
0.8 0.00823820253227
0.81 0.00831721123226
0.82 0.00839569783529
0.83 0.00847366468952
0.84 0.00855111413391
0.85 0.00862804849826
0.86 0.00870447010328
0.87 0.00878038126058
0.88 0.00885578427273
0.89 0.00893068143325
0.9 0.00900507502672
0.91 0.00907896732873
0.92 0.00915236060598
0.93 0.00922525711625
0.94 0.00929765910849
0.95 0.00936956882282
0.96 0.00944098849057
0.97 0.00951192033431
0.98 0.00958236656788
0.99 0.00965232939643
1.0 0.00972181101644
1.01 0.00979081361576
1.02 0.00985933937365
1.03 0.0099273904608
1.04 0.00999496903933
1.05 0.0100620772629
1.06 0.0101287172767
1.07 0.0101948912174
1.08 0.0102606012133
1.09 0.0103258493843
1.1 0.0103906378421
1.11 0.0104549686898
1.12 0.0105188440225
1.13 0.0105822659267
1.14 0.010645236481
1.15 0.0107077577557
1.16 0.0107698318128
1.17 0.0108314607062
1.18 0.0108926464819
1.19 0.0109533911776
1.2 0.0110136968229
1.21 0.0110735654396
1.22 0.0111329990413
1.23 0.0111919996338
1.24 0.0112505692149
1.25 0.0113087097744
1.26 0.0113664232944
1.27 0.0114237117489
1.28 0.0114805771044
1.29 0.0115370213194
1.3 0.0115930463447
1.31 0.0116486541233
1.32 0.0117038465906
1.33 0.0117586256742
1.34 0.0118129932941
1.35 0.0118669513629
1.36 0.0119205017852
1.37 0.0119736464583
1.38 0.0120263872719
1.39 0.0120787261082
1.4 0.0121306648419
1.41 0.0121822053402
1.42 0.0122333494631
1.43 0.0122840990629
1.44 0.0123344559846
1.45 0.012384422066
1.46 0.0124339991375
1.47 0.0124831890221
1.48 0.0125319935358
1.49 0.012580414487
1.5 0.0126284536772
1.51 0.0126761129005
1.52 0.012723393944
1.53 0.0127702985877
1.54 0.0128168286042
1.55 0.0128629857594
1.56 0.0129087718118
1.57 0.0129541885131
1.58 0.012999237608
1.59 0.013043920834
1.6 0.013088239922
1.61 0.0131321965956
1.62 0.0131757925718
1.63 0.0132190295605
1.64 0.0132619092649
1.65 0.0133044333814
1.66 0.0133466035995
1.67 0.0133884216018
1.68 0.0134298890645
1.69 0.0134710076569
1.7 0.0135117790414
1.71 0.013552204874
1.72 0.0135922868041
1.73 0.0136320264741
1.74 0.0136714255202
1.75 0.0137104855718
1.76 0.0137492082519
1.77 0.0137875951767
1.78 0.0138256479562
1.79 0.0138633681938
1.8 0.0139007574864
1.81 0.0139378174245
1.82 0.0139745495922
1.83 0.0140109555673
1.84 0.0140470369211
1.85 0.0140827952186
1.86 0.0141182320185
1.87 0.0141533488732
1.88 0.0141881473289
1.89 0.0142226289255
1.9 0.0142567951967
1.91 0.0142906476699
1.92 0.0143241878664
1.93 0.0143574173015
1.94 0.0143903374841
1.95 0.0144229499172
1.96 0.0144552560975
1.97 0.014487257516
1.98 0.0145189556573
1.99 0.014550352
2.0 0.0145814480171
2.01 0.0146122451752
2.02 0.0146427449351
2.03 0.0146729487517
2.04 0.0147028580739
2.05 0.0147324743449
2.06 0.0147617990019
2.07 0.0147908334763
2.08 0.0148195791936
2.09 0.0148480375737
2.1 0.0148762100304
2.11 0.0149040979721
2.12 0.0149317028013
2.13 0.0149590259147
2.14 0.0149860687034
2.15 0.015012832553
2.16 0.0150393188432
2.17 0.0150655289482
2.18 0.0150914642365
2.19 0.015117126071
2.2 0.0151425158094
2.21 0.0151676348032
2.22 0.0151924843991
2.23 0.0152170659377
2.24 0.0152413807544
2.25 0.0152654301792
2.26 0.0152892155365
2.27 0.0153127381453
2.28 0.0153359993193
2.29 0.0153590003668
2.3 0.0153817425906
2.31 0.0154042272883
2.32 0.0154264557521
2.33 0.0154484292691
2.34 0.0154701491207
2.35 0.0154916165836
2.36 0.0155128329287
2.37 0.0155337994221
2.38 0.0155545173244
2.39 0.0155749878913
2.4 0.0155952123731
2.41 0.0156151920151
2.42 0.0156349280574
2.43 0.0156544217349
2.44 0.0156736742777
2.45 0.0156926869106
2.46 0.0157114608534
2.47 0.0157299973208
2.48 0.0157482975228
2.49 0.015766362664
2.5 0.0157841939442
2.51 0.0158017925584
2.52 0.0158191596964
2.53 0.0158362965432
2.54 0.0158532042789
2.55 0.0158698840788
2.56 0.0158863371133
2.57 0.0159025645477
2.58 0.0159185675429
2.59 0.0159343472546
2.6 0.0159499048341
2.61 0.0159652414276
2.62 0.0159803581766
2.63 0.0159952562181
2.64 0.0160099366841
2.65 0.016024400702
2.66 0.0160386493946
2.67 0.01605268388
2.68 0.0160665052714
2.69 0.0160801146778
2.7 0.0160935132033
2.71 0.0161067019475
2.72 0.0161196820054
2.73 0.0161324544674
2.74 0.0161450204194
2.75 0.0161573809428
2.76 0.0161695371144
2.77 0.0161814900066
2.78 0.0161932406874
2.79 0.0162047902201
2.8 0.0162161396637
2.81 0.0162272900728
2.82 0.0162382424976
2.83 0.0162489979838
2.84 0.0162595575728
2.85 0.0162699223016
2.86 0.0162800932029
2.87 0.0162900713051
2.88 0.0162998576323
2.89 0.0163094532042
2.9 0.0163188590362
2.91 0.0163280761397
2.92 0.0163371055215
2.93 0.0163459481845
2.94 0.0163546051271
2.95 0.0163630773437
2.96 0.0163713658245
2.97 0.0163794715554
2.98 0.0163873955184
2.99 0.016395138691
3.0 0.0164027020469
3.01 0.0164100865556
3.02 0.0164172931825
3.03 0.0164243228889
3.04 0.0164311766321
3.05 0.0164378553653
3.06 0.0164443600377
3.07 0.0164506915946
3.08 0.0164568509771
3.09 0.0164628391224
3.1 0.0164686569638
3.11 0.0164743054307
3.12 0.0164797854484
3.13 0.0164850979382
3.14 0.0164902438179
3.15 0.0164952240011
3.16 0.0165000393975
3.17 0.016504690913
3.18 0.0165091794498
3.19 0.0165135059061
3.2 0.0165176711763
3.21 0.0165216761511
3.22 0.0165255217173
3.23 0.0165292087579
3.24 0.0165327381523
3.25 0.016536110776
3.26 0.0165393275009
3.27 0.0165423891951
3.28 0.016545296723
3.29 0.0165480509453
3.3 0.0165506527191
3.31 0.0165531028978
3.32 0.0165554023312
3.33 0.0165575518652
3.34 0.0165595523426
3.35 0.0165614046021
3.36 0.016563109479
3.37 0.0165646678051
3.38 0.0165660804086
3.39 0.0165673481141
3.4 0.0165684717425
3.41 0.0165694521116
3.42 0.0165702900354
3.43 0.0165709863243
3.44 0.0165715417855
3.45 0.0165719572226
3.46 0.0165722334358
3.47 0.0165723712216
3.48 0.0165723713735
3.49 0.0165722346812
3.5 0.0165719619313
3.51 0.0165715539068
3.52 0.0165710113873
3.53 0.0165703351492
3.54 0.0165695259656
3.55 0.0165685846059
3.56 0.0165675118366
3.57 0.0165663084206
3.58 0.0165649751176
3.59 0.0165635126841
3.6 0.0165619218731
3.61 0.0165602034346
3.62 0.0165583581152
3.63 0.0165563866582
3.64 0.0165542898039
3.65 0.0165520682891
3.66 0.0165497228477
3.67 0.0165472542101
3.68 0.0165446631039
3.69 0.0165419502531
3.7 0.0165391163789
3.71 0.0165361621993
3.72 0.016533088429
3.73 0.0165298957797
3.74 0.01652658496
3.75 0.0165231566754
3.76 0.0165196116283
3.77 0.0165159505182
3.78 0.0165121740412
3.79 0.0165082828906
3.8 0.0165042777568
3.81 0.0165001593268
3.82 0.0164959282849
3.83 0.0164915853122
3.84 0.0164871310871
3.85 0.0164825662847
3.86 0.0164778915772
3.87 0.0164731076342
3.88 0.0164682151218
3.89 0.0164632147036
3.9 0.0164581070402
3.91 0.0164528927891
3.92 0.0164475726052
3.93 0.0164421471402
3.94 0.0164366170432
3.95 0.0164309829604
3.96 0.0164252455349
3.97 0.0164194054072
3.98 0.016413463215
3.99 0.016407419593
4.0 0.0164012751733
4.01 0.016395030585
4.02 0.0163886864546
4.03 0.0163822434057
4.04 0.0163757020591
4.05 0.0163690630331
4.06 0.016362326943
4.07 0.0163554944014
4.08 0.0163485660183
4.09 0.016341542401
4.1 0.0163344241539
4.11 0.0163272118789
4.12 0.0163199061751
4.13 0.0163125076392
4.14 0.0163050168648
4.15 0.0162974344433
4.16 0.0162897609631
4.17 0.0162819970102
4.18 0.016274143168
4.19 0.016266200017
4.2 0.0162581681355
4.21 0.016250048099
4.22 0.0162418404805
4.23 0.0162335458502
4.24 0.0162251647762
4.25 0.0162166978236
4.26 0.0162081455552
4.27 0.0161995085313
4.28 0.0161907873096
4.29 0.0161819824453
4.3 0.016173094491
4.31 0.0161641239971
4.32 0.0161550715113
4.33 0.0161459375789
4.34 0.0161367227426
4.35 0.016127427543
4.36 0.0161180525179
4.37 0.0161085982029
4.38 0.016099065131
4.39 0.016089453833
4.4 0.0160797648372
4.41 0.0160699986694
4.42 0.0160601558531
4.43 0.0160502369096
4.44 0.0160402423576
4.45 0.0160301727135
4.46 0.0160200284914
4.47 0.0160098102031
4.48 0.015999518358
4.49 0.0159891534633
4.5 0.0159787160237
4.51 0.0159682065418
4.52 0.0159576255177
4.53 0.0159469734494
4.54 0.0159362508326
4.55 0.0159254581606
4.56 0.0159145959247
4.57 0.0159036646138
4.58 0.0158926647145
4.59 0.0158815967112
4.6 0.0158704610863
4.61 0.0158592583197
4.62 0.0158479888892
4.63 0.0158366532705
4.64 0.015825251937
4.65 0.0158137853599
4.66 0.0158022540085
4.67 0.0157906583497
4.68 0.0157789988481
4.69 0.0157672759666
4.7 0.0157554901656
4.71 0.0157436419036
4.72 0.0157317316367
4.73 0.0157197598193
4.74 0.0157077269034
4.75 0.0156956333389
4.76 0.0156834795739
4.77 0.0156712660541
4.78 0.0156589932233
4.79 0.0156466615233
4.8 0.0156342713936
4.81 0.015621823272
4.82 0.015609317594
4.83 0.0155967547932
4.84 0.0155841353011
4.85 0.0155714595474
4.86 0.0155587279595
4.87 0.0155459409629
4.88 0.0155330989814
4.89 0.0155202024364
4.9 0.0155072517475
4.91 0.0154942473325
4.92 0.0154811896071
4.93 0.0154680789849
4.94 0.0154549158779
4.95 0.0154417006959
4.96 0.0154284338469
4.97 0.0154151157369
4.98 0.0154017467702
4.99 0.0153883273489
5.0 0.0153748578735
5.01 0.0153613387423
5.02 0.015347770352
5.03 0.0153341530974
5.04 0.0153204873712
5.05 0.0153067735645
5.06 0.0152930120665
5.07 0.0152792032645
5.08 0.015265347544
5.09 0.0152514452886
5.1 0.0152374968802
5.11 0.0152235026989
5.12 0.0152094631229
5.13 0.0151953785286
5.14 0.0151812492907
5.15 0.015167075782
5.16 0.0151528583737
5.17 0.0151385974351
5.18 0.0151242933338
5.19 0.0151099464355
5.2 0.0150955571043
5.21 0.0150811257027
5.22 0.0150666525911
5.23 0.0150521381285
5.24 0.015037582672
5.25 0.0150229865771
5.26 0.0150083501975
5.27 0.0149936738852
5.28 0.0149789579906
5.29 0.0149642028624
5.3 0.0149494088476
5.31 0.0149345762914
5.32 0.0149197055376
5.33 0.0149047969282
5.34 0.0148898508035
5.35 0.0148748675022
5.36 0.0148598473613
5.37 0.0148447907165
5.38 0.0148296979013
5.39 0.0148145692481
5.4 0.0147994050875
5.41 0.0147842057484
5.42 0.0147689715582
5.43 0.0147537028427
5.44 0.0147383999262
5.45 0.0147230631312
5.46 0.0147076927789
5.47 0.0146922891887
5.48 0.0146768526786
5.49 0.0146613835649
5.5 0.0146458821626
5.51 0.0146303487848
5.52 0.0146147837434
5.53 0.0145991873486
5.54 0.0145835599091
5.55 0.0145679017321
5.56 0.0145522131234
5.57 0.014536494387
5.58 0.0145207458258
5.59 0.0145049677408
5.6 0.0144891604319
5.61 0.0144733241972
5.62 0.0144574593335
5.63 0.0144415661361
5.64 0.0144256448989
5.65 0.0144096959142
5.66 0.014393719473
5.67 0.0143777158648
5.68 0.0143616853776
5.69 0.014345628298
5.7 0.0143295449112
5.71 0.0143134355011
5.72 0.0142973003499
5.73 0.0142811397387
5.74 0.014264953947
5.75 0.0142487432529
5.76 0.0142325079332
5.77 0.0142162482634
5.78 0.0141999645173
5.79 0.0141836569677
5.8 0.0141673258858
5.81 0.0141509715415
5.82 0.0141345942033
5.83 0.0141181941384
5.84 0.0141017716127
5.85 0.0140853268907
5.86 0.0140688602355
5.87 0.014052371909
5.88 0.0140358621718
5.89 0.0140193312829
5.9 0.0140027795004
5.91 0.0139862070807
5.92 0.0139696142791
5.93 0.0139530013497
5.94 0.0139363685451
5.95 0.0139197161168
5.96 0.0139030443147
5.97 0.0138863533879
5.98 0.0138696435839
5.99 0.0138529151489
6.0 0.013836168328
6.01 0.0138194033651
6.02 0.0138026205027
6.03 0.013785819982
6.04 0.0137690020432
6.05 0.0137521669251
6.06 0.0137353148652
6.07 0.0137184461
6.08 0.0137015608646
6.09 0.013684659393
6.1 0.0136677419179
6.11 0.0136508086709
6.12 0.0136338598822
6.13 0.013616895781
6.14 0.0135999165953
6.15 0.0135829225518
6.16 0.0135659138762
6.17 0.0135488907928
6.18 0.013531853525
6.19 0.0135148022947
6.2 0.0134977373229
6.21 0.0134806588294
6.22 0.0134635670328
6.23 0.0134464621506
6.24 0.0134293443991
6.25 0.0134122139935
6.26 0.0133950711479
6.27 0.0133779160752
6.28 0.0133607489873
6.29 0.0133435700949
6.3 0.0133263796075
6.31 0.0133091777337
6.32 0.0132919646808
6.33 0.0132747406551
6.34 0.0132575058619
6.35 0.0132402605052
6.36 0.013223004788
6.37 0.0132057389124
6.38 0.013188463079
6.39 0.0131711774879
6.4 0.0131538823376
6.41 0.0131365778259
6.42 0.0131192641494
6.43 0.0131019415036
6.44 0.0130846100831
6.45 0.0130672700812
6.46 0.0130499216905
6.47 0.0130325651024
6.48 0.0130152005071
6.49 0.0129978280941
6.5 0.0129804480516
6.51 0.0129630605669
6.52 0.0129456658264
6.53 0.0129282640153
6.54 0.0129108553179
6.55 0.0128934399174
6.56 0.0128760179961
6.57 0.0128585897353
6.58 0.0128411553153
6.59 0.0128237149153
6.6 0.0128062687138
6.61 0.0127888168881
6.62 0.0127713596145
6.63 0.0127538970686
6.64 0.0127364294246
6.65 0.0127189568561
6.66 0.0127014795357
6.67 0.0126839976349
6.68 0.0126665113245
6.69 0.0126490207739
6.7 0.0126315261522
6.71 0.0126140276269
6.72 0.0125965253651
6.73 0.0125790195328
6.74 0.0125615102949
6.75 0.0125439978155
6.76 0.012526482258
6.77 0.0125089637845
6.78 0.0124914425565
6.79 0.0124739187345
6.8 0.012456392478
6.81 0.0124388639457
6.82 0.0124213332955
6.83 0.0124038006843
6.84 0.012386266268
6.85 0.0123687302018
6.86 0.01235119264
6.87 0.012333653736
6.88 0.0123161136423
6.89 0.0122985725105
6.9 0.0122810304916
6.91 0.0122634877353
6.92 0.0122459443909
6.93 0.0122284006065
6.94 0.0122108565295
6.95 0.0121933123065
6.96 0.0121757680831
6.97 0.0121582240044
6.98 0.0121406802142
6.99 0.0121231368558
7.0 0.0121055940715
7.01 0.012088052003
7.02 0.012070510791
7.03 0.0120529705754
7.04 0.0120354314954
7.05 0.0120178936891
7.06 0.0120003572942
7.07 0.0119828224474
7.08 0.0119652892845
7.09 0.0119477579407
7.1 0.0119302285502
7.11 0.0119127012467
7.12 0.0118951761628
7.13 0.0118776534306
7.14 0.0118601331812
7.15 0.0118426155451
7.16 0.0118251006519
7.17 0.0118075886305
7.18 0.0117900796091
7.19 0.0117725737149
7.2 0.0117550710745
7.21 0.011737571814
7.22 0.0117200760582
7.23 0.0117025839317
7.24 0.0116850955579
7.25 0.0116676110599
7.26 0.0116501305596
7.27 0.0116326541786
7.28 0.0116151820374
7.29 0.011597714256
7.3 0.0115802509537
7.31 0.0115627922488
7.32 0.0115453382593
7.33 0.0115278891022
7.34 0.0115104448938
7.35 0.0114930057497
7.36 0.0114755717849
7.37 0.0114581431137
7.38 0.0114407198495
7.39 0.0114233021052
7.4 0.011405889993
7.41 0.0113884836243
7.42 0.0113710831099
7.43 0.0113536885598
7.44 0.0113363000835
7.45 0.0113189177897
7.46 0.0113015417864
7.47 0.011284172181
7.48 0.0112668090803
7.49 0.0112494525902
7.5 0.0112321028162
7.51 0.011214759863
7.52 0.0111974238346
7.53 0.0111800948345
7.54 0.0111627729653
7.55 0.0111454583293
7.56 0.0111281510278
7.57 0.0111108511617
7.58 0.0110935588312
7.59 0.0110762741358
7.6 0.0110589971744
7.61 0.0110417280453
7.62 0.0110244668462
7.63 0.011007213674
7.64 0.0109899686253
7.65 0.0109727317956
7.66 0.0109555032803
7.67 0.0109382831738
7.68 0.0109210715701
7.69 0.0109038685625
7.7 0.0108866742438
7.71 0.010869488706
7.72 0.0108523120407
7.73 0.0108351443388
7.74 0.0108179856905
7.75 0.0108008361857
7.76 0.0107836959134
7.77 0.0107665649623
7.78 0.0107494434202
7.79 0.0107323313746
7.8 0.0107152289122
7.81 0.0106981361193
7.82 0.0106810530816
7.83 0.010663979884
7.84 0.0106469166111
7.85 0.0106298633469
7.86 0.0106128201748
7.87 0.0105957871774
7.88 0.0105787644372
7.89 0.0105617520358
7.9 0.0105447500543
7.91 0.0105277585733
7.92 0.0105107776729
7.93 0.0104938074326
7.94 0.0104768479312
7.95 0.0104598992474
7.96 0.0104429614588
7.97 0.0104260346429
7.98 0.0104091188763
7.99 0.0103922142356
8.0 0.0103753207962
8.01 0.0103584386335
8.02 0.0103415678221
8.03 0.0103247084363
8.04 0.0103078605496
8.05 0.0102910242351
8.06 0.0102741995656
8.07 0.010257386613
8.08 0.010240585449
8.09 0.0102237961447
8.1 0.0102070187705
8.11 0.0101902533967
8.12 0.0101735000928
8.13 0.0101567589277
8.14 0.0101400299702
8.15 0.0101233132883
8.16 0.0101066089495
8.17 0.010089917021
8.18 0.0100732375694
8.19 0.0100565706608
8.2 0.0100399163609
8.21 0.0100232747347
8.22 0.0100066458471
8.23 0.00999002976211
8.24 0.00997342654358
8.25 0.00995683625473
8.26 0.00994025895836
8.27 0.00992369471678
8.28 0.00990714359186
8.29 0.00989060564499
8.3 0.0098740809371
8.31 0.00985756952866
8.32 0.00984107147969
8.33 0.00982458684975
8.34 0.00980811569795
8.35 0.00979165808295
8.36 0.00977521406296
8.37 0.00975878369574
8.38 0.00974236703862
8.39 0.00972596414846
8.4 0.0097095750817
8.41 0.00969319989436
8.42 0.00967683864198
8.43 0.0096604913797
8.44 0.00964415816221
8.45 0.00962783904379
8.46 0.00961153407827
8.47 0.00959524331906
8.48 0.00957896681916
8.49 0.00956270463114
8.5 0.00954645680714
8.51 0.00953022339889
8.52 0.0095140044577
8.53 0.00949780003449
8.54 0.00948161017973
8.55 0.00946543494351
8.56 0.00944927437549
8.57 0.00943312852495
8.58 0.00941699744073
8.59 0.0094008811713
8.6 0.00938477976471
8.61 0.00936869326863
8.62 0.00935262173031
8.63 0.00933656519663
8.64 0.00932052371405
8.65 0.00930449732866
8.66 0.00928848608616
8.67 0.00927249003185
8.68 0.00925650921066
8.69 0.00924054366711
8.7 0.00922459344537
8.71 0.00920865858922
8.72 0.00919273914205
8.73 0.00917683514689
8.74 0.00916094664638
8.75 0.00914507368279
8.76 0.00912921629804
8.77 0.00911337453365
8.78 0.0090975484308
8.79 0.00908173803028
8.8 0.00906594337253
8.81 0.00905016449764
8.82 0.0090344014453
8.83 0.0090186542549
8.84 0.00900292296541
8.85 0.00898720761549
8.86 0.00897150824343
8.87 0.00895582488717
8.88 0.0089401575843
8.89 0.00892450637206
8.9 0.00890887128735
8.91 0.00889325236671
8.92 0.00887764964636
8.93 0.00886206316216
8.94 0.00884649294963
8.95 0.00883093904396
8.96 0.00881540148001
8.97 0.00879988029229
8.98 0.00878437551498
8.99 0.00876888718193
9.0 0.00875341532667
9.01 0.00873795998238
9.02 0.00872252118194
9.03 0.00870709895787
9.04 0.00869169334241
9.05 0.00867630436744
9.06 0.00866093206453
9.07 0.00864557646495
9.08 0.00863023759963
9.09 0.0086149154992
9.1 0.00859961019395
9.11 0.0085843217139
9.12 0.00856905008871
9.13 0.00855379534778
9.14 0.00853855752015
9.15 0.0085233366346
9.16 0.00850813271959
9.17 0.00849294580325
9.18 0.00847777591345
9.19 0.00846262307772
9.2 0.00844748732334
9.21 0.00843236867723
9.22 0.00841726716608
9.23 0.00840218281623
9.24 0.00838711565375
9.25 0.00837206570444
9.26 0.00835703299376
9.27 0.00834201754693
9.28 0.00832701938886
9.29 0.00831203854417
9.3 0.0082970750372
9.31 0.00828212889203
9.32 0.00826720013241
9.33 0.00825228878186
9.34 0.00823739486359
9.35 0.00822251840055
9.36 0.00820765941539
9.37 0.00819281793052
9.38 0.00817799396805
9.39 0.00816318754984
9.4 0.00814839869745
9.41 0.00813362743219
9.42 0.00811887377512
9.43 0.00810413774699
9.44 0.00808941936833
9.45 0.00807471865938
9.46 0.00806003564012
9.47 0.00804537033027
9.48 0.00803072274931
9.49 0.00801609291644
9.5 0.00800148085061
9.51 0.0079868865705
9.52 0.00797231009457
9.53 0.00795775144099
9.54 0.00794321062771
9.55 0.00792868767241
9.56 0.00791418259252
9.57 0.00789969540524
9.58 0.0078852261275
9.59 0.00787077477601
9.6 0.00785634136721
9.61 0.00784192591733
9.62 0.00782752844231
9.63 0.00781314895791
9.64 0.0077987874796
9.65 0.00778444402264
9.66 0.00777011860204
9.67 0.0077558112326
9.68 0.00774152192885
9.69 0.00772725070511
9.7 0.00771299757546
9.71 0.00769876255376
9.72 0.00768454565363
9.73 0.00767034688847
9.74 0.00765616627144
9.75 0.0076420038155
9.76 0.00762785953336
9.77 0.00761373343752
9.78 0.00759962554025
9.79 0.00758553585361
9.8 0.00757146438943
9.81 0.00755741115934
9.82 0.00754337617472
9.83 0.00752935944676
9.84 0.00751536098644
9.85 0.0075013808045
9.86 0.00748741891148
9.87 0.00747347531773
9.88 0.00745955003335
9.89 0.00744564306825
9.9 0.00743175443215
9.91 0.00741788413453
9.92 0.00740403218469
9.93 0.00739019859171
9.94 0.00737638336447
9.95 0.00736258651165
9.96 0.00734880804172
9.97 0.00733504796297
9.98 0.00732130628347
9.99 0.00730758301109
