3.13553157694
0.1 0.00115629510805
0.11 0.00126877815852
0.12 0.00138069761654
0.13 0.00149205558217
0.14 0.00160285414853
0.15 0.00171309540181
0.16 0.00182278142131
0.17 0.00193191427945
0.18 0.00204049604179
0.19 0.00214852876708
0.2 0.00225601450721
0.21 0.00236295530733
0.22 0.00246935320578
0.23 0.00257521023417
0.24 0.00268052841738
0.25 0.00278530977356
0.26 0.00288955631421
0.27 0.00299327004413
0.28 0.00309645296149
0.29 0.00319910705783
0.3 0.00330123431808
0.31 0.00340283672061
0.32 0.00350391623719
0.33 0.00360447483307
0.34 0.00370451446697
0.35 0.00380403709111
0.36 0.00390304465123
0.37 0.00400153908659
0.38 0.00409952233003
0.39 0.00419699630795
0.4 0.00429396294036
0.41 0.00439042414087
0.42 0.00448638181676
0.43 0.00458183786892
0.44 0.00467679419195
0.45 0.00477125267415
0.46 0.00486521519751
0.47 0.00495868363777
0.48 0.00505165986443
0.49 0.00514414574075
0.5 0.00523614312379
0.51 0.00532765386443
0.52 0.00541867980737
0.53 0.00550922279118
0.54 0.00559928464827
0.55 0.00568886720497
0.56 0.0057779722815
0.57 0.00586660169201
0.58 0.0059547572446
0.59 0.00604244074135
0.6 0.00612965397828
0.61 0.00621639874547
0.62 0.00630267682697
0.63 0.00638849000091
0.64 0.00647384003945
0.65 0.00655872870884
0.66 0.00664315776943
0.67 0.00672712897567
0.68 0.00681064407615
0.69 0.00689370481362
0.7 0.00697631292499
0.71 0.00705847014134
0.72 0.00714017818799
0.73 0.00722143878446
0.74 0.00730225364451
0.75 0.00738262447617
0.76 0.00746255298175
0.77 0.00754204085784
0.78 0.00762108979535
0.79 0.00769970147953
0.8 0.00777787758996
0.81 0.0078556198006
0.82 0.00793292977979
0.83 0.00800980919026
0.84 0.00808625968919
0.85 0.00816228292815
0.86 0.00823788055321
0.87 0.00831305420488
0.88 0.00838780551816
0.89 0.00846213612257
0.9 0.00853604764215
0.91 0.00860954169546
0.92 0.00868261989565
0.93 0.0087552838504
0.94 0.00882753516202
0.95 0.00889937542742
0.96 0.00897080623811
0.97 0.00904182918027
0.98 0.00911244583472
0.99 0.00918265777697
1.0 0.0092524665772
1.01 0.00932187380032
1.02 0.00939088100595
1.03 0.00945948974846
1.04 0.00952770157698
1.05 0.00959551803539
1.06 0.0096629406624
1.07 0.00972997099149
1.08 0.00979661055098
1.09 0.00986286086403
1.1 0.00992872344866
1.11 0.00999419981775
1.12 0.0100592914791
1.13 0.0101239999353
1.14 0.010188326684
1.15 0.0102522732178
1.16 0.0103158410241
1.17 0.0103790315853
1.18 0.0104418463789
1.19 0.0105042868774
1.2 0.0105663545482
1.21 0.0106280508537
1.22 0.0106893772514
1.23 0.0107503351941
1.24 0.0108109261293
1.25 0.0108711514997
1.26 0.0109310127433
1.27 0.010990511293
1.28 0.011049648577
1.29 0.0111084260184
1.3 0.0111668450359
1.31 0.0112249070429
1.32 0.0112826134484
1.33 0.0113399656563
1.34 0.011396965066
1.35 0.011453613072
1.36 0.011509911064
1.37 0.0115658604271
1.38 0.0116214625416
1.39 0.0116767187832
1.4 0.0117316305229
1.41 0.0117861991269
1.42 0.0118404259569
1.43 0.0118943123699
1.44 0.0119478597182
1.45 0.0120010693498
1.46 0.0120539426077
1.47 0.0121064808306
1.48 0.0121586853524
1.49 0.0122105575028
1.5 0.0122620986066
1.51 0.0123133099843
1.52 0.0123641929518
1.53 0.0124147488206
1.54 0.0124649788976
1.55 0.0125148844853
1.56 0.0125644668818
1.57 0.0126137273806
1.58 0.0126626672709
1.59 0.0127112878376
1.6 0.0127595903609
1.61 0.0128075761169
1.62 0.0128552463773
1.63 0.0129026024093
1.64 0.0129496454758
1.65 0.0129963768355
1.66 0.0130427977427
1.67 0.0130889094473
1.68 0.0131347131951
1.69 0.0131802102276
1.7 0.0132254017819
1.71 0.013270289091
1.72 0.0133148733836
1.73 0.0133591558842
1.74 0.013403137813
1.75 0.0134468203863
1.76 0.013490204816
1.77 0.0135332923097
1.78 0.0135760840711
1.79 0.0136185812997
1.8 0.0136607851908
1.81 0.0137026969358
1.82 0.0137443177216
1.83 0.0137856487314
1.84 0.0138266911441
1.85 0.0138674461347
1.86 0.0139079148741
1.87 0.013948098529
1.88 0.0139879982624
1.89 0.014027615233
1.9 0.0140669505956
1.91 0.0141060055011
1.92 0.0141447810963
1.93 0.0141832785241
1.94 0.0142214989235
1.95 0.0142594434296
1.96 0.0142971131733
1.97 0.014334509282
1.98 0.0143716328789
1.99 0.0144084850835
2.0 0.0144450670112
2.01 0.0144813797738
2.02 0.0145174244792
2.03 0.0145532022313
2.04 0.0145887141303
2.05 0.0146239612726
2.06 0.0146589447507
2.07 0.0146936656536
2.08 0.0147281250662
2.09 0.0147623240697
2.1 0.0147962637417
2.11 0.0148299451559
2.12 0.0148633693825
2.13 0.0148965374876
2.14 0.0149294505341
2.15 0.0149621095807
2.16 0.0149945156828
2.17 0.015026669892
2.18 0.0150585732562
2.19 0.0150902268197
2.2 0.0151216316231
2.21 0.0151527887036
2.22 0.0151836990946
2.23 0.0152143638259
2.24 0.0152447839237
2.25 0.0152749604108
2.26 0.0153048943063
2.27 0.0153345866257
2.28 0.0153640383811
2.29 0.0153932505809
2.3 0.0154222242302
2.31 0.0154509603304
2.32 0.0154794598795
2.33 0.015507723872
2.34 0.015535753299
2.35 0.0155635491479
2.36 0.0155911124029
2.37 0.0156184440447
2.38 0.0156455450506
2.39 0.0156724163943
2.4 0.0156990590462
2.41 0.0157254739734
2.42 0.0157516621396
2.43 0.015777624505
2.44 0.0158033620264
2.45 0.0158288756575
2.46 0.0158541663485
2.47 0.0158792350462
2.48 0.0159040826941
2.49 0.0159287102326
2.5 0.0159531185986
2.51 0.0159773087258
2.52 0.0160012815444
2.53 0.0160250379817
2.54 0.0160485789614
2.55 0.0160719054043
2.56 0.0160950182276
2.57 0.0161179183456
2.58 0.0161406066691
2.59 0.0161630841058
2.6 0.0161853515604
2.61 0.0162074099341
2.62 0.0162292601252
2.63 0.0162509030285
2.64 0.0162723395361
2.65 0.0162935705365
2.66 0.0163145969155
2.67 0.0163354195553
2.68 0.0163560393354
2.69 0.016376457132
2.7 0.0163966738183
2.71 0.0164166902642
2.72 0.0164365073368
2.73 0.0164561259
2.74 0.0164755468146
2.75 0.0164947709386
2.76 0.0165137991266
2.77 0.0165326322304
2.78 0.0165512710988
2.79 0.0165697165775
2.8 0.0165879695093
2.81 0.0166060307339
2.82 0.016623901088
2.83 0.0166415814056
2.84 0.0166590725175
2.85 0.0166763752515
2.86 0.0166934904327
2.87 0.0167104188831
2.88 0.0167271614218
2.89 0.016743718865
2.9 0.0167600920261
2.91 0.0167762817154
2.92 0.0167922887406
2.93 0.0168081139062
2.94 0.0168237580141
2.95 0.0168392218632
2.96 0.0168545062497
2.97 0.0168696119668
2.98 0.0168845398049
2.99 0.0168992905517
3.0 0.0169138649919
3.01 0.0169282639077
3.02 0.0169424880783
3.03 0.01695653828
3.04 0.0169704152865
3.05 0.0169841198689
3.06 0.0169976527951
3.07 0.0170110148307
3.08 0.0170242067384
3.09 0.0170372292779
3.1 0.0170500832067
3.11 0.0170627692792
3.12 0.0170752882472
3.13 0.0170876408599
3.14 0.0170998278636
3.15 0.0171118500023
3.16 0.0171237080169
3.17 0.0171354026459
3.18 0.0171469346251
3.19 0.0171583046876
3.2 0.0171695135641
3.21 0.0171805619823
3.22 0.0171914506675
3.23 0.0172021803425
3.24 0.0172127517273
3.25 0.0172231655394
3.26 0.0172334224937
3.27 0.0172435233025
3.28 0.0172534686757
3.29 0.0172632593204
3.3 0.0172728959412
3.31 0.0172823792404
3.32 0.0172917099175
3.33 0.0173008886696
3.34 0.0173099161912
3.35 0.0173187931745
3.36 0.0173275203089
3.37 0.0173360982814
3.38 0.0173445277768
3.39 0.0173528094771
3.4 0.0173609440619
3.41 0.0173689322085
3.42 0.0173767745915
3.43 0.0173844718832
3.44 0.0173920247535
3.45 0.0173994338699
3.46 0.0174066998973
3.47 0.0174138234983
3.48 0.0174208053332
3.49 0.0174276460597
3.5 0.0174343463332
3.51 0.0174409068068
3.52 0.0174473281312
3.53 0.0174536109547
3.54 0.0174597559231
3.55 0.0174657636802
3.56 0.0174716348671
3.57 0.0174773701228
3.58 0.0174829700838
3.59 0.0174884353845
3.6 0.0174937666569
3.61 0.0174989645305
3.62 0.0175040296329
3.63 0.0175089625889
3.64 0.0175137640215
3.65 0.0175184345513
3.66 0.0175229747963
3.67 0.0175273853728
3.68 0.0175316668943
3.69 0.0175358199726
3.7 0.0175398452167
3.71 0.0175437432338
3.72 0.0175475146287
3.73 0.017551160004
3.74 0.0175546799602
3.75 0.0175580750954
3.76 0.0175613460056
3.77 0.0175644932848
3.78 0.0175675175245
3.79 0.0175704193142
3.8 0.0175731992413
3.81 0.0175758578908
3.82 0.017578395846
3.83 0.0175808136875
3.84 0.0175831119942
3.85 0.0175852913426
3.86 0.0175873523073
3.87 0.0175892954606
3.88 0.0175911213727
3.89 0.0175928306119
3.9 0.0175944237443
3.91 0.0175959013337
3.92 0.0175972639421
3.93 0.0175985121294
3.94 0.0175996464533
3.95 0.0176006674696
3.96 0.0176015757318
3.97 0.0176023717915
3.98 0.0176030561985
3.99 0.0176036295001
4.0 0.0176040922419
4.01 0.0176044449674
4.02 0.0176046882181
4.03 0.0176048225334
4.04 0.0176048484509
4.05 0.0176047665059
4.06 0.0176045772321
4.07 0.0176042811609
4.08 0.0176038788218
4.09 0.0176033707425
4.1 0.0176027574486
4.11 0.0176020394636
4.12 0.0176012173095
4.13 0.0176002915058
4.14 0.0175992625705
4.15 0.0175981310195
4.16 0.0175968973667
4.17 0.0175955621243
4.18 0.0175941258025
4.19 0.0175925889094
4.2 0.0175909519515
4.21 0.0175892154332
4.22 0.0175873798572
4.23 0.0175854457241
4.24 0.0175834135328
4.25 0.0175812837804
4.26 0.0175790569618
4.27 0.0175767335705
4.28 0.0175743140978
4.29 0.0175717990332
4.3 0.0175691888647
4.31 0.017566484078
4.32 0.0175636851573
4.33 0.0175607925849
4.34 0.0175578068412
4.35 0.017554728405
4.36 0.017551557753
4.37 0.0175482953604
4.38 0.0175449417005
4.39 0.0175414972448
4.4 0.017537962463
4.41 0.0175343378231
4.42 0.0175306237913
4.43 0.017526820832
4.44 0.017522929408
4.45 0.0175189499803
4.46 0.0175148830079
4.47 0.0175107289485
4.48 0.0175064882578
4.49 0.0175021613897
4.5 0.0174977487967
4.51 0.0174932509294
4.52 0.0174886682365
4.53 0.0174840011655
4.54 0.0174792501616
4.55 0.0174744156689
4.56 0.0174694981294
4.57 0.0174644979835
4.58 0.0174594156701
4.59 0.0174542516264
4.6 0.0174490062877
4.61 0.0174436800878
4.62 0.0174382734591
4.63 0.0174327868318
4.64 0.0174272206351
4.65 0.017421575296
4.66 0.0174158512403
4.67 0.0174100488919
4.68 0.0174041686732
4.69 0.017398211005
4.7 0.0173921763065
4.71 0.0173860649952
4.72 0.017379877487
4.73 0.0173736141965
4.74 0.0173672755364
4.75 0.0173608619179
4.76 0.0173543737507
4.77 0.0173478114428
4.78 0.0173411754009
4.79 0.0173344660297
4.8 0.0173276837328
4.81 0.017320828912
4.82 0.0173139019676
4.83 0.0173069032985
4.84 0.0172998333018
4.85 0.0172926923733
4.86 0.0172854809072
4.87 0.0172781992962
4.88 0.0172708479314
4.89 0.0172634272026
4.9 0.0172559374979
4.91 0.017248379204
4.92 0.017240752706
4.93 0.0172330583877
4.94 0.0172252966313
4.95 0.0172174678175
4.96 0.0172095723255
4.97 0.0172016105333
4.98 0.0171935828171
4.99 0.0171854895518
5.0 0.0171773311108
5.01 0.0171691078662
5.02 0.0171608201884
5.03 0.0171524684467
5.04 0.0171440530086
5.05 0.0171355742405
5.06 0.0171270325071
5.07 0.0171184281718
5.08 0.0171097615967
5.09 0.0171010331424
5.1 0.0170922431679
5.11 0.0170833920312
5.12 0.0170744800887
5.13 0.0170655076952
5.14 0.0170564752045
5.15 0.0170473829688
5.16 0.0170382313389
5.17 0.0170290206644
5.18 0.0170197512933
5.19 0.0170104235726
5.2 0.0170010378474
5.21 0.016991594462
5.22 0.0169820937591
5.23 0.0169725360799
5.24 0.0169629217646
5.25 0.0169532511519
5.26 0.016943524579
5.27 0.0169337423822
5.28 0.016923904896
5.29 0.0169140124539
5.3 0.016904065388
5.31 0.0168940640291
5.32 0.0168840087066
5.33 0.0168738997489
5.34 0.0168637374827
5.35 0.0168535222336
5.36 0.0168432543261
5.37 0.0168329340832
5.38 0.0168225618265
5.39 0.0168121378766
5.4 0.0168016625528
5.41 0.016791136173
5.42 0.0167805590539
5.43 0.016769931511
5.44 0.0167592538584
5.45 0.0167485264092
5.46 0.016737749475
5.47 0.0167269233663
5.48 0.0167160483923
5.49 0.0167051248612
5.5 0.0166941530796
5.51 0.0166831333531
5.52 0.0166720659862
5.53 0.0166609512818
5.54 0.016649789542
5.55 0.0166385810675
5.56 0.0166273261578
5.57 0.0166160251113
5.58 0.016604678225
5.59 0.016593285795
5.6 0.016581848116
5.61 0.0165703654815
5.62 0.0165588381841
5.63 0.016547266515
5.64 0.0165356507641
5.65 0.0165239912205
5.66 0.0165122881719
5.67 0.0165005419049
5.68 0.0164887527049
5.69 0.0164769208562
5.7 0.016465046642
5.71 0.0164531303442
5.72 0.0164411722439
5.73 0.0164291726206
5.74 0.016417131753
5.75 0.0164050499187
5.76 0.0163929273939
5.77 0.016380764454
5.78 0.0163685613731
5.79 0.0163563184241
5.8 0.0163440358791
5.81 0.0163317140089
5.82 0.0163193530831
5.83 0.0163069533705
5.84 0.0162945151385
5.85 0.0162820386537
5.86 0.0162695241813
5.87 0.0162569719858
5.88 0.0162443823302
5.89 0.0162317554769
5.9 0.0162190916867
5.91 0.0162063912199
5.92 0.0161936543353
5.93 0.0161808812908
5.94 0.0161680723432
5.95 0.0161552277485
5.96 0.0161423477612
5.97 0.0161294326352
5.98 0.0161164826231
5.99 0.0161034979765
6.0 0.0160904789461
6.01 0.0160774257814
6.02 0.016064338731
6.03 0.0160512180423
6.04 0.016038063962
6.05 0.0160248767356
6.06 0.0160116566074
6.07 0.015998403821
6.08 0.0159851186189
6.09 0.0159718012425
6.1 0.0159584519324
6.11 0.015945070928
6.12 0.0159316584678
6.13 0.0159182147894
6.14 0.0159047401292
6.15 0.0158912347229
6.16 0.015877698805
6.17 0.0158641326091
6.18 0.0158505363679
6.19 0.0158369103129
6.2 0.015823254675
6.21 0.0158095696839
6.22 0.0157958555684
6.23 0.0157821125562
6.24 0.0157683408744
6.25 0.0157545407488
6.26 0.0157407124045
6.27 0.0157268560655
6.28 0.0157129719549
6.29 0.015699060295
6.3 0.015685121307
6.31 0.0156711552113
6.32 0.0156571622272
6.33 0.0156431425733
6.34 0.0156290964672
6.35 0.0156150241255
6.36 0.0156009257639
6.37 0.0155868015974
6.38 0.0155726518398
6.39 0.0155584767043
6.4 0.015544276403
6.41 0.0155300511471
6.42 0.0155158011469
6.43 0.0155015266121
6.44 0.0154872277511
6.45 0.0154729047717
6.46 0.0154585578806
6.47 0.015444187284
6.48 0.0154297931867
6.49 0.0154153757932
6.5 0.0154009353066
6.51 0.0153864719295
6.52 0.0153719858635
6.53 0.0153574773093
6.54 0.0153429464669
6.55 0.0153283935354
6.56 0.0153138187129
6.57 0.0152992221968
6.58 0.0152846041837
6.59 0.0152699648691
6.6 0.015255304448
6.61 0.0152406231144
6.62 0.0152259210614
6.63 0.0152111984815
6.64 0.0151964555661
6.65 0.0151816925059
6.66 0.0151669094908
6.67 0.01515210671
6.68 0.0151372843516
6.69 0.0151224426031
6.7 0.0151075816511
6.71 0.0150927016816
6.72 0.0150778028794
6.73 0.015062885429
6.74 0.0150479495136
6.75 0.0150329953159
6.76 0.0150180230178
6.77 0.0150030328004
6.78 0.0149880248439
6.79 0.0149729993279
6.8 0.014957956431
6.81 0.0149428963312
6.82 0.0149278192056
6.83 0.0149127252308
6.84 0.0148976145822
6.85 0.0148824874348
6.86 0.0148673439626
6.87 0.014852184339
6.88 0.0148370087366
6.89 0.0148218173272
6.9 0.0148066102819
6.91 0.014791387771
6.92 0.014776149964
6.93 0.0147608970299
6.94 0.0147456291367
6.95 0.0147303464517
6.96 0.0147150491416
6.97 0.0146997373723
6.98 0.0146844113088
6.99 0.0146690711157
7.0 0.0146537169566
7.01 0.0146383489945
7.02 0.0146229673917
7.03 0.0146075723097
7.04 0.0145921639092
7.05 0.0145767423505
7.06 0.0145613077929
7.07 0.014545860395
7.08 0.0145304003149
7.09 0.0145149277099
7.1 0.0144994427365
7.11 0.0144839455506
7.12 0.0144684363074
7.13 0.0144529151613
7.14 0.0144373822663
7.15 0.0144218377753
7.16 0.0144062818408
7.17 0.0143907146146
7.18 0.0143751362477
7.19 0.0143595468906
7.2 0.0143439466928
7.21 0.0143283358035
7.22 0.014312714371
7.23 0.014297082543
7.24 0.0142814404665
7.25 0.014265788288
7.26 0.014250126153
7.27 0.0142344542067
7.28 0.0142187725935
7.29 0.014203081457
7.3 0.0141873809403
7.31 0.014171671186
7.32 0.0141559523357
7.33 0.0141402245306
7.34 0.0141244879112
7.35 0.0141087426174
7.36 0.0140929887884
7.37 0.0140772265627
7.38 0.0140614560784
7.39 0.0140456774726
7.4 0.0140298908822
7.41 0.0140140964432
7.42 0.013998294291
7.43 0.0139824845605
7.44 0.0139666673858
7.45 0.0139508429005
7.46 0.0139350112376
7.47 0.0139191725295
7.48 0.0139033269078
7.49 0.0138874745037
7.5 0.0138716154477
7.51 0.0138557498698
7.52 0.0138398778992
7.53 0.0138239996648
7.54 0.0138081152945
7.55 0.013792224916
7.56 0.0137763286562
7.57 0.0137604266413
7.58 0.0137445189972
7.59 0.0137286058491
7.6 0.0137126873214
7.61 0.0136967635382
7.62 0.013680834623
7.63 0.0136649006985
7.64 0.013648961887
7.65 0.0136330183103
7.66 0.0136170700893
7.67 0.0136011173447
7.68 0.0135851601965
7.69 0.013569198764
7.7 0.0135532331661
7.71 0.0135372635211
7.72 0.0135212899467
7.73 0.0135053125601
7.74 0.0134893314778
7.75 0.0134733468161
7.76 0.0134573586903
7.77 0.0134413672154
7.78 0.0134253725058
7.79 0.0134093746755
7.8 0.0133933738376
7.81 0.0133773701051
7.82 0.0133613635901
7.83 0.0133453544043
7.84 0.0133293426589
7.85 0.0133133284646
7.86 0.0132973119314
7.87 0.0132812931689
7.88 0.0132652722862
7.89 0.0132492493917
7.9 0.0132332245935
7.91 0.0132171979991
7.92 0.0132011697153
7.93 0.0131851398487
7.94 0.0131691085051
7.95 0.01315307579
7.96 0.0131370418082
7.97 0.0131210066641
7.98 0.0131049704617
7.99 0.0130889333041
8.0 0.0130728952944
8.01 0.0130568565349
8.02 0.0130408171274
8.03 0.0130247771732
8.04 0.0130087367734
8.05 0.0129926960281
8.06 0.0129766550373
8.07 0.0129606139003
8.08 0.0129445727161
8.09 0.0129285315831
8.1 0.0129124905991
8.11 0.0128964498615
8.12 0.0128804094674
8.13 0.0128643695132
8.14 0.0128483300948
8.15 0.0128322913079
8.16 0.0128162532473
8.17 0.0128002160077
8.18 0.0127841796832
8.19 0.0127681443673
8.2 0.0127521101532
8.21 0.0127360771337
8.22 0.0127200454008
8.23 0.0127040150463
8.24 0.0126879861617
8.25 0.0126719588375
8.26 0.0126559331643
8.27 0.012639909232
8.28 0.0126238871299
8.29 0.0126078669472
8.3 0.0125918487723
8.31 0.0125758326934
8.32 0.0125598187981
8.33 0.0125438071737
8.34 0.0125277979068
8.35 0.0125117910839
8.36 0.0124957867907
8.37 0.0124797851127
8.38 0.012463786135
8.39 0.0124477899421
8.4 0.0124317966181
8.41 0.0124158062467
8.42 0.0123998189112
8.43 0.0123838346944
8.44 0.0123678536787
8.45 0.0123518759462
8.46 0.0123359015783
8.47 0.0123199306561
8.48 0.0123039632605
8.49 0.0122879994717
8.5 0.0122720393695
8.51 0.0122560830333
8.52 0.0122401305424
8.53 0.0122241819752
8.54 0.0122082374099
8.55 0.0121922969245
8.56 0.0121763605962
8.57 0.012160428502
8.58 0.0121445007185
8.59 0.012128577322
8.6 0.012112658388
8.61 0.0120967439921
8.62 0.0120808342092
8.63 0.0120649291138
8.64 0.0120490287802
8.65 0.012033133282
8.66 0.0120172426927
8.67 0.0120013570853
8.68 0.0119854765323
8.69 0.0119696011059
8.7 0.0119537308781
8.71 0.0119378659201
8.72 0.0119220063031
8.73 0.0119061520978
8.74 0.0118903033743
8.75 0.0118744602026
8.76 0.0118586226522
8.77 0.0118427907923
8.78 0.0118269646916
8.79 0.0118111444186
8.8 0.0117953300411
8.81 0.0117795216269
8.82 0.0117637192433
8.83 0.0117479229571
8.84 0.0117321328349
8.85 0.0117163489429
8.86 0.0117005713469
8.87 0.0116848001122
8.88 0.011669035304
8.89 0.011653276987
8.9 0.0116375252256
8.91 0.0116217800838
8.92 0.0116060416251
8.93 0.011590309913
8.94 0.0115745850102
8.95 0.0115588669795
8.96 0.011543155883
8.97 0.0115274517826
8.98 0.0115117547399
8.99 0.011496064816
9.0 0.0114803820718
9.01 0.0114647065678
9.02 0.011449038364
9.03 0.0114333775204
9.04 0.0114177240964
9.05 0.0114020781511
9.06 0.0113864397434
9.07 0.0113708089316
9.08 0.0113551857738
9.09 0.011339570328
9.1 0.0113239626515
9.11 0.0113083628014
9.12 0.0112927708346
9.13 0.0112771868074
9.14 0.0112616107761
9.15 0.0112460427965
9.16 0.0112304829239
9.17 0.0112149312136
9.18 0.0111993877205
9.19 0.011183852499
9.2 0.0111683256033
9.21 0.0111528070873
9.22 0.0111372970046
9.23 0.0111217954084
9.24 0.0111063023517
9.25 0.0110908178869
9.26 0.0110753420666
9.27 0.0110598749425
9.28 0.0110444165665
9.29 0.0110289669899
9.3 0.0110135262638
9.31 0.0109980944388
9.32 0.0109826715655
9.33 0.0109672576941
9.34 0.0109518528742
9.35 0.0109364571556
9.36 0.0109210705874
9.37 0.0109056932187
9.38 0.0108903250979
9.39 0.0108749662735
9.4 0.0108596167935
9.41 0.0108442767058
9.42 0.0108289460576
9.43 0.0108136248963
9.44 0.0107983132687
9.45 0.0107830112214
9.46 0.0107677188007
9.47 0.0107524360526
9.48 0.0107371630228
9.49 0.0107218997568
9.5 0.0107066462998
9.51 0.0106914026965
9.52 0.0106761689917
9.53 0.0106609452296
9.54 0.0106457314542
9.55 0.0106305277093
9.56 0.0106153340384
9.57 0.0106001504847
9.58 0.010584977091
9.59 0.0105698139002
9.6 0.0105546609544
9.61 0.0105395182958
9.62 0.0105243859664
9.63 0.0105092640075
9.64 0.0104941524606
9.65 0.0104790513666
9.66 0.0104639607663
9.67 0.0104488807002
9.68 0.0104338112085
9.69 0.0104187523313
9.7 0.0104037041081
9.71 0.0103886665784
9.72 0.0103736397815
9.73 0.0103586237563
9.74 0.0103436185413
9.75 0.0103286241751
9.76 0.0103136406957
9.77 0.0102986681411
9.78 0.0102837065488
9.79 0.0102687559564
9.8 0.0102538164009
9.81 0.0102388879193
9.82 0.010223970548
9.83 0.0102090643237
9.84 0.0101941692822
9.85 0.0101792854597
9.86 0.0101644128917
9.87 0.0101495516136
9.88 0.0101347016605
9.89 0.0101198630674
9.9 0.010105035869
9.91 0.0100902200997
9.92 0.0100754157936
9.93 0.0100606229848
9.94 0.0100458417069
9.95 0.0100310719935
9.96 0.0100163138776
9.97 0.0100015673925
9.98 0.00998683257074
9.99 0.00997210944497
