0.1 0.0231257940302
0.11 0.0253754445207
0.12 0.027613823215
0.13 0.029840972114
0.14 0.0320569330799
0.15 0.0342617478363
0.16 0.036455457969
0.17 0.0386381049263
0.18 0.0408097300192
0.19 0.0429703744222
0.2 0.0451200791735
0.21 0.0472588851753
0.22 0.0493868331945
0.23 0.0515039638631
0.24 0.0536103176784
0.25 0.0557059350035
0.26 0.0577908560678
0.27 0.0598651209674
0.28 0.0619287696655
0.29 0.0639818419926
0.3 0.0660243776473
0.31 0.0680564161964
0.32 0.0700779970756
0.33 0.0720891595895
0.34 0.0740899429124
0.35 0.0760803860884
0.36 0.078060528032
0.37 0.0800304075286
0.38 0.0819900632344
0.39 0.0839395336776
0.4 0.0858788572579
0.41 0.0878080722477
0.42 0.0897272167919
0.43 0.0916363289086
0.44 0.0935354464894
0.45 0.0954246073001
0.46 0.0973038489804
0.47 0.0991732090449
0.48 0.101032724883
0.49 0.102882433761
0.5 0.104722372819
0.51 0.106552579074
0.52 0.108373089421
0.53 0.11018394063
0.54 0.111985169349
0.55 0.113776812106
0.56 0.115558905304
0.57 0.117331485226
0.58 0.119094588034
0.59 0.120848249769
0.6 0.122592506352
0.61 0.124327393584
0.62 0.126052947146
0.63 0.1277692026
0.64 0.129476195389
0.65 0.131173960838
0.66 0.132862534155
0.67 0.134541950427
0.68 0.136212244627
0.69 0.137873451609
0.7 0.139525606111
0.71 0.141168742755
0.72 0.142802896047
0.73 0.144428100377
0.74 0.146044390021
0.75 0.147651799139
0.76 0.149250361776
0.77 0.150840111864
0.78 0.152421083222
0.79 0.153993309554
0.8 0.155556824452
0.81 0.157111661395
0.82 0.158657853749
0.83 0.160195434769
0.84 0.161724437598
0.85 0.163244895269
0.86 0.1647568407
0.87 0.166260306704
0.88 0.167755325979
0.89 0.169241931116
0.9 0.170720154596
0.91 0.172190028789
0.92 0.173651585959
0.93 0.175104858259
0.94 0.176549877735
0.95 0.177986676325
0.96 0.179415285859
0.97 0.18083573806
0.98 0.182248064546
0.99 0.183652296825
1.0 0.185048466301
1.01 0.186436604273
1.02 0.187816741932
1.03 0.189188910367
1.04 0.190553140558
1.05 0.191909463385
1.06 0.19325790962
1.07 0.194598509933
1.08 0.195931294891
1.09 0.197256294957
1.1 0.19857354049
1.11 0.199883061749
1.12 0.201184888888
1.13 0.202479051962
1.14 0.203765580921
1.15 0.205044505616
1.16 0.206315855797
1.17 0.207579661112
1.18 0.208835951111
1.19 0.210084755242
1.2 0.211326102852
1.21 0.212560023193
1.22 0.213786545414
1.23 0.215005698566
1.24 0.216217511603
1.25 0.21742201338
1.26 0.218619232654
1.27 0.219809198084
1.28 0.220991938233
1.29 0.222167481566
1.3 0.223335856452
1.31 0.224497091163
1.32 0.225651213876
1.33 0.226798252672
1.34 0.227938235535
1.35 0.229071190357
1.36 0.230197144932
1.37 0.231316126962
1.38 0.232428164053
1.39 0.233533283718
1.4 0.234631513376
1.41 0.235722880353
1.42 0.236807411882
1.43 0.237885135103
1.44 0.238956077063
1.45 0.240020264718
1.46 0.241077724931
1.47 0.242128484476
1.48 0.243172570031
1.49 0.244210008187
1.5 0.245240825444
1.51 0.246265048209
1.52 0.247282702801
1.53 0.248293815449
1.54 0.249298412292
1.55 0.250296519379
1.56 0.251288162671
1.57 0.252273368041
1.58 0.253252161271
1.59 0.254224568057
1.6 0.255190614007
1.61 0.256150324641
1.62 0.25710372539
1.63 0.258050841601
1.64 0.258991698532
1.65 0.259926321356
1.66 0.260854735158
1.67 0.261776964939
1.68 0.262693035612
1.69 0.263602972006
1.7 0.264506798866
1.71 0.265404540851
1.72 0.266296222533
1.73 0.267181868404
1.74 0.268061502869
1.75 0.268935150249
1.76 0.269802834785
1.77 0.27066458063
1.78 0.271520411857
1.79 0.272370352455
1.8 0.273214426331
1.81 0.27405265731
1.82 0.274885069134
1.83 0.275711685465
1.84 0.276532529882
1.85 0.277347625883
1.86 0.278156996886
1.87 0.278960666227
1.88 0.279758657163
1.89 0.280550992869
1.9 0.281337696443
1.91 0.2821187909
1.92 0.282894299178
1.93 0.283664244135
1.94 0.284428648549
1.95 0.285187535122
1.96 0.285940926474
1.97 0.286688845151
1.98 0.287431313618
1.99 0.288168354262
2.0 0.288899989396
2.01 0.289626241253
2.02 0.290347131989
2.03 0.291062683685
2.04 0.291772918344
2.05 0.292477857894
2.06 0.293177524186
2.07 0.293871938996
2.08 0.294561124025
2.09 0.295245100897
2.1 0.295923891163
2.11 0.296597516299
2.12 0.297265997704
2.13 0.297929356705
2.14 0.298587614556
2.15 0.299240792435
2.16 0.299888911446
2.17 0.300531992623
2.18 0.301170056923
2.19 0.301803125233
2.2 0.302431218366
2.21 0.303054357062
2.22 0.303672561991
2.23 0.304285853749
2.24 0.304894252861
2.25 0.305497779781
2.26 0.306096454891
2.27 0.306690298503
2.28 0.307279330856
2.29 0.307863572121
2.3 0.308443042397
2.31 0.309017761714
2.32 0.309587750031
2.33 0.310153027238
2.34 0.310713613156
2.35 0.311269527535
2.36 0.311820790058
2.37 0.312367420339
2.38 0.312909437921
2.39 0.313446862282
2.4 0.313979712829
2.41 0.314508008904
2.42 0.315031769778
2.43 0.315551014657
2.44 0.31606576268
2.45 0.316576032916
2.46 0.31708184437
2.47 0.317583215979
2.48 0.318080166615
2.49 0.318572715082
2.5 0.319060880119
2.51 0.3195446804
2.52 0.320024134531
2.53 0.320499261055
2.54 0.320970078449
2.55 0.321436605124
2.56 0.321898859429
2.57 0.322356859647
2.58 0.322810623995
2.59 0.323260170628
2.6 0.323705517637
2.61 0.324146683049
2.62 0.324583684826
2.63 0.32501654087
2.64 0.325445269017
2.65 0.32586988704
2.66 0.326290412652
2.67 0.326706863502
2.68 0.327119257176
2.69 0.327527611199
2.7 0.327931943033
2.71 0.32833227008
2.72 0.328728609679
2.73 0.329120979108
2.74 0.329509395585
2.75 0.329893876266
2.76 0.330274438246
2.77 0.330651098562
2.78 0.331023874187
2.79 0.331392782036
2.8 0.331757838964
2.81 0.332119061767
2.82 0.332476467179
2.83 0.332830071878
2.84 0.333179892479
2.85 0.333525945542
2.86 0.333868247565
2.87 0.334206814989
2.88 0.334541664198
2.89 0.334872811514
2.9 0.335200273204
2.91 0.335524065477
2.92 0.335844204483
2.93 0.336160706316
2.94 0.336473587011
2.95 0.336782862547
2.96 0.337088548847
2.97 0.337390661776
2.98 0.337689217142
2.99 0.337984230699
3.0 0.338275718141
3.01 0.338563695111
3.02 0.338848177191
3.03 0.339129179911
3.04 0.339406718745
3.05 0.33968080911
3.06 0.33995146637
3.07 0.340218705832
3.08 0.340482542751
3.09 0.340742992325
3.1 0.341000069698
3.11 0.341253789962
3.12 0.341504168151
3.13 0.34175121925
3.14 0.341994958185
3.15 0.342235399834
3.16 0.342472559017
3.17 0.342706450503
3.18 0.342937089009
3.19 0.343164489196
3.2 0.343388665677
3.21 0.343609633008
3.22 0.343827405694
3.23 0.344041998191
3.24 0.344253424898
3.25 0.344461700166
3.26 0.344666838293
3.27 0.344868853525
3.28 0.345067760058
3.29 0.345263572036
3.3 0.345456303552
3.31 0.345645968649
3.32 0.345832581319
3.33 0.346016155502
3.34 0.346196705091
3.35 0.346374243925
3.36 0.346548785797
3.37 0.346720344447
3.38 0.346888933566
3.39 0.347054566797
3.4 0.347217257733
3.41 0.347377019917
3.42 0.347533866843
3.43 0.347687811958
3.44 0.347838868658
3.45 0.347987050293
3.46 0.348132370161
3.47 0.348274841515
3.48 0.34841447756
3.49 0.34855129145
3.5 0.348685296294
3.51 0.348816505153
3.52 0.348944931041
3.53 0.349070586922
3.54 0.349193485716
3.55 0.349313640296
3.56 0.349431063485
3.57 0.349545768062
3.58 0.34965776676
3.59 0.349767072263
3.6 0.349873697211
3.61 0.349977654198
3.62 0.350078955771
3.63 0.350177614431
3.64 0.350273642634
3.65 0.350367052792
3.66 0.350457857269
3.67 0.350546068385
3.68 0.350631698416
3.69 0.350714759592
3.7 0.350795264098
3.71 0.350873224076
3.72 0.350948651621
3.73 0.351021558787
3.74 0.351091957581
3.75 0.351159859967
3.76 0.351225277866
3.77 0.351288223155
3.78 0.351348707666
3.79 0.351406743189
3.8 0.35146234147
3.81 0.351515514214
3.82 0.351566273079
3.83 0.351614629683
3.84 0.351660595602
3.85 0.351704182366
3.86 0.351745401467
3.87 0.351784264351
3.88 0.351820782424
3.89 0.351854967048
3.9 0.351886829546
3.91 0.351916381196
3.92 0.351943633238
3.93 0.351968596867
3.94 0.351991283239
3.95 0.352011703468
3.96 0.352029868627
3.97 0.352045789748
3.98 0.352059477822
3.99 0.352070943801
4.0 0.352080198594
4.01 0.352087253071
4.02 0.352092118062
4.03 0.352094804356
4.04 0.352095322703
4.05 0.352093683812
4.06 0.352089898353
4.07 0.352083976956
4.08 0.352075930212
4.09 0.352065768674
4.1 0.352053502852
4.11 0.352039143221
4.12 0.352022700214
4.13 0.352004184228
4.14 0.351983605618
4.15 0.351960974703
4.16 0.351936301764
4.17 0.351909597041
4.18 0.351880870738
4.19 0.35185013302
4.2 0.351817394015
4.21 0.351782663812
4.22 0.351745952463
4.23 0.351707269982
4.24 0.351666626347
4.25 0.351624031497
4.26 0.351579495334
4.27 0.351533027724
4.28 0.351484638496
4.29 0.351434337441
4.3 0.351382134314
4.31 0.351328038833
4.32 0.351272060681
4.33 0.351214209503
4.34 0.351154494909
4.35 0.351092926472
4.36 0.351029513729
4.37 0.350964266183
4.38 0.350897193298
4.39 0.350828304506
4.4 0.3507576092
4.41 0.350685116741
4.42 0.350610836452
4.43 0.350534777623
4.44 0.350456949507
4.45 0.350377361323
4.46 0.350296022257
4.47 0.350212941457
4.48 0.350128128039
4.49 0.350041591083
4.5 0.349953339636
4.51 0.349863382709
4.52 0.349771729281
4.53 0.349678388296
4.54 0.349583368664
4.55 0.349486679261
4.56 0.34938832893
4.57 0.349288326481
4.58 0.349186680688
4.59 0.349083400296
4.6 0.348978494012
4.61 0.348871970514
4.62 0.348763838444
4.63 0.348654106413
4.64 0.348542782998
4.65 0.348429876745
4.66 0.348315396165
4.67 0.34819934974
4.68 0.348081745916
4.69 0.347962593109
4.7 0.347841899703
4.71 0.347719674048
4.72 0.347595924465
4.73 0.34747065924
4.74 0.347343886631
4.75 0.347215614861
4.76 0.347085852123
4.77 0.346954606579
4.78 0.34682188636
4.79 0.346687699564
4.8 0.34655205426
4.81 0.346414958485
4.82 0.346276420246
4.83 0.346136447517
4.84 0.345995048245
4.85 0.345852230342
4.86 0.345708001695
4.87 0.345562370156
4.88 0.345415343548
4.89 0.345266929666
4.9 0.345117136272
4.91 0.344965971101
4.92 0.344813441854
4.93 0.344659556208
4.94 0.344504321805
4.95 0.344347746261
4.96 0.34418983716
4.97 0.34403060206
4.98 0.343870048486
4.99 0.343708183937
5.0 0.343545015881
5.01 0.343380551757
5.02 0.343214798978
5.03 0.343047764924
5.04 0.342879456949
5.05 0.342709882379
5.06 0.342539048509
5.07 0.342366962609
5.08 0.342193631918
5.09 0.342019063647
5.1 0.34184326498
5.11 0.341666243074
5.12 0.341488005056
5.13 0.341308558026
5.14 0.341127909057
5.15 0.340946065192
5.16 0.340763033451
5.17 0.340578820822
5.18 0.340393434268
5.19 0.340206880724
5.2 0.340019167099
5.21 0.339830300275
5.22 0.339640287104
5.23 0.339449134415
5.24 0.339256849008
5.25 0.339063437657
5.26 0.33886890711
5.27 0.338673264087
5.28 0.338476515283
5.29 0.338278667366
5.3 0.338079726979
5.31 0.337879700736
5.32 0.337678595227
5.33 0.337476417017
5.34 0.337273172644
5.35 0.337068868619
5.36 0.336863511428
5.37 0.336657107534
5.38 0.336449663371
5.39 0.336241185349
5.4 0.336031679852
5.41 0.33582115324
5.42 0.335609611847
5.43 0.335397061982
5.44 0.33518350993
5.45 0.334968961948
5.46 0.334753424272
5.47 0.33453690311
5.48 0.334319404648
5.49 0.334100935047
5.5 0.333881500441
5.51 0.333661106942
5.52 0.333439760638
5.53 0.33321746759
5.54 0.332994233838
5.55 0.332770065396
5.56 0.332544968255
5.57 0.33231894838
5.58 0.332092011716
5.59 0.331864164181
5.6 0.33163541167
5.61 0.331405760056
5.62 0.331175215186
5.63 0.330943782884
5.64 0.330711468954
5.65 0.330478279172
5.66 0.330244219294
5.67 0.330009295052
5.68 0.329773512154
5.69 0.329536876287
5.7 0.329299393113
5.71 0.329061068273
5.72 0.328821907384
5.73 0.32858191604
5.74 0.328341099815
5.75 0.328099464258
5.76 0.327857014897
5.77 0.327613757236
5.78 0.327369696758
5.79 0.327124838924
5.8 0.326879189172
5.81 0.32663275292
5.82 0.32638553556
5.83 0.326137542467
5.84 0.325888778991
5.85 0.325639250461
5.86 0.325388962184
5.87 0.325137919447
5.88 0.324886127514
5.89 0.324633591627
5.9 0.324380317009
5.91 0.32412630886
5.92 0.323871572358
5.93 0.323616112663
5.94 0.32335993491
5.95 0.323103044216
5.96 0.322845445675
5.97 0.322587144363
5.98 0.322328145332
5.99 0.322068453615
6.0 0.321808074224
6.01 0.32154701215
6.02 0.321285272366
6.03 0.32102285982
6.04 0.320759779444
6.05 0.320496036147
6.06 0.32023163482
6.07 0.319966580332
6.08 0.319700877532
6.09 0.31943453125
6.1 0.319167546296
6.11 0.318899927459
6.12 0.31863167951
6.13 0.318362807198
6.14 0.318093315255
6.15 0.317823208392
6.16 0.3175524913
6.17 0.31728116865
6.18 0.317009245097
6.19 0.316736725273
6.2 0.316463613792
6.21 0.316189915249
6.22 0.315915634221
6.23 0.315640775263
6.24 0.315365342914
6.25 0.315089341693
6.26 0.3148127761
6.27 0.314535650616
6.28 0.314257969703
6.29 0.313979737806
6.3 0.313700959349
6.31 0.31342163874
6.32 0.313141780368
6.33 0.312861388601
6.34 0.312580467791
6.35 0.312299022273
6.36 0.31201705636
6.37 0.31173457435
6.38 0.311451580523
6.39 0.311168079138
6.4 0.310884074439
6.41 0.310599570651
6.42 0.310314571981
6.43 0.310029082619
6.44 0.309743106736
6.45 0.309456648487
6.46 0.309169712008
6.47 0.308882301419
6.48 0.30859442082
6.49 0.308306074297
6.5 0.308017265916
6.51 0.307727999726
6.52 0.30743827976
6.53 0.307148110034
6.54 0.306857494546
6.55 0.306566437276
6.56 0.306274942189
6.57 0.305983013232
6.58 0.305690654336
6.59 0.305397869414
6.6 0.305104662363
6.61 0.304811037064
6.62 0.304516997379
6.63 0.304222547157
6.64 0.303927690227
6.65 0.303632430404
6.66 0.303336771485
6.67 0.303040717252
6.68 0.302744271471
6.69 0.302447437889
6.7 0.30215022024
6.71 0.30185262224
6.72 0.301554647591
6.73 0.301256299976
6.74 0.300957583065
6.75 0.30065850051
6.76 0.300359055948
6.77 0.300059253002
6.78 0.299759095276
6.79 0.29945858636
6.8 0.299157729828
6.81 0.298856529241
6.82 0.29855498814
6.83 0.298253110054
6.84 0.297950898496
6.85 0.297648356962
6.86 0.297345488934
6.87 0.297042297881
6.88 0.296738787252
6.89 0.296434960484
6.9 0.296130821
6.91 0.295826372205
6.92 0.295521617491
6.93 0.295216560235
6.94 0.294911203798
6.95 0.294605551528
6.96 0.294299606757
6.97 0.293993372802
6.98 0.293686852966
6.99 0.293380050539
7.0 0.293072968793
7.01 0.292765610988
7.02 0.29245798037
7.03 0.292150080169
7.04 0.291841913601
7.05 0.291533483868
7.06 0.291224794159
7.07 0.290915847646
7.08 0.290606647491
7.09 0.290297196837
7.1 0.289987498817
7.11 0.289677556548
7.12 0.289367373134
7.13 0.289056951664
7.14 0.288746295216
7.15 0.28843540685
7.16 0.288124289615
7.17 0.287812946547
7.18 0.287501380666
7.19 0.287189594981
7.2 0.286877592484
7.21 0.286565376158
7.22 0.286252948969
7.23 0.285940313871
7.24 0.285627473804
7.25 0.285314431697
7.26 0.285001190462
7.27 0.284687753002
7.28 0.284374122203
7.29 0.28406030094
7.3 0.283746292076
7.31 0.283432098458
7.32 0.283117722922
7.33 0.282803168291
7.34 0.282488437375
7.35 0.282173532971
7.36 0.281858457864
7.37 0.281543214824
7.38 0.281227806612
7.39 0.280912235973
7.4 0.280596505642
7.41 0.280280618339
7.42 0.279964576773
7.43 0.27964838364
7.44 0.279332041626
7.45 0.2790155534
7.46 0.278698921622
7.47 0.27838214894
7.48 0.278065237988
7.49 0.277748191388
7.5 0.277431011752
7.51 0.277113701678
7.52 0.276796263751
7.53 0.276478700547
7.54 0.276161014627
7.55 0.275843208543
7.56 0.275525284832
7.57 0.275207246022
7.58 0.274889094628
7.59 0.274570833153
7.6 0.274252464088
7.61 0.273933989914
7.62 0.273615413099
7.63 0.273296736099
7.64 0.27297796136
7.65 0.272659091316
7.66 0.272340128388
7.67 0.272021074988
7.68 0.271701933515
7.69 0.271382706358
7.7 0.271063395893
7.71 0.270744004486
7.72 0.270424534492
7.73 0.270104988254
7.74 0.269785368104
7.75 0.269465676364
7.76 0.269145915343
7.77 0.26882608734
7.78 0.268506194645
7.79 0.268186239534
7.8 0.267866224273
7.81 0.267546151119
7.82 0.267226022315
7.83 0.266905840097
7.84 0.266585606687
7.85 0.266265324298
7.86 0.265944995132
7.87 0.26562462138
7.88 0.265304205224
7.89 0.264983748833
7.9 0.264663254368
7.91 0.264342723978
7.92 0.264022159802
7.93 0.263701563968
7.94 0.263380938596
7.95 0.263060285792
7.96 0.262739607656
7.97 0.262418906274
7.98 0.262098183724
7.99 0.261777442073
8.0 0.261456683379
8.01 0.261135909688
8.02 0.260815123037
8.03 0.260494325455
8.04 0.260173518957
8.05 0.259852705552
8.06 0.259531887236
8.07 0.259211065997
8.08 0.258890243813
8.09 0.258569422652
8.1 0.258248604472
8.11 0.257927791221
8.12 0.257606984839
8.13 0.257286187254
8.14 0.256965400387
8.15 0.256644626148
8.16 0.256323866437
8.17 0.256003123144
8.18 0.255682398153
8.19 0.255361693335
8.2 0.255041010553
8.21 0.254720351661
8.22 0.254399718503
8.23 0.254079112913
8.24 0.253758536718
8.25 0.253437991734
8.26 0.253117479769
8.27 0.252797002621
8.28 0.252476562078
8.29 0.252156159922
8.3 0.251835797922
8.31 0.251515477842
8.32 0.251195201434
8.33 0.250874970442
8.34 0.250554786601
8.35 0.250234651639
8.36 0.249914567272
8.37 0.24959453521
8.38 0.249274557151
8.39 0.248954634789
8.4 0.248634769804
8.41 0.248314963872
8.42 0.247995218657
8.43 0.247675535816
8.44 0.247355916997
8.45 0.24703636384
8.46 0.246716877976
8.47 0.246397461027
8.48 0.246078114607
8.49 0.245758840323
8.5 0.245439639771
8.51 0.245120514541
8.52 0.244801466214
8.53 0.244482496361
8.54 0.244163606548
8.55 0.243844798329
8.56 0.243526073253
8.57 0.243207432859
8.58 0.24288887868
8.59 0.242570412237
8.6 0.242252035048
8.61 0.241933748618
8.62 0.241615554447
8.63 0.241297454027
8.64 0.24097944884
8.65 0.240661540363
8.66 0.240343730063
8.67 0.2400260194
8.68 0.239708409825
8.69 0.239390902783
8.7 0.23907349971
8.71 0.238756202035
8.72 0.238439011178
8.73 0.238121928553
8.74 0.237804955566
8.75 0.237488093614
8.76 0.237171344088
8.77 0.23685470837
8.78 0.236538187836
8.79 0.236221783854
8.8 0.235905497784
8.81 0.235589330979
8.82 0.235273284784
8.83 0.234957360538
8.84 0.23464155957
8.85 0.234325883206
8.86 0.23401033276
8.87 0.233694909542
8.88 0.233379614852
8.89 0.233064449987
8.9 0.232749416231
8.91 0.232434514867
8.92 0.232119747165
8.93 0.231805114393
8.94 0.231490617809
8.95 0.231176258665
8.96 0.230862038204
8.97 0.230547957665
8.98 0.230234018279
8.99 0.229920221268
9.0 0.22960656785
9.01 0.229293059235
9.02 0.228979696626
9.03 0.228666481218
9.04 0.228353414202
9.05 0.228040496759
9.06 0.227727730066
9.07 0.227415115292
9.08 0.227102653599
9.09 0.226790346142
9.1 0.226478194071
9.11 0.226166198528
9.12 0.22585436065
9.13 0.225542681564
9.14 0.225231162395
9.15 0.224919804257
9.16 0.224608608261
9.17 0.22429757551
9.18 0.223986707101
9.19 0.223676004124
9.2 0.223365467662
9.21 0.223055098794
9.22 0.22274489859
9.23 0.222434868116
9.24 0.222125008429
9.25 0.221815320583
9.26 0.221505805623
9.27 0.221196464589
9.28 0.220887298514
9.29 0.220578308427
9.3 0.220269495347
9.31 0.219960860291
9.32 0.219652404268
9.33 0.21934412828
9.34 0.219036033324
9.35 0.218728120392
9.36 0.218420390467
9.37 0.218112844529
9.38 0.217805483551
9.39 0.217498308499
9.4 0.217191320335
9.41 0.216884520014
9.42 0.216577908486
9.43 0.216271486692
9.44 0.215965255572
9.45 0.215659216057
9.46 0.215353369073
9.47 0.21504771554
9.48 0.214742256373
9.49 0.21443699248
9.5 0.214131924766
9.51 0.213827054126
9.52 0.213522381454
9.53 0.213217907635
9.54 0.21291363355
9.55 0.212609560074
9.56 0.212305688077
9.57 0.212002018422
9.58 0.211698551968
9.59 0.211395289569
9.6 0.21109223207
9.61 0.210789380316
9.62 0.210486735141
9.63 0.210184297378
9.64 0.209882067852
9.65 0.209580047385
9.66 0.20927823679
9.67 0.208976636878
9.68 0.208675248454
9.69 0.208374072317
9.7 0.208073109261
9.71 0.207772360074
9.72 0.207471825541
9.73 0.20717150644
9.74 0.206871403544
9.75 0.206571517621
9.76 0.206271849435
9.77 0.205972399743
9.78 0.205673169298
9.79 0.205374158848
9.8 0.205075369135
9.81 0.204776800897
9.82 0.204478454868
9.83 0.204180331774
9.84 0.203882432339
9.85 0.20358475728
9.86 0.20328730731
9.87 0.202990083137
9.88 0.202693085465
9.89 0.202396314991
9.9 0.20209977241
9.91 0.201803458409
9.92 0.201507373672
9.93 0.201211518879
9.94 0.200915894703
9.95 0.200620501815
9.96 0.200325340879
9.97 0.200030412554
9.98 0.199735717498
9.99 0.199441256359
