6 5.32039492423e-32
7 1.49643998099e-20
8 4.52838130053e-14
9 3.98569365652e-10
10 1.35911693807e-07
11 6.85706199403e-06
12 0.000104569758958
13 0.000739898545501
14 0.00311665242214
15 0.00918483728946
16 0.0209966894803
17 0.0399359887615
18 0.0663270176491
19 0.0994554353002
20 0.138012059007
21 0.180293472843
22 0.224686930101
23 0.269915167267
24 0.314633032467
25 0.358072923479
26 0.39973762168
27 0.438979651164
28 0.476005030495
29 0.510377356618
30 0.542125899289
31 0.571547976246
32 0.598628377267
33 0.623478714837
34 0.646267431995
35 0.667167046597
36 0.686297738596
37 0.703833566092
38 0.719862119704
39 0.734570556794
40 0.748074006357
41 0.760438079026
42 0.771779043951
43 0.782228211185
44 0.79185616277
45 0.80070425357
46 0.8088949818
47 0.816444530034
48 0.823410439935
49 0.829854181589
50 0.835840695139
51 0.841398735742
52 0.84655877812
53 0.851352847845
54 0.855814362017
55 0.859977980919
56 0.863839191091
57 0.86747468664
58 0.870881515558
59 0.874016150209
60 0.87699825636
61 0.87978520235
62 0.882416230828
63 0.884889912496
64 0.88720490056
65 0.889401396421
66 0.891436944694
67 0.893393728042
68 0.895229482012
69 0.896985270469
70 0.898618724101
71 0.900171135479
72 0.901642082212
73 0.903073261167
74 0.904380158509
75 0.905688886211
76 0.906872617523
77 0.908015515119
78 0.909117424665
79 0.910178197127
80 0.911197688826
81 0.912133242422
82 0.913069719883
83 0.913921918254
84 0.914774879966
85 0.915585928396
86 0.916354952966
87 0.917081848747
88 0.917809296214
89 0.91849448352
90 0.919137316982
91 0.919780579567
92 0.920424272483
93 0.920982537907
94 0.921584078913
95 0.922100033466
96 0.922659265409
97 0.923175791332
98 0.923649540323
99 0.924123519088
100 0.924597728248
101 0.925072168392
102 0.925503702481
103 0.925935426657
104 0.926324165815
105 0.92675625135
106 0.927145314523
107 0.92749130155
108 0.927880653481
109 0.92822689533
110 0.928573256421
111 0.928919736451
112 0.929266334945
113 0.929569725629
114 0.929873203094
115 0.930176766107
116 0.9304804131
117 0.93078414212
118 0.931087950761
119 0.931348428256
120 0.931608952815
121 0.931912952151
122 0.932173569469
123 0.932390762759
124 0.932651425201
125 0.932912104888
126 0.933129302488
127 0.933389975835
128 0.933607122536
129 0.933824219188
130 0.934084782792
131 0.934301741339
132 0.93451859777
133 0.934691767969
134 0.934908342766
135 0.935124743048
136 0.935297348891
137 0.935513298858
138 0.935685368538
139 0.935900726009
140 0.93607210423
141 0.936243065776
142 0.936457203125
143 0.936627186314
144 0.936796591887
145 0.936965357915
146 0.937133418088
147 0.937300701595
148 0.937423444149
149 0.937588935626
150 0.937753409896
151 0.937916777073
152 0.938035225134
153 0.938196081053
154 0.938311800262
155 0.938469725285
156 0.938582275904
157 0.938736809595
158 0.938845711077
159 0.938952592618
160 0.939101083445
161 0.939203519276
162 0.939303514672
163 0.93940091982
164 0.939495580219
165 0.939631125735
166 0.939719819085
167 0.939805277148
168 0.939887327953
169 0.939965795547
170 0.940040500161
171 0.940067447307
172 0.940134069267
173 0.940196368156
174 0.940254150895
175 0.940307221597
176 0.940355381796
177 0.940354606387
178 0.940392339263
179 0.940424553305
180 0.94040721542
181 0.940427770114
182 0.940442182966
183 0.940406417573
184 0.940407916393
185 0.94035881808
186 0.940346560636
187 0.940327108558
188 0.940256431805
189 0.940178145004
190 0.940135851674
191 0.940041716969
192 0.939983155364
193 0.939872348427
194 0.939796698799
195 0.939668408453
196 0.939531080482
197 0.939428297554
198 0.939272302013
199 0.939106688763
200 0.938931270284
201 0.938789610904
202 0.938594023062
203 0.938388086549
204 0.938171627443
205 0.93798818688
206 0.937750165016
207 0.937501121577
208 0.937240898603
209 0.936969342437
210 0.936686303834
211 0.936391638063
212 0.936085204998
213 0.935810478837
214 0.93548009424
215 0.935137549861
216 0.934782724773
217 0.934415503008
218 0.934035773607
219 0.933643430656
220 0.93323837333
221 0.932820505912
222 0.93238973782
223 0.931945983619
224 0.931445754958
225 0.930975814786
226 0.930492663768
227 0.929996237097
228 0.929486475103
229 0.928963323228
230 0.92842673201
231 0.927876657048
232 0.927313058971
233 0.926692716961
234 0.926102002014
235 0.925497676257
236 0.924879720024
237 0.924248118447
238 0.92355982103
239 0.922900933805
240 0.9222283855
241 0.921542179857
242 0.920799413421
243 0.92008595547
244 0.919358878684
245 0.918618204324
246 0.917821184997
247 0.91705343175
248 0.916272170177
249 0.915434776228
250 0.914626652192
251 0.913805144623
252 0.912927757686
253 0.912079672896
254 0.91121836264
255 0.910301464079
256 0.909413926035
257 0.908513351519
258 0.907557515383
259 0.906631121965
260 0.905649704136
261 0.90469779547
262 0.903733227769
263 0.902714016184
264 0.901724430559
265 0.900680471836
266 0.899666226456
267 0.898597890909
268 0.897559363298
269 0.896467039864
270 0.895404625517
271 0.894330396326
272 0.893202831425
273 0.892105338947
274 0.890954830542
275 0.889834509357
276 0.888661500985
277 0.887477440566
278 0.886323746926
279 0.88511787577
280 0.883942496112
281 0.882715287181
282 0.881518697462
283 0.880270633406
284 0.879053318742
285 0.877784890764
286 0.87650649719
287 0.875259051083
288 0.873961044505
289 0.872694119573
290 0.871377007873
291 0.870050566551
292 0.868755408759
293 0.867410633474
294 0.86609727707
295 0.86473468621
296 0.863363414764
297 0.86202376391
298 0.860635459524
299 0.859238867425
300 0.857874095817
301 0.856461256498
302 0.85504052319
303 0.853651807322
304 0.852215613016
305 0.850771918059
306 0.849360433494
307 0.847902061882
308 0.846436581434
309 0.845003499391
310 0.843524122574
311 0.842038026168
312 0.840545339291
313 0.839085291875
314 0.8375797395
315 0.836067981023
316 0.834550143674
317 0.833065174819
318 0.831535487904
319 0.830000100142
320 0.828459136421
321 0.826951256736
322 0.825399440809
323 0.823842419342
324 0.82228031449
325 0.820751494507
326 0.819179513119
327 0.817602810084
328 0.816021504497
329 0.814435714639
330 0.812883438132
331 0.811288956949
332 0.809690341126
333 0.808087705549
334 0.806481164222
335 0.804908338759
336 0.803294249121
337 0.801676590146
338 0.800055472187
339 0.798431004655
340 0.796803296011
341 0.795209510284
342 0.793575564821
343 0.791938697721
344 0.790299013576
345 0.78865661599
346 0.787011607579
347 0.785364089962
348 0.783714163756
349 0.782098374094
350 0.780443851437
351 0.778787215903
352 0.777128564076
353 0.775467991523
354 0.773809198792
355 0.772148657919
356 0.770486461391
357 0.768822700674
358 0.767157466217
359 0.765490847446
360 0.763819373312
361 0.762150257904
362 0.760480020364
363 0.758808746049
364 0.757132991006
365 0.755459902966
366 0.753782515472
367 0.75210794302
368 0.750429248377
369 0.748753512785
370 0.747073828271
371 0.745397242816
372 0.743716877741
373 0.742039747765
374 0.740359003532
375 0.73867818421
376 0.736997362217
377 0.735320035631
378 0.733639413845
379 0.731959000849
380 0.730278865217
381 0.728599074575
382 0.726919695609
383 0.725240794066
384 0.723562434767
385 0.721884681604
386 0.720207597554
387 0.718531244683
388 0.716855684148
389 0.715177643434
390 0.713503855264
391 0.711831037538
392 0.710159247859
393 0.708485241368
394 0.706815684892
395 0.705147324061
396 0.703476934781
397 0.701811134627
398 0.700146690053
399 0.698480397736
400 0.696818826173
401 0.695155523181
402 0.693497024628
403 0.691836907695
404 0.690178459432
405 0.688524935187
406 0.686869956143
407 0.685216783818
408 0.683568648144
409 0.68191921423
410 0.680271718197
411 0.678626202268
412 0.67698270793
413 0.675344423075
414 0.673705085836
415 0.67206789032
416 0.670432875148
417 0.66880007824
418 0.667169536828
419 0.665541287458
420 0.663915366001
421 0.662291807659
422 0.660670646972
423 0.659051917826
424 0.657432589784
425 0.655818830318
426 0.654207600187
427 0.652598930732
428 0.650992852675
429 0.64938636995
430 0.647785571883
431 0.646187453734
432 0.64458904
433 0.642996373488
434 0.641406470103
435 0.639816374855
436 0.638232084322
437 0.636647668186
438 0.635069092361
439 0.633490454943
440 0.631917691316
441 0.630344927912
442 0.628778069718
443 0.627211271419
444 0.625647492191
445 0.624089661542
446 0.622531976387
447 0.620977372522
448 0.619428756266
449 0.617880366566
450 0.616335116023
451 0.614795887951
452 0.613256963127
453 0.61172123114
454 0.610188708977
455 0.608659413184
456 0.607133359871
457 0.605610564721
458 0.604093858089
459 0.602577617556
460 0.601064679729
461 0.599555058631
462 0.598048767884
463 0.596545820714
464 0.59504622996
465 0.593547242113
466 0.592054408126
467 0.590564966768
468 0.589078929371
469 0.587596306904
470 0.586117109979
471 0.584641348857
472 0.583166315863
473 0.581697462582
474 0.580232073799
475 0.578770158415
476 0.577309034709
477 0.57585409829
478 0.574402660001
479 0.572952057474
480 0.571507644718
481 0.570066752002
482 0.568626736203
483 0.567192910067
484 0.565759986715
485 0.564333251568
486 0.562907443861
487 0.561487821836
488 0.560069150733
489 0.558656661761
490 0.557245146047
491 0.555839807922
492 0.55443546428
493 0.553037292723
494 0.551640135796
495 0.550246580346
496 0.548859186978
497 0.547472836507
498 0.546090095546
499 0.54471350468
500 0.543337982723
501 0.541966076242
502 0.540597786776
503 0.539235628501
504 0.537874570487
505 0.536517132849
506 0.535163316289
507 0.533813121305
508 0.532466548199
509 0.531126072139
510 0.529786736676
511 0.528451022858
512 0.527118930225
513 0.52579045814
514 0.524465605782
515 0.523144372158
516 0.521826756101
517 0.520512756275
518 0.519202371177
519 0.51789559914
520 0.516592438335
521 0.515292886778
522 0.513996942327
523 0.512704602688
524 0.511413482209
525 0.510128350707
526 0.508846816231
527 0.507568875906
528 0.506294526716
529 0.505023765507
530 0.503754241477
531 0.502490652129
532 0.501230640493
533 0.499974202896
534 0.498719011486
535 0.497469716269
536 0.496223983313
537 0.494979501835
538 0.493740886586
539 0.492505820764
540 0.491272010525
541 0.490044035682
542 0.488819596436
543 0.487596415752
544 0.486379038822
545 0.485162921841
546 0.483952587089
547 0.482743513214
548 0.481540199723
549 0.480338147595
550 0.479141833704
551 0.477946781234
552 0.476757444565
553 0.475569368964
554 0.474386986452
555 0.473205864259
556 0.472028212515
557 0.470856219297
558 0.469685484558
559 0.46852038501
560 0.467356542259
561 0.466196138645
562 0.465041334786
563 0.463887784552
564 0.462737653817
565 0.461590935901
566 0.46044976976
567 0.459309851867
568 0.458173326388
569 0.457040186394
570 0.455912549463
571 0.454786154185
572 0.45366312329
573 0.452543449631
574 0.451427126008
575 0.450316243651
576 0.449206593129
577 0.44810027076
578 0.446997269151
579 0.445897580862
580 0.444801198409
581 0.443708114264
582 0.44261832086
583 0.441531810585
584 0.440448575792
585 0.439368608791
586 0.438291901859
587 0.437218447235
588 0.436148237121
589 0.435081263688
590 0.434017519073
591 0.43295699538
592 0.431899684684
593 0.430845579027
594 0.429794670426
595 0.428746950867
596 0.427702412309
597 0.426661046688
598 0.425620862503
599 0.424585823278
