0.0 20631290.5485
1.0 935.580849145
2.0 661.555563119
3.0 540.157855473
4.0 467.790424933
5.0 418.404475771
6.0 381.949282581
7.0 353.616322916
8.0 330.777781687
9.0 311.860283333
10.0 295.856642127
11.0 282.088240051
12.0 270.078927806
13.0 259.483440549
14.0 250.044499891
15.0 241.56593675
16.0 233.895212512
17.0 226.911686239
18.0 220.51852114
19.0 214.636967311
20.0 209.202237918
21.0 204.160479246
22.0 199.466507442
23.0 195.082092754
24.0 190.974641315
25.0 187.116170014
26.0 183.482500425
27.0 180.052618546
28.0 176.808161478
29.0 173.733002346
30.0 170.812911985
31.0 168.035281148
32.0 165.388890859
33.0 162.863721339
34.0 160.450792075
35.0 158.142027217
36.0 155.93014168
37.0 153.808544296
38.0 151.771255083
39.0 149.812834259
40.0 147.928321075
41.0 146.113180908
42.0 144.363259328
43.0 142.674742068
44.0 141.044120035
45.0 139.468158616
46.0 137.943870678
47.0 136.468492743
48.0 135.039463912
49.0 133.654407155
50.0 132.311112689
51.0 131.007523138
52.0 129.741720282
53.0 128.511913188
54.0 127.316427547
55.0 126.153696091
56.0 125.022249952
57.0 123.920710859
58.0 122.847784077
59.0 121.802252008
60.0 120.782968381
61.0 119.788852971
62.0 118.818886781
63.0 117.872107654
64.0 116.947606262
65.0 116.044522428
66.0 115.16204177
67.0 114.299392606
68.0 113.455843125
69.0 112.630698769
70.0 111.823299838
71.0 111.033019265
72.0 110.259260575
73.0 109.50145599
74.0 108.759064677
75.0 108.03157113
76.0 107.31848366
77.0 106.619333001
78.0 105.933671015
79.0 105.261069478
80.0 104.601118963
81.0 103.953427788
82.0 103.317621042
83.0 102.693339671
84.0 102.080239627
85.0 101.477991069
86.0 100.886277622
87.0 100.304795674
88.0 99.7332537245
89.0 99.1713717677
90.0 98.618880718
91.0 98.0755218684
92.0 97.5410463805
93.0 97.0152148065
94.0 96.4977966383
95.0 95.9885698825
96.0 95.4873206607
97.0 94.9938428319
98.0 94.507937636
99.0 94.029413358
100.0 93.5580850097
101.0 93.0937740295
102.0 92.636307998
103.0 92.1855203691
104.0 91.7412502152
105.0 91.303341986
106.0 90.8716452792
107.0 90.4460146242
108.0 5.9794817658e-07
109.0 89.6123930174
110.0 89.2041339783
111.0 88.8014044544
112.0 88.4040807413
113.0 88.0120429748
114.0 87.625174979
115.0 87.2433641215
116.0 86.8665011755
117.0 86.4944801891
118.0 86.1271983593
119.0 85.7645559134
120.0 85.4064559949
121.0 85.0528045545
122.0 84.7035102468
123.0 84.3584843311
124.0 84.0176405763
125.0 83.6808951708
126.0 83.3481666357
127.0 5.38881485553e-07
128.0 82.6944454317
129.0 82.3733007411
130.0 82.055868729
131.0 81.7420784067
132.0 81.4318606712
133.0 81.1251482417
134.0 80.821875598
135.0 80.5219789215
136.0 80.2253960393
137.0 79.9320663696
138.0 79.6419308701
139.0 79.3549319876
140.0 79.0710136105
141.0 78.7901210225
142.0 78.5122008584
143.0 78.2372010612
144.0 77.9650708417
145.0 77.6957606386
146.0 77.4292220807
147.0 77.1654079506
148.0 76.9042721494
149.0 6.62052953953e-07
150.0 76.3898565289
151.0 76.1364898059
152.0 75.885627543
153.0 75.6372287504
154.0 75.3912533714
155.0 75.1476622552
156.0 74.906417131
157.0 74.6674805825
158.0 74.4308160233
159.0 74.196387674
160.0 73.9641605389
161.0 73.7341003843
162.0 73.5061737172
163.0 73.280347765
164.0 73.0565904556
165.0 72.8348703982
166.0 72.6151568647
167.0 72.3974197722
168.0 72.1816296655
169.0 71.9677577001
170.0 71.7557756264
171.0 71.5456557738
172.0 71.3373710355
173.0 71.1308948542
174.0 5.68176042654e-07
175.0 70.7232645932
176.0 70.5220600188
177.0 70.3225629854
178.0 70.1247494769
179.0 69.9285959473
180.0 69.7340793092
181.0 69.5411769222
182.0 69.3498665819
183.0 69.1601265093
184.0 68.97193534
185.0 68.7852721146
186.0 68.6001162683
187.0 68.4164476221
188.0 68.2342463729
189.0 68.0534930848
190.0 67.8741686807
191.0 67.6962544332
192.0 67.5197319569
193.0 67.3445832002
194.0 67.1707904377
195.0 66.9983362625
196.0 66.8272035787
197.0 66.657375595
198.0 66.4888358168
199.0 66.3215680403
200.0 66.1555563456
201.0 65.9907850901
202.0 65.8272389029
203.0 65.6649026782
204.0 5.02029454948e-07
205.0 65.3438009853
206.0 65.1850065805
207.0 65.027364254
208.0 64.8708601421
209.0 64.7154806132
210.0 64.5612122636
211.0 64.408041912
212.0 64.2559565948
213.0 64.1049435621
214.0 63.9549902724
215.0 63.8060843887
216.0 63.6582137742
217.0 63.511366488
218.0 63.3655307812
219.0 63.2206950929
220.0 63.0768480462
221.0 62.9339784448
222.0 62.7920752689
223.0 62.6511276719
224.0 62.511124977
225.0 62.3720566735
226.0 62.2339124138
227.0 62.09668201
228.0 61.9603554306
229.0 61.8249227978
230.0 61.6903743841
231.0 61.5567006097
232.0 61.4238920394
233.0 61.29193938
234.0 61.1608334772
235.0 61.0305653133
236.0 60.9011260047
237.0 60.7725067988
238.0 4.61206557188e-07
239.0 60.5176943273
240.0 60.3914841913
241.0 60.2660604128
242.0 60.1414148597
243.0 60.0175395173
244.0 59.8944264861
245.0 59.7720679794
246.0 59.6504563214
247.0 59.5295839453
248.0 59.409443391
249.0 59.2900273037
250.0 59.1713284313
251.0 59.0533396231
252.0 58.9360538278
253.0 58.8194640918
254.0 58.7035635573
255.0 58.5883454609
256.0 58.4738031315
257.0 58.3599299891
258.0 58.246719543
259.0 58.1341653904
260.0 58.0222612147
261.0 57.911000784
262.0 57.8003779499
263.0 57.6903866457
264.0 57.5810208855
265.0 57.4722747622
266.0 57.3641424467
267.0 57.2566181864
268.0 57.1496963038
269.0 57.0433711953
270.0 56.9376373302
271.0 56.8324892491
272.0 56.727921563
273.0 56.623928952
274.0 56.5205061644
275.0 56.4176480152
276.0 56.3153493852
277.0 56.2136052201
278.0 4.23846776843e-07
279.0 56.0117603844
280.0 55.9116499195
281.0 55.8120743286
282.0 55.7130288657
283.0 55.6145088437
284.0 55.516509633
285.0 55.4190266612
286.0 55.3220554116
287.0 55.225591423
288.0 55.1296302881
289.0 55.0341676532
290.0 54.9391992172
291.0 54.8447207307
292.0 54.7507279954
293.0 54.6572168631
294.0 54.5641832351
295.0 54.4716230612
296.0 54.3795323393
297.0 54.2879071144
298.0 54.1967434781
299.0 54.1060375677
300.0 54.0157855656
301.0 53.9259836987
302.0 53.8366282377
303.0 53.7477154962
304.0 53.6592418305
305.0 53.5712036385
306.0 53.4835973598
307.0 53.396419474
308.0 53.3096665012
309.0 53.2233350008
