0.0 20631290548.5
1.0 1323.11112692
2.0 935.580850107
3.0 763.898565294
4.0 661.555563459
5.0 591.713284315
6.0 540.157855658
7.0 500.088999818
8.0 467.790425054
9.0 441.037042306
10.0 418.404475857
11.0 398.933014903
12.0 381.949282647
13.0 366.965000865
14.0 353.616322968
15.0 341.625823982
16.0 330.777781729
17.0 320.90158416
18.0 311.860283369
19.0 303.542510174
20.0 295.856642157
21.0 288.726518664
22.0 282.088240077
23.0 275.887741362
24.0 270.078927829
25.0 264.622225384
26.0 259.483440569
27.0 254.632855098
28.0 250.044499909
29.0 245.695568159
30.0 241.565936766
31.0 237.637773565
32.0 233.895212527
33.0 230.324083543
34.0 226.911686253
35.0 223.646599679
36.0 220.518521153
37.0 217.518129358
38.0 214.636967323
39.0 211.867342032
40.0 209.202237929
41.0 206.635242087
42.0 204.160479256
43.0 201.772555246
44.0 199.466507451
45.0 197.237761438
46.0 195.082092763
47.0 192.995593279
48.0 190.974641323
49.0 189.015875274
50.0 187.116170021
51.0 185.272615998
52.0 183.482500432
53.0 181.74329056
54.0 180.052618553
55.0 178.408267958
56.0 176.808161484
57.0 175.25034996
58.0 173.733002353
59.0 172.25439672
60.0 170.812911991
61.0 169.407020495
62.0 168.035281154
63.0 166.696333273
64.0 165.388890865
65.0 164.111737459
66.0 162.863721344
67.0 161.643751197
68.0 160.45079208
69.0 159.283861741
70.0 158.142027222
71.0 157.024401718
72.0 155.930141685
73.0 154.858444162
74.0 153.8085443
75.0 152.779713059
76.0 151.771255087
77.0 150.782506744
78.0 149.812834263
79.0 148.861632048
80.0 147.928321079
81.0 147.012347435
82.0 146.113180912
83.0 145.23031373
84.0 144.363259332
85.0 143.511551254
86.0 142.674742072
87.0 141.852402415
88.0 141.044120038
89.0 140.249498955
90.0 139.468158619
91.0 138.699733165
92.0 137.943870681
93.0 137.200232537
94.0 136.468492746
95.0 135.748337362
96.0 135.039463914
97.0 134.341580876
98.0 133.654407158
99.0 132.977671634
100.0 132.311112692
101.0 131.654477806
102.0 131.00752314
103.0 130.370013162
104.0 129.741720285
105.0 129.122424528
106.0 128.51191319
107.0 127.909980545
108.0 8.45626420924e-07
109.0 126.731061563
110.0 126.153696093
111.0 125.584150538
112.0 125.022249955
113.0 124.467824828
114.0 123.920710862
115.0 123.380748769
116.0 122.847784079
117.0 122.321666955
118.0 121.80225201
119.0 121.289398145
120.0 120.782968383
121.0 120.28282972
122.0 119.788852973
123.0 119.300912643
124.0 118.818886783
125.0 118.342656863
126.0 117.872107656
127.0 7.62093505387e-07
128.0 116.947606263
129.0 116.493439086
130.0 116.04452243
131.0 115.6007559
132.0 115.162041771
133.0 114.728284894
134.0 114.299392608
135.0 113.875274661
136.0 113.455843126
137.0 113.041012329
138.0 112.630698771
139.0 112.224821059
140.0 111.823299839
141.0 111.426057732
142.0 111.033019266
143.0 110.644110824
144.0 110.259260576
145.0 109.878398435
146.0 109.501455991
147.0 109.128366471
148.0 108.759064679
149.0 9.36284266496e-07
150.0 108.031571132
151.0 107.673256476
152.0 107.318483661
153.0 106.96719472
154.0 106.619333003
155.0 106.274843143
156.0 105.933671016
157.0 105.595763709
158.0 105.261069479
159.0 104.929537728
160.0 104.601118964
161.0 104.275764773
162.0 103.95342779
163.0 103.634061665
164.0 103.317621044
165.0 103.004061531
166.0 102.693339673
167.0 102.385412923
168.0 102.080239628
169.0 101.777778994
170.0 101.47799107
171.0 101.180836725
172.0 100.886277623
173.0 100.594276207
174.0 8.03522265342e-07
175.0 100.017799964
176.0 99.7332537257
177.0 99.4511223154
178.0 99.1713717688
179.0 98.8939687869
180.0 98.6188807192
181.0 98.3460755473
182.0 98.0755218695
183.0 97.8071888854
184.0 97.5410463815
185.0 97.2770647165
186.0 97.0152148076
187.0 96.7554681171
188.0 96.4977966393
189.0 96.2421728879
190.0 95.9885698835
191.0 95.7369611418
192.0 95.4873206617
193.0 95.2396229146
194.0 94.9938428329
195.0 94.7499557993
196.0 94.507937637
197.0 94.2677645991
198.0 94.029413359
199.0 93.792861001
200.0 93.5580850107
201.0 93.3250632665
202.0 93.0937740305
203.0 92.8641959399
204.0 7.09976863901e-07
205.0 92.4100895709
206.0 92.18552037
207.0 91.9625804539
208.0 91.7412502161
209.0 91.5215103791
210.0 91.3033419869
211.0 91.0867263982
212.0 90.8716452801
213.0 90.6580806011
214.0 90.4460146251
215.0 90.2354299048
216.0 90.0263092763
217.0 89.8186358526
218.0 89.6123930182
219.0 89.4075644235
220.0 89.2041339792
221.0 89.0020858512
222.0 88.8014044552
223.0 88.602074452
224.0 88.4040807421
225.0 88.2074084612
226.0 88.0120429756
227.0 87.8179698773
228.0 87.6251749798
229.0 87.4336443137
230.0 87.2433641222
231.0 87.0543208576
232.0 86.8665011763
233.0 86.6798919357
234.0 86.4944801898
235.0 86.3102531858
236.0 86.12719836
237.0 85.9453033347
238.0 6.52244568234e-07
239.0 85.5849440816
240.0 85.4064559956
241.0 85.2290799869
242.0 85.0528045552
243.0 84.877618366
244.0 84.7035102475
245.0 84.5304691879
246.0 84.3584843318
247.0 84.1875449782
248.0 84.017640577
249.0 83.8487607267
250.0 83.6808951715
251.0 83.5140337987
252.0 83.3481666364
253.0 83.1832838505
254.0 83.0193757428
255.0 82.8564327481
256.0 82.6944454324
257.0 82.53340449
258.0 82.3733007418
259.0 82.2141251327
260.0 82.0558687297
261.0 81.8985227196
262.0 81.7420784073
263.0 81.5865272132
264.0 81.4318606718
265.0 81.2780704294
266.0 81.1251482424
267.0 80.9730859751
268.0 80.8218755986
269.0 80.6715091882
270.0 80.5219789221
271.0 80.3732770798
272.0 80.2253960399
273.0 80.0783282791
274.0 79.9320663702
275.0 79.7866029806
276.0 79.6419308706
277.0 79.4980428925
278.0 5.99409860182e-07
279.0 79.2125911884
280.0 79.0710136111
281.0 78.9301924599
282.0 78.7901210231
283.0 78.6507926718
284.0 78.5122008589
285.0 78.374339118
286.0 78.2372010618
287.0 78.1007803807
288.0 77.9650708423
289.0 77.8300662893
290.0 77.6957606391
291.0 77.5621478822
292.0 77.4292220812
293.0 77.2969773697
294.0 77.1654079511
295.0 77.0345080979
296.0 76.9042721499
297.0 76.7746945143
298.0 76.6457696634
299.0 76.5174921347
300.0 76.3898565294
301.0 76.2628575113
302.0 76.1364898064
303.0 76.0107482015
304.0 75.8856275435
305.0 75.7611227385
306.0 75.6372287509
307.0 75.5139406025
308.0 75.3912533719
309.0 75.2691621932
