0.0 0.655490305885
1.0 1.32934038791e-05
2.0 9.3998560289e-06
3.0 7.67495030907e-06
4.0 6.64670194055e-06
5.0 5.94499094616e-06
6.0 5.427009409e-06
7.0 5.02443439253e-06
8.0 4.69992801481e-06
9.0 4.43113462716e-06
10.0 4.20374341221e-06
11.0 4.00811207834e-06
12.0 3.83747515473e-06
13.0 3.68692687081e-06
14.0 3.55281163064e-06
15.0 3.43234212319e-06
16.0 3.32335097041e-06
17.0 3.22412401929e-06
18.0 3.13328534325e-06
19.0 3.04971600715e-06
20.0 2.97249547317e-06
21.0 2.90085854911e-06
22.0 2.83416323038e-06
23.0 2.77186632121e-06
24.0 2.71350470457e-06
25.0 2.65868077634e-06
26.0 2.60705099211e-06
27.0 2.55831676985e-06
28.0 2.51221719632e-06
29.0 2.46852312934e-06
30.0 2.42703239068e-06
31.0 2.38756581914e-06
32.0 2.34996400745e-06
33.0 2.3140845874e-06
34.0 2.27979995744e-06
35.0 2.24699537009e-06
36.0 2.21556731362e-06
37.0 2.185422136e-06
38.0 2.15647486936e-06
39.0 2.12864822137e-06
40.0 2.10187170614e-06
41.0 2.07608089251e-06
42.0 2.05121675135e-06
43.0 2.02722508682e-06
44.0 2.0040560392e-06
45.0 1.98166364879e-06
46.0 1.96000547228e-06
47.0 1.93904224419e-06
48.0 1.91873757739e-06
49.0 1.89905769739e-06
50.0 1.87997120597e-06
51.0 1.86144887045e-06
52.0 1.84346343543e-06
53.0 1.82598945399e-06
54.0 1.80900313639e-06
55.0 1.79248221375e-06
56.0 1.77640581534e-06
57.0 1.76075435769e-06
58.0 1.74550944428e-06
59.0 1.73065377459e-06
60.0 1.71617106161e-06
61.0 1.70204595671e-06
62.0 1.68826398125e-06
63.0 1.67481146422e-06
64.0 1.66167548522e-06
65.0 1.64884382226e-06
66.0 1.636304904e-06
67.0 1.62404776584e-06
68.0 1.61206200966e-06
69.0 1.60033776672e-06
70.0 1.58886566349e-06
71.0 1.57763679018e-06
72.0 1.56664267164e-06
73.0 1.55587524046e-06
74.0 1.54532681212e-06
75.0 1.53499006192e-06
76.0 1.52485800359e-06
77.0 1.51492396948e-06
78.0 1.50518159209e-06
79.0 1.49562478695e-06
80.0 1.4862477366e-06
81.0 2.25233098615e-07
82.0 2.0648377854e-07
83.0 1.97915594873e-07
84.0 1.83527786686e-07
85.0 1.7647876437e-07
86.0 1.6456705293e-07
87.0 1.59450192402e-07
88.0 1.50769242207e-07
89.0 1.46311472584e-07
90.0 1.3877725328e-07
91.0 1.34928433831e-07
92.0 1.29635502817e-07
93.0 1.26739954616e-07
94.0 1.21890522449e-07
95.0 1.19263581107e-07
96.0 1.14969269748e-07
97.0 1.13897360052e-07
98.0 1.10201355378e-07
99.0 1.08153139225e-07
100.0 1.04752479309e-07
101.0 1.0286196282e-07
102.0 9.97229425815e-08
103.0 9.79728338681e-08
104.0 9.51422906736e-08
105.0 9.35883782622e-08
106.0 9.10248664272e-08
107.0 8.95755053122e-08
108.0 8.71854239748e-08
109.0 8.58310020291e-08
110.0 8.35988977601e-08
111.0 8.23927319961e-08
112.0 8.04187430003e-08
113.0 7.92844798858e-08
114.0 7.74279444234e-08
115.0 7.63592647384e-08
116.0 7.46115499274e-08
117.0 7.36036954471e-08
118.0 7.19556549854e-08
119.0 7.10498464196e-08
120.0 6.9579158946e-08
121.0 6.87201113393e-08
122.0 6.73261079251e-08
123.0 6.65108821217e-08
124.0 6.51880865169e-08
125.0 6.44132743164e-08
126.0 6.31567167909e-08
127.0 6.24202335035e-08
128.0 6.1263347988e-08
129.0 6.05982556841e-08
130.0 5.95306942987e-08
131.0 5.88955700836e-08
132.0 5.78755542848e-08
133.0 5.72685554474e-08
134.0 5.62934532788e-08
135.0 5.57126042597e-08
136.0 5.47799708163e-08
137.0 5.4223981645e-08
138.0 5.33310249987e-08
139.0 5.28261448557e-08
140.0 5.2024379274e-08
141.0 5.15393373196e-08
142.0 5.07687817756e-08
143.0 5.03022832381e-08
144.0 4.95612727751e-08
145.0 4.91125630837e-08
146.0 4.83997524609e-08
147.0 4.79678997961e-08
148.0 4.72820176111e-08
149.0 4.68661490726e-08
150.0 4.62054030444e-08
151.0 4.58049025166e-08
152.0 4.52113915452e-08
153.0 4.48460218675e-08
154.0 4.42726841766e-08
155.0 4.39194415207e-08
156.0 4.3365335844e-08
157.0 4.30238382097e-08
158.0 4.24880751184e-08
159.0 4.21577845636e-08
160.0 4.16395268048e-08
161.0 4.13200996003e-08
162.0 4.08185549657e-08
163.0 4.05093432192e-08
164.0 4.00240769859e-08
165.0 3.97246268416e-08
166.0 3.92547620835e-08
167.0 3.89826616764e-08
168.0 3.85620697495e-08
169.0 3.82979104945e-08
170.0 3.78896537164e-08
171.0 3.76331134019e-08
172.0 3.72365551254e-08
173.0 3.69873296141e-08
174.0 3.66020058521e-08
175.0 3.63598064404e-08
176.0 3.59854058337e-08
177.0 3.57499569809e-08
178.0 3.53860515458e-08
179.0 3.51572158709e-08
180.0 3.48033967839e-08
181.0 3.45809174615e-08
182.0 3.42367961734e-08
183.0 3.40203112785e-08
184.0 3.36856360773e-08
185.0 3.34751489445e-08
186.0 3.31751698049e-08
187.0 3.29827324444e-08
188.0 3.26902576083e-08
189.0 3.25027260499e-08
190.0 3.22174930325e-08
191.0 3.20345880156e-08
192.0 3.17563476264e-08
193.0 3.15779101688e-08
194.0 3.13066295327e-08
195.0 3.11325058665e-08
196.0 3.08677440639e-08
197.0 3.07789939026e-08
198.0 3.05195698474e-08
199.0 3.06489350375e-08
200.0 3.03915265505e-08
201.0 3.05251607341e-08
202.0 3.02697659584e-08
203.0 3.04075807173e-08
204.0 3.01540038045e-08
205.0 3.03220345233e-08
206.0 3.00699103182e-08
207.0 3.02636550174e-08
208.0 3.01908181969e-08
209.0 3.03912577886e-08
210.0 3.03188113023e-08
211.0 3.05260482759e-08
212.0 3.0453967778e-08
213.0 3.06679043211e-08
214.0 3.05961664349e-08
215.0 3.07747509264e-08
216.0 3.07034304344e-08
217.0 3.09153185386e-08
218.0 3.08443303427e-08
219.0 3.10630708417e-08
220.0 3.09923925457e-08
221.0 3.12180949968e-08
222.0 3.11477046141e-08
223.0 3.13852417692e-08
224.0 3.1315107063e-08
225.0 3.15566298405e-08
226.0 3.14867368868e-08
227.0 3.17298173734e-08
228.0 3.16601579758e-08
229.0 3.19106691191e-08
230.0 3.18412225316e-08
231.0 3.20994190958e-08
232.0 3.2030164605e-08
233.0 3.22963157871e-08
234.0 3.22272326796e-08
235.0 3.24820223342e-08
236.0 3.24131314352e-08
237.0 3.26855287736e-08
238.0 3.26167894152e-08
239.0 3.28977773639e-08
240.0 3.28291687859e-08
241.0 3.31184268051e-08
242.0 3.30499294685e-08
243.0 3.33477601222e-08
244.0 3.32793543884e-08
245.0 3.35867414732e-08
246.0 3.35184062214e-08
247.0 3.38059756761e-08
248.0 3.37377496213e-08
249.0 3.40276136101e-08
250.0 3.39594901912e-08
251.0 3.42579130532e-08
252.0 3.41898734368e-08
253.0 3.44967429388e-08
254.0 3.44287689951e-08
255.0 3.47443933855e-08
256.0 3.46764668427e-08
257.0 3.5001023638e-08
258.0 3.4933126341e-08
259.0 3.52704136715e-08
260.0 3.52025206082e-08
261.0 3.54799796098e-08
262.0 3.54122049928e-08
263.0 3.56986995435e-08
264.0 3.56310242228e-08
265.0 3.59248299269e-08
266.0 3.58572384655e-08
267.0 3.61587570106e-08
268.0 3.60912335959e-08
269.0 3.64005631556e-08
270.0 3.63330921742e-08
271.0 3.66504989144e-08
272.0 3.65830646366e-08
273.0 3.69027338416e-08
274.0 3.68353315317e-08
275.0 3.70719875543e-08
276.0 3.70047672133e-08
277.0 3.72556196313e-08
278.0 3.71885527548e-08
279.0 3.74454929283e-08
280.0 3.73785661672e-08
281.0 3.7641234031e-08
282.0 3.75744349827e-08
283.0 3.78431717612e-08
284.0 3.77764877063e-08
285.0 3.80509170249e-08
286.0 3.79843361917e-08
287.0 3.82651754549e-08
288.0 3.81986850911e-08
289.0 3.84654894103e-08
290.0 3.839911233e-08
291.0 3.84268339519e-08
292.0 3.83609781469e-08
293.0 3.86140157906e-08
294.0 3.85482897586e-08
295.0 3.88058931497e-08
296.0 3.87402871972e-08
297.0 3.90033538863e-08
298.0 3.89378570241e-08
299.0 3.92063337914e-08
300.0 3.91409353576e-08
301.0 3.94151690414e-08
302.0 3.93498580287e-08
303.0 3.96298019826e-08
304.0 3.95645676964e-08
305.0 3.98503783595e-08
306.0 3.97852100766e-08
307.0 4.00770503891e-08
308.0 4.00119373479e-08
309.0 4.03097622064e-08
