0.0 20.9756897883
1.0 0.00042538892413
2.0 0.000300795392925
3.0 0.00024559840989
4.0 0.000212694462098
5.0 0.000190239710277
6.0 0.000173664301088
7.0 0.000160781900561
8.0 0.000150397696474
9.0 0.000141796308069
10.0 0.000134519789191
11.0 0.000128259586507
12.0 0.000122799204951
13.0 0.000117981659866
14.0 0.00011368997218
15.0 0.000109834947942
16.0 0.000106347231053
17.0 0.000103171968617
18.0 0.000100265130984
19.0 9.75909122286e-05
20.0 9.51198551415e-05
21.0 9.28274735715e-05
22.0 9.0693223372e-05
23.0 8.86997222787e-05
24.0 8.68321505462e-05
25.0 8.50777848427e-05
26.0 8.34256317474e-05
27.0 8.18661366351e-05
28.0 8.03909502822e-05
29.0 7.89927401387e-05
30.0 7.76650365017e-05
31.0 7.64021062124e-05
32.0 7.51988482384e-05
33.0 7.40507067968e-05
34.0 7.29535986381e-05
35.0 7.19038518429e-05
36.0 7.08981540358e-05
37.0 6.99335083518e-05
38.0 6.90071958194e-05
39.0 6.81167430837e-05
40.0 6.72598945964e-05
41.0 6.64345885604e-05
42.0 6.56389360431e-05
43.0 6.48712027781e-05
44.0 6.41297932543e-05
45.0 6.34132367614e-05
46.0 6.27201751129e-05
47.0 6.2049351814e-05
48.0 6.13996024765e-05
49.0 6.07698463165e-05
50.0 6.01590785909e-05
51.0 5.95663638545e-05
52.0 5.89908299336e-05
53.0 5.84316625278e-05
54.0 5.78881003644e-05
55.0 5.73594308399e-05
56.0 5.68449860908e-05
57.0 5.63441394461e-05
58.0 5.58563022168e-05
59.0 5.53809207869e-05
60.0 5.49174739716e-05
61.0 5.44654706146e-05
62.0 5.40244473999e-05
63.0 5.35939668551e-05
64.0 5.3173615527e-05
65.0 5.27630023123e-05
66.0 5.23617569278e-05
67.0 5.19695285068e-05
68.0 5.15859843091e-05
69.0 5.1210808535e-05
70.0 5.08437012317e-05
71.0 5.04843772858e-05
72.0 5.01325654925e-05
73.0 4.97880076948e-05
74.0 4.94504579879e-05
75.0 4.91196819813e-05
76.0 4.87954561147e-05
77.0 4.84775670232e-05
78.0 4.81658109469e-05
79.0 4.78599931823e-05
80.0 4.75599275711e-05
81.0 0.000144149204518
82.0 0.000132149692128
83.0 0.000126665911545
84.0 0.000117457827676
85.0 0.000112946477955
86.0 0.000105322913558
87.0 0.000102048077169
88.0 9.6492304477e-05
89.0 9.36393713671e-05
90.0 8.88176177955e-05
91.0 8.63538462614e-05
92.0 8.29667060783e-05
93.0 8.111360059e-05
94.0 7.80098301604e-05
95.0 7.63286316624e-05
96.0 7.3580556939e-05
97.0 7.28941946301e-05
98.0 7.0529018937e-05
99.0 6.92182286046e-05
100.0 6.70417989925e-05
101.0 6.58314625598e-05
102.0 6.38225777133e-05
103.0 6.27025629005e-05
104.0 6.0890929029e-05
105.0 5.98964677772e-05
106.0 5.82558454094e-05
107.0 5.73283041147e-05
108.0 5.57984970604e-05
109.0 5.4931964139e-05
110.0 5.35032563616e-05
111.0 5.27314282733e-05
112.0 5.1468038929e-05
113.0 5.0742016213e-05
114.0 4.95538633945e-05
115.0 4.88700714423e-05
116.0 4.77512567859e-05
117.0 4.7106424822e-05
118.0 4.60516684014e-05
119.0 4.5471780214e-05
120.0 4.4530782172e-05
121.0 4.39809192097e-05
122.0 4.30887793929e-05
123.0 4.25669224522e-05
124.0 4.17203074209e-05
125.0 4.12245406169e-05
126.0 4.04203681001e-05
127.0 3.99489709492e-05
128.0 3.92084408515e-05
129.0 3.87829602901e-05
130.0 3.8099666088e-05
131.0 3.76931862107e-05
132.0 3.70404236167e-05
133.0 3.66518375626e-05
134.0 3.6027824534e-05
135.0 3.56560843907e-05
136.0 3.50591647669e-05
137.0 3.47032971781e-05
138.0 3.4131890059e-05
139.0 3.3808805846e-05
140.0 3.32956322971e-05
141.0 3.29851472959e-05
142.0 3.24919614453e-05
143.0 3.21934484148e-05
144.0 3.17192517191e-05
145.0 3.14320839652e-05
146.0 3.0975904497e-05
147.0 3.06995151988e-05
148.0 3.02604273391e-05
149.0 2.99943033611e-05
150.0 2.95715085214e-05
151.0 2.93151167253e-05
152.0 2.89353466108e-05
153.0 2.87014601917e-05
154.0 2.83345262739e-05
155.0 2.8108487865e-05
156.0 2.77538083518e-05
157.0 2.75352778644e-05
158.0 2.71923453239e-05
159.0 2.69809995713e-05
160.0 2.66493078974e-05
161.0 2.64448305499e-05
162.0 2.6123899859e-05
163.0 2.59260040436e-05
164.0 2.56153689486e-05
165.0 2.54237701314e-05
166.0 2.51230163571e-05
167.0 2.49488714915e-05
168.0 2.46797674862e-05
169.0 2.45106894977e-05
170.0 2.42493848433e-05
171.0 2.40851864908e-05
172.0 2.38313647906e-05
173.0 2.36718599165e-05
174.0 2.3425267728e-05
175.0 2.32702771102e-05
176.0 2.30306449897e-05
177.0 2.28800094479e-05
178.0 2.26470811721e-05
179.0 2.25006381997e-05
180.0 2.22741764249e-05
181.0 2.21317710442e-05
182.0 2.19115504446e-05
183.0 2.17730362846e-05
184.0 2.15588324137e-05
185.0 2.14240763734e-05
186.0 2.12321117636e-05
187.0 2.11089602049e-05
188.0 2.09217982887e-05
189.0 2.08017229778e-05
190.0 2.06192088858e-05
191.0 2.05021023083e-05
192.0 2.03240943518e-05
193.0 2.02098664922e-05
194.0 2.0036221721e-05
195.0 1.99247797753e-05
196.0 1.97553610175e-05
197.0 1.96985569299e-05
198.0 1.95324965596e-05
199.0 1.96153297161e-05
200.0 1.94505764892e-05
201.0 1.95361234763e-05
202.0 1.93726304643e-05
203.0 1.946082204e-05
204.0 1.9298538113e-05
205.0 1.94061128692e-05
206.0 1.9244757099e-05
207.0 1.93687450477e-05
208.0 1.93221294686e-05
209.0 1.94503986847e-05
210.0 1.94040329485e-05
211.0 1.95366866669e-05
212.0 1.9490555111e-05
213.0 1.96274344463e-05
214.0 1.9581522256e-05
215.0 1.96958474124e-05
216.0 1.96502022817e-05
217.0 1.97858338249e-05
218.0 1.97404013107e-05
219.0 1.9880381288e-05
220.0 1.98351471423e-05
221.0 1.99795690797e-05
222.0 1.99345192612e-05
223.0 2.00865895751e-05
224.0 2.00417032853e-05
225.0 2.01962267014e-05
226.0 2.01514952474e-05
227.0 2.03070825348e-05
228.0 2.02625005215e-05
229.0 2.04228476735e-05
230.0 2.03784018152e-05
231.0 2.05436479749e-05
232.0 2.04993250581e-05
233.0 2.06696629533e-05
234.0 2.06254497199e-05
235.0 2.07884874414e-05
236.0 2.07443972806e-05
237.0 2.09187583691e-05
238.0 2.08747651377e-05
239.0 2.10545422312e-05
240.0 2.10106328149e-05
241.0 2.11957588889e-05
242.0 2.11519206644e-05
243.0 2.13425549607e-05
244.0 2.12987753147e-05
245.0 2.14955334148e-05
246.0 2.14517988152e-05
247.0 2.16358271998e-05
248.0 2.15921625192e-05
249.0 2.17776561732e-05
250.0 2.17340572182e-05
251.0 2.19250466298e-05
252.0 2.18815013105e-05
253.0 2.20779010824e-05
254.0 2.20343977867e-05
255.0 2.22363766855e-05
256.0 2.21929037667e-05
257.0 2.24006515353e-05
258.0 2.23571972722e-05
259.0 2.25730234965e-05
260.0 2.25295720154e-05
261.0 2.2707158752e-05
262.0 2.2663783051e-05
263.0 2.28471519867e-05
264.0 2.28038398113e-05
265.0 2.29919399065e-05
266.0 2.29486812795e-05
267.0 2.31416499489e-05
268.0 2.30984348786e-05
269.0 2.32964035252e-05
270.0 2.32532220172e-05
271.0 2.34563376164e-05
272.0 2.34131796449e-05
273.0 2.36177271263e-05
274.0 2.35745896892e-05
275.0 2.37261051715e-05
276.0 2.36830840932e-05
277.0 2.38436401607e-05
278.0 2.38007172814e-05
279.0 2.39651529096e-05
280.0 2.39223197156e-05
281.0 2.40904380343e-05
282.0 2.40476865578e-05
283.0 2.42195744852e-05
284.0 2.41768967877e-05
285.0 2.43526412634e-05
286.0 2.43100294351e-05
287.0 2.44897113358e-05
288.0 2.44471575046e-05
289.0 2.46179146758e-05
290.0 2.45754333418e-05
291.0 2.45931203698e-05
292.0 2.4550972746e-05
293.0 2.4712934472e-05
294.0 2.46708698721e-05
295.0 2.48357853134e-05
296.0 2.47937974806e-05
297.0 2.49621439628e-05
298.0 2.49202259753e-05
299.0 2.50920945754e-05
300.0 2.50502395095e-05
301.0 2.52257042935e-05
302.0 2.51839052519e-05
303.0 2.53630403649e-05
304.0 2.53212904759e-05
305.0 2.55041994225e-05
306.0 2.54624917913e-05
307.0 2.56492566986e-05
308.0 2.56075844425e-05
309.0 2.57983138185e-05
