10 0.000461669782129
11 0.000572219091967
12 0.000695373795588
13 0.00083140808
14 0.00098041501598
15 0.00114256583584
16 0.00131794018486
17 0.00150663039466
18 0.00170872898913
19 0.00192424562634
20 0.00215328755766
21 0.00239577573643
22 0.00265172163678
23 0.00292131123085
24 0.00320423049106
25 0.00350055499142
26 0.00381039821216
27 0.00413320907089
28 0.00446969626392
29 0.00481907240289
30 0.00518120281749
31 0.00555654162821
32 0.0059446597826
33 0.0063453323476
34 0.00675846419665
35 0.00718398104996
36 0.00762159092136
37 0.0080712553732
38 0.00853252244777
39 0.00900552672764
40 0.00949009003679
41 0.00998571186248
42 0.0104922788114
43 0.011009940902
44 0.0115384423108
45 0.012077253407
46 0.0126267806365
47 0.013186344231
48 0.0137557503241
49 0.0143349512862
50 0.0149240838951
51 0.0155228267038
52 0.0161309117141
53 0.0167481434724
54 0.0173744190214
55 0.0180097484992
56 0.0186533049996
57 0.0193062304397
58 0.0199678925933
59 0.0206364096589
60 0.0213145095428
61 0.0220004441511
62 0.0226948955808
63 0.0233973219942
64 0.0241071292027
65 0.024825304544
66 0.0255496850157
67 0.0262831365521
68 0.0270235028888
69 0.0277722071662
70 0.0285268507882
71 0.0292889745159
72 0.0300581996927
73 0.0308364905961
74 0.031618782174
75 0.0324120346066
76 0.0332083658359
77 0.034012532588
78 0.0348243391717
79 0.0356435777469
80 0.0364700282039
81 0.0373002250814
82 0.0381402719982
83 0.0389833262534
84 0.0398359341087
85 0.0406944656121
86 0.0415586279456
87 0.0424281168414
88 0.0433067057221
89 0.0441902375299
90 0.0450783788199
91 0.0459752697543
92 0.0468809617994
93 0.0477859866147
94 0.0487042544544
95 0.0496211080541
96 0.0505512829928
97 0.0514845915612
98 0.0524206317191
99 0.0533646154351
100 0.0543165703715
101 0.0552765255942
102 0.0562384263461
103 0.0572080715728
104 0.0581790861783
105 0.0591641294759
106 0.0601502644377
107 0.0611370223705
108 0.0621380252612
109 0.0631393521409
110 0.064147900737
111 0.0651636840599
112 0.0661867159922
113 0.0672090989906
114 0.068238403058
115 0.069274635821
116 0.070317805625
117 0.0713679215352
118 0.0724249933387
119 0.0734800238655
120 0.0745416506388
121 0.0756192626526
122 0.0766942854466
123 0.0777661438694
124 0.0788541939678
125 0.0799488623896
126 0.0810397821333
127 0.0821474988224
128 0.0832510674031
129 0.0843608603976
130 0.0854880755055
131 0.0866105284293
132 0.0877392093512
133 0.0888622797061
134 0.090003201148
135 0.091150352738
136 0.0922912387297
137 0.0934506306859
138 0.0946033107316
139 0.0957749452406
140 0.0969394121329
141 0.0981096558163
142 0.0992995442239
143 0.100481566892
144 0.101669359996
145 0.102862921222
146 0.104062248599
147 0.105267340491
148 0.106462872556
149 0.107679238251
150 0.108901362736
151 0.110129245694
152 0.111346552316
153 0.112585689665
154 0.113813732423
155 0.115064115334
156 0.116302875722
157 0.117564497727
158 0.118813959423
159 0.120068633081
160 0.121346965251
161 0.122612317073
162 0.123882866444
163 0.125158608178
164 0.126439537326
165 0.127745501996
166 0.1290370774
167 0.130333829503
168 0.131635754309
169 0.132942848057
170 0.134255107213
171 0.135550922503
172 0.136873200871
173 0.138200632595
174 0.139533215037
175 0.140870945783
176 0.142213822648
177 0.143538401604
178 0.14489124613
179 0.146249228612
180 0.147587959265
181 0.148955886436
182 0.150328945287
183 0.151681775202
184 0.153064759357
185 0.154426855926
186 0.155819752491
187 0.157217773375
188 0.158593890142
189 0.159974451892
190 0.161387140648
191 0.162776903676
192 0.164199475209
193 0.165598420451
194 0.167030867862
195 0.168438977597
196 0.169851489363
197 0.171298553301
198 0.172720202689
199 0.1741462373
200 0.175576650949
201 0.177043049335
202 0.178482567341
203 0.179926449373
204 0.181374689821
205 0.18286039557
206 0.184317712045
207 0.185779373687
208 0.18724537545
209 0.188715712428
210 0.190190379846
211 0.191669373067
212 0.193152687587
213 0.1946765431
214 0.196168885431
215 0.197665539207
216 0.199166500468
217 0.200671765388
218 0.202181330269
219 0.203695191546
220 0.205213345783
221 0.206735789674
222 0.208262520039
223 0.209793533831
224 0.211288064574
225 0.212827206197
226 0.214370619851
227 0.215918302981
228 0.217470253157
229 0.219026468077
230 0.220586945562
231 0.222151683559
232 0.22372068014
233 0.225249225628
234 0.22682627651
235 0.228407577789
236 0.229993128013
237 0.231582925857
238 0.233129983923
239 0.234727800537
240 0.236329858302
241 0.237936156363
242 0.239497839586
243 0.241112130702
244 0.24273065699
245 0.244353418064
246 0.245929642751
247 0.247560374545
248 0.249195337331
249 0.250782302334
250 0.252425219731
251 0.254072365304
252 0.255670025431
253 0.257325111322
254 0.258984423541
255 0.260592736032
256 0.262259976075
257 0.263931441558
258 0.265550366051
259 0.267229748647
260 0.268855563869
261 0.270542855252
262 0.272234371524
263 0.273870733922
264 0.275570151178
265 0.277213358593
266 0.278920670386
267 0.280570704582
268 0.282285905197
269 0.283942748573
270 0.285665833025
271 0.287393146328
272 0.289060432637
273 0.290795627074
274 0.292469684149
275 0.294212756566
276 0.295893569013
277 0.297577485652
278 0.299332070011
279 0.301022717197
280 0.302785171247
281 0.304482535094
282 0.306252858139
283 0.307956925363
284 0.30973511741
285 0.311445875328
286 0.313159693107
287 0.314949373607
288 0.31666986119
289 0.318467410106
290 0.32019455627
291 0.321924739452
292 0.323733770121
293 0.325470593112
294 0.327287495793
295 0.329030948803
296 0.330777417632
297 0.332605801419
298 0.33435888358
299 0.336114969061
300 0.337954834228
301 0.339717517574
302 0.341483192306
303 0.343334541216
304 0.345106799557
305 0.346882037905
306 0.348744874999
307 0.350526683899
308 0.352311461978
309 0.35418579376
310 0.355977130522
311 0.357771426184
312 0.359568676477
313 0.361458104864
314 0.363261897674
315 0.365068635546
316 0.366878314433
317 0.36878284906
318 0.370599056314
319 0.372418195712
320 0.374240263433
321 0.376159918495
322 0.377988502421
323 0.379820006487
324 0.381654427088
325 0.383589221312
326 0.385430147927
327 0.38727398358
328 0.389120724877
329 0.390970368477
330 0.392923920559
331 0.394780058452
332 0.396639091985
333 0.398501018028
334 0.400365833499
335 0.402338178172
336 0.40420947917
337 0.406083663756
338 0.407960729057
339 0.409840672249
340 0.411723490556
341 0.413718275497
342 0.415607571233
343 0.417499737211
344 0.419394770861
345 0.421292669658
346 0.423193431128
347 0.425097052844
348 0.427003532427
349 0.429028051116
350 0.430941001242
351 0.432856805617
352 0.434775462063
353 0.436696968445
354 0.438633231898
355 0.440572498106
356 0.44251476609
357 0.444460034923
358 0.446408303727
359 0.448359571675
360 0.450301449001
361 0.452258631766
362 0.454218811142
363 0.4561819865
364 0.458135442709
365 0.460104525745
366 0.46206372405
367 0.464038711426
368 0.466003647284
369 0.467984536044
370 0.469955205287
371 0.471941992858
372 0.47391839169
373 0.475911075877
374 0.477893200874
375 0.479878145412
376 0.481865908423
377 0.483870293867
378 0.485863776587
379 0.48786007519
380 0.489859188785
381 0.491861116525
382 0.493865857606
383 0.495873411268
384 0.497883776797
385 0.499896953519
386 0.501912940806
387 0.503931738072
388 0.505953344776
389 0.507962902517
390 0.509990036566
391 0.512019978321
392 0.514052727411
393 0.516073064764
394 0.51811133606
395 0.520152413468
396 0.52218080404
397 0.524227400493
398 0.526276802213
399 0.528313239118
400 0.530368157466
401 0.532409924517
402 0.534470358048
403 0.536517452511
404 0.538567163039
405 0.54063581956
406 0.54269085363
407 0.544748501467
408 0.546825378423
409 0.548888346632
410 0.550953926655
411 0.553022117799
412 0.555092919405
413 0.557183428609
414 0.559259546356
415 0.561338273181
416 0.563419608575
417 0.565503552069
418 0.567590103227
419 0.569679261654
420 0.571771026988
421 0.573865398907
422 0.575962377123
423 0.578061961386
424 0.580145966125
425 0.582250660782
426 0.58435796058
427 0.586467865413
428 0.58858037521
429 0.590676797446
430 0.592794414146
431 0.594914635439
432 0.597018461011
433 0.599143787657
434 0.601271718844
435 0.603382943113
436 0.605515978729
437 0.607632098871
438 0.609770238393
439 0.611891252533
440 0.61403449571
441 0.616160402237
442 0.618308749092
443 0.62043954666
444 0.622572736337
445 0.624728685011
446 0.626866763829
447 0.629007233397
448 0.631170784296
449 0.633316141688
450 0.635463888756
451 0.637635043182
452 0.639787677336
453 0.641942700378
454 0.644100111985
455 0.646259911862
456 0.648422099748
457 0.650586675411
458 0.652775429792
459 0.654944892028
460 0.657116741906
461 0.659290979319
462 0.661467604188
463 0.663646616465
464 0.665828016131
465 0.667989222911
466 0.67017528316
467 0.672363730543
468 0.674554565161
469 0.676747787147
470 0.678943396663
471 0.681141393901
472 0.683318393553
473 0.685521049965
474 0.687726094465
475 0.689933527362
476 0.69211949605
477 0.694331588269
478 0.6965460696
479 0.698738733623
480 0.700957874796
481 0.703179406058
482 0.705378763691
483 0.707604955827
484 0.709808735833
485 0.712039589552
486 0.714247791212
487 0.716483307447
488 0.718695930255
489 0.72093611016
490 0.723153153828
491 0.725397998781
492 0.727619463234
493 0.729868974832
494 0.732094860208
495 0.734322894904
496 0.736579346923
497 0.738811802762
498 0.741046407572
499 0.743309803631
500 0.745548830276
501 0.747790005773
502 0.750033330009
503 0.752305948712
504 0.754553696172
505 0.756803592558
506 0.759055637855
507 0.761309832072
508 0.763566175245
509 0.76585257842
510 0.768113348046
511 0.770376267269
512 0.772641336223
513 0.774908555067
514 0.777177923983
515 0.779449443179
516 0.781723112887
517 0.783998933362
518 0.786276904887
519 0.788557027764
520 0.790839302325
521 0.793123728922
522 0.795410307933
523 0.797699039761
524 0.79996004727
525 0.802252951733
526 0.804548009958
527 0.806845222445
528 0.809144589713
529 0.811446112308
530 0.813719105165
531 0.816024803429
532 0.818332658391
533 0.820642670692
534 0.822923609906
535 0.825237800558
536 0.827554150198
537 0.829841016149
538 0.83216154643
539 0.83448423756
540 0.836777030991
541 0.839103905459
542 0.841432942843
543 0.843731665088
544 0.846064888915
545 0.848367518625
546 0.850704930913
547 0.853011468592
548 0.85535307154
549 0.857663517862
550 0.860009313842
551 0.862323669651
552 0.864673661214
553 0.866991927522
554 0.869346117392
555 0.871668295381
556 0.873992358373
557 0.876352777476
558 0.878680753834
559 0.8810453784
560 0.883377269723
561 0.885711046848
562 0.888081911138
563 0.890419605533
564 0.892759186376
565 0.895100653788
566 0.897479797985
567 0.899825186043
568 0.902172461555
569 0.904521624721
570 0.906909061143
571 0.909262148978
572 0.911617125589
573 0.913973991256
574 0.916332746278
575 0.918730528559
576 0.921093213976
577 0.923457790165
578 0.925824257501
579 0.928192616381
580 0.930562867217
581 0.932935010445
582 0.935309046516
583 0.937684975902
584 0.940062799094
585 0.942442516601
586 0.944824128952
587 0.947207636693
588 0.949593040393
589 0.951980340635
590 0.954369538023
591 0.956760633181
592 0.95915362675
593 0.96154851939
594 0.96394531178
595 0.966344004619
596 0.968744598623
597 0.971147094527
598 0.973510785145
599 0.975916926889
600 0.978324972426
601 0.980734922566
602 0.983146778135
603 0.98556053998
604 0.987934538728
605 0.990351952963
606 0.992771275694
607 0.99519250784
608 0.997573332057
609 0.999998221392
610 1.00242502258
611 1.00481092932
612 1.00724139146
613 1.00967376804
614 1.01210806011
615 1.01450080168
616 1.01693876048
617 1.01933484102
618 1.02177646922
619 1.02422001755
620 1.02662119025
621 1.02906841267
622 1.03147292772
623 1.03392382725
624 1.03637665196
625 1.03878626586
626 1.04124277288
627 1.04365573332
628 1.04611592602
629 1.04853223473
630 1.05099611658
631 1.05341577543
632 1.05588335006
633 1.05830636105
634 1.06077763222
635 1.06320399746
636 1.06563195578
637 1.06810869079
638 1.07054000637
639 1.07302044743
640 1.07545512271
641 1.07789139288
642 1.08037731158
643 1.08281694492
644 1.08530658003
645 1.08774957928
646 1.0901941756
647 1.09268930337
648 1.09513726954
649 1.0975868342
650 1.10003799771
651 1.10254040268
652 1.10499494143
653 1.10745108062
654 1.10990882068
655 1.11241851924
656 1.11487964042
657 1.11734236422
658 1.11980669114
659 1.1223237007
660 1.12479141509
661 1.12726073454
662 1.12973165958
663 1.13220419076
664 1.13467832865
665 1.13720624497
666 1.13968378034
667 1.14216292463
668 1.14464367846
669 1.14712604247
670 1.14961001731
671 1.15209560365
672 1.15458280216
673 1.15707161354
674 1.1595620385
675 1.16210809856
676 1.16460193944
677 1.16709739654
678 1.16959447061
679 1.17209316245
680 1.17459347283
681 1.17709540258
682 1.1795989525
683 1.18210412344
684 1.18461091624
685 1.18711933176
686 1.18957327392
687 1.19208474617
688 1.19459784339
689 1.19711256647
690 1.19962891635
691 1.20214689398
692 1.20466650031
693 1.20718773632
694 1.20971060298
695 1.2122351013
696 1.2147612323
697 1.21723077931
698 1.21975998256
699 1.22229082116
700 1.22482329617
701 1.22735740867
702 1.22989315976
703 1.23237115763
704 1.23490999039
705 1.23745046465
706 1.23999258155
707 1.24253634226
708 1.24502136507
709 1.24756821586
710 1.25011671357
711 1.25266685941
712 1.25515747359
713 1.25771071653
714 1.26026561086
715 1.26276037588
716 1.26531837262
717 1.26787802414
718 1.27037694486
719 1.27293970432
720 1.27550412205
721 1.2780701994
722 1.28057473511
723 1.28314392843
724 1.28565117649
725 1.28822348948
726 1.2907974681
727 1.29330888842
728 1.29588599292
729 1.29846476688
730 1.30098036563
731 1.3035622719
732 1.30608059254
733 1.30866563523
734 1.31118668018
735 1.31377486349
736 1.31636472536
737 1.31888996348
738 1.32148297291
739 1.32401094218
740 1.32660710362
741 1.32913780676
742 1.33173712474
743 1.33427056457
744 1.33687304374
745 1.33940922317
746 1.34201486825
747 1.34455379027
748 1.3471626061
749 1.34970427379
750 1.35224721076
751 1.35486068183
752 1.35740636884
753 1.36002302267
754 1.36257146303
755 1.36519130478
756 1.36774250188
757 1.37029497239
758 1.37291949412
759 1.3754747262
760 1.37803123352
761 1.38066044594
762 1.38321971985
763 1.3858521408
764 1.38841418504
765 1.39097750788
766 1.39361463856
767 1.39618073708
768 1.39874811628
769 1.40138996821
770 1.40396012861
771 1.40653157186
772 1.40910429854
773 1.41175238707
774 1.41432790235
775 1.41690470335
776 1.41955754076
777 1.42213713633
778 1.42471802
779 1.42730019244
780 1.42995930327
781 1.43254427825
782 1.4351305445
783 1.43771810273
784 1.44030695366
785 1.44297387779
786 1.44556554147
787 1.44815850049
788 1.45075275562
789 1.45334830763
790 1.45602307919
791 1.45862145467
792 1.46122112983
793 1.46382210547
794 1.46642438242
795 1.46902796149
796 1.47163284353
797 1.47431856445
798 1.47692628547
799 1.47953531247
800 1.48214564632
801 1.48475728791
802 1.48737023813
803 1.48998449788
804 1.49260006809
805 1.49521694967
806 1.49791678186
807 1.50053652356
808 1.50315757991
809 1.50577995187
810 1.50840364042
811 1.51102864654
812 1.51365497121
813 1.51628261544
814 1.51891158024
815 1.52154186663
816 1.52417347564
817 1.5268064083
818 1.52944066566
819 1.53207624878
820 1.53471315872
821 1.53735139657
822 1.5399909634
823 1.54263186031
824 1.54527408841
825 1.54791764881
826 1.55056254263
827 1.55320877101
828 1.55585633508
829 1.558505236
830 1.56115547492
831 1.56371941438
832 1.56637208683
833 1.56902610037
834 1.57168145617
835 1.57433815545
836 1.57699619943
837 1.57965558933
838 1.58231632639
839 1.58497841184
840 1.58764184694
841 1.59021652758
842 1.59288241512
843 1.59554965565
844 1.59821825045
845 1.60088820084
846 1.6035595081
847 1.60614057181
848 1.60881434334
849 1.61148947526
850 1.6141659689
851 1.61684382561
852 1.61952304677
853 1.62211051899
854 1.62479221686
855 1.62747528283
856 1.63015971829
857 1.63275139701
858 1.63543831751
859 1.63812661127
860 1.64081627973
861 1.64350732432
862 1.64610433852
863 1.64879787918
864 1.65149279987
865 1.65409292651
866 1.65679034971
867 1.65948915692
868 1.66218934964
869 1.66479371871
870 1.66749642308
871 1.67020051703
872 1.6728080142
873 1.6755146266
874 1.67822263275
875 1.68093203419
876 1.68354379641
877 1.68625572591
878 1.68896905498
879 1.69158396208
880 1.69429982634
881 1.69691674984
882 1.69963515383
883 1.70235496447
884 1.70497504479
885 1.70769740254
886 1.71042117141
887 1.71304441625
888 1.71577073976
889 1.71839601325
890 1.72112489617
891 1.72385519766
892 1.7264836485
893 1.72921651718
894 1.73184700469
895 1.7345824455
896 1.73731931251
897 1.73995299078
898 1.74269243794
899 1.74532816128
900 1.74807019369
901 1.75070796537
902 1.75345258819
903 1.75609241157
904 1.75883963002
905 1.76148150849
906 1.76423132786
907 1.76687526488
908 1.76962769052
909 1.7722736896
910 1.77502872692
911 1.77767679164
912 1.78043444611
913 1.78308458008
914 1.78584485724
915 1.78849706416
916 1.7912599696
917 1.7939142532
918 1.79667979258
919 1.79933615667
920 1.80210433571
921 1.80476278414
922 1.80753360863
923 1.81019414529
924 1.81285559179
925 1.81563024995
926 1.81829379022
927 1.82107110805
928 1.82373674613
929 1.82640329777
930 1.82918446961
931 1.83185312479
932 1.8346369709
933 1.83730773381
934 1.83997941417
935 1.84276713521
936 1.84544092923
937 1.84811564302
938 1.8509072515
939 1.85358408501
940 1.85637839167
941 1.85905734929
942 1.86173723085
943 1.86453544674
944 1.86721745867
945 1.86990039701
946 1.87258426247
947 1.87538761026
948 1.8780736143
949 1.88076054802
950 1.88356783523
951 1.88625691407
952 1.8889469252
953 1.89175816533
954 1.89445032823
955 1.8971434261
956 1.89983745968
957 1.90265388924
958 1.90535008335
959 1.90804721592
960 1.91074528774
961 1.91356693014
962 1.91626717144
963 1.91896835481
964 1.92167048106
965 1.92449736013
966 1.92720166502
967 1.92990691569
968 1.93261311297
969 1.93544525301
970 1.9381536383
971 1.94086297318
972 1.94357325849
973 1.94628449509
974 1.94912316713
975 1.95183660352
976 1.95455099426
977 1.95726634026
978 1.95998264239
979 1.96269990155
980 1.96554639862
981 1.96826587191
982 1.97098630541
983 1.97370770004
984 1.97643005672
985 1.97915337639
986 1.98187765998
987 1.9847333023
988 1.98745981716
989 1.99018729926
990 1.99291574954
991 1.99564516898
992 1.99837555854
993 2.00110691922
994 2.00383925199
995 2.00657255784
996 2.00943997694
997 2.01217553672
998 2.01491207306
999 2.01764958695
