10 0.000454501998764
11 0.000564119456249
12 0.000354314473359
13 0.00042513004126
14 0.000503493427451
15 0.000589435938931
16 0.000683563478942
17 0.000785908853922
18 0.000896636241702
19 0.00101573570014
20 0.00114333589455
21 0.00127945437561
22 0.00142410923322
23 0.00157744902612
24 0.00173962245483
25 0.0019110715369
26 0.00209102145412
27 0.00228045502928
28 0.00247913675484
29 0.00268775202944
30 0.00290491465293
31 0.00313221947732
32 0.00336876492906
33 0.0036157870155
34 0.0038715082856
35 0.0041375310952
36 0.00441337295469
37 0.00469894113307
38 0.00499465045915
39 0.00530035057196
40 0.0056160644124
41 0.00594174069436
42 0.00627756039079
43 0.00662315476124
44 0.00697920812025
45 0.00734530697929
46 0.00772165379272
47 0.0081080684046
48 0.00850525006515
49 0.00891185869955
50 0.00932893873531
51 0.00975717110582
52 0.0101942694862
53 0.0106433557569
54 0.0111008554244
55 0.0115693158217
56 0.0120492463444
57 0.0125379109447
58 0.0130374346085
59 0.0135467329723
60 0.0140667091365
61 0.0145962718191
62 0.0151367169025
63 0.015684197152
64 0.0162460464368
65 0.0168155459058
66 0.0173945524171
67 0.0179856865689
68 0.0185842483582
69 0.0191974026633
70 0.0198156963671
71 0.0204420871089
72 0.0210859797124
73 0.0217307668325
74 0.0223919772686
75 0.0230569972478
76 0.0237375596648
77 0.0244257981113
78 0.0251227409208
79 0.0258289758831
80 0.026545332302
81 0.0272701248138
82 0.0280052679128
83 0.0287490488717
84 0.029501611054
85 0.0302643731857
86 0.031035472
87 0.0318152617592
88 0.032604252899
89 0.0334031319859
90 0.0342097803446
91 0.0350248439141
92 0.0358491780761
93 0.0366821328783
94 0.037522977083
95 0.0383728040364
96 0.0392309796672
97 0.0400967955741
98 0.0409716547815
99 0.0418549885284
100 0.0427461631081
101 0.0436444773627
102 0.0445517643273
103 0.0454675157656
104 0.0463883373909
105 0.0473191516029
106 0.0482565628431
107 0.0492030252652
108 0.050154796744
109 0.0511179289073
110 0.0520851282952
111 0.0530591524601
112 0.0540432575935
113 0.0550332008797
114 0.0560282786161
115 0.0570320528779
116 0.0580441838835
117 0.0590596660098
118 0.0600871975844
119 0.0611169013022
120 0.0621529259721
121 0.0632000604215
122 0.0642527950379
123 0.0653105468338
124 0.0663726955423
125 0.0674446290836
126 0.0685199908278
127 0.0696044927801
128 0.070691334973
129 0.0717865668167
130 0.0728899801671
131 0.0739940838496
132 0.0751129466907
133 0.0762315503364
134 0.077356866115
135 0.078488580495
136 0.0796179719194
137 0.080761227151
138 0.0819098174256
139 0.0830633490124
140 0.0842214075563
141 0.0853835579826
142 0.0865592092726
143 0.0877284130976
144 0.0889106698599
145 0.0900956056545
146 0.0912826903888
147 0.0924825774707
148 0.093684047589
149 0.094886516128
150 0.0961014355521
151 0.0973167022564
152 0.0985316770694
153 0.0997586453352
154 0.100984584204
155 0.102222356909
156 0.103458311641
157 0.104705906133
158 0.105950842502
159 0.107207189007
160 0.108459985565
161 0.109723926265
162 0.110999201074
163 0.112269829891
164 0.113534970783
165 0.114827481013
166 0.116096943476
167 0.117394110649
168 0.118684361495
169 0.119985066983
170 0.121277722457
171 0.122580405356
172 0.123893261943
173 0.125196652399
174 0.126529916728
175 0.127832674249
176 0.129165578857
177 0.130487250285
178 0.131818372594
179 0.133159071547
180 0.134509475917
181 0.13584673954
182 0.137193130982
183 0.13854876545
184 0.139889530236
185 0.141238917388
186 0.142622109327
187 0.143963965272
188 0.145339834844
189 0.146724744562
190 0.148091951484
191 0.149467507199
192 0.15085150427
193 0.152244037201
194 0.153616531667
195 0.155025950611
196 0.156414580207
197 0.157811171822
198 0.159215807619
199 0.160628571394
200 0.162018026004
201 0.163446803255
202 0.164851453561
203 0.166263568522
204 0.16768321843
205 0.169110474903
206 0.170545410909
207 0.171988100792
208 0.173403076784
209 0.174824915694
210 0.176290243026
211 0.177726503374
212 0.179169808882
213 0.180620220255
214 0.182077799274
215 0.1835033616
216 0.18497490879
217 0.186413470291
218 0.18789921748
219 0.189350986963
220 0.19080916432
221 0.192316367551
222 0.193788073048
223 0.195266340483
224 0.196706930939
225 0.198197888708
226 0.199695556596
227 0.201199987945
228 0.202664593735
229 0.204134880044
230 0.205658687114
231 0.207141032514
232 0.208629174139
233 0.210172781676
234 0.211673238777
235 0.213179613547
236 0.214691945604
237 0.216210275179
238 0.217681899859
239 0.219211705448
240 0.220747626182
241 0.222235059498
242 0.223782676982
243 0.22528060242
244 0.226840064919
245 0.228348607398
246 0.229920067569
247 0.231439355876
248 0.23296374009
249 0.234493247683
250 0.236088461955
251 0.237628971883
252 0.239174696288
253 0.240725664362
254 0.24228190572
255 0.243779474678
256 0.245345649958
257 0.246917183413
258 0.248494106324
259 0.250076450414
260 0.251596749973
261 0.253189297705
262 0.254718443026
263 0.256321299994
264 0.257859373967
265 0.259472648663
266 0.261019736659
267 0.262643540515
268 0.264199730415
269 0.2657601445
270 0.267399560087
271 0.268969206653
272 0.270543135235
273 0.272121363768
274 0.273781706588
275 0.275369346175
276 0.276961346927
277 0.278557727856
278 0.280158508238
279 0.281763707611
280 0.283373345778
281 0.284987442808
282 0.286606019038
283 0.288144276906
284 0.289771062781
285 0.291402384182
286 0.293038262483
287 0.294678719334
288 0.296234926264
289 0.297883764415
290 0.299537241174
291 0.301104072237
292 0.302766034025
293 0.304432696711
294 0.306010266592
295 0.307685522106
296 0.309270053339
297 0.310953971625
298 0.312545511849
299 0.314238164579
300 0.315836762844
301 0.317538223441
302 0.319143930219
303 0.320752795804
304 0.322467141068
305 0.324083188016
306 0.325702422897
307 0.327429808032
308 0.329056300166
309 0.33068601073
310 0.332318948462
311 0.3340636432
312 0.335703940294
313 0.337347496869
314 0.338994322232
315 0.340644425826
316 0.342297817226
317 0.344068494443
318 0.345729402381
319 0.347393633154
320 0.349061196914
321 0.35073210395
322 0.352406364689
323 0.354083989695
324 0.35576498967
325 0.357449375456
326 0.35913715803
327 0.360828348513
328 0.362522958163
329 0.364220998378
330 0.365922480696
331 0.367500154338
332 0.369258849696
333 0.370944285636
334 0.372645831171
335 0.374337554778
336 0.376045604286
337 0.377743653347
338 0.379444829738
339 0.381149142707
340 0.382842984296
341 0.384553497217
342 0.3862671746
343 0.387970104382
344 0.389676013467
345 0.391384910117
346 0.393096802702
347 0.394811699699
348 0.396529609694
349 0.398250541378
350 0.399959860636
351 0.401686756726
352 0.403401847866
353 0.405119784423
354 0.406840573946
355 0.408564224083
356 0.410290742576
357 0.412020137268
358 0.4137524161
359 0.415471989935
360 0.417209952457
361 0.418935009411
362 0.420678686315
363 0.422409255256
364 0.424142536645
365 0.425878537426
366 0.427617264635
367 0.429358725392
368 0.43110292691
369 0.432833182813
370 0.434582775346
371 0.436318212979
372 0.438073224212
373 0.439813869424
374 0.441557071972
375 0.443302838027
376 0.44505117384
377 0.446802085739
378 0.448555580133
379 0.450311663512
380 0.452070342443
381 0.453831623574
382 0.455577338838
383 0.457343727029
384 0.459094328897
385 0.460847324577
386 0.462621361422
387 0.464379278599
388 0.466139606563
389 0.46790235094
390 0.469667517424
391 0.471435111783
392 0.473205139854
393 0.474977607546
394 0.476732923325
395 0.478510166382
396 0.480270027217
397 0.48205206794
398 0.483816494276
399 0.485603355511
400 0.487372368316
401 0.489143621047
402 0.490937694217
403 0.492713565321
404 0.494491691796
405 0.496272078743
406 0.498054731322
407 0.499839654758
408 0.501605528381
409 0.50339488252
410 0.505186523023
411 0.506958749652
412 0.508754850818
413 0.510553254407
414 0.512331875818
415 0.514112553437
416 0.515917637056
417 0.51770256814
418 0.51948956866
419 0.521278642965
420 0.523092660827
421 0.524886026512
422 0.526681479879
423 0.528479025496
424 0.530278667987
425 0.532056888643
426 0.533860605775
427 0.535666433442
428 0.537474376484
429 0.539284439796
430 0.541072436681
431 0.542886619568
432 0.544678476388
433 0.546496796922
434 0.548292529861
435 0.550115006528
436 0.55191463217
437 0.553716142576
438 0.555519541524
439 0.557350247402
440 0.559157572365
441 0.560966798003
442 0.562777928286
443 0.564590967229
444 0.566405918894
445 0.568222787391
446 0.570041576875
447 0.571862291551
448 0.573658265707
449 0.575482701442
450 0.577309074728
451 0.579137389951
452 0.580940413487
453 0.582772481707
454 0.584606504773
455 0.586414818518
456 0.588252619214
457 0.59006443081
458 0.591877925199
459 0.593721349699
460 0.595538363459
461 0.597357070196
462 0.599206155234
463 0.601028403615
464 0.602852355526
465 0.604678014398
466 0.6065053837
467 0.608334466943
468 0.610165267675
469 0.611997789485
470 0.613832036003
471 0.615668010896
472 0.617505717872
473 0.619345160679
474 0.621186343104
475 0.623029268974
476 0.624873942155
477 0.626689444669
478 0.628537470724
479 0.630387255394
480 0.632207422986
481 0.634060581914
482 0.635883825032
483 0.637740372501
484 0.639598698012
485 0.64142665412
486 0.643256085735
487 0.645119454314
488 0.646951999467
489 0.648818801207
490 0.650654473134
491 0.652491635603
492 0.654330291523
493 0.65620384483
494 0.658045653815
495 0.659888965682
496 0.661733783475
497 0.66358011027
498 0.665427949176
499 0.667277303336
500 0.669128175924
501 0.671015248515
502 0.672834489246
503 0.674689936494
504 0.676546915196
505 0.67840542869
506 0.680265480347
507 0.682127073571
508 0.683990211797
509 0.685854898493
510 0.687684992901
511 0.689552621051
512 0.691421807745
513 0.693255917893
514 0.695128064922
515 0.697001780852
516 0.698839931677
517 0.700716627375
518 0.702557431467
519 0.704437119849
520 0.706280588223
521 0.708163282442
522 0.710009426342
523 0.711895139794
524 0.713743970692
525 0.715632717012
526 0.717484246609
527 0.719337045643
528 0.721230279896
529 0.723085795105
530 0.724942587867
531 0.72680066078
532 0.72869986739
533 0.730560680223
534 0.732422781649
535 0.734286174373
536 0.736150861125
537 0.738016844659
538 0.739925022456
539 0.741793782669
540 0.743663848591
541 0.745535223086
542 0.747407909042
543 0.749281909372
544 0.751157227017
545 0.753033864942
546 0.75486951942
547 0.756748628122
548 0.758629065647
549 0.760510835064
550 0.762393939467
551 0.764278381976
552 0.766164165738
553 0.768007731402
554 0.769896024846
555 0.771785668614
556 0.773632561389
557 0.775524731679
558 0.777418261588
559 0.77931315444
560 0.781164577032
561 0.783062019873
562 0.784915633057
563 0.786815637402
564 0.788717020625
565 0.790574028352
566 0.792477991217
567 0.794337214419
568 0.796243768914
569 0.798105217666
570 0.800014375963
571 0.801878060518
572 0.803742774626
573 0.805655765767
574 0.807522730901
575 0.809438356571
576 0.811307583422
577 0.813177851729
578 0.815049163745
579 0.816969901785
580 0.81884349644
581 0.820718142167
582 0.822642795482
583 0.824519740237
584 0.826397743614
585 0.828276808009
586 0.83015693584
587 0.832088045623
588 0.833970499982
589 0.835854025637
590 0.837738625086
591 0.839624300848
592 0.84151105546
593 0.843398891481
594 0.845287811489
595 0.847177818082
596 0.849068913876
597 0.850961101511
598 0.852854383642
599 0.854748762947
600 0.856644242123
601 0.858540823886
602 0.860438510971
603 0.862337306135
604 0.864237212153
605 0.866138231821
606 0.868040367951
607 0.869889766657
608 0.871793941923
609 0.873699241703
610 0.875605668887
611 0.877513226386
612 0.879367052475
613 0.881276674576
614 0.883187435325
615 0.88509933771
616 0.886956706538
617 0.88887069436
618 0.890785832375
619 0.892645832313
620 0.894563071524
621 0.896481469651
622 0.898344120886
623 0.90026463629
624 0.902186319501
625 0.904051642681
626 0.905975459572
627 0.907842508212
628 0.909768469556
629 0.91163725254
630 0.91356536925
631 0.915435895597
632 0.917366178723
633 0.919238457578
634 0.921170918312
635 0.923044958952
636 0.924979608621
637 0.926855420454
638 0.928792270524
639 0.930669863085
640 0.932548245255
641 0.934488308115
642 0.936368485077
643 0.938249458041
644 0.94019275869
645 0.942075540794
646 0.943959125428
647 0.945905689312
648 0.947791097716
649 0.949677315316
650 0.951627168324
651 0.953515224604
652 0.955404096881
653 0.957293787296
654 0.959247991497
655 0.961139540577
656 0.963031914776
657 0.964925116291
658 0.966819147336
659 0.968714010138
660 0.970674713913
661 0.972571465776
662 0.974469056641
663 0.976367488795
664 0.978266764535
665 0.980166886177
666 0.982067856046
667 0.983969676485
668 0.985872349849
669 0.987775878509
670 0.989680264847
671 0.991585511262
672 0.993491620165
673 0.995398593983
674 0.997306435154
675 0.999215146133
676 1.00112472939
677 1.0030351874
678 1.00494652266
679 1.00685873768
680 1.00877183499
681 1.01068581712
682 1.01260068662
683 1.01451644606
684 1.01643309801
685 1.01828002229
686 1.02019823602
687 1.02211734957
688 1.02403736558
689 1.02595828671
690 1.0278801156
691 1.02973085076
692 1.0316542692
693 1.03357860295
694 1.03550385474
695 1.03743002728
696 1.03928395666
697 1.04121174244
698 1.04314045672
699 1.04499623739
700 1.04692657903
701 1.04885785705
702 1.05079007426
703 1.05264842651
704 1.05458229058
705 1.05651710187
706 1.05837734785
707 1.06031382064
708 1.06225124879
709 1.06411340701
710 1.06605251154
711 1.06791587834
712 1.06985666895
713 1.07179842854
714 1.07366373868
715 1.07560719959
716 1.07747373858
717 1.07941891073
718 1.08128668665
719 1.08323358009
720 1.08510260111
721 1.08705122596
722 1.08892150032
723 1.09087186681
724 1.09274340287
725 1.09469552131
726 1.09656832748
727 1.09852220829
728 1.10039629309
729 1.10235194677
730 1.1042273188
731 1.10610321814
732 1.10806142388
733 1.10993862305
734 1.1118986278
735 1.11377713561
736 1.11565618037
737 1.11761877554
738 1.11949914185
739 1.12146356274
740 1.12334525962
741 1.12522750334
742 1.12719455386
743 1.12907814137
744 1.13096228169
745 1.13284697668
746 1.13481748295
747 1.13670353933
748 1.13859015645
749 1.14056334735
750 1.14245133952
751 1.14433989861
752 1.14622902655
753 1.14820574639
754 1.15009626753
755 1.1519873638
756 1.15387903717
757 1.1557712896
758 1.15775241348
759 1.15964608202
760 1.16154033607
761 1.16343517762
762 1.1653306087
763 1.16722663133
764 1.16921307355
765 1.17111054024
766 1.17300860508
767 1.17490727014
768 1.1768065375
769 1.17870640923
770 1.18060688743
771 1.18250797419
772 1.18440967164
773 1.18640413511
774 1.18830731933
775 1.19021112108
776 1.1921155425
777 1.19402058576
778 1.19592625301
779 1.19783254642
780 1.19973946818
781 1.20164702048
782 1.20355520552
783 1.2054640255
784 1.20737348264
785 1.20928357917
786 1.21119431732
787 1.21310569934
788 1.21501772747
789 1.21693040397
790 1.21884373113
791 1.2207577112
792 1.22267234648
793 1.22449021534
794 1.22640589939
795 1.22832224507
796 1.23023925472
797 1.23215693064
798 1.23407527519
799 1.23599429071
800 1.23791397956
801 1.23983434409
802 1.24165554748
803 1.24357699765
804 1.24549913015
805 1.24742194739
806 1.24934545178
807 1.25126964571
808 1.25319453162
809 1.25501837197
810 1.25694437289
811 1.2588710726
812 1.26079847357
813 1.26272657825
814 1.26455228289
815 1.26648152376
816 1.26841147529
817 1.27034213997
818 1.27216931662
819 1.27410113453
820 1.27603367263
821 1.27796693345
822 1.27979561088
823 1.2817300422
824 1.28366520338
825 1.28560109698
826 1.2874313044
827 1.28936838602
828 1.29130620728
829 1.29313751552
830 1.29507653786
831 1.29701630715
832 1.29884873244
833 1.300789716
834 1.30273145386
835 1.30456501263
836 1.30650797809
837 1.3084517053
838 1.31028641414
839 1.3122313824
840 1.31417711991
841 1.31601299561
842 1.31795998776
843 1.31979656064
844 1.32174481624
845 1.32369385358
846 1.32553162126
847 1.32748193584
848 1.32932041879
849 1.33127201958
850 1.33311122496
851 1.33506412094
852 1.33701781635
853 1.33885825619
854 1.3408132609
855 1.3426544417
856 1.34461076485
857 1.34645269394
858 1.34841034473
859 1.35025302948
860 1.35221201716
861 1.35405546501
862 1.35601579888
863 1.3578600173
864 1.35982170673
865 1.36166670324
866 1.36362975764
867 1.36547553982
868 1.36743996867
869 1.36928654414
870 1.37125235696
871 1.37309973339
872 1.37506693975
873 1.37691512486
874 1.37876357544
875 1.38073273596
876 1.38258200645
877 1.38455258418
878 1.38640268243
879 1.38825305465
880 1.39022562101
881 1.39207683239
882 1.39405083997
883 1.39590289846
884 1.39775523958
885 1.39973127075
886 1.40158447055
887 1.40356196727
888 1.40541603382
889 1.4072703918
890 1.40924994755
891 1.41110518403
892 1.41296071717
893 1.41494235314
894 1.41679877664
895 1.4186555021
896 1.42063923966
897 1.42249686743
898 1.42435480251
899 1.42634066317
900 1.42819951262
901 1.43005867477
902 1.43191815129
903 1.43390676889
904 1.4357671757
905 1.43762790235
906 1.43961869339
907 1.44148036261
908 1.44334235716
909 1.44520467876
910 1.44719829324
911 1.44906157364
912 1.45092518664
913 1.45278913398
914 1.45478561014
915 1.45665053268
916 1.45851579517
917 1.46038139937
918 1.46238077582
919 1.4642473718
920 1.46611431516
921 1.46798160768
922 1.46984925112
923 1.47185222445
924 1.47372088039
925 1.47558989301
926 1.47745926411
927 1.47932899547
928 1.4811990889
929 1.48320639085
930 1.4850775218
931 1.48694902066
932 1.48882088926
933 1.4906931294
934 1.49256574293
935 1.49457746032
936 1.49645113676
937 1.49832519252
938 1.50019962944
939 1.50207444938
940 1.50394965418
941 1.50582524571
942 1.50770122582
943 1.50971885291
944 1.51159593005
945 1.51347340183
946 1.51535127014
947 1.51722953686
948 1.51910820389
949 1.52098727311
950 1.52286674643
951 1.52474662575
952 1.52662691298
953 1.52850761003
954 1.53038871882
955 1.53241532939
956 1.5342975871
957 1.53618026277
958 1.53806335835
959 1.53994687578
960 1.54183081699
961 1.54371518395
962 1.5455999786
963 1.54748520291
964 1.54937085883
965 1.55125694833
966 1.55314347339
967 1.55503043598
968 1.55691783808
969 1.55880568168
970 1.56069396876
971 1.56258270133
972 1.56447188137
973 1.56636151089
974 1.5682515919
975 1.57014212641
976 1.57203311644
977 1.573924564
978 1.57581647112
979 1.57770883983
980 1.57960167216
981 1.58149497014
982 1.58338873583
983 1.58512876116
984 1.58702313594
985 1.58891798409
986 1.5908133077
987 1.59270910881
988 1.5946053895
989 1.59650215183
990 1.59839939788
991 1.60029712974
992 1.60219534949
993 1.60409405922
994 1.60599326101
995 1.60789295697
996 1.60963461589
997 1.611534968
998 1.61343582012
999 1.61533717437
