0.1 0.112311150251
0.2 0.201546700486
0.3 0.271616676013
0.4 0.325798505809
0.5 0.366838061865
0.6 0.397034620164
0.7 0.418312299049
0.8 0.432280124648
0.9 0.440282531397
1.0 0.443441818376
1.1 0.44269384054
1.2 0.438818010599
1.3 0.432462516397
1.4 0.424165514783
1.5 0.414372942044
1.6 0.403453479229
1.7 0.391711125123
1.8 0.379395757658
1.9 0.366712004023
2.0 0.35382668881
2.1 0.340875086716
2.2 0.327966170301
2.3 0.315187013009
2.4 0.302606482177
2.5 0.29027833533
2.6 0.278243815035
2.7 0.266533822429
2.8 0.255170736782
2.9 0.244169937736
3.0 0.233541077852
3.1 0.22328914549
3.2 0.213415351692
3.3 0.20391786936
3.4 0.194792448514
3.5 0.186032927624
3.6 0.177631657806
3.7 0.169579854017
3.8 0.16186788509
3.9 0.154485512591
4.0 0.147422086865
4.1 0.140666707286
4.2 0.134208352636
4.3 0.128035986544
4.4 0.122138642162
4.5 0.116505489546
4.6 0.111125888691
4.7 0.105989430642
4.8 0.101085968765
4.9 0.0964056418726
5.0 0.0919388906685
5.1 0.08767646869
5.2 0.0836094487748
5.3 0.0797292258822
5.4 0.0760275169714
5.5 0.0724963585219
5.6 0.0691281021797
5.7 0.0659154089345
5.8 0.0628512421598
5.9 0.059928859795
6.0 0.0571418058952
6.1 0.0544839017379
6.2 0.0519492366391
6.3 0.0495321586055
6.4 0.0472272649235
6.5 0.0450293927671
6.6 0.0429336098912
6.7 0.0409352054622
6.8 0.0390296810651
6.9 0.0372127419212
7.0 0.0354802883373
7.1 0.033828407405
7.2 0.0322533649623
7.3 0.0307515978241
7.4 0.0293197062862
7.5 0.0279544469046
7.6 0.0266527255482
7.7 0.0254115907227
7.8 0.0242282271616
7.9 0.0230999496777
8.0 0.0220241972705
8.1 0.0209985274811
8.2 0.0200206109886
8.3 0.019088226439
8.4 0.0181992554994
8.5 0.0173516781297
8.6 0.0165435680628
8.7 0.0157730884869
8.8 0.0150384879204
8.9 0.0143380962724
9.0 0.0136703210812
9.1 0.0130336439239
9.2 0.0124266169881
9.3 0.011847859801
9.4 0.011296056108
9.5 0.0107699508934
9.6 0.0102683475393
9.7 0.00979010511397
9.8 0.00933413578591
9.9 0.00889940235665
