0.1 0.58279371058
0.2 0.735284893415
0.3 0.74524342904
0.4 0.710073122633
0.5 0.662582976325
0.6 0.613676186482
0.7 0.566838578809
0.8 0.523055020301
0.9 0.482476900483
1.0 0.444986926364
1.1 0.410389724901
1.2 0.378475519025
1.3 0.349040800262
1.4 0.321894477861
1.5 0.296859165694
1.6 0.273770881005
1.7 0.252478261496
1.8 0.232841671865
1.9 0.214732321634
2.0 0.19803143184
2.1 0.18262945983
2.2 0.168425382072
2.3 0.155326031978
2.4 0.143245488954
2.5 0.132104514894
2.6 0.121830034457
2.7 0.112354655764
2.8 0.103616228363
2.9 0.0955574355787
3.0 0.0881254185629
3.1 0.0812714295843
3.2 0.0749505122857
3.3 0.069121206808
3.4 0.0637452778493
3.5 0.058787463873
3.6 0.0542152458225
3.7 0.0499986338234
3.8 0.0461099704756
3.9 0.0425237494443
4.0 0.0392164481597
4.1 0.0361663735291
4.2 0.0333535196488
4.3 0.0307594365817
4.4 0.0283671093422
4.5 0.0261608462917
4.6 0.0241261762149
4.7 0.0222497534011
4.8 0.0205192701072
4.9 0.01892337583
5.0 0.0174516028558
5.1 0.0160942976017
5.2 0.0148425572959
5.3 0.0136881715832
5.4 0.0126235686718
5.5 0.0116417656692
5.6 0.0107363227801
5.7 0.00990130106668
5.8 0.00913122349438
5.9 0.00842103900717
6.0 0.00776608939689
6.1 0.00716207874933
6.2 0.00660504526668
6.3 0.00609133528153
6.4 0.00561757929188
6.5 0.00518066986007
6.6 0.0047777412306
6.7 0.00440615053326
6.8 0.00406346044809
6.9 0.00374742321865
7.0 0.00345596590862
7.1 0.00318717680516
7.2 0.00293929287959
7.3 0.00271068822352
7.4 0.0024998633842
7.5 0.00230543552942
7.6 0.00212612937726
7.7 0.00196076883139
7.8 0.0018082692668
7.9 0.00166763041564
8.0 0.00153792980626
8.1 0.00141831671263
8.2 0.00130800657425
8.3 0.00120627585013
8.4 0.00111245727296
8.5 0.00102593547241
8.6 0.000946142938824
8.7 0.000872556300818
8.8 0.000804692892434
8.9 0.000742107587242
9.0 0.000684389878698
9.1 0.000631161187565
9.2 0.000582072378753
9.3 0.000536801471292
9.4 0.000495051526408
9.5 0.000456548699855
9.6 0.000421040445732
9.7 0.000388293859995
9.8 0.000358094152802
9.9 0.000330243239676
