0.1 0.673238730133
0.2 0.857992772398
0.3 0.896372489586
0.4 0.891201972758
0.5 0.87337772856
0.6 0.852175606052
0.7 0.830372724327
0.8 0.808793017968
0.9 0.787673590876
1.0 0.767075425931
1.1 0.747006834421
1.2 0.727460557089
1.3 0.708424909606
1.4 0.689887126149
1.5 0.67183435795
1.6 0.654253967118
1.7 0.637133608789
1.8 0.620461249809
1.9 0.604225168502
2.0 0.588413948899
2.1 0.573016473451
2.2 0.558021915441
2.3 0.543419731433
2.4 0.529199653882
2.5 0.515351683919
2.6 0.501866084321
2.7 0.488733372668
2.8 0.475944314672
2.9 0.463489917686
3.0 0.451361424382
3.1 0.43955030659
3.2 0.428048259303
3.3 0.416847194839
3.4 0.40593923715
3.5 0.395316716289
3.6 0.384972163013
3.7 0.374898303532
3.8 0.365088054397
3.9 0.355534517515
4.0 0.346230975301
4.1 0.337170885954
4.2 0.328347878859
4.3 0.319755750102
4.4 0.311388458116
4.5 0.303240119425
4.6 0.295305004512
4.7 0.287577533788
4.8 0.280052273669
4.9 0.272723932757
5.0 0.265587358118
5.1 0.258637531656
5.2 0.251869566591
5.3 0.245278704018
5.4 0.238860309559
5.5 0.232609870111
5.6 0.226522990668
5.7 0.220595391231
5.8 0.214822903797
5.9 0.209201469434
6.0 0.203727135421
6.1 0.19839605247
6.2 0.193204472024
6.3 0.188148743612
6.4 0.183225312293
6.5 0.178430716146
6.6 0.173761583845
6.7 0.169214632281
6.8 0.164786664258
6.9 0.160474566243
7.0 0.156275306177
7.1 0.152185931345
7.2 0.148203566295
7.3 0.144325410821
7.4 0.140548737991
7.5 0.136870892234
7.6 0.133289287464
7.7 0.129801405271
7.8 0.126404793145
7.9 0.123097062753
8.0 0.119875888258
8.1 0.116739004687
8.2 0.113684206335
8.3 0.110709345216
8.4 0.107812329551
8.5 0.104991122299
8.6 0.102243739723
8.7 0.099568249998
8.8 0.0969627718478
8.9 0.0944254732266
9.0 0.0919545700288
9.1 0.0895483248349
9.2 0.0872050456897
9.3 0.0849230849126
9.4 0.0827008379394
9.5 0.0805367421934
9.6 0.0784292759872
9.7 0.0763769574527
9.8 0.0743783434987
9.9 0.0724320287965
