0.1 0.476863341032
0.2 0.696211669567
0.3 0.789451652688
0.4 0.821162417425
0.5 0.823073879926
0.6 0.810769087172
0.7 0.791894390441
0.8 0.770195216694
0.9 0.747499875098
1.0 0.724694701998
1.1 0.702203389539
1.2 0.680222591664
1.3 0.658837726417
1.4 0.638079888045
1.5 0.617953811432
1.6 0.598451607419
1.7 0.579559503996
1.8 0.561261149816
1.9 0.543539228197
2.0 0.526376240947
2.1 0.509754884409
2.2 0.493658225347
2.3 0.478069778728
2.4 0.462973537552
2.5 0.448353979377
2.6 0.43419606165
2.7 0.420485211772
2.8 0.407207314829
2.9 0.394348700402
3.0 0.38189612915
3.1 0.369836779502
3.2 0.358158234618
3.3 0.34684846968
3.4 0.33589583955
3.5 0.325289066794
3.6 0.31501723009
3.7 0.305069752974
3.8 0.295436392964
3.9 0.286107231006
4.0 0.277072661268
4.1 0.268323381245
4.2 0.259850382181
4.3 0.251644939798
4.4 0.243698605307
4.5 0.236003196711
4.6 0.228550790382
4.7 0.221333712899
4.8 0.214344533151
4.9 0.207576054682
5.0 0.201021308284
5.1 0.194673544817
5.2 0.188526228264
5.3 0.182573029001
5.4 0.176807817276
5.5 0.1712246569
5.6 0.165817799134
5.7 0.160581676772
5.8 0.155510898406
5.9 0.150600242873
6.0 0.145844653886
6.1 0.14123923482
6.2 0.136779243675
6.3 0.132460088192
6.4 0.128277321122
6.5 0.124226635651
6.6 0.120303860966
6.7 0.116504957953
6.8 0.112826015049
6.9 0.109263244203
7.0 0.105812976986
7.1 0.102471660808
7.2 0.0992358552583
7.3 0.0961022285697
7.4 0.093067554182
7.5 0.0901287074227
7.6 0.0872826622886
7.7 0.0845264883301
7.8 0.0818573476346
7.9 0.0792724919033
8.0 0.0767692596224
8.1 0.0743450733221
8.2 0.0719974369226
8.3 0.0697239331647
8.4 0.0675222211198
8.5 0.0653900337806
8.6 0.0633251757261
8.7 0.0613255208614
8.8 0.0593890102285
8.9 0.0575136498864
9.0 0.0556975088578
9.1 0.0539387171409
9.2 0.0522354637841
9.3 0.0505859950212
9.4 0.0489886124657
9.5 0.047441671362
9.6 0.0459435788918
9.7 0.0444927925342
9.8 0.0430878184775
9.9 0.0417272100806
