0.1 0.556453215826
0.2 0.716703278991
0.3 0.735402261024
0.4 0.705431329508
0.5 0.66052175672
0.6 0.612788589527
0.7 0.566457720797
0.8 0.522885435184
0.9 0.482393144738
1.0 0.444937326558
1.1 0.410353506333
1.2 0.378444524629
1.3 0.349011922937
1.4 0.321866594777
1.5 0.296831917144
1.6 0.273744190963
1.7 0.252452152111
1.8 0.23281619304
1.9 0.214707525186
2.0 0.198007362717
2.1 0.182606153754
2.2 0.168402865523
2.3 0.155304322967
2.4 0.143224598017
2.5 0.132084446079
2.6 0.121810786248
2.7 0.112336221913
2.8 0.103598598631
2.9 0.0955405963945
3.0 0.0881093536014
3.1 0.081256120278
3.2 0.0749359382716
3.3 0.0691073463197
3.4 0.0637321080579
3.5 0.0587749611846
3.6 0.0542033861348
3.7 0.0499873927479
3.8 0.0460993235279
3.9 0.0425136722062
4.0 0.0392069164174
4.1 0.036157363389
4.2 0.0333450076341
4.3 0.0307513997122
4.4 0.028359525199
4.5 0.026153693069
4.6 0.0241194327601
4.7 0.0222433992451
4.8 0.0205132854865
4.9 0.0189177417
5.0 0.0174463008991
5.1 0.0160893102301
5.2 0.0148378676475
5.3 0.013683763516
5.4 0.012619426754
5.5 0.0116378751659
5.6 0.0107326696384
5.7 0.00989787189891
5.8 0.00912800555945
5.9 0.00841802019104
6.0 0.00776325819208
6.1 0.00715942423386
6.2 0.00660255708263
6.3 0.00608900361334
6.4 0.00561539484465
6.5 0.00517862383793
6.6 0.00477582531535
6.7 0.00440435686324
6.8 0.00406178159751
6.9 0.00374585217731
7.0 0.00345449606225
7.1 0.00318580191614
7.2 0.00293800706847
7.3 0.00270948595098
7.4 0.00249873943373
7.5 0.0023043849906
7.6 0.00212514762973
7.7 0.00195985152939
7.8 0.00180741232446
7.9 0.00166682999279
8.0 0.00153718229496
8.1 0.00141761872427
8.2 0.00130735492725
8.3 0.00120566755823
8.4 0.00111188953412
8.5 0.00102540565816
8.6 0.00094564858426
8.7 0.000872095095044
8.8 0.000804262669514
8.9 0.000741706317637
9.0 0.000684015661146
9.1 0.000630812241405
9.2 0.000581747036668
9.3 0.000536498172449
9.4 0.000494768809979
9.5 0.000456285198905
9.6 0.000420794881449
9.7 0.000388065036251
9.8 0.000357880951027
9.9 0.00033004461403
