50 0.59167792635
51 0.625890439543
52 0.6610152038
53 0.697702782306
54 0.735218792591
55 0.774104338898
56 0.814485693164
57 0.855775897745
58 0.898446283819
59 0.942263242487
60 0.987437847845
61 1.03372645599
62 1.08143585261
63 1.12965997472
64 1.18014829359
65 1.23130126064
66 1.28356184403
67 1.33758293039
68 1.39220147954
69 1.44922301181
70 1.50625811638
71 1.56404097212
72 1.62502042047
73 1.68487072401
74 1.74766431813
75 1.81006283537
76 1.87520192705
77 1.9409755685
78 2.00765376802
79 2.07539370817
80 2.14442489485
81 2.21427715639
82 2.28548518866
83 2.35756586168
84 2.43055504277
85 2.5048574324
86 2.57993615182
87 2.65588829934
88 2.73285937958
89 2.81105022443
90 2.88983474241
91 2.9693974273
92 3.04998954527
93 3.13141490713
94 3.21344937201
95 3.29641829999
96 3.38012708178
97 3.46435550946
98 3.54952772439
99 3.63546768396
100 3.72197698158
101 3.80883402387
102 3.89660186678
103 3.98512140247
104 4.07333077799
105 4.16276060585
106 4.25234756381
107 4.34285760842
108 4.43311180887
109 4.52501276229
110 4.61625871839
111 4.70771478285
112 4.80041014886
113 4.89299929462
114 4.98525478111
115 5.07830584654
116 5.17204411541
117 5.26487422304
118 5.35956553456
119 5.45296925623
120 5.54640635038
121 5.64140434781
122 5.73620516743
123 5.83062214133
124 5.92445733426
125 6.0194305419
126 6.11351387145
127 6.20853017729
128 6.30231237493
129 6.39679017384
130 6.49189736171
131 6.58525255539
132 6.6813303697
133 6.7753597642
134 6.86955857074
135 6.96382918744
136 7.05541693234
137 7.14944455501
138 7.24321645993
139 7.33661258662
140 7.42950740188
141 7.52177004097
142 7.61635178521
143 7.70701103006
144 7.79985338993
145 7.89164150674
146 7.98222073265
147 8.0749023172
148 8.16620827646
149 8.25597105629
150 8.34772807619
151 8.43775432166
152 8.52587064314
153 8.61584583444
154 8.70370427387
155 8.79337208054
156 8.88070485427
157 8.96978885153
158 9.05630860754
159 9.14451284322
160 9.229913445
161 9.31692337044
162 9.40558856436
163 9.49115837542
164 9.57341677865
165 9.66208038367
166 9.74228427456
167 9.82897079208
168 9.91197973072
169 9.99640197763
170 10.0768650098
171 10.158633203
172 10.2417385894
173 10.3205405136
174 10.4063259236
175 10.4818371979
176 10.5643901282
177 10.6422200978
178 10.7212047635
179 10.8013700284
180 10.8827425756
181 10.9589523779
182 11.0362365226
183 11.1146179016
184 11.1874529262
185 11.2612483214
186 11.3428686442
187 11.4117972642
188 11.4885906277
189 11.5664240285
190 11.6381035587
191 11.7106765896
192 11.7841599429
193 11.8585708646
194 11.9263499429
195 12.0025723247
196 12.0720114664
197 12.1422583248
198 12.2133270843
199 12.2852322632
200 12.3498638133
201 12.4233897164
202 12.4894862437
203 12.5562894684
204 12.623810793
205 12.6920618667
206 12.7610545915
207 12.8308011299
208 12.8924592001
209 12.9547123902
210 13.0265968052
211 13.0901546635
212 13.1543354467
213 13.2191483643
214 13.2846028078
215 13.3412263187
216 13.4078977087
217 13.4655788345
218 13.5335014512
219 13.5922701264
220 13.6515511481
221 13.721366847
222 13.7817812329
223 13.8427297011
224 13.8939351845
225 13.9558813665
226 14.0183821328
227 14.0814449693
228 14.134434098
229 14.1878232954
230 14.2524225895
231 14.3067080803
232 14.3614084524
233 14.4276010869
234 14.4832311417
235 14.5392916299
236 14.5957875706
237 14.6527240612
238 14.6985960233
239 14.7563385864
240 14.8145364015
241 14.8614281096
242 14.9204590497
243 14.9680243814
244 15.0279064788
245 15.0761600687
246 15.1369118794
247 15.1858687885
248 15.2351432237
249 15.2847382874
250 15.3471854368
251 15.3975134882
252 15.4481725329
253 15.49916585
254 15.5504967619
255 15.589220777
256 15.641150588
257 15.6934273602
258 15.746054585
259 15.799035801
260 15.8390083429
261 15.8926176848
262 15.9330654754
263 15.9873141895
264 16.0282457651
265 16.0831453675
266 16.1245694695
267 16.1801317542
268 16.2220573356
269 16.2642006215
270 16.3207306147
271 16.3633885499
272 16.4062699326
273 16.4493765248
274 16.5072028228
275 16.5508418832
276 16.5947121623
277 16.6388155047
278 16.6831537743
279 16.7277288551
280 16.7725426512
281 16.8175970871
282 16.8628941081
283 16.8932302526
284 16.9389359432
285 16.9848895099
286 17.0310929762
287 17.0775483879
288 17.1086619497
289 17.1555418595
290 17.2026792802
291 17.2342505828
292 17.2818219144
293 17.3296564873
294 17.3616957209
295 17.4099738974
296 17.4423108906
297 17.4910388757
298 17.5236778043
299 17.5728619189
300 17.6058070372
301 17.655453721
302 17.6887093632
303 17.7220904369
304 17.77239576
305 17.8060935642
306 17.8399193157
307 17.8908964828
308 17.9250453373
309 17.9593247227
310 17.9937353898
311 18.045596326
312 18.0803385427
313 18.1152147148
314 18.1502256195
315 18.1853720401
316 18.220654766
317 18.27383342
318 18.3094604231
319 18.3452265425
320 18.3811325956
321 18.4171794061
322 18.4533678042
323 18.4896986268
324 18.5261727172
325 18.5627909255
326 18.5995541082
327 18.6364631291
328 18.6735188585
329 18.7107221736
330 18.7480739589
331 18.7668082974
332 18.8119167428
333 18.8458918224
334 18.8818874597
335 18.9161158547
336 18.9523803813
337 18.9868649385
338 19.0214751563
339 19.0562117235
340 19.0891353813
341 19.1241196172
342 19.1592322602
343 19.1925129983
344 19.2259095028
345 19.2594223795
346 19.2930522385
347 19.3267996938
348 19.3606653642
349 19.3946498725
350 19.4267446676
351 19.4609616539
352 19.4932763722
353 19.5256985344
354 19.5582286779
355 19.5908673436
356 19.6236150762
357 19.6564724237
358 19.6894399381
359 19.7204477867
360 19.7536303319
361 19.7848407556
362 19.8182404445
363 19.8496554372
364 19.8811701375
365 19.9127850215
366 19.9445005682
367 19.9763172596
368 20.0082355807
369 20.0381183926
370 20.0702345836
371 20.1003029301
372 20.1326188385
373 20.1628744548
374 20.1932211039
375 20.2236591977
376 20.2541891506
377 20.2848113794
378 20.3155263036
379 20.3463343452
380 20.3772359287
381 20.4082314812
382 20.4370978335
383 20.4682758261
384 20.4973123324
385 20.5264313016
386 20.5578825533
387 20.5871739209
388 20.6165488413
389 20.6460076731
390 20.6755507766
391 20.7051785144
392 20.7348912511
393 20.7646893533
394 20.7922716321
395 20.8222349356
396 20.8499703395
397 20.8801002232
398 20.9079900323
399 20.9382878908
400 20.9663333995
401 20.9944541071
402 21.0250031597
403 21.0532815092
404 21.0816359977
405 21.1100669336
406 21.1385746266
407 21.1671593884
408 21.1934303069
409 21.2221636594
410 21.2509749991
411 21.2774544206
412 21.3064161254
413 21.3354567505
414 21.3621471699
415 21.3889044235
416 21.4181704149
417 21.4450682289
418 21.472033659
419 21.4990669607
420 21.5286352908
421 21.5558113388
422 21.5830560565
423 21.6103697047
424 21.6377525456
425 21.6627065489
426 21.6902222165
427 21.7178078471
428 21.7454637082
429 21.7731900685
430 21.7984574945
431 21.8263191943
432 21.8517101043
433 21.8797081379
434 21.9052234403
435 21.9333588118
436 21.9589994239
437 21.9847000315
438 22.0104608458
439 22.0388672831
440 22.0647552241
441 22.0907040323
442 22.1167139227
443 22.1427851116
444 22.1689178161
445 22.1951122544
446 22.2213686457
447 22.2476872102
448 22.2714274974
449 22.2978648003
450 22.3243649212
451 22.3509280844
452 22.3748892516
453 22.4015728157
454 22.4283200789
455 22.4524474963
456 22.4793164169
457 22.5035536974
458 22.5278432799
459 22.5548930043
460 22.5792935617
461 22.6037469513
462 22.6309793123
463 22.6555448037
464 22.6801636647
465 22.7048360697
466 22.7295621937
467 22.7543422125
468 22.7791763026
469 22.8040646415
470 22.8290074071
471 22.8540047785
472 22.8790569352
473 22.9041640577
474 22.9293263274
475 22.9545439261
476 22.9798170369
477 23.0023290016
478 23.0277074689
479 23.0531419809
480 23.0757978591
481 23.1013387404
482 23.1240894636
483 23.1497373835
484 23.1754422444
485 23.1983391825
486 23.2212813929
487 23.2471454202
488 23.2701842829
489 23.2961573904
490 23.3192935181
491 23.3424756304
492 23.3657038647
493 23.3918906958
494 23.4152173991
495 23.4385906571
496 23.4620106094
497 23.4854773964
498 23.5089911587
499 23.5325520376
