50 0.592390659911
51 0.626615017238
52 0.661751207577
53 0.698450512965
54 0.735977736073
55 0.774874551924
56 0.815267326086
57 0.856568520682
58 0.899249912256
59 0.943077669439
60 0.988263044912
61 1.03456218312
62 1.08228211607
63 1.13051607757
64 1.18101487303
65 1.23217774278
66 1.28444799819
67 1.33847897056
68 1.39310683203
69 1.45013828034
70 1.50718237562
71 1.56497380057
72 1.62596284134
73 1.68582122685
74 1.74862373948
75 1.81103015249
76 1.8761778201
77 1.9419595892
78 2.00864562735
79 2.07639320682
80 2.14543194879
81 2.21529146543
82 2.2865067067
83 2.35859432884
84 2.4315902268
85 2.5058992799
86 2.58098438951
87 2.65694270596
88 2.73391980041
89 2.8121165866
90 2.8909067412
91 2.97047484063
92 3.05107225066
93 3.13250271805
94 3.21454203399
95 3.29751567947
96 3.38122898689
97 3.46546168686
98 3.550638066
99 3.63658203166
100 3.72309512459
101 3.80995569626
102 3.89772697859
103 3.9862498219
104 4.074462084
105 4.1638948166
106 4.25348441061
107 4.34399703704
108 4.4342534631
109 4.52615678518
110 4.61740467271
111 4.70886246467
112 4.80155961063
113 4.89415026873
114 4.98640696056
115 5.07945919608
116 5.17319857688
117 5.26602939071
118 5.36072162013
119 5.45412579261
120 5.54756316891
121 5.64256160132
122 5.7373626464
123 5.83177960918
124 5.92561452707
125 6.02058753896
126 6.11467036475
127 6.20968621283
128 6.3034675995
129 6.39794459903
130 6.49305098711
131 6.58640496413
132 6.68248193531
133 6.77651003383
134 6.87070748297
135 6.96497666788
136 7.05656246311
137 7.15058846088
138 7.24435862718
139 7.33775288825
140 7.43064569763
141 7.52290617731
142 7.61748605521
143 7.70814279859
144 7.80098293296
145 7.8927686272
146 7.98334522039
147 8.07602443144
148 8.16732778984
149 8.25708772859
150 8.34884214955
151 8.43886553878
152 8.52697873428
153 8.61695102456
154 8.7048062766
155 8.79447111202
156 8.88180061176
157 8.97088154232
158 9.05739791281
159 9.1455989615
160 9.23099604176
161 9.31800263553
162 9.40666468667
163 9.49223100077
164 9.57448554238
165 9.66314600673
166 9.74334583303
167 9.83002900455
168 9.91303421017
169 9.99745288661
170 10.0779119478
171 10.1596763247
172 10.2427780483
173 10.3215758928
174 10.4073579404
175 10.482864854
176 10.5654141384
177 10.6432400261
178 10.7222207461
179 10.8023822001
180 10.8837510701
181 10.9599567414
182 11.037236882
183 11.1156143826
184 11.188445062
185 11.2622362316
186 11.3438530412
187 11.4127770769
188 11.4895665657
189 11.567396206
190 11.639071489
191 11.7116403816
192 11.7851197041
193 11.8595267015
194 11.927301356
195 12.0035200211
196 12.072954942
197 12.1431976787
198 12.2142624144
199 12.2861636663
200 12.3507907749
201 12.4243129395
202 12.4904052102
203 12.5572042685
204 12.624721516
205 12.6929686004
206 12.7619574229
207 12.8317001446
208 12.8933538684
209 12.9556027947
210 13.0274836421
211 13.0910373988
212 13.1552141597
213 13.2200231333
214 13.2854737102
215 13.3420928147
216 13.4087604889
217 13.4664373574
218 13.5343564054
219 13.593120968
220 13.6523979482
221 13.7222102914
222 13.7826207748
223 13.8435654087
224 13.8947665096
225 13.956708991
226 14.019206122
227 14.0822653877
228 14.1352503946
229 14.1886355337
230 14.2532314454
231 14.3075130013
232 14.3622094994
233 14.4283989322
234 14.4840252314
235 14.5400820224
236 14.5965743234
237 14.6535072309
238 14.6993750559
239 14.7571141474
240 14.8153085454
241 14.8621962819
242 14.9212239117
243 14.9687853787
244 15.0286642699
245 15.0769140989
246 15.1376628048
247 15.1866160541
248 15.2358868795
249 15.2854783826
250 15.347922622
251 15.3982472085
252 15.4489028358
253 15.4998927821
254 15.5512203692
255 15.5899405072
256 15.6418670845
257 15.694140667
258 15.7467647459
259 15.7997428591
260 15.839711747
261 15.8933180711
262 15.9337622938
263 15.9880080728
264 16.0289361642
265 16.0838329122
266 16.1252536114
267 16.1808131202
268 16.2227353781
269 16.26487538
270 16.3214027116
271 16.3640574391
272 16.4069356519
273 16.4500391118
274 16.5078628941
275 16.5514988944
276 16.5953661496
277 16.6394665036
278 16.68380182
279 16.7283739823
280 16.773184894
281 16.8182364794
282 16.8635306833
283 16.8938634737
284 16.9395664135
285 16.9855172616
286 17.031718041
287 17.0781707971
288 17.1092811698
289 17.1561584864
290 17.203293344
291 17.2348615523
292 17.2824303809
293 17.3302624798
294 17.3622987104
295 17.4105744708
296 17.4429085205
297 17.4916341459
298 17.5242701891
299 17.5734519991
300 17.6063942886
301 17.6560387216
302 17.6892915903
303 17.7226699184
304 17.7729730692
305 17.806668181
306 17.8404912672
307 17.8914663377
308 17.9256125782
309 17.9598893754
310 17.9942974801
311 18.0461564167
312 18.08089612
313 18.1157698033
314 18.1507782438
315 18.1859222243
316 18.2212025339
317 18.2743793258
318 18.3100039583
319 18.3457677301
320 18.3816714584
321 18.4177159666
322 18.4539020848
323 18.4902306494
324 18.5267025036
325 18.5633184971
326 18.6000794864
327 18.6369863348
328 18.6740399125
329 18.7112410965
330 18.748590771
331 18.7673225045
332 18.8124290853
333 18.8464020119
334 18.8823955672
335 18.9166218486
336 18.9528843319
337 18.987366814
338 19.0219749757
339 19.0567095057
340 19.0896310945
341 19.1246133301
342 19.1597239911
343 19.1930027152
344 19.2263972236
345 19.2599081221
346 19.2935360205
347 19.3272815327
348 19.3611452771
349 19.3951278765
350 19.4272207303
351 19.4614358415
352 19.4937486521
353 19.5261689231
354 19.5586971919
355 19.5913339992
356 19.6240798893
357 19.6569354102
358 19.6899011137
359 19.7209071187
360 19.7540878841
361 19.7852964951
362 19.8186944346
363 19.8501076449
364 19.8816205779
365 19.9132337093
366 19.9449475181
367 19.9767624861
368 20.0086790982
369 20.0385601681
370 20.0706746784
371 20.1007413113
372 20.1330555668
373 20.1633094973
374 20.1936544742
375 20.2240909094
376 20.2546192171
377 20.285239814
378 20.3159531196
379 20.3467595555
380 20.3776595463
381 20.4086535189
382 20.4375182581
383 20.4686946961
384 20.4977296147
385 20.5268470086
386 20.5582967427
387 20.5875865595
388 20.6169599413
389 20.6464172465
390 20.6759588353
391 20.7055850701
392 20.7352963155
393 20.765092938
394 20.792673704
395 20.8226355506
396 20.8503694646
397 20.880497914
398 20.9083862555
399 20.9386827017
400 20.9667267648
401 20.9948460378
402 21.0253937103
403 21.0536706466
404 21.0820237325
405 21.1104532761
406 21.1389595874
407 21.1675429777
408 21.1938124919
409 21.2225444933
410 21.251354492
411 21.2778325396
412 21.3067929231
413 21.3358322367
414 21.3625213118
415 21.3892772307
416 21.4185419395
417 21.445438438
418 21.4724025621
419 21.4994345672
420 21.5290016519
421 21.5561764218
422 21.5834198704
423 21.6107322587
424 21.6381138486
425 21.6630665683
426 21.6905810027
427 21.7181654089
428 21.7458200542
429 21.7735452073
430 21.7988113936
431 21.8266719033
432 21.8520615906
433 21.8800584508
434 21.9055725472
435 21.9337067618
436 21.9593461844
437 21.9850456107
438 22.0108052519
439 22.0392105643
440 22.0650973481
441 22.0910450069
442 22.1170537558
443 22.1431238109
444 22.1692553893
445 22.1954487091
446 22.2217039895
447 22.2480214507
448 22.2717606023
449 22.2981968168
450 22.3246958565
451 22.3512579457
452 22.3752180069
453 22.4019005115
454 22.4286467222
455 22.4527730551
456 22.4796409373
457 22.5038771473
458 22.5281656665
459 22.5552143731
460 22.5796138808
461 22.6040662276
462 22.6312975909
463 22.6558620529
464 22.6804798911
465 22.7051512799
466 22.7298763943
467 22.7546554099
468 22.7794885034
469 22.8043758519
470 22.8293176336
471 22.8543140272
472 22.8793652124
473 22.9044713697
474 22.9296326802
475 22.9548493258
476 22.9801214895
477 23.002632476
478 23.0280100082
479 23.0534435911
480 23.076098509
481 23.1016384729
482 23.1243882475
483 23.1500352615
484 23.1757392221
485 23.198635229
486 23.2215765139
487 23.2474396577
488 23.2704776062
489 23.2964498413
490 23.3195850657
491 23.3427662803
492 23.3659936223
493 23.3921796025
494 23.4155054241
495 23.4388778059
496 23.4622968873
497 23.4857628085
498 23.5092757103
499 23.5328357339
