50 1.37276649386
51 1.42727911809
52 1.48246096531
53 1.53828043926
54 1.59472108317
55 1.65178491802
56 1.70933742745
57 1.7675653188
58 1.82636584931
59 1.88543283816
60 1.94521134698
61 2.0054170469
62 2.06616153088
63 2.12735712636
64 2.18890780595
65 2.25097471503
66 2.31320702514
67 2.37607097214
68 2.43921699599
69 2.50287671039
70 2.56666181165
71 2.63082297786
72 2.69529958617
73 2.76041025819
74 2.82533612091
75 2.891203744
76 2.95673963592
77 3.02271360762
78 3.08909464023
79 3.15584982594
80 3.22294435581
81 3.28982093026
82 3.35746351972
83 3.42477162472
84 3.49279929069
85 3.56096351262
86 3.62921840823
87 3.69751639253
88 3.76646348812
89 3.83539400401
90 3.90425602107
91 3.97371314291
92 4.04377370124
93 4.11292593169
94 4.18339268833
95 4.25283559879
96 4.32360590807
97 4.39408025017
98 4.46419677758
99 4.53478611398
100 4.60585294696
101 4.67740216625
102 4.74847402952
103 4.8199897906
104 4.89094065788
105 4.96333163285
106 5.03511613706
107 5.10622310279
108 5.17880465733
109 5.2506641746
110 5.32289122824
111 5.39548832277
112 5.46845808453
113 5.54056041935
114 5.61298704296
115 5.68573968934
116 5.75882019194
117 5.83223048359
118 5.90597259641
119 5.9786413902
120 6.05158939865
121 6.12628134392
122 6.1998199643
123 6.27212034372
124 6.34619723921
125 6.42055975922
126 6.49359943923
127 6.5685071673
128 6.64203439388
129 6.71579170527
130 6.79151104657
131 6.86576151063
132 6.94024460362
133 7.0131360203
134 7.08805495474
135 7.1632088779
136 7.2366779008
137 7.31227180774
138 7.38611752862
139 7.46215448594
140 7.53637876375
141 7.61077663946
142 7.6874673584
143 7.76224697664
144 7.83720148461
145 7.91233129184
146 7.98763685183
147 8.06311866175
148 8.13645106587
149 8.21225128912
150 8.28822915847
151 8.36438533957
152 8.43825120699
153 8.51472903207
154 8.58884513959
155 8.66564634789
156 8.74001327402
157 8.8171399016
158 8.89175850257
159 8.96648485895
160 9.04408428176
161 9.11906378628
162 9.19415145964
163 9.26934740057
164 9.34465173757
165 9.42302341936
166 9.4985842112
167 9.57425427093
168 9.65003384432
169 9.72592320536
170 9.80192265594
171 9.874834071
172 9.95101366369
173 10.027304095
174 10.103705774
175 10.1802191366
176 10.2568446446
177 10.3301361855
178 10.4069445143
179 10.4838661989
180 10.5573284904
181 10.634434689
182 10.7116556715
183 10.7852893249
184 10.8626969307
185 10.9364315223
186 11.0140271709
187 11.0917403371
188 11.1656483193
189 11.2395859542
190 11.3175626316
191 11.3916026885
192 11.4697726853
193 11.54391597
194 11.6222813732
195 11.6965288413
196 11.7708064131
197 11.8494446511
198 11.9238278332
199 11.9982415041
200 12.0726857401
201 12.1516781757
202 12.2262302206
203 12.3008134132
204 12.3754278934
205 12.4547829301
206 12.5295079449
207 12.6042650185
208 12.6790543509
209 12.7538761568
210 12.8287306649
211 12.9036181182
212 12.9785387738
213 13.0585941817
214 13.133631724
215 13.20870359
216 13.2838100918
217 13.3589515547
218 13.434128317
219 13.5093407298
220 13.5845891572
221 13.6598739757
222 13.7351955743
223 13.8105543546
224 13.8802883128
225 13.9556700494
226 14.031089966
227 14.1065485112
228 14.1820461452
229 14.2575833401
230 14.333160579
231 14.4087783569
232 14.4844371795
233 14.5539973774
234 14.6296847196
235 14.7054144034
236 14.7811869778
237 14.8570030023
238 14.9264509595
239 15.0022990992
240 15.0781921384
241 15.1541306773
242 15.2234823993
243 15.2994561738
244 15.3754770133
245 15.4515455574
246 15.520804569
247 15.5969117599
248 15.6730683318
249 15.7422474928
250 15.8184453225
251 15.8946942894
252 15.9637957976
253 16.0400887826
254 16.1164347384
255 16.185460997
256 16.2618538757
257 16.3383016342
258 16.4072552438
259 16.4837529698
260 16.5526416911
261 16.6291913096
262 16.7057990457
263 16.77461967
264 16.8512825653
265 16.9200411751
266 16.996761296
267 17.0654590542
268 17.1422385208
269 17.210876639
270 17.287717624
271 17.3646228989
272 17.4332020891
273 17.5101725199
274 17.5786954965
275 17.655733385
276 17.724201521
277 17.7926141254
278 17.8697239302
279 17.9380836403
280 18.0152665821
281 18.0835748765
282 18.1608334232
283 18.2290918216
284 18.306428487
285 18.3746385486
286 18.44279554
287 18.5202192146
288 18.5883300828
289 18.6658380591
290 18.7339044577
291 18.8019192808
292 18.8795230213
293 18.9474957237
294 19.0251902086
295 19.0931225327
296 19.1610048816
297 19.238804254
298 19.3066487006
299 19.3744441485
300 19.4523538788
301 19.5201139724
302 19.587826078
303 19.6658517562
304 19.7335311247
305 19.801163548
306 19.8793108805
307 19.9469132512
308 20.0144697506
309 20.0927445574
310 20.160273753
311 20.2277581812
312 20.2951981637
313 20.3736263285
314 20.4410426292
315 20.5084156256
316 20.5757456513
317 20.6543371685
318 20.7216472375
319 20.788915513
320 20.8561423398
321 20.9349074334
322 21.0021181268
323 21.0692885825
324 21.1364191558
325 21.215368272
326 21.2824866291
327 21.3495663468
328 21.4166077906
329 21.4836113283
330 21.5627848248
331 21.6297810586
332 21.6967406667
333 21.7636640263
334 21.8305515167
335 21.9099656797
336 21.9768509081
337 22.0437015829
338 22.110518092
339 22.1773008254
340 22.2440501751
341 22.323757948
342 22.390511157
343 22.4572323369
344 22.5239218876
345 22.590580211
346 22.6572077108
347 22.7238047923
348 22.7903718627
349 22.870478786
350 22.9370579743
351 23.0036085534
352 23.0701309375
353 23.1366255427
354 23.2044863738
355 23.2723348158
356 23.340171345
357 23.4079964393
358 23.4758105784
359 23.5436142436
360 23.6099698148
361 23.6777464937
362 23.7455141326
363 23.8132732194
364 23.8795562601
365 23.9472921435
366 24.013537987
367 24.0812525572
368 24.1474630233
369 24.2151581819
370 24.2813351014
371 24.3490127613
372 24.4151579758
373 24.4828200612
374 24.5489354227
375 24.6150327785
376 24.6811125767
377 24.7487415204
378 24.8147951626
379 24.8808326176
380 24.9468543385
381 25.0128607793
382 25.0788523953
383 25.1448296428
384 25.210792979
385 25.2767428624
386 25.3426797524
387 25.4086041094
388 25.474516395
389 25.5387582938
390 25.6046399934
391 25.6705109929
392 25.7363717578
393 25.8005327775
394 25.8663665672
395 25.9321915048
396 25.9962945527
397 26.0620952326
398 26.1278884511
399 26.1919374794
400 26.2577091728
401 26.3217217995
402 26.3874737853
403 26.4514517593
404 26.515409147
405 26.5811309372
406 26.645056289
407 26.7089623403
408 26.774658002
409 26.8385346462
410 26.9023932814
411 26.9662343338
412 27.0300582299
413 27.0957139252
414 27.1595127975
415 27.2232958138
416 27.2870634032
417 27.350815995
418 27.4145540192
419 27.4782779062
420 27.541988087
421 27.6056849929
422 27.6693690559
423 27.7330407084
424 27.7947628446
425 27.8584027793
426 27.9220315858
427 27.9856496984
428 28.0492575516
429 28.1108771854
430 28.1744575433
431 28.2380289306
432 28.2995887913
433 28.3631352123
434 28.4266739549
435 28.4881777163
436 28.5516940282
437 28.6131597379
438 28.6766553014
439 28.7380845773
440 28.801561077
441 28.8629555389
442 28.9264146621
443 28.9877759318
444 29.0491171136
445 29.1125490691
446 29.1738594792
447 29.2351509891
448 29.298559533
449 29.3598226954
450 29.4210681468
451 29.4844570416
452 29.5456765732
453 29.6068795847
454 29.6680664683
455 29.7292376162
456 29.7903934207
457 29.8515342743
458 29.9148802926
459 29.9760008593
460 30.0371076687
461 30.0982011139
462 30.1592815879
463 30.2203494837
464 30.2814051945
465 30.3401699995
466 30.4011939722
467 30.4622069241
468 30.5232092486
469 30.5842013392
470 30.6451835897
471 30.7061563937
472 30.7647812311
473 30.8257276639
474 30.8866658154
475 30.9475960795
476 31.0061455829
477 31.0670525307
478 31.1279527567
479 31.1864475564
480 31.2473267497
481 31.308200387
482 31.3666437939
483 31.427498682
484 31.4859068534
485 31.5467445039
486 31.6051188915
487 31.6659408158
488 31.7242828706
489 31.78509058
490 31.8434017525
491 31.904196758
492 31.9624784979
493 32.0232623104
494 32.0815160669
495 32.1397520785
496 32.2005174183
497 32.2587276045
498 32.3169211031
499 32.3776713186
