50 11.1388525581
51 11.5669375023
52 11.9920637961
53 12.4134308679
54 12.8306910001
55 13.2440328203
56 13.649910139
57 14.0536414424
58 14.452583488
59 14.8386940313
60 15.2242542075
61 15.6018561957
62 15.9747391513
63 16.3408540767
64 16.6980171109
65 17.0507077987
66 17.3902935165
67 17.7289481932
68 18.0581521433
69 18.3839823047
70 18.6972441966
71 19.0044588365
72 19.3044954545
73 19.6051484375
74 19.8875637798
75 20.1781979032
76 20.4481216423
77 20.7153194797
78 20.9792922293
79 21.2395240169
80 21.4954837842
81 21.7356049111
82 21.9811253729
83 22.2092040317
84 22.4420418868
85 22.6678034408
86 22.8859127144
87 23.0957954625
88 23.3095437295
89 23.5143675116
90 23.7096908796
91 23.9082691078
92 24.1101850263
93 24.2879868556
94 24.4823815351
95 24.6515304034
96 24.837392506
97 25.0114723
98 25.1732147621
99 25.3370504124
100 25.5030206633
101 25.671168
102 25.8259781999
103 25.9826562331
104 26.1253161726
105 26.2856381047
106 26.43163436
107 26.5627944924
108 26.7118763363
109 26.8458221611
110 26.9811098834
111 27.1177600766
112 27.2557937227
113 27.3777496245
114 27.5007947215
115 27.6249439259
116 27.7502124118
117 27.8766156221
118 28.0041692746
119 28.1144536615
120 28.2256043083
121 28.3563610924
122 28.4694252498
123 28.5643590598
124 28.6790808131
125 28.7947226876
126 28.8918270786
127 29.0091847807
128 29.1077341976
129 29.2069510694
130 29.3268743576
131 29.4275847376
132 29.5289850996
133 29.6106333532
134 29.7132935014
135 29.8166641683
136 29.8999021725
137 30.0045703297
138 30.0888553391
139 30.1948459909
140 30.2801983031
141 30.3660313817
142 30.4739774801
143 30.5609080762
144 30.6483331248
145 30.7362569397
146 30.8246838816
147 30.9136183598
148 30.9806799481
149 31.0705129429
150 31.1608658649
151 31.2517433106
152 31.320271717
153 31.412077909
154 31.4813075165
155 31.5740570117
156 31.643998884
157 31.7377065291
158 31.8083719482
159 31.8793507686
160 31.9744533607
161 32.0461722457
162 32.1182117257
163 32.1905740021
164 32.2632612947
165 32.3606621744
166 32.4341169714
167 32.5079043143
168 32.5820265075
169 32.6564858756
170 32.7312847634
171 32.781363332
172 32.8567330078
173 32.9324485654
174 33.0085124266
175 33.0849270344
176 33.1616948542
177 33.2130917335
178 33.2904534758
179 33.3681751194
180 33.4202107236
181 33.4985375923
182 33.5772312141
183 33.6299177929
184 33.709228216
185 33.7623279015
186 33.8422625084
187 33.922575365
188 33.9763465677
189 34.030287485
190 34.1114930604
191 34.1658622542
192 34.2477148475
193 34.3025175289
194 34.3850249886
195 34.4402664488
196 34.4956847878
197 34.5791223589
198 34.6349870277
199 34.691031636
200 34.7472570723
201 34.8319139575
202 34.8885956786
203 34.9454613741
204 35.0025119572
205 35.0884153529
206 35.1459324599
207 35.2036376908
208 35.2615319847
209 35.3196162869
210 35.3778915483
211 35.4363587262
212 35.4950187837
213 35.5833535133
214 35.6425002594
215 35.7018433008
216 35.7613836288
217 35.8211222411
218 35.8810601419
219 35.941198342
220 36.0015378584
221 36.0620797153
222 36.1228249431
223 36.1837745791
224 36.2143432292
225 36.2756012418
226 36.3370662894
227 36.3987394334
228 36.4606217422
229 36.5227142914
230 36.5850181638
231 36.6475344493
232 36.7102642453
233 36.7417247449
234 36.8047767117
235 36.8680449673
236 36.931530635
237 36.9952348458
238 37.0271836228
239 37.0912176302
240 37.1554730443
241 37.219951023
242 37.2522875825
243 37.3171014514
244 37.3821408172
245 37.4474068661
246 37.4801384335
247 37.5457466121
248 37.611584477
249 37.6446026703
250 37.710787215
251 37.7772045015
252 37.8105131616
253 37.8772817567
254 37.9442862022
255 37.9778892358
256 38.0452496993
257 38.1128491764
258 38.1467505571
259 38.2147108441
260 38.2487931202
261 38.3171171339
262 38.3856853397
263 38.4200724663
264 38.4890093267
265 38.5235813083
266 38.5928898231
267 38.6276481738
268 38.6973313749
269 38.7322776248
270 38.8023385763
271 38.8726531431
272 38.9079160704
273 38.978613566
274 39.01406855
275 39.0851521271
276 39.120800758
277 39.1565142301
278 39.2281174889
279 39.2640267564
280 39.3360235886
281 39.3721302818
282 39.4445239558
283 39.4808297225
284 39.5536235425
285 39.5901300484
286 39.6267037838
287 39.7000362837
288 39.736813009
289 39.8105535079
290 39.8475349313
291 39.884584917
292 39.958874705
293 39.9961316971
294 40.0708375413
295 40.1083032923
296 40.1458389725
297 40.2211049912
298 40.2588517984
299 40.2966693318
300 40.3725018736
301 40.4105329372
302 40.4486355357
303 40.5250410445
304 40.5633596121
305 40.6017505354
306 40.6787355518
307 40.7173449196
308 40.7560274761
309 40.8335986396
310 40.8725021532
311 40.9114797008
312 40.9505314962
313 41.028844807
314 41.0681207545
315 41.1074718111
316 41.1468981943
317 41.2259643881
318 41.2656181792
319 41.3053481747
320 41.3451545964
321 41.4249846144
322 41.465021762
323 41.5051362301
324 41.5453282447
325 41.6259332395
326 41.6663593619
327 41.7068639424
328 41.7474472114
329 41.7881094002
330 41.8696593756
331 41.9105598173
332 41.9515401114
333 41.9926004937
334 42.0337412008
335 42.1162529142
336 42.1576361164
337 42.1991005981
338 42.2406466003
339 42.2822743652
340 42.3239841359
341 42.4076395717
342 42.4495969139
343 42.4916372429
344 42.5337608064
345 42.5759678533
346 42.6182586335
347 42.6606333977
348 42.7030923976
349 42.7882536686
350 42.8309669752
351 42.8737655338
352 42.916649601
353 42.9596194347
354 43.0069846107
355 43.0544542389
356 43.1020286665
357 43.149708242
358 43.1974933156
359 43.2453842392
360 43.2890144726
361 43.3371084493
362 43.385309308
363 43.4336174067
364 43.4776280764
365 43.5261418991
366 43.5703401778
367 43.6190610458
368 43.66344814
369 43.7123773859
370 43.7569545124
371 43.80609348
372 43.8508618659
373 43.9002119107
374 43.9451727937
375 43.990225777
376 44.035371145
377 44.0851372375
378 44.1304775496
379 44.1759111349
380 44.2214382824
381 44.2670592823
382 44.3127744261
383 44.3585840063
384 44.4044883167
385 44.4504876524
386 44.4965823096
387 44.5427725858
388 44.5890587796
389 44.6307994021
390 44.6772686614
391 44.7238347115
392 44.770497856
393 44.8125787236
394 44.8594271832
395 44.9063736245
396 44.948710206
397 44.9958436588
398 45.0430759917
399 45.0856706319
400 45.1330916932
401 45.1758566898
402 45.223467616
403 45.2664039959
404 45.3094219157
405 45.3573147307
406 45.4005055622
407 45.4437786619
408 45.4919558827
409 45.5354034406
410 45.5789340036
411 45.6225478105
412 45.6662451009
413 45.7148950998
414 45.7587694291
415 45.8027279932
416 45.8467710356
417 45.8908988008
418 45.9351115339
419 45.9794094813
420 46.02379289
421 46.0682620083
422 46.1128170852
423 46.1574583708
424 46.1972127914
425 46.2420175969
426 46.2869093389
427 46.3318882713
428 46.3769546487
429 46.4170879495
430 46.4623201957
431 46.5076406286
432 46.5480003694
433 46.59348808
434 46.6390647275
435 46.6796528346
436 46.7253981846
437 46.7661366589
438 46.8120516517
439 46.8529413322
440 46.8990269153
441 46.9400686473
442 46.9863257749
443 47.0275204101
444 47.0687872942
445 47.1152984398
446 47.1567194909
447 47.1982133889
448 47.2449806547
449 47.2866299975
450 47.3283527918
451 47.3753783031
452 47.417257834
453 47.4592114278
454 47.5012392815
455 47.543341593
456 47.5855185606
457 47.6277703835
458 47.6753927622
459 47.7178043207
460 47.7602913613
461 47.8028540862
462 47.845492698
463 47.8882074004
464 47.9309983975
465 47.9685038885
466 48.0114384879
467 48.0544499732
468 48.0975385516
469 48.140704431
470 48.1839478197
471 48.2272689273
472 48.2652394134
473 48.3087068071
474 48.3522525255
475 48.3958767808
476 48.4341131819
477 48.4778852655
478 48.5217365006
479 48.5601720052
480 48.6041722267
481 48.6482522205
482 48.6868883908
483 48.7311185412
484 48.7698864288
485 48.8142675056
486 48.8531677864
487 48.8977005647
488 48.9367339191
489 48.9814191793
490 49.0205862926
491 49.0654248202
492 49.1047263823
493 49.1497189684
494 49.1891556739
495 49.228655684
496 49.2738756632
497 49.3135118441
498 49.3532118114
499 49.3986609146
