50 1.20632641072
51 1.25433234347
52 1.30294420776
53 1.35213536948
54 1.40189190627
55 1.45221541841
56 1.50299279394
57 1.55438079665
58 1.60629301515
59 1.65847202376
60 1.71129174886
61 1.76451312414
62 1.81822984856
63 1.8723681176
64 1.92684707232
65 1.98180210507
66 2.03693804984
67 2.09264692058
68 2.14863459012
69 2.2050957906
70 2.26170369868
71 2.31866909353
72 2.37594084005
73 2.43378701686
74 2.4915182126
75 2.5500826871
76 2.60840814515
77 2.66714257928
78 2.72625978197
79 2.78573194359
80 2.84552964113
81 2.90518320237
82 2.96552151844
83 3.0256171366
84 3.086358185
85 3.14725321218
86 3.2082633699
87 3.26934835465
88 3.33101904503
89 3.39271398136
90 3.45438915532
91 3.5166041904
92 3.57936610967
93 3.64139916526
94 3.70457891812
95 3.76693177452
96 3.8304421549
97 3.89373964341
98 3.95677170743
99 4.02023954168
100 4.08414707146
101 4.14849839576
102 4.21248257181
103 4.27687773466
104 4.34083124337
105 4.40603750866
106 4.4707666494
107 4.53495815498
108 4.60043155153
109 4.6653293121
110 4.7305726553
111 4.79616364312
112 4.86210444283
113 4.92734552316
114 4.99289504899
115 5.05875442043
116 5.12492512372
117 5.19140873119
118 5.2582069012
119 5.32412932989
120 5.39032126755
121 5.45802373819
122 5.52478192854
123 5.59052321914
124 5.657802622
125 5.72535659227
126 5.79182108907
127 5.85990168767
128 5.92684332437
129 5.99401168057
130 6.06287629249
131 6.13052605632
132 6.19840444878
133 6.26496264151
134 6.33327281604
135 6.40181336878
136 6.46895352811
137 6.53792885956
138 6.60544932575
139 6.67486170104
140 6.74276368353
141 6.81084281111
142 6.88090080034
143 6.94936360648
144 7.018004375
145 7.08682335977
146 7.15582085332
147 7.22499718656
148 7.29237296093
149 7.3618773545
150 7.43156149714
151 7.50142586821
152 7.56936796359
153 7.63956238726
154 7.70777279677
155 7.77829837892
156 7.84677718245
157 7.91763529149
158 7.9863828144
159 8.05524892509
160 8.12659188604
161 8.19572737095
162 8.26498148372
163 8.33435420273
164 8.40384553272
165 8.47598109609
166 8.54574364743
167 8.6156252571
168 8.68562603428
169 8.75574611326
170 8.8259856533
171 8.89361176792
172 8.96405523753
173 9.03461850651
174 9.10530183002
175 9.17610548708
176 9.24702978037
177 9.31512676475
178 9.3862560584
179 9.45750674013
180 9.525820885
181 9.59727742066
182 9.66885629262
183 9.7373871454
184 9.80917309973
185 9.87783629497
186 9.94983016411
187 10.0219482701
188 10.0908283285
189 10.1597559179
190 10.2321687335
191 10.3012286616
192 10.3738528116
193 10.4430453592
194 10.5158822822
195 10.5852078667
196 10.6545806022
197 10.7277183187
198 10.7972247121
199 10.8667782679
200 10.9363789424
201 11.0099080416
202 11.0796434736
203 11.1494262165
204 11.2192562846
205 11.2931826113
206 11.3631490209
207 11.4331631214
208 11.5032249825
209 11.5733346875
210 11.6434923327
211 11.7136980274
212 11.7839518941
213 11.8586466606
214 11.9290408762
215 11.9994839539
216 12.0699760673
217 12.1405174023
218 12.2111081571
219 12.2817485417
220 12.3524387783
221 12.4231791007
222 12.4939697548
223 12.5648109975
224 12.630817343
225 12.7017142334
226 12.7726622965
227 12.8436618339
228 12.9147131583
229 12.9858165934
230 13.0569724738
231 13.1281811447
232 13.1994429622
233 13.2654514161
234 13.3367720095
235 13.408146616
236 13.4795756324
237 13.5510594658
238 13.6170514833
239 13.688596315
240 13.7601969759
241 13.831853912
242 13.8978251947
243 13.9695451436
244 14.0413224912
245 14.1131577213
246 14.1791097735
247 14.2510103111
248 14.3229699621
249 14.3888973538
250 14.460924089
251 14.5330112458
252 14.5989150356
253 14.6710711985
254 14.7432891665
255 14.8091706132
256 14.8814596505
257 14.95381195
258 15.0196725061
259 15.0920980751
260 15.1579295291
261 15.2304297406
262 15.3029957043
263 15.3688089085
264 15.4414519339
265 15.5072376473
266 15.5799592475
267 15.6457181301
268 15.7185198716
269 15.784252632
270 15.8571361341
271 15.9300902183
272 15.995810462
273 16.0688490948
274 16.13454538
275 16.2076703096
276 16.2733435077
277 16.3389798022
278 16.4122075585
279 16.4778219675
280 16.5511403377
281 16.6167338402
282 16.6901447405
283 16.7557183573
284 16.8292237506
285 16.8947785434
286 16.960297802
287 17.0339175089
288 17.0994194195
289 17.1731384491
290 17.238624171
291 17.3040752525
292 17.3779153724
293 17.443351882
294 17.5172964209
295 17.5827196106
296 17.6481091639
297 17.722181951
298 17.7875599345
299 17.8529049036
300 17.9271102474
301 17.9924454732
302 18.0577483422
303 18.1320906768
304 18.1973857029
305 18.2626490647
306 18.3371329464
307 18.4023904372
308 18.46761699
309 18.5422470947
310 18.6074698177
311 18.6726623613
312 18.7378249327
313 18.8126343045
314 18.8777957376
315 18.9429279984
316 19.0080313074
317 19.0830279852
318 19.1481329599
319 19.2132098221
320 19.2782588049
321 19.3534510746
322 19.4185046353
323 19.4835311936
324 19.5485309945
325 19.623927382
326 19.6889347771
327 19.753916328
328 19.8188722909
329 19.8838029252
330 19.9594482291
331 20.0243902625
332 20.0893079231
333 20.1542014805
334 20.2190712074
335 20.2949788276
336 20.3598639053
337 20.4247261487
338 20.4895658404
339 20.5543832654
340 20.6191787109
341 20.6954038782
342 20.7602195137
343 20.8250142116
344 20.8897882689
345 20.9545419846
346 21.01927566
347 21.0839895984
348 21.1486841054
349 21.2253370569
350 21.2900583487
351 21.3547613074
352 21.4194462472
353 21.4841134843
354 21.5499944958
355 21.6158717291
356 21.681745561
357 21.7476163706
358 21.8134845388
359 21.8793504488
360 21.9439426988
361 22.0097984099
362 22.0756530046
363 22.1415068739
364 22.2060613178
365 22.2719080002
366 22.3364423475
367 22.4022833524
368 22.4667990452
369 22.5326358968
370 22.5971343915
371 22.6629686283
372 22.727451395
373 22.7932845695
374 22.857753092
375 22.922211589
376 22.9866604182
377 23.0524890309
378 23.1169265858
379 23.1813555735
380 23.2457763578
381 23.310189304
382 23.374594779
383 23.4389931512
384 23.5033847904
385 23.5677700678
386 23.632149356
387 23.6965230291
388 23.7608914626
389 23.8237809592
390 23.8881328442
391 23.9524806055
392 24.0168246241
393 24.0796624995
394 24.1439929061
395 24.2083207017
396 24.2711218218
397 24.3354382255
398 24.3997531612
399 24.4625207388
400 24.5268265245
401 24.5895711457
402 24.6538692757
403 24.7165923686
404 24.7793016177
405 24.8435873477
406 24.9062772096
407 24.9689542776
408 25.033230965
409 25.0958908059
410 25.1585389118
411 25.221175632
412 25.2838013169
413 25.3480653894
414 25.4106774641
415 25.4732795768
416 25.5358720815
417 25.5984553332
418 25.6610296876
419 25.7235955013
420 25.786153132
421 25.8487029378
422 25.9112452782
423 25.973780513
424 26.0345775319
425 26.0970920452
426 26.1596005206
427 26.2221033214
428 26.2846008118
429 26.3453239996
430 26.4078042844
431 26.4702803381
432 26.5309603413
433 26.5934213033
434 26.6558791201
435 26.7165189949
436 26.7789638466
437 26.8395761659
438 26.9020094656
439 26.9625955797
440 27.0250187459
441 27.0855800098
442 27.147994466
443 27.2085322396
444 27.2690549599
445 27.331455062
446 27.3919563244
447 27.4524435287
448 27.5148324553
449 27.5753002441
450 27.6357549745
451 27.6981359195
452 27.7585732863
453 27.8189985992
454 27.8794121888
455 27.9398143862
456 28.0002055228
457 28.0605859306
458 28.1229498701
459 28.1833176934
460 28.2436758019
461 28.3040245295
462 28.3643642103
463 28.4246951788
464 28.4850177698
465 28.5432829302
466 28.6035817863
467 28.6638732561
468 28.7241576762
469 28.7844353834
470 28.844706715
471 28.9049720085
472 28.9631262976
473 29.0233724314
474 29.0836135259
475 29.1438499202
476 29.2019444942
477 29.2621643447
478 29.3223804978
479 29.3804316394
480 29.4406332094
481 29.5008320878
482 29.5588426272
483 29.6190288884
484 29.6770112937
485 29.7371862406
486 29.7951417556
487 29.8553066933
488 29.9132365634
489 29.9733927989
490 30.0312982714
491 30.0914471139
492 30.1493294376
493 30.2094721981
494 30.2673326235
495 30.325178528
496 30.3853103944
497 30.4431362648
498 30.5009485255
499 30.5610724093
