0.01 0.00129698944352
0.02 0.00258383084298
0.03 0.00386058374943
0.04 0.0051273074033
0.05 0.00638406073592
0.06 0.00763090237099
0.07 0.00886789062616
0.08 0.0100950835144
0.09 0.0113125387458
0.1 0.0125203137284
0.11 0.0137184655706
0.12 0.0149070510817
0.13 0.016086126774
0.14 0.0172557488641
0.15 0.0184159732741
0.16 0.0195668556334
0.17 0.0207084512799
0.18 0.0218408152614
0.19 0.0229640023374
0.2 0.0240780669799
0.21 0.0251830633753
0.22 0.0262790454258
0.23 0.0273660667504
0.24 0.0284441806866
0.25 0.0295134402918
0.26 0.0305738983445
0.27 0.0316256073458
0.28 0.0326686195208
0.29 0.0337029868196
0.3 0.0347287609192
0.31 0.0357459932246
0.32 0.0367547348699
0.33 0.03775503672
0.34 0.0387469493717
0.35 0.039730523155
0.36 0.0407058081348
0.37 0.0416728541115
0.38 0.042631710623
0.39 0.0435824269457
0.4 0.0445250520955
0.41 0.0454596348297
0.42 0.0463862236477
0.43 0.0473048667928
0.44 0.0482156122528
0.45 0.0491185077619
0.46 0.0500136008016
0.47 0.0509009386021
0.48 0.0517805681434
0.49 0.0526525361566
0.5 0.0535168891252
0.51 0.0543736732862
0.52 0.0552229346315
0.53 0.0560647189087
0.54 0.056899071623
0.55 0.0577260380376
0.56 0.0585456631755
0.57 0.0593579918205
0.58 0.0601630685181
0.59 0.0609609375773
0.6 0.0617516430712
0.61 0.0625352288384
0.62 0.063311738484
0.63 0.0640812153811
0.64 0.0648437026716
0.65 0.0655992432677
0.66 0.0663478798524
0.67 0.0670896548814
0.68 0.0678246105839
0.69 0.0685527889634
0.7 0.0692742317993
0.71 0.069988980648
0.72 0.0706970768435
0.73 0.0713985614991
0.74 0.0720934755082
0.75 0.0727818595452
0.76 0.0734637540671
0.77 0.0741391993142
0.78 0.0748082353112
0.79 0.0754709018684
0.8 0.0761272385827
0.81 0.0767772848387
0.82 0.0774210798095
0.83 0.0780586624584
0.84 0.0786900715392
0.85 0.0793153455975
0.86 0.079934522972
0.87 0.0805476417953
0.88 0.0811547399948
0.89 0.081755855294
0.9 0.0823510252133
0.91 0.0829402870712
0.92 0.0835236779852
0.93 0.0841012348726
0.94 0.084672994452
0.95 0.0852389932437
0.96 0.0857992675712
0.97 0.0863538535619
0.98 0.0869027871481
0.99 0.087446104068
1.0 0.0879838398668
1.01 0.0885160298975
1.02 0.0890427093218
1.03 0.0895639131112
1.04 0.090079676048
1.05 0.0905900327261
1.06 0.0910950175521
1.07 0.0915946647459
1.08 0.0920890083421
1.09 0.0925780821905
1.1 0.0930619199574
1.11 0.0935405551263
1.12 0.0940140209988
1.13 0.0944823506955
1.14 0.0949455771571
1.15 0.0954037331451
1.16 0.0958568512428
1.17 0.0963049638562
1.18 0.0967481032147
1.19 0.0971863013724
1.2 0.0976195902083
1.21 0.098048001428
1.22 0.098471566564
1.23 0.0988903169768
1.24 0.0993042838555
1.25 0.099713498219
1.26 0.100117990917
1.27 0.10051779263
1.28 0.10091293387
1.29 0.101303444985
1.3 0.101689356154
1.31 0.102070697391
1.32 0.102447498547
1.33 0.102819789308
1.34 0.103187599198
1.35 0.10355095758
1.36 0.103909893653
1.37 0.104264436458
1.38 0.104614614875
1.39 0.104960457627
1.4 0.105301993279
1.41 0.105639250236
1.42 0.105972256749
1.43 0.106301040914
1.44 0.106625630671
1.45 0.106946053806
1.46 0.107262337953
1.47 0.107574510591
1.48 0.10788259905
1.49 0.108186630509
1.5 0.108486631994
1.51 0.108782630385
1.52 0.109074652411
1.53 0.109362724655
1.54 0.109646873551
1.55 0.109927125388
1.56 0.110203506309
1.57 0.110476042312
1.58 0.110744759251
1.59 0.111009682836
1.6 0.111270838634
1.61 0.111528252072
1.62 0.111781948434
1.63 0.112031952864
1.64 0.112278290365
1.65 0.112520985803
1.66 0.112760063904
1.67 0.112995549257
1.68 0.113227466313
1.69 0.113455839388
1.7 0.113680692661
1.71 0.113902050178
1.72 0.114119935848
1.73 0.114334373449
1.74 0.114545386625
1.75 0.114752998887
1.76 0.114957233617
1.77 0.115158114062
1.78 0.115355663343
1.79 0.115549904448
1.8 0.115740860239
1.81 0.115928553448
1.82 0.11611300668
1.83 0.116294242413
1.84 0.116472282998
1.85 0.116647150662
1.86 0.116818867506
1.87 0.116987455505
1.88 0.117152936514
1.89 0.117315332262
1.9 0.117474664356
1.91 0.117630954281
1.92 0.117784223403
1.93 0.117934492965
1.94 0.11808178409
1.95 0.118226117782
1.96 0.118367514929
1.97 0.118505996296
1.98 0.118641582533
1.99 0.118774294175
2.0 0.118904151636
2.01 0.119031175219
2.02 0.119155385108
2.03 0.119276801375
2.04 0.119395443977
2.05 0.119511332758
2.06 0.119624487448
2.07 0.119734927667
2.08 0.119842672921
2.09 0.119947742606
2.1 0.120050156008
2.11 0.120149932302
2.12 0.120247090555
2.13 0.120341649723
2.14 0.120433628656
2.15 0.120523046095
2.16 0.120609920674
2.17 0.120694270921
2.18 0.120776115257
2.19 0.120855471999
2.2 0.120932359356
2.21 0.121006795437
2.22 0.121078798244
2.23 0.121148385676
2.24 0.121215575531
2.25 0.121280385501
2.26 0.12134283318
2.27 0.12140293606
2.28 0.121460711531
2.29 0.121516176883
2.3 0.121569349307
2.31 0.121620245896
2.32 0.121668883641
2.33 0.121715279438
2.34 0.121759450085
2.35 0.121801412281
2.36 0.12184118263
2.37 0.121878777639
2.38 0.12191421372
2.39 0.121947507191
2.4 0.121978674272
2.41 0.122007731093
2.42 0.122034693687
2.43 0.122059577996
2.44 0.122082399867
2.45 0.122103175058
2.46 0.122121919233
2.47 0.122138647965
2.48 0.122153376736
2.49 0.12216612094
2.5 0.122176895878
2.51 0.122185716764
2.52 0.122192598721
2.53 0.122197556786
2.54 0.122200605907
2.55 0.122201760943
2.56 0.122201036668
2.57 0.122198447768
2.58 0.122194008844
2.59 0.122187734411
2.6 0.122179638899
2.61 0.122169736651
2.62 0.122158041929
2.63 0.122144568908
2.64 0.122129331682
2.65 0.122112344261
2.66 0.122093620571
2.67 0.122073174459
2.68 0.122051019687
2.69 0.122027169937
2.7 0.12200163881
2.71 0.121974439828
2.72 0.12194558643
2.73 0.121915091977
2.74 0.121882969752
2.75 0.121849232957
2.76 0.121813894717
2.77 0.121776968078
2.78 0.121738466009
2.79 0.121698401402
2.8 0.121656787072
2.81 0.121613635758
2.82 0.121568960122
2.83 0.121522772752
2.84 0.12147508616
2.85 0.121425912782
2.86 0.121375264983
2.87 0.12132315505
2.88 0.121269595199
2.89 0.121214597573
2.9 0.12115817424
2.91 0.121100337198
2.92 0.121041098371
2.93 0.120980469613
2.94 0.120918462705
2.95 0.120855089359
2.96 0.120790361214
2.97 0.120724289842
2.98 0.120656886742
2.99 0.120588163346
3.0 0.120518131016
3.01 0.120446801045
3.02 0.120374184658
3.03 0.120300293012
3.04 0.120225137196
3.05 0.120148728233
3.06 0.120071077078
3.07 0.119992194619
3.08 0.119912091679
3.09 0.119830779016
3.1 0.119748267319
3.11 0.119664567216
3.12 0.119579689267
3.13 0.119493643969
3.14 0.119406441756
3.15 0.119318092995
3.16 0.119228607993
3.17 0.119137996992
3.18 0.119046270172
3.19 0.11895343765
3.2 0.118859509482
3.21 0.11876449566
3.22 0.118668406117
3.23 0.118571250724
3.24 0.11847303929
3.25 0.118373781567
3.26 0.118273487243
3.27 0.118172165948
3.28 0.118069827253
3.29 0.117966480668
3.3 0.117862135646
3.31 0.117756801582
3.32 0.117650487809
3.33 0.117543203606
3.34 0.117434958194
3.35 0.117325760735
3.36 0.117215620334
3.37 0.117104546041
3.38 0.116992546848
3.39 0.116879631693
3.4 0.116765809456
3.41 0.116651088963
3.42 0.116535478983
3.43 0.116418988233
3.44 0.116301625373
3.45 0.116183399009
3.46 0.116064317695
3.47 0.115944389928
3.48 0.115823624156
3.49 0.115702028769
3.5 0.115579612107
3.51 0.115456382457
3.52 0.115332348055
3.53 0.115207517081
3.54 0.115081897669
3.55 0.114955497896
3.56 0.114828325791
3.57 0.114700389333
3.58 0.114571696447
3.59 0.11444225501
3.6 0.114312072849
3.61 0.114181157741
3.62 0.114049517413
3.63 0.113917159542
3.64 0.113784091759
3.65 0.113650321642
3.66 0.113515856725
3.67 0.11338070449
3.68 0.113244872374
3.69 0.113108367764
3.7 0.112971198001
3.71 0.11283337038
3.72 0.112694892146
3.73 0.112555770499
3.74 0.112416012593
3.75 0.112275625537
3.76 0.11213461639
3.77 0.11199299217
3.78 0.111850759847
3.79 0.111707926347
3.8 0.11156449855
3.81 0.111420483292
3.82 0.111275887366
3.83 0.111130717517
3.84 0.110984980451
3.85 0.110838682826
3.86 0.11069183126
3.87 0.110544432325
3.88 0.110396492552
3.89 0.110248018429
3.9 0.110099016401
3.91 0.10994949287
3.92 0.109799454198
3.93 0.109648906703
3.94 0.109497856663
3.95 0.109346310315
3.96 0.109194273853
3.97 0.109041753431
3.98 0.108888755164
3.99 0.108735285123
4.0 0.108581349343
4.01 0.108426953816
4.02 0.108272104495
4.03 0.108116807294
4.04 0.107961068088
4.05 0.10780489271
4.06 0.107648286959
4.07 0.107491256591
4.08 0.107333807325
4.09 0.107175944843
4.1 0.107017674787
4.11 0.106859002763
4.12 0.106699934337
4.13 0.106540475041
4.14 0.106380630366
4.15 0.106220405768
4.16 0.106059806668
4.17 0.105898838446
4.18 0.105737506449
4.19 0.105575815988
4.2 0.105413772335
4.21 0.10525138073
4.22 0.105088646374
4.23 0.104925574435
4.24 0.104762170044
4.25 0.1045984383
4.26 0.104434384264
4.27 0.104270012963
4.28 0.104105329391
4.29 0.103940338507
4.3 0.103775045236
4.31 0.103609454469
4.32 0.103443571063
4.33 0.103277399843
4.34 0.103110945599
4.35 0.10294421309
4.36 0.102777207039
4.37 0.102609932139
4.38 0.10244239305
4.39 0.102274594398
4.4 0.102106540779
4.41 0.101938236756
4.42 0.101769686861
4.43 0.101600895592
4.44 0.101431867418
4.45 0.101262606777
4.46 0.101093118073
4.47 0.100923405682
4.48 0.100753473949
4.49 0.100583327186
4.5 0.100412969677
4.51 0.100242405675
4.52 0.100071639403
4.53 0.0999006750545
4.54 0.0997295167922
4.55 0.0995581687503
4.56 0.0993866350331
4.57 0.099214919716
4.58 0.0990430268451
4.59 0.0988709604378
4.6 0.0986987244827
4.61 0.0985263229398
4.62 0.0983537597408
4.63 0.0981810387892
4.64 0.0980081639604
4.65 0.0978351391018
4.66 0.097661968033
4.67 0.0974886545464
4.68 0.0973152024065
4.69 0.0971416153508
4.7 0.0969678970895
4.71 0.096794051306
4.72 0.0966200816569
4.73 0.096445991772
4.74 0.0962717852546
4.75 0.0960974656817
4.76 0.0959230366042
4.77 0.0957485015468
4.78 0.0955738640084
4.79 0.095399127462
4.8 0.0952242953551
4.81 0.0950493711098
4.82 0.0948743581228
4.83 0.0946992597656
4.84 0.0945240793847
4.85 0.0943488203019
4.86 0.0941734858139
4.87 0.0939980791932
4.88 0.0938226036876
4.89 0.0936470625207
4.9 0.0934714588918
4.91 0.0932957959764
4.92 0.093120076926
4.93 0.0929443048681
4.94 0.0927684829071
4.95 0.0925926141235
4.96 0.0924167015745
4.97 0.0922407482944
4.98 0.0920647572941
4.99 0.0918887315618
5.0 0.0917126740626
5.01 0.0915365877393
5.02 0.0913604755119
5.03 0.091184340278
5.04 0.0910081849132
5.05 0.0908320122705
5.06 0.0906558251814
5.07 0.090479626455
5.08 0.090303418879
5.09 0.0901272052194
5.1 0.0899509882206
5.11 0.0897747706057
5.12 0.0895985550765
5.13 0.0894223443136
5.14 0.0892461409767
5.15 0.0890699477047
5.16 0.0888937671155
5.17 0.0887176018067
5.18 0.0885414543549
5.19 0.0883653273168
5.2 0.0881892232284
5.21 0.088013144606
5.22 0.0878370939454
5.23 0.0876610737228
5.24 0.0874850863945
5.25 0.087309134397
5.26 0.0871332201475
5.27 0.0869573460434
5.28 0.0867815144631
5.29 0.0866057277655
5.3 0.0864299882906
5.31 0.0862542983593
5.32 0.0860786602737
5.33 0.085903076317
5.34 0.0857275487537
5.35 0.0855520798301
5.36 0.0853766717737
5.37 0.0852013267938
5.38 0.0850260470814
5.39 0.0848508348096
5.4 0.0846756921334
5.41 0.0845006211898
5.42 0.084325624098
5.43 0.0841507029598
5.44 0.0839758598591
5.45 0.0838010968625
5.46 0.0836264160193
5.47 0.0834518193613
5.48 0.0832773089034
5.49 0.0831028866433
5.5 0.0829285545618
5.51 0.0827543146227
5.52 0.0825801687734
5.53 0.0824061189444
5.54 0.0822321670496
5.55 0.0820583149866
5.56 0.0818845646367
5.57 0.0817109178647
5.58 0.0815373765196
5.59 0.081363942434
5.6 0.0811906174247
5.61 0.0810174032928
5.62 0.0808443018235
5.63 0.0806713147861
5.64 0.0804984439348
5.65 0.0803256910079
5.66 0.0801530577287
5.67 0.0799805458048
5.68 0.079808156929
5.69 0.0796358927787
5.7 0.0794637550164
5.71 0.0792917452898
5.72 0.0791198652316
5.73 0.0789481164599
5.74 0.078776500578
5.75 0.0786050191748
5.76 0.0784336738246
5.77 0.0782624660875
5.78 0.0780913975091
5.79 0.077920469621
5.8 0.0777496839405
5.81 0.077579041971
5.82 0.0774085452019
5.83 0.0772381951089
5.84 0.0770679931537
5.85 0.0768979407843
5.86 0.0767280394355
5.87 0.0765582905281
5.88 0.0763886954698
5.89 0.0762192556548
5.9 0.076049972464
5.91 0.0758808472653
5.92 0.0757118814133
5.93 0.0755430762498
5.94 0.0753744331034
5.95 0.0752059532901
5.96 0.0750376381129
5.97 0.0748694888622
5.98 0.0747015068159
5.99 0.0745336932392
6.0 0.074366049385
6.01 0.0741985764935
6.02 0.074031275793
6.03 0.0738641484993
6.04 0.0736971958162
6.05 0.0735304189353
6.06 0.0733638190363
6.07 0.073197397287
6.08 0.0730311548433
6.09 0.0728650928492
6.1 0.0726992124373
6.11 0.0725335147283
6.12 0.0723680008315
6.13 0.0722026718448
6.14 0.0720375288544
6.15 0.0718725729355
6.16 0.0717078051519
6.17 0.0715432265561
6.18 0.0713788381897
6.19 0.0712146410831
6.2 0.0710506362558
6.21 0.0708868247164
6.22 0.0707232074626
6.23 0.0705597854814
6.24 0.0703965597491
6.25 0.0702335312313
6.26 0.0700707008831
6.27 0.0699080696492
6.28 0.0697456384637
6.29 0.0695834082503
6.3 0.0694213799228
6.31 0.0692595543843
6.32 0.069097932528
6.33 0.068936515237
6.34 0.0687753033843
6.35 0.068614297833
6.36 0.0684534994362
6.37 0.0682929090374
6.38 0.06813252747
6.39 0.0679723555579
6.4 0.0678123941154
6.41 0.0676526439471
6.42 0.0674931058481
6.43 0.0673337806041
6.44 0.0671746689913
6.45 0.0670157717769
6.46 0.0668570897183
6.47 0.066698623564
6.48 0.0665403740535
6.49 0.0663823419169
6.5 0.0662245278754
6.51 0.0660669326412
6.52 0.0659095569178
6.53 0.0657524013994
6.54 0.0655954667719
6.55 0.0654387537121
6.56 0.0652822628883
6.57 0.0651259949602
6.58 0.0649699505788
6.59 0.0648141303867
6.6 0.064658535018
6.61 0.0645031650985
6.62 0.0643480212456
6.63 0.0641931040683
6.64 0.0640384141676
6.65 0.0638839521362
6.66 0.0637297185587
6.67 0.0635757140115
6.68 0.0634219390634
6.69 0.0632683942747
6.7 0.0631150801983
6.71 0.0629619973789
6.72 0.0628091463536
6.73 0.0626565276517
6.74 0.0625041417947
6.75 0.0623519892967
6.76 0.062200070664
6.77 0.0620483863956
6.78 0.0618969369827
6.79 0.0617457229092
6.8 0.0615947446519
6.81 0.0614440026798
6.82 0.0612934974549
6.83 0.061143229432
6.84 0.0609931990586
6.85 0.060843406775
6.86 0.0606938530146
6.87 0.0605445382037
6.88 0.0603954627616
6.89 0.0602466271006
6.9 0.0600980316262
6.91 0.059949676737
6.92 0.059801562825
6.93 0.059653690275
6.94 0.0595060594656
6.95 0.0593586707685
6.96 0.0592115245488
6.97 0.059064621165
6.98 0.0589179609692
6.99 0.0587715443069
7.0 0.0586253715174
7.01 0.0584794429333
7.02 0.0583337588811
7.03 0.058188319681
7.04 0.0580431256467
7.05 0.0578981770861
7.06 0.0577534743006
7.07 0.0576090175857
7.08 0.0574648072306
7.09 0.0573208435187
7.1 0.0571771267273
7.11 0.0570336571279
7.12 0.0568904349857
7.13 0.0567474605605
7.14 0.0566047341061
7.15 0.0564622558705
7.16 0.0563200260959
7.17 0.056178045019
7.18 0.0560363128706
7.19 0.0558948298762
7.2 0.0557535962553
7.21 0.0556126122224
7.22 0.055471877986
7.23 0.0553313937494
7.24 0.0551911597106
7.25 0.0550511760619
7.26 0.0549114429906
7.27 0.0547719606784
7.28 0.054632729302
7.29 0.0544937490327
7.3 0.0543550200367
7.31 0.0542165424752
7.32 0.0540783165039
7.33 0.0539403422738
7.34 0.0538026199307
7.35 0.0536651496155
7.36 0.053527931464
7.37 0.0533909656073
7.38 0.0532542521714
7.39 0.0531177912775
7.4 0.0529815830421
7.41 0.0528456275769
7.42 0.0527099249886
7.43 0.0525744753796
7.44 0.0524392788474
7.45 0.0523043354848
7.46 0.0521696453802
7.47 0.0520352086173
7.48 0.0519010252753
7.49 0.0517670954289
7.5 0.0516334191484
7.51 0.0514999964995
7.52 0.0513668275437
7.53 0.051233912338
7.54 0.0511012509351
7.55 0.0509688433836
7.56 0.0508366897275
7.57 0.0507047900068
7.58 0.0505731442572
7.59 0.0504417525102
7.6 0.0503106147935
7.61 0.0501797311301
7.62 0.0500491015395
7.63 0.0499187260369
7.64 0.0497886046334
7.65 0.0496587373363
7.66 0.0495291241489
7.67 0.0493997650705
7.68 0.0492706600968
7.69 0.0491418092193
7.7 0.0490132124258
7.71 0.0488848697003
7.72 0.0487567810232
7.73 0.0486289463709
7.74 0.0485013657163
7.75 0.0483740390285
7.76 0.048246966273
7.77 0.0481201474117
7.78 0.0479935824029
7.79 0.0478672712013
7.8 0.0477412137582
7.81 0.0476154100212
7.82 0.0474898599345
7.83 0.047364563439
7.84 0.047239520472
7.85 0.0471147309675
7.86 0.0469901948561
7.87 0.046865912065
7.88 0.0467418825183
7.89 0.0466181061365
7.9 0.0464945828372
7.91 0.0463713125345
7.92 0.0462482951394
7.93 0.0461255305598
7.94 0.0460030187002
7.95 0.0458807594623
7.96 0.0457587527445
7.97 0.0456369984422
7.98 0.0455154964476
7.99 0.0453942466502
8.0 0.0452732489362
8.01 0.045152503189
8.02 0.0450320092889
8.03 0.0449117671135
8.04 0.0447917765373
8.05 0.0446720374321
8.06 0.0445525496666
8.07 0.044433313107
8.08 0.0443143276165
8.09 0.0441955930555
8.1 0.0440771092818
8.11 0.0439588761503
8.12 0.0438408935134
8.13 0.0437231612207
8.14 0.043605679119
8.15 0.0434884470528
8.16 0.0433714648636
8.17 0.0432547323907
8.18 0.0431382494706
8.19 0.0430220159373
8.2 0.0429060316222
8.21 0.0427902963544
8.22 0.0426748099604
8.23 0.0425595722642
8.24 0.0424445830874
8.25 0.0423298422493
8.26 0.0422153495667
8.27 0.0421011048541
8.28 0.0419871079235
8.29 0.0418733585848
8.3 0.0417598566454
8.31 0.0416466019105
8.32 0.0415335941831
8.33 0.0414208332639
8.34 0.0413083189513
8.35 0.0411960510416
8.36 0.0410840293289
8.37 0.0409722536052
8.38 0.0408607236601
8.39 0.0407494392815
8.4 0.0406384002549
8.41 0.0405276063637
8.42 0.0404170573894
8.43 0.0403067531115
8.44 0.0401966933071
8.45 0.0400868777518
8.46 0.0399773062189
8.47 0.0398679784798
8.48 0.039758894304
8.49 0.0396500534591
8.5 0.0395414557105
8.51 0.0394331008222
8.52 0.039324988556
8.53 0.0392171186718
8.54 0.0391094909279
8.55 0.0390021050806
8.56 0.0388949608846
8.57 0.0387880580925
8.58 0.0386813964554
8.59 0.0385749757225
8.6 0.0384687956415
8.61 0.0383628559581
8.62 0.0382571564164
8.63 0.038151696759
8.64 0.0380464767266
8.65 0.0379414960584
8.66 0.0378367544919
8.67 0.0377322517631
8.68 0.0376279876061
8.69 0.0375239617539
8.7 0.0374201739376
8.71 0.0373166238868
8.72 0.0372133113296
8.73 0.0371102359928
8.74 0.0370073976012
8.75 0.0369047958787
8.76 0.0368024305473
8.77 0.0367003013278
8.78 0.0365984079395
8.79 0.0364967501001
8.8 0.0363953275263
8.81 0.036294139933
8.82 0.0361931870341
8.83 0.0360924685417
8.84 0.035991984167
8.85 0.0358917336196
8.86 0.0357917166078
8.87 0.0356919328389
8.88 0.0355923820185
8.89 0.0354930638512
8.9 0.0353939780402
8.91 0.0352951242876
8.92 0.0351965022942
8.93 0.0350981117596
8.94 0.0349999523822
8.95 0.0349020238591
8.96 0.0348043258866
8.97 0.0347068581593
8.98 0.0346096203712
8.99 0.0345126122148
9.0 0.0344158333816
9.01 0.034319283562
9.02 0.0342229624455
9.03 0.0341268697201
9.04 0.0340310050731
9.05 0.0339353681907
9.06 0.0338399587578
9.07 0.0337447764587
9.08 0.0336498209764
9.09 0.033555091993
9.1 0.0334605891895
9.11 0.0333663122461
9.12 0.033272260842
9.13 0.0331784346553
9.14 0.0330848333633
9.15 0.0329914566425
9.16 0.0328983041682
9.17 0.0328053756149
9.18 0.0327126706565
9.19 0.0326201889656
9.2 0.0325279302142
9.21 0.0324358940733
9.22 0.0323440802133
9.23 0.0322524883035
9.24 0.0321611180125
9.25 0.0320699690081
9.26 0.0319790409574
9.27 0.0318883335265
9.28 0.0317978463809
9.29 0.0317075791853
9.3 0.0316175316036
9.31 0.031527703299
9.32 0.0314380939341
9.33 0.0313487031706
9.34 0.0312595306695
9.35 0.0311705760912
9.36 0.0310818390955
9.37 0.0309933193412
9.38 0.0309050164868
9.39 0.03081693019
9.4 0.0307290601078
9.41 0.0306414058967
9.42 0.0305539672124
9.43 0.0304667437102
9.44 0.0303797350446
9.45 0.0302929408697
9.46 0.0302063608388
9.47 0.0301199946049
9.48 0.0300338418201
9.49 0.0299479021363
9.5 0.0298621752047
9.51 0.0297766606759
9.52 0.0296913582
9.53 0.0296062674267
9.54 0.0295213880051
9.55 0.0294367195838
9.56 0.0293522618111
9.57 0.0292680143344
9.58 0.0291839768011
9.59 0.0291001488579
9.6 0.029016530151
9.61 0.0289331203264
9.62 0.0288499190295
9.63 0.0287669259052
9.64 0.0286841405981
9.65 0.0286015627524
9.66 0.028519192012
9.67 0.0284370280201
9.68 0.0283550704198
9.69 0.0282733188538
9.7 0.0281917729643
9.71 0.0281104323933
9.72 0.0280292967823
9.73 0.0279483657726
9.74 0.0278676390051
9.75 0.0277871161204
9.76 0.0277067967588
9.77 0.0276266805601
9.78 0.0275467671642
9.79 0.0274670562104
9.8 0.0273875473378
9.81 0.0273082401852
9.82 0.0272291343912
9.83 0.027150229594
9.84 0.0270715254318
9.85 0.0269930215424
9.86 0.0269147175632
9.87 0.0268366131316
9.88 0.0267587078849
9.89 0.0266810014597
9.9 0.0266034934929
9.91 0.026526183621
9.92 0.0264490714802
9.93 0.0263721567067
9.94 0.0262954389364
9.95 0.026218917805
9.96 0.0261425929482
9.97 0.0260664640013
9.98 0.0259905305998
9.99 0.0259147923787
