0.01 0.00118235471936
0.02 0.00235885967032
0.03 0.00352953655941
0.04 0.0046944070216
0.05 0.00585349262045
0.06 0.00700681484841
0.07 0.00815439512696
0.08 0.00929625480687
0.09 0.0104324151684
0.1 0.0115628974216
0.11 0.0126877227064
0.12 0.0138069120929
0.13 0.0149204865816
0.14 0.0160284671034
0.15 0.0171308745204
0.16 0.0182277296253
0.17 0.0193190531423
0.18 0.020404865727
0.19 0.0214851879664
0.2 0.0225600403799
0.21 0.0236294434184
0.22 0.0246934174654
0.23 0.0257519828369
0.24 0.0268051597816
0.25 0.027852968481
0.26 0.0288954290498
0.27 0.029932561536
0.28 0.0309643859213
0.29 0.031990922121
0.3 0.0330121899842
0.31 0.0340282092945
0.32 0.0350389997696
0.33 0.0360445810619
0.34 0.0370449727585
0.35 0.0380401943815
0.36 0.0390302653882
0.37 0.0400152051711
0.38 0.0409950330585
0.39 0.0419697683143
0.4 0.0429394301386
0.41 0.0439040376673
0.42 0.0448636099732
0.43 0.0458181660651
0.44 0.0467677248889
0.45 0.0477123053274
0.46 0.0486519262006
0.47 0.0495866062657
0.48 0.0505163642177
0.49 0.051441218689
0.5 0.0523611882502
0.51 0.05327629141
0.52 0.0541865466153
0.53 0.0550919722516
0.54 0.0559925866431
0.55 0.0568884080529
0.56 0.0577794546832
0.57 0.0586657446754
0.58 0.0595472961104
0.59 0.0604241270088
0.6 0.061296255331
0.61 0.0621636989774
0.62 0.0630264757886
0.63 0.0638846035457
0.64 0.0647380999704
0.65 0.065586982725
0.66 0.0664312694128
0.67 0.0672709775785
0.68 0.0681061247077
0.69 0.0689367282279
0.7 0.0697628055081
0.71 0.0705843738591
0.72 0.0714014505338
0.73 0.0722140527275
0.74 0.0730221975778
0.75 0.0738259021647
0.76 0.0746251835113
0.77 0.0754200585835
0.78 0.0762105442903
0.79 0.076996657484
0.8 0.0777784149605
0.81 0.0785558334592
0.82 0.0793289296635
0.83 0.0800977202006
0.84 0.0808622216421
0.85 0.0816224505038
0.86 0.0823784232462
0.87 0.0831301562744
0.88 0.0838776659383
0.89 0.0846209685331
0.9 0.0853600802989
0.91 0.0860950174215
0.92 0.086825796032
0.93 0.0875524322076
0.94 0.0882749419709
0.95 0.088993341291
0.96 0.0897076460832
0.97 0.0904178722089
0.98 0.0911240354763
0.99 0.0918261516406
1.0 0.0925242364033
1.01 0.0932183054136
1.02 0.0939083742676
1.03 0.0945944585089
1.04 0.0952765736286
1.05 0.0959547350657
1.06 0.0966289582069
1.07 0.0972992583872
1.08 0.0979656508897
1.09 0.0986281509458
1.1 0.0992867737357
1.11 0.0999415343881
1.12 0.100592447981
1.13 0.10123952954
1.14 0.101882794042
1.15 0.102522256412
1.16 0.103157931525
1.17 0.103789834205
1.18 0.104417979227
1.19 0.105042381314
1.2 0.105663055141
1.21 0.106280015333
1.22 0.106893276465
1.23 0.107502853062
1.24 0.108108759602
1.25 0.108711010512
1.26 0.10930962017
1.27 0.109904602906
1.28 0.110495973001
1.29 0.111083744688
1.3 0.111667932152
1.31 0.112248549528
1.32 0.112825610905
1.33 0.113399130323
1.34 0.113969121774
1.35 0.114535599205
1.36 0.115098576513
1.37 0.115658067547
1.38 0.116214086112
1.39 0.116766645964
1.4 0.117315760812
1.41 0.11786144432
1.42 0.118403710104
1.43 0.118942571733
1.44 0.119478042732
1.45 0.120010136578
1.46 0.120538866703
1.47 0.121064246494
1.48 0.12158628929
1.49 0.122105008386
1.5 0.122620417033
1.51 0.123132528433
1.52 0.123641355747
1.53 0.124146912089
1.54 0.124649210528
1.55 0.125148264089
1.56 0.125644085753
1.57 0.126136688455
1.58 0.126626085087
1.59 0.127112288497
1.6 0.127595311489
1.61 0.128075166823
1.62 0.128551867214
1.63 0.129025425337
1.64 0.129495853819
1.65 0.129963165247
1.66 0.130427372164
1.67 0.130888487071
1.68 0.131346522424
1.69 0.131801490637
1.7 0.132253404083
1.71 0.132702275091
1.72 0.133148115948
1.73 0.133590938898
1.74 0.134030756146
1.75 0.134467579852
1.76 0.134901422135
1.77 0.135332295073
1.78 0.135760210701
1.79 0.136185181015
1.8 0.136607217968
1.81 0.137026333472
1.82 0.137442539399
1.83 0.137855847579
1.84 0.138266269802
1.85 0.138673817817
1.86 0.139078503332
1.87 0.139480338017
1.88 0.139879333499
1.89 0.140275501366
1.9 0.140668853167
1.91 0.141059400409
1.92 0.141447154562
1.93 0.141832127054
1.94 0.142214329274
1.95 0.142593772574
1.96 0.142970468263
1.97 0.143344427615
1.98 0.143715661861
1.99 0.144084182197
2.0 0.144449999776
2.01 0.144813125717
2.02 0.145173571098
2.03 0.145531346959
2.04 0.145886464301
2.05 0.146238934088
2.06 0.146588767247
2.07 0.146935974664
2.08 0.14728056719
2.09 0.147622555639
2.1 0.147961950784
2.11 0.148298763363
2.12 0.148633004077
2.13 0.14896468359
2.14 0.149293812527
2.15 0.149620401477
2.16 0.149944460995
2.17 0.150266001594
2.18 0.150585033756
2.19 0.150901567922
2.2 0.151215614499
2.21 0.151527183858
2.22 0.151836286334
2.23 0.152142932223
2.24 0.15244713179
2.25 0.152748895261
2.26 0.153048232826
2.27 0.153345154642
2.28 0.153639670829
2.29 0.153931791472
2.3 0.15422152662
2.31 0.154508886289
2.32 0.154793880457
2.33 0.155076519071
2.34 0.15535681204
2.35 0.155634769239
2.36 0.15591040051
2.37 0.15618371566
2.38 0.156454724461
2.39 0.156723436651
2.4 0.156989861934
2.41 0.15725400998
2.42 0.157515890427
2.43 0.157775512875
2.44 0.158032886896
2.45 0.158288022023
2.46 0.158540927759
2.47 0.158791613572
2.48 0.159040088899
2.49 0.159286363141
2.5 0.159530445668
2.51 0.159772345817
2.52 0.160012072891
2.53 0.160249636161
2.54 0.160485044866
2.55 0.160718308212
2.56 0.160949435373
2.57 0.16117843549
2.58 0.161405317672
2.59 0.161630090996
2.6 0.161852764509
2.61 0.162073347222
2.62 0.162291848119
2.63 0.162508276148
2.64 0.162722640229
2.65 0.162934949248
2.66 0.163145212062
2.67 0.163353437494
2.68 0.163559634338
2.69 0.163763811357
2.7 0.163965977281
2.71 0.164166140811
2.72 0.164364310618
2.73 0.164560495339
2.74 0.164754703585
2.75 0.164946943932
2.76 0.165137224929
2.77 0.165325555093
2.78 0.165511942912
2.79 0.165696396843
2.8 0.165878925314
2.81 0.166059536721
2.82 0.166238239434
2.83 0.166415041789
2.84 0.166589952096
2.85 0.166762978634
2.86 0.166934129651
2.87 0.167103413369
2.88 0.167270837979
2.89 0.167436411643
2.9 0.167600142494
2.91 0.167762038636
2.92 0.167922108145
2.93 0.168080359067
2.94 0.16823679942
2.95 0.168391437194
2.96 0.168544280349
2.97 0.168695336819
2.98 0.168844614507
2.99 0.168992121291
3.0 0.169137865017
3.01 0.169281853507
3.02 0.169424094552
3.03 0.169564595917
3.04 0.169703365339
3.05 0.169840410526
3.06 0.169975739161
3.07 0.170109358897
3.08 0.170241277361
3.09 0.170371502152
3.1 0.170500040843
3.11 0.170626900979
3.12 0.170752090079
3.13 0.170875615632
3.14 0.170997485104
3.15 0.171117705933
3.16 0.171236285528
3.17 0.171353231276
3.18 0.171468550532
3.19 0.17158225063
3.2 0.171694338875
3.21 0.171804822544
3.22 0.171913708891
3.23 0.172021005143
3.24 0.1721267185
3.25 0.172230856138
3.26 0.172333425205
3.27 0.172434432825
3.28 0.172533886095
3.29 0.172631792087
3.3 0.172728157849
3.31 0.1728229904
3.32 0.172916296739
3.33 0.173008083833
3.34 0.173098358631
3.35 0.173187128051
3.36 0.17327439899
3.37 0.173360178318
3.38 0.173444472881
3.39 0.173527289499
3.4 0.17360863497
3.41 0.173688516065
3.42 0.173766939531
3.43 0.173843912091
3.44 0.173919440444
3.45 0.173993531263
3.46 0.1740661912
3.47 0.17413742688
3.48 0.174207244904
3.49 0.174275651852
3.5 0.174342654276
3.51 0.174408258708
3.52 0.174472471654
3.53 0.174535299597
3.54 0.174596748996
3.55 0.174656826288
3.56 0.174715537885
3.57 0.174772890175
3.58 0.174828889526
3.59 0.17488354228
3.6 0.174936854756
3.61 0.174988833251
3.62 0.175039484039
3.63 0.175088813371
3.64 0.175136827474
3.65 0.175183532555
3.66 0.175228934795
3.67 0.175273040354
3.68 0.175315855371
3.69 0.175357385961
3.7 0.175397638215
3.71 0.175436618205
3.72 0.17547433198
3.73 0.175510785564
3.74 0.175545984962
3.75 0.175579936156
3.76 0.175612645107
3.77 0.175644117752
3.78 0.175674360009
3.79 0.175703377771
3.8 0.175731176913
3.81 0.175757763286
3.82 0.175783142719
3.83 0.175807321022
3.84 0.175830303982
3.85 0.175852097366
3.86 0.175872706917
3.87 0.175892138359
3.88 0.175910397396
3.89 0.175927489709
3.9 0.175943420958
3.91 0.175958196784
3.92 0.175971822805
3.93 0.17598430462
3.94 0.175995647807
3.95 0.176005857922
3.96 0.176014940501
3.97 0.176022901062
3.98 0.1760297451
3.99 0.176035478089
4.0 0.176040105486
4.01 0.176043632725
4.02 0.17604606522
4.03 0.176047408367
4.04 0.176047667541
4.05 0.176046848095
4.06 0.176044955365
4.07 0.176041994667
4.08 0.176037971295
4.09 0.176032890526
4.1 0.176026757615
4.11 0.176019577799
4.12 0.176011356295
4.13 0.176002098301
4.14 0.175991808996
4.15 0.175980493538
4.16 0.175968157068
4.17 0.175954804706
4.18 0.175940441554
4.19 0.175925072695
4.2 0.175908703192
4.21 0.175891338089
4.22 0.175872982414
4.23 0.175853641173
4.24 0.175833319355
4.25 0.175812021929
4.26 0.175789753847
4.27 0.175766520041
4.28 0.175742325426
4.29 0.175717174898
4.3 0.175691073334
4.31 0.175664025592
4.32 0.175636036515
4.33 0.175607110925
4.34 0.175577253627
4.35 0.175546469408
4.36 0.175514763035
4.37 0.175482139261
4.38 0.175448602817
4.39 0.17541415842
4.4 0.175378810766
4.41 0.175342564535
4.42 0.175305424389
4.43 0.175267394973
4.44 0.175228480914
4.45 0.175188686821
4.46 0.175148017286
4.47 0.175106476885
4.48 0.175064070174
4.49 0.175020801695
4.5 0.174976675969
4.51 0.174931697504
4.52 0.174885870789
4.53 0.174839200295
4.54 0.174791690477
4.55 0.174743345774
4.56 0.174694170607
4.57 0.17464416938
4.58 0.174593346482
4.59 0.174541706284
4.6 0.17448925314
4.61 0.174435991389
4.62 0.174381925353
4.63 0.174327059335
4.64 0.174271397626
4.65 0.174214944497
4.66 0.174157704205
4.67 0.174099680991
4.68 0.174040879077
4.69 0.173981302671
4.7 0.173920955966
4.71 0.173859843136
4.72 0.173797968342
4.73 0.173735335728
4.74 0.173671949421
4.75 0.173607813534
4.76 0.173542932163
4.77 0.173477309388
4.78 0.173410949276
4.79 0.173343855876
4.8 0.173276033222
4.81 0.173207485332
4.82 0.17313821621
4.83 0.173068229843
4.84 0.172997530204
4.85 0.172926121251
4.86 0.172854006924
4.87 0.172781191152
4.88 0.172707677846
4.89 0.172633470902
4.9 0.172558574203
4.91 0.172482991614
4.92 0.172406726988
4.93 0.172329784162
4.94 0.172252166958
4.95 0.172173879183
4.96 0.17209492463
4.97 0.172015307077
4.98 0.171935030288
4.99 0.17185409801
5.0 0.171772513979
5.01 0.171690281915
5.02 0.171607405522
5.03 0.171523888492
5.04 0.171439734502
5.05 0.171354947214
5.06 0.171269530276
5.07 0.171183487323
5.08 0.171096821974
5.09 0.171009537835
5.1 0.170921638499
5.11 0.170833127543
5.12 0.170744008531
5.13 0.170654285013
5.14 0.170563960525
5.15 0.170473038589
5.16 0.170381522715
5.17 0.170289416398
5.18 0.170196723117
5.19 0.170103446342
5.2 0.170009589527
5.21 0.169915156111
5.22 0.169820149522
5.23 0.169724573174
5.24 0.169628430467
5.25 0.169531724789
5.26 0.169434459512
5.27 0.169336637997
5.28 0.169238263591
5.29 0.169139339629
5.3 0.169039869432
5.31 0.168939856307
5.32 0.168839303549
5.33 0.168738214441
5.34 0.16863659225
5.35 0.168534440234
5.36 0.168431761636
5.37 0.168328559685
5.38 0.1682248376
5.39 0.168120598585
5.4 0.168015845833
5.41 0.167910582523
5.42 0.167804811823
5.43 0.167698536887
5.44 0.167591760857
5.45 0.167484486862
5.46 0.16737671802
5.47 0.167268457436
5.48 0.167159708201
5.49 0.167050473396
5.5 0.166940756089
5.51 0.166830559336
5.52 0.16671988618
5.53 0.166608739652
5.54 0.166497122772
5.55 0.166385038547
5.56 0.166272489973
5.57 0.166159480032
5.58 0.166046011696
5.59 0.165932087924
5.6 0.165817711665
5.61 0.165702885853
5.62 0.165587613414
5.63 0.16547189726
5.64 0.16535574029
5.65 0.165239145395
5.66 0.165122115452
5.67 0.165004653327
5.68 0.164886761874
5.69 0.164768443936
5.7 0.164649702345
5.71 0.164530539921
5.72 0.164410959472
5.73 0.164290963796
5.74 0.164170555679
5.75 0.164049737897
5.76 0.163928513211
5.77 0.163806884377
5.78 0.163684854133
5.79 0.163562425212
5.8 0.163439600332
5.81 0.163316382201
5.82 0.163192773517
5.83 0.163068776967
5.84 0.162944395224
5.85 0.162819630955
5.86 0.162694486812
5.87 0.162568965439
5.88 0.162443069468
5.89 0.16231680152
5.9 0.162190164207
5.91 0.162063160127
5.92 0.161935791872
5.93 0.16180806202
5.94 0.161679973139
5.95 0.161551527787
5.96 0.161422728513
5.97 0.161293577852
5.98 0.161164078332
5.99 0.161034232469
6.0 0.160904042769
6.01 0.160773511727
6.02 0.16064264183
6.03 0.160511435553
6.04 0.16037989536
6.05 0.160248023707
6.06 0.160115823039
6.07 0.15998329579
6.08 0.159850444386
6.09 0.15971727124
6.1 0.159583778758
6.11 0.159449969335
6.12 0.159315845356
6.13 0.159181409195
6.14 0.159046663219
6.15 0.158911609783
6.16 0.158776251232
6.17 0.158640589902
6.18 0.158504628121
6.19 0.158368368204
6.2 0.158231812459
6.21 0.158094963183
6.22 0.157957822663
6.23 0.15782039318
6.24 0.157682677001
6.25 0.157544676385
6.26 0.157406393584
6.27 0.157267830837
6.28 0.157128990376
6.29 0.156989874422
6.3 0.156850485189
6.31 0.15671082488
6.32 0.156570895688
6.33 0.1564306998
6.34 0.15629023939
6.35 0.156149516626
6.36 0.156008533665
6.37 0.155867292655
6.38 0.155725795736
6.39 0.155584045039
6.4 0.155442042684
6.41 0.155299790785
6.42 0.155157291445
6.43 0.155014546759
6.44 0.154871558813
6.45 0.154728329683
6.46 0.154584861439
6.47 0.154441156139
6.48 0.154297215835
6.49 0.154153042568
6.5 0.154008638372
6.51 0.153864005272
6.52 0.153719145284
6.53 0.153574060416
6.54 0.153428752667
6.55 0.153283224027
6.56 0.153137476478
6.57 0.152991511995
6.58 0.152845332541
6.59 0.152698940075
6.6 0.152552336545
6.61 0.15240552389
6.62 0.152258504042
6.63 0.152111278926
6.64 0.151963850456
6.65 0.151816220539
6.66 0.151668391075
6.67 0.151520363953
6.68 0.151372141057
6.69 0.151223724261
6.7 0.151075115431
6.71 0.150926316426
6.72 0.150777329096
6.73 0.150628155283
6.74 0.150478796823
6.75 0.15032925554
6.76 0.150179533254
6.77 0.150029631775
6.78 0.149879552907
6.79 0.149729298444
6.8 0.149578870173
6.81 0.149428269874
6.82 0.149277499318
6.83 0.14912656027
6.84 0.148975454485
6.85 0.148824183713
6.86 0.148672749694
6.87 0.148521154162
6.88 0.148369398842
6.89 0.148217485453
6.9 0.148065415705
6.91 0.147913191303
6.92 0.14776081394
6.93 0.147608285307
6.94 0.147455607083
6.95 0.147302780943
6.96 0.147149808551
6.97 0.146996691569
6.98 0.146843431646
6.99 0.146690030426
7.0 0.146536489548
7.01 0.14638281064
7.02 0.146228995326
7.03 0.14607504522
7.04 0.14592096193
7.05 0.145766747059
7.06 0.145612402199
7.07 0.145457928937
7.08 0.145303328854
7.09 0.145148603521
7.1 0.144993754506
7.11 0.144838783366
7.12 0.144683691653
7.13 0.144528480913
7.14 0.144373152683
7.15 0.144217708495
7.16 0.144062149872
7.17 0.143906478333
7.18 0.143750695387
7.19 0.143594802539
7.2 0.143438801285
7.21 0.143282693116
7.22 0.143126479516
7.23 0.142970161962
7.24 0.142813741923
7.25 0.142657220864
7.26 0.142500600241
7.27 0.142343881505
7.28 0.1421870661
7.29 0.142030155463
7.3 0.141873151026
7.31 0.141716054211
7.32 0.141558866438
7.33 0.141401589117
7.34 0.141244223653
7.35 0.141086771446
7.36 0.140929233886
7.37 0.140771612361
7.38 0.14061390825
7.39 0.140456122925
7.4 0.140298257753
7.41 0.140140314096
7.42 0.139982293308
7.43 0.139824196736
7.44 0.139666025723
7.45 0.139507781604
7.46 0.13934946571
7.47 0.139191079363
7.48 0.139032623882
7.49 0.138874100576
7.5 0.138715510753
7.51 0.13855685571
7.52 0.138398136741
7.53 0.138239355133
7.54 0.138080512168
7.55 0.13792160912
7.56 0.137762647259
7.57 0.137603627849
7.58 0.137444552146
7.59 0.137285421403
7.6 0.137126236865
7.61 0.136966999772
7.62 0.136807711359
7.63 0.136648372854
7.64 0.136488985478
7.65 0.136329550451
7.66 0.136170068981
7.67 0.136010542276
7.68 0.135850971534
7.69 0.135691357949
7.7 0.135531702711
7.71 0.135372007002
7.72 0.135212272
7.73 0.135052498875
7.74 0.134892688794
7.75 0.134732842919
7.76 0.134572962402
7.77 0.134413048396
7.78 0.134253102042
7.79 0.134093124481
7.8 0.133933116845
7.81 0.133773080262
7.82 0.133613015855
7.83 0.13345292474
7.84 0.13329280803
7.85 0.133132666829
7.86 0.132972502241
7.87 0.132812315359
7.88 0.132652107275
7.89 0.132491879074
7.9 0.132331631836
7.91 0.132171366636
7.92 0.132011084542
7.93 0.131850786619
7.94 0.131690473928
7.95 0.13153014752
7.96 0.131369808446
7.97 0.13120945775
7.98 0.131049096469
7.99 0.130888725638
8.0 0.130728346285
8.01 0.130567959434
8.02 0.130407566103
8.03 0.130247167306
8.04 0.130086764052
8.05 0.129926357344
8.06 0.12976594818
8.07 0.129605537555
8.08 0.129445126457
8.09 0.129284715871
8.1 0.129124306775
8.11 0.128963900144
8.12 0.128803496948
8.13 0.12864309815
8.14 0.128482704711
8.15 0.128322317585
8.16 0.128161937724
8.17 0.128001566072
8.18 0.127841203571
8.19 0.127680851156
8.2 0.12752050976
8.21 0.127360180308
8.22 0.127199863723
8.23 0.127039560923
8.24 0.12687927282
8.25 0.126719000322
8.26 0.126558744334
8.27 0.126398505754
8.28 0.126238285477
8.29 0.126078084393
8.3 0.125917903388
8.31 0.125757743342
8.32 0.125597605132
8.33 0.125437489631
8.34 0.125277397705
8.35 0.125117330218
8.36 0.124957288029
8.37 0.124797271992
8.38 0.124637282958
8.39 0.124477321771
8.4 0.124317389273
8.41 0.124157486301
8.42 0.123997613688
8.43 0.123837772262
8.44 0.123677962847
8.45 0.123518186262
8.46 0.123358443325
8.47 0.123198734844
8.48 0.123039061629
8.49 0.122879424481
8.5 0.1227198242
8.51 0.122560261579
8.52 0.12240073741
8.53 0.122241252478
8.54 0.122081807566
8.55 0.121922403451
8.56 0.121763040907
8.57 0.121603720705
8.58 0.121444443609
8.59 0.121285210383
8.6 0.121126021782
8.61 0.120966878562
8.62 0.120807781471
8.63 0.120648731255
8.64 0.120489728656
8.65 0.120330774412
8.66 0.120171869257
8.67 0.120013013919
8.68 0.119854209126
8.69 0.1196954556
8.7 0.119536754058
8.71 0.119378105214
8.72 0.11921950978
8.73 0.119060968462
8.74 0.118902481963
8.75 0.118744050982
8.76 0.118585676213
8.77 0.118427358348
8.78 0.118269098076
8.79 0.118110896079
8.8 0.117952753039
8.81 0.117794669631
8.82 0.117636646528
8.83 0.117478684399
8.84 0.11732078391
8.85 0.117162945722
8.86 0.117005170494
8.87 0.116847458879
8.88 0.116689811529
8.89 0.11653222909
8.9 0.116374712207
8.91 0.116217261519
8.92 0.116059877663
8.93 0.115902561271
8.94 0.115745312974
8.95 0.115588133396
8.96 0.11543102316
8.97 0.115273982885
8.98 0.115117013186
8.99 0.114960114676
9.0 0.114803287961
9.01 0.114646533648
9.02 0.114489852338
9.03 0.114333244629
9.04 0.114176711115
9.05 0.114020252388
9.06 0.113863869036
9.07 0.113707561644
9.08 0.113551330791
9.09 0.113395177058
9.1 0.113239101017
9.11 0.11308310324
9.12 0.112927184295
9.13 0.112771344747
9.14 0.112615585157
9.15 0.112459906082
9.16 0.112304308079
9.17 0.112148791698
9.18 0.111993357488
9.19 0.111838005994
9.2 0.111682737757
9.21 0.111527553318
9.22 0.11137245321
9.23 0.111217437968
9.24 0.111062508119
9.25 0.11090766419
9.26 0.110752906705
9.27 0.110598236182
9.28 0.11044365314
9.29 0.110289158091
9.3 0.110134751546
9.31 0.109980434012
9.32 0.109826205995
9.33 0.109672067996
9.34 0.109518020512
9.35 0.109364064041
9.36 0.109210199073
9.37 0.109056426099
9.38 0.108902745604
9.39 0.108749158073
9.4 0.108595663986
9.41 0.10844226382
9.42 0.10828895805
9.43 0.108135747148
9.44 0.107982631582
9.45 0.107829611819
9.46 0.107676688322
9.47 0.10752386155
9.48 0.107371131961
9.49 0.10721850001
9.5 0.107065966147
9.51 0.106913530822
9.52 0.10676119448
9.53 0.106608957565
9.54 0.106456820518
9.55 0.106304783774
9.56 0.10615284777
9.57 0.106001012938
9.58 0.105849279705
9.59 0.1056976485
9.6 0.105546119746
9.61 0.105394693863
9.62 0.105243371271
9.63 0.105092152384
9.64 0.104941037616
9.65 0.104790027376
9.66 0.104639122074
9.67 0.104488322113
9.68 0.104337627895
9.69 0.104187039821
9.7 0.104036558288
9.71 0.103886183689
9.72 0.103735916418
9.73 0.103585756862
9.74 0.103435705409
9.75 0.103285762442
9.76 0.103135928343
9.77 0.102986203492
9.78 0.102836588264
9.79 0.102687083034
9.8 0.102537688172
9.81 0.102388404048
9.82 0.102239231028
9.83 0.102090169476
9.84 0.101941219753
9.85 0.101792382219
9.86 0.101643657228
9.87 0.101495045137
9.88 0.101346546296
9.89 0.101198161053
9.9 0.101049889757
9.91 0.100901732752
9.92 0.100753690378
9.93 0.100605762976
9.94 0.100457950883
9.95 0.100310254434
9.96 0.100162673961
9.97 0.100015209793
9.98 0.0998678622599
9.99 0.0997206316854
