0.01 0.00126804919336
0.02 0.00246980917466
0.03 0.00360787897138
0.04 0.00468476703228
0.05 0.0057028941868
0.06 0.00666459651173
0.07 0.00757212810784
0.08 0.00842766378929
0.09 0.00923330168842
0.1 0.00999106577855
0.11 0.0107029083173
0.12 0.011370712213
0.13 0.0119962933157
0.14 0.0125814026372
0.15 0.0131277284991
0.16 0.0136368986141
0.17 0.0141104821012
0.18 0.0145499914363
0.19 0.0149568843412
0.2 0.0153325656132
0.21 0.0156783888951
0.22 0.0159956583904
0.23 0.0162856305225
0.24 0.0165495155413
0.25 0.0167884790791
0.26 0.017003643656
0.27 0.0171960901369
0.28 0.0173668591427
0.29 0.0175169524155
0.3 0.01764733414
0.31 0.0177589322224
0.32 0.0178526395284
0.33 0.017929315081
0.34 0.0179897852194
0.35 0.018034844721
0.36 0.0180652578868
0.37 0.0180817595913
0.38 0.0180850562989
0.39 0.0180758270468
0.4 0.0180547243966
0.41 0.0180223753536
0.42 0.0179793822579
0.43 0.0179263236447
0.44 0.0178637550776
0.45 0.0177922099542
0.46 0.017712200285
0.47 0.0176242174475
0.48 0.0175287329144
0.49 0.0174261989592
0.5 0.0173170493369
0.51 0.0172016999438
0.52 0.0170805494545
0.53 0.0169539799378
0.54 0.0168223574528
0.55 0.0166860326245
0.56 0.0165453412008
0.57 0.0164006045905
0.58 0.0162521303836
0.59 0.0161002128539
0.6 0.0159451334454
0.61 0.0157871612414
0.62 0.015626553419
0.63 0.0154635556871
0.64 0.0152984027107
0.65 0.0151313185199
0.66 0.0149625169058
0.67 0.0147922018029
0.68 0.0146205676579
0.69 0.0144477997864
0.7 0.0142740747177
0.71 0.0140995605274
0.72 0.0139244171585
0.73 0.0137487967319
0.74 0.0135728438461
0.75 0.0133966958662
0.76 0.0132204832038
0.77 0.013044329586
0.78 0.0128683523164
0.79 0.0126926625256
0.8 0.0125173654146
0.81 0.0123425604883
0.82 0.0121683417815
0.83 0.011994798077
0.84 0.0118220131157
0.85 0.0116500657998
0.86 0.0114790303883
0.87 0.011308976686
0.88 0.0111399702255
0.89 0.0109720724427
0.9 0.0108053408466
0.91 0.0106398291822
0.92 0.0104755875882
0.93 0.0103126627489
0.94 0.0101510980401
0.95 0.00999093367073
0.96 0.00983220681827
0.97 0.00967495176005
0.98 0.0095191999994
0.99 0.00936498038717
1.0 0.00921231923897
1.01 0.00906124044791
1.02 0.0089117655933
1.03 0.00876391404529
1.04 0.00861770306559
1.05 0.00847314790448
1.06 0.00833026189415
1.07 0.00818905653856
1.08 0.00804954159992
1.09 0.00791172518183
1.1 0.0077756138094
1.11 0.00764121250615
1.12 0.0075085248681
1.13 0.00737755313495
1.14 0.00724829825852
1.15 0.00712075996855
1.16 0.00699493683595
1.17 0.00687082633352
1.18 0.00674842489439
1.19 0.00662772796807
1.2 0.00650873007429
1.21 0.00639142485473
1.22 0.00627580512269
1.23 0.0061618629107
1.24 0.00604958951625
1.25 0.0059389755457
1.26 0.0058300109563
1.27 0.00572268509658
1.28 0.00561698674501
1.29 0.00551290414709
1.3 0.0054104250509
1.31 0.00530953674107
1.32 0.00521022607145
1.33 0.00511247949628
1.34 0.00501628310006
1.35 0.00492162262613
1.36 0.00482848350405
1.37 0.0047368508757
1.38 0.0046467096203
1.39 0.00455804437826
1.4 0.00447083957404
1.41 0.0043850794379
1.42 0.0043007480267
1.43 0.00421782924376
1.44 0.00413630685773
1.45 0.00405616452068
1.46 0.00397738578526
1.47 0.00389995412107
1.48 0.00382385293023
1.49 0.00374906556221
1.5 0.00367557532793
1.51 0.00360336551313
1.52 0.0035324193911
1.53 0.00346272023476
1.54 0.0033942513281
1.55 0.003326995977
1.56 0.00326093751957
1.57 0.00319605933582
1.58 0.00313234485684
1.59 0.00306977757356
1.6 0.00300834104486
1.61 0.00294801890533
1.62 0.00288879487257
1.63 0.00283065275398
1.64 0.00277357645323
1.65 0.00271754997628
1.66 0.00266255743702
1.67 0.00260858306255
1.68 0.00255561119816
1.69 0.00250362631186
1.7 0.00245261299871
1.71 0.00240255598478
1.72 0.00235344013082
1.73 0.00230525043564
1.74 0.00225797203926
1.75 0.00221159022578
1.76 0.00216609042597
1.77 0.00212145821968
1.78 0.00207767933801
1.79 0.00203473966523
1.8 0.00199262524053
1.81 0.00195132225956
1.82 0.00191081707582
1.83 0.0018710962018
1.84 0.00183214631001
1.85 0.00179395423384
1.86 0.00175650696821
1.87 0.00171979167019
1.88 0.00168379565936
1.89 0.0016485064181
1.9 0.00161391159173
1.91 0.00157999898859
1.92 0.0015467565799
1.93 0.00151417249962
1.94 0.00148223504413
1.95 0.00145093267186
1.96 0.00142025400282
1.97 0.00139018781803
1.98 0.00136072305888
1.99 0.00133184882641
2.0 0.00130355438051
2.01 0.00127582913909
2.02 0.00124866267713
2.03 0.00122204472572
2.04 0.00119596517099
2.05 0.00117041405305
2.06 0.00114538156484
2.07 0.00112085805097
2.08 0.00109683400642
2.09 0.00107330007536
2.1 0.0010502470498
2.11 0.00102766586826
2.12 0.00100554761441
2.13 0.000983883515646
2.14 0.000962664941716
2.15 0.000941883403229
2.16 0.000921530550207
2.17 0.000901598170593
2.18 0.000882078188748
2.19 0.000862962663926
2.2 0.000844243788743
2.21 0.000825913887628
2.22 0.00080796541527
2.23 0.000790390955047
2.24 0.00077318321746
2.25 0.000756335038549
2.26 0.000739839378313
2.27 0.000723689319126
2.28 0.000707878064145
2.29 0.000692398935727
2.3 0.000677245373837
2.31 0.000662410934465
2.32 0.000647889288042
2.33 0.000633674217859
2.34 0.000619759618491
2.35 0.000606139494231
2.36 0.000592807957518
2.37 0.000579759227387
2.38 0.000566987627917
2.39 0.000554487586687
2.4 0.000542253633244
2.41 0.000530280397581
2.42 0.000518562608624
2.43 0.000507095092727
2.44 0.000495872772179
2.45 0.000484890663729
2.46 0.00047414387711
2.47 0.000463627613587
2.48 0.000453337164514
2.49 0.000443267909899
2.5 0.00043341531699
2.51 0.000423774938869
2.52 0.000414342413063
2.53 0.000405113460166
2.54 0.000396083882478
2.55 0.000387249562658
2.56 0.00037860646239
2.57 0.000370150621065
2.58 0.000361878154478
2.59 0.000353785253541
2.6 0.000345868183008
2.61 0.000338123280216
2.62 0.000330546953847
2.63 0.000323135682696
2.64 0.000315886014464
2.65 0.000308794564557
2.66 0.000301858014907
2.67 0.000295073112809
2.68 0.000288436669767
2.69 0.000281945560363
2.7 0.000275596721134
2.71 0.000269387149474
2.72 0.000263313902541
2.73 0.000257374096186
2.74 0.000251564903894
2.75 0.000245883555745
2.76 0.000240327337382
2.77 0.000234893589001
2.78 0.000229579704355
2.79 0.000224383129769
2.8 0.000219301363174
2.81 0.000214331953151
2.82 0.000209472497997
2.83 0.000204720644799
2.84 0.000200074088523
2.85 0.000195530571119
2.86 0.000191087880641
2.87 0.000186743850379
2.88 0.000182496358004
2.89 0.000178343324732
2.9 0.000174282714493
2.91 0.00017031253312
2.92 0.000166430827552
2.93 0.000162635685042
2.94 0.000158925232392
2.95 0.000155297635184
2.96 0.000151751097037
2.97 0.000148283858871
2.98 0.000144894198186
2.99 0.000141580428347
3.0 0.000138340897891
3.01 0.000135173989838
3.02 0.000132078121016
3.03 0.000129051741401
3.04 0.000126093333462
3.05 0.000123201411528
3.06 0.000120374521149
3.07 0.000117611238489
3.08 0.000114910169714
3.09 0.000112269950398
3.1 0.000109689244935
3.11 0.000107166745969
3.12 0.000104701173829
3.13 0.000102291275969
3.14 9.99358264341e-05
3.15 9.76336253171e-05
3.16 9.53834982401e-05
3.17 9.3184295837e-05
3.18 9.10348932496e-05
3.19 8.89341896309e-05
3.2 8.68811076588e-05
3.21 8.48745930583e-05
3.22 8.29136141326e-05
3.23 8.09971613033e-05
3.24 7.91242466588e-05
3.25 7.72939035116e-05
3.26 7.55051859634e-05
3.27 7.37571684791e-05
3.28 7.20489454684e-05
3.29 7.03796308752e-05
3.3 6.87483577758e-05
3.31 6.71542779835e-05
3.32 6.55965616614e-05
3.33 6.40743969431e-05
3.34 6.25869895597e-05
3.35 6.11335624748e-05
3.36 5.97133555263e-05
3.37 5.83256250751e-05
3.38 5.69696436607e-05
3.39 5.56446996632e-05
3.4 5.43500969729e-05
3.41 5.3085154665e-05
3.42 5.18492066817e-05
3.43 5.06416015202e-05
3.44 4.94617019268e-05
3.45 4.83088845971e-05
3.46 4.71825398822e-05
3.47 4.60820715007e-05
3.48 4.50068962565e-05
3.49 4.39564437619e-05
3.5 4.29301561667e-05
3.51 4.19274878921e-05
3.52 4.0947905371e-05
3.53 3.99908867922e-05
3.54 3.90559218504e-05
3.55 3.81425115018e-05
3.56 3.72501677233e-05
3.57 3.63784132779e-05
3.58 3.55267814838e-05
3.59 3.46948159891e-05
3.6 3.38820705503e-05
3.61 3.30881088158e-05
3.62 3.23125041136e-05
3.63 3.15548392435e-05
3.64 3.08147062734e-05
3.65 3.00917063398e-05
3.66 2.93854494523e-05
3.67 2.86955543027e-05
3.68 2.8021648077e-05
3.69 2.73633662723e-05
3.7 2.67203525167e-05
3.71 2.60922583938e-05
3.72 2.54787432695e-05
3.73 2.48794741238e-05
3.74 2.42941253856e-05
3.75 2.37223787701e-05
3.76 2.3163923121e-05
3.77 2.26184542552e-05
3.78 2.20856748105e-05
3.79 2.15652940972e-05
3.8 2.10570279523e-05
3.81 2.0560598597e-05
3.82 2.00757344968e-05
3.83 1.96021702255e-05
3.84 1.91396463305e-05
3.85 1.86879092027e-05
3.86 1.82467109477e-05
3.87 1.78158092606e-05
3.88 1.73949673033e-05
3.89 1.69839535837e-05
3.9 1.65825418387e-05
3.91 1.61905109187e-05
3.92 1.58076446746e-05
3.93 1.54337318481e-05
3.94 1.50685659632e-05
3.95 1.47119452207e-05
3.96 1.43636723948e-05
3.97 1.40235547318e-05
3.98 1.36914038513e-05
3.99 1.33670356488e-05
4.0 1.30502702015e-05
4.01 1.27409316749e-05
4.02 1.24388482323e-05
4.03 1.2143851946e-05
4.04 1.18557787101e-05
4.05 1.15744681556e-05
4.06 1.12997635673e-05
4.07 1.10315118019e-05
4.08 1.07695632091e-05
4.09 1.05137715526e-05
4.1 1.0263993935e-05
4.11 1.00200907222e-05
4.12 9.781925471e-06
4.13 9.54936485758e-06
4.14 9.32227860752e-06
4.15 9.10053942758e-06
4.16 8.88402293884e-06
4.17 8.67260761129e-06
4.18 8.46617469994e-06
4.19 8.26460818218e-06
4.2 8.06779469664e-06
4.21 7.87562348333e-06
4.22 7.68798632509e-06
4.23 7.50477749034e-06
4.24 7.32589367706e-06
4.25 7.15123395806e-06
4.26 6.98069972735e-06
4.27 6.81419464779e-06
4.28 6.65162459985e-06
4.29 6.49289763148e-06
4.3 6.33792390912e-06
4.31 6.18661566976e-06
4.32 6.03888717411e-06
4.33 5.89465466072e-06
4.34 5.75383630119e-06
4.35 5.61635215633e-06
4.36 5.48212413334e-06
4.37 5.35107594385e-06
4.38 5.22313306298e-06
4.39 5.09822268926e-06
4.4 4.97627370546e-06
4.41 4.85721664026e-06
4.42 4.74098363082e-06
4.43 4.62750838615e-06
4.44 4.51672615132e-06
4.45 4.4085736724e-06
4.46 4.3029891623e-06
4.47 4.19991226724e-06
4.48 4.09928403409e-06
4.49 4.00104687836e-06
4.5 3.90514455292e-06
4.51 3.81152211744e-06
4.52 3.72012590851e-06
4.53 3.63090351042e-06
4.54 3.54380372657e-06
4.55 3.45877655159e-06
4.56 3.37577314404e-06
4.57 3.2947457997e-06
4.58 3.2156479255e-06
4.59 3.13843401405e-06
4.6 3.06305961868e-06
4.61 2.98948132911e-06
4.62 2.91765674761e-06
4.63 2.84754446576e-06
4.64 2.77910404166e-06
4.65 2.71229597773e-06
4.66 2.64708169894e-06
4.67 2.58342353161e-06
4.68 2.5212846826e-06
4.69 2.46062921905e-06
4.7 2.40142204853e-06
4.71 2.34362889966e-06
4.72 2.28721630316e-06
4.73 2.23215157333e-06
4.74 2.17840278997e-06
4.75 2.12593878069e-06
4.76 2.07472910358e-06
4.77 2.02474403041e-06
4.78 1.97595453003e-06
4.79 1.92833225229e-06
4.8 1.88184951226e-06
4.81 1.83647927483e-06
4.82 1.79219513965e-06
4.83 1.74897132641e-06
4.84 1.70678266048e-06
4.85 1.66560455882e-06
4.86 1.62541301634e-06
4.87 1.58618459237e-06
4.88 1.54789639766e-06
4.89 1.51052608147e-06
4.9 1.47405181915e-06
4.91 1.43845229983e-06
4.92 1.40370671454e-06
4.93 1.36979474446e-06
4.94 1.33669654959e-06
4.95 1.30439275754e-06
4.96 1.27286445267e-06
4.97 1.24209316543e-06
4.98 1.21206086199e-06
4.99 1.18274993406e-06
5.0 1.15414318897e-06
5.01 1.12622383997e-06
5.02 1.09897549675e-06
5.03 1.07238215622e-06
5.04 1.04642819342e-06
5.05 1.0210983527e-06
5.06 9.96377739099e-07
5.07 9.72251809921e-07
5.08 9.48706366465e-07
5.09 9.25727546003e-07
5.1 9.03301813907e-07
5.11 8.8141595597e-07
5.12 8.60057070906e-07
5.13 8.39212563013e-07
5.14 8.18870135019e-07
5.15 7.99017781081e-07
5.16 7.79643779957e-07
5.17 7.60736688326e-07
5.18 7.4228533427e-07
5.19 7.24278810903e-07
5.2 7.0670647015e-07
5.21 6.89557916667e-07
5.22 6.72823001905e-07
5.23 6.56491818313e-07
5.24 6.40554693668e-07
5.25 6.25002185546e-07
5.26 6.09825075914e-07
5.27 5.95014365855e-07
5.28 5.80561270407e-07
5.29 5.66457213527e-07
5.3 5.52693823173e-07
5.31 5.392629265e-07
5.32 5.26156545162e-07
5.33 5.13366890731e-07
5.34 5.0088636022e-07
5.35 4.88707531709e-07
5.36 4.76823160073e-07
5.37 4.65226172814e-07
5.38 4.53909665981e-07
5.39 4.42866900196e-07
5.4 4.32091296766e-07
5.41 4.21576433884e-07
5.42 4.11316042929e-07
5.43 4.01304004838e-07
5.44 3.91534346576e-07
5.45 3.8200123768e-07
5.46 3.72698986889e-07
5.47 3.63622038845e-07
5.48 3.54764970883e-07
5.49 3.46122489888e-07
5.5 3.37689429226e-07
5.51 3.29460745746e-07
5.52 3.21431516863e-07
5.53 3.13596937692e-07
5.54 3.05952318261e-07
5.55 2.98493080788e-07
5.56 2.91214757021e-07
5.57 2.84112985636e-07
5.58 2.77183509703e-07
5.59 2.70422174206e-07
5.6 2.63824923627e-07
5.61 2.5738779958e-07
5.62 2.51106938506e-07
5.63 2.44978569419e-07
5.64 2.38999011708e-07
5.65 2.33164672986e-07
5.66 2.27472046997e-07
5.67 2.21917711561e-07
5.68 2.16498326582e-07
5.69 2.11210632089e-07
5.7 2.06051446332e-07
5.71 2.01017663922e-07
5.72 1.96106254007e-07
5.73 1.91314258503e-07
5.74 1.86638790358e-07
5.75 1.8207703186e-07
5.76 1.77626232985e-07
5.77 1.73283709782e-07
5.78 1.69046842801e-07
5.79 1.64913075551e-07
5.8 1.60879913002e-07
5.81 1.56944920115e-07
5.82 1.53105720414e-07
5.83 1.49359994585e-07
5.84 1.45705479114e-07
5.85 1.42139964954e-07
5.86 1.38661296221e-07
5.87 1.3526736893e-07
5.88 1.3195612975e-07
5.89 1.28725574794e-07
5.9 1.25573748439e-07
5.91 1.22498742171e-07
5.92 1.19498693458e-07
5.93 1.1657178465e-07
5.94 1.13716241909e-07
5.95 1.10930334152e-07
5.96 1.08212372038e-07
5.97 1.0556070696e-07
5.98 1.02973730076e-07
5.99 1.00449871352e-07
6.0 9.79875986356e-08
6.01 9.5585416747e-08
6.02 9.32418665926e-08
6.03 9.09555243009e-08
6.04 8.87250003777e-08
6.05 8.65489388818e-08
6.06 8.44260166202e-08
6.07 8.23549423627e-08
6.08 8.0334456075e-08
6.09 7.83633281698e-08
6.1 7.64403587766e-08
6.11 7.45643770274e-08
6.12 7.27342403611e-08
6.13 7.09488338433e-08
6.14 6.92070695027e-08
6.15 6.75078856832e-08
6.16 6.5850246412e-08
6.17 6.42331407817e-08
6.18 6.26555823481e-08
6.19 6.11166085419e-08
6.2 5.96152800947e-08
6.21 5.81506804784e-08
6.22 5.6721915358e-08
6.23 5.53281120579e-08
6.24 5.39684190406e-08
6.25 5.26420053976e-08
6.26 5.13480603531e-08
6.27 5.0085792779e-08
6.28 4.8854430722e-08
6.29 4.76532209411e-08
6.3 4.64814284576e-08
6.31 4.53383361144e-08
6.32 4.42232441469e-08
6.33 4.31354697635e-08
6.34 4.20743467363e-08
6.35 4.10392250021e-08
6.36 4.00294702722e-08
6.37 3.90444636521e-08
6.38 3.80836012698e-08
6.39 3.71462939137e-08
6.4 3.62319666784e-08
6.41 3.53400586198e-08
6.42 3.44700224175e-08
6.43 3.36213240463e-08
6.44 3.2793442455e-08
6.45 3.19858692527e-08
6.46 3.11981084035e-08
6.47 3.04296759275e-08
6.48 2.96800996096e-08
6.49 2.89489187152e-08
6.5 2.82356837126e-08
6.51 2.75399560022e-08
6.52 2.68613076519e-08
6.53 2.61993211395e-08
6.54 2.55535891005e-08
6.55 2.49237140824e-08
6.56 2.43093083052e-08
6.57 2.37099934268e-08
6.58 2.31254003148e-08
6.59 2.25551688238e-08
6.6 2.19989475771e-08
6.61 2.14563937551e-08
6.62 2.09271728875e-08
6.63 2.04109586513e-08
6.64 1.99074326734e-08
6.65 1.94162843378e-08
6.66 1.89372105977e-08
6.67 1.84699157922e-08
6.68 1.80141114669e-08
6.69 1.75695161991e-08
6.7 1.7135855428e-08
6.71 1.67128612875e-08
6.72 1.63002724438e-08
6.73 1.58978339377e-08
6.74 1.55052970291e-08
6.75 1.51224190463e-08
6.76 1.4748963239e-08
6.77 1.43846986342e-08
6.78 1.4029399896e-08
6.79 1.36828471888e-08
6.8 1.33448260437e-08
6.81 1.30151272283e-08
6.82 1.26935466189e-08
6.83 1.23798850773e-08
6.84 1.20739483286e-08
6.85 1.17755468438e-08
6.86 1.14844957244e-08
6.87 1.12006145891e-08
6.88 1.09237274648e-08
6.89 1.0653662679e-08
6.9 1.03902527553e-08
6.91 1.01333343113e-08
6.92 9.88274795884e-09
6.93 9.6383382072e-09
6.94 9.39995336793e-09
6.95 9.16744546244e-09
6.96 8.94067013166e-09
6.97 8.71948654795e-09
6.98 8.5037573291e-09
6.99 8.29334845444e-09
7.0 8.08812918295e-09
7.01 7.88797197341e-09
7.02 7.69275240641e-09
7.03 7.50234910831e-09
7.04 7.31664367705e-09
7.05 7.13552060967e-09
7.06 6.95886723169e-09
7.07 6.78657362816e-09
7.08 6.61853257634e-09
7.09 6.45463948012e-09
7.1 6.29479230591e-09
7.11 6.13889152018e-09
7.12 5.98684002843e-09
7.13 5.83854311574e-09
7.14 5.69390838868e-09
7.15 5.55284571865e-09
7.16 5.41526718666e-09
7.17 5.28108702931e-09
7.18 5.15022158626e-09
7.19 5.02258924881e-09
7.2 4.89811040987e-09
7.21 4.77670741502e-09
7.22 4.65830451486e-09
7.23 4.54282781845e-09
7.24 4.43020524793e-09
7.25 4.32036649421e-09
7.26 4.21324297375e-09
7.27 4.10876778639e-09
7.28 4.0068756742e-09
7.29 3.90750298137e-09
7.3 3.81058761497e-09
7.31 3.71606900683e-09
7.32 3.62388807618e-09
7.33 3.5339871933e-09
7.34 3.44631014405e-09
7.35 3.36080209519e-09
7.36 3.27740956066e-09
7.37 3.19608036857e-09
7.38 3.11676362905e-09
7.39 3.0394097029e-09
7.4 2.96397017095e-09
7.41 2.89039780419e-09
7.42 2.81864653468e-09
7.43 2.74867142707e-09
7.44 2.68042865087e-09
7.45 2.61387545344e-09
7.46 2.54897013352e-09
7.47 2.48567201554e-09
7.48 2.42394142444e-09
7.49 2.36373966121e-09
7.5 2.3050289789e-09
7.51 2.24777255937e-09
7.52 2.19193449047e-09
7.53 2.13747974384e-09
7.54 2.08437415325e-09
7.55 2.03258439349e-09
7.56 1.98207795968e-09
7.57 1.93282314724e-09
7.58 1.88478903218e-09
7.59 1.837945452e-09
7.6 1.792262987e-09
7.61 1.74771294208e-09
7.62 1.70426732889e-09
7.63 1.66189884857e-09
7.64 1.62058087478e-09
7.65 1.5802874372e-09
7.66 1.54099320545e-09
7.67 1.50267347335e-09
7.68 1.4653041436e-09
7.69 1.42886171285e-09
7.7 1.39332325709e-09
7.71 1.35866641745e-09
7.72 1.32486938628e-09
7.73 1.29191089364e-09
7.74 1.25977019407e-09
7.75 1.22842705373e-09
7.76 1.1978617378e-09
7.77 1.16805499823e-09
7.78 1.13898806178e-09
7.79 1.11064261833e-09
7.8 1.08300080953e-09
7.81 1.05604521766e-09
7.82 1.02975885481e-09
7.83 1.0041251523e-09
7.84 9.79127950401e-10
7.85 9.54751488237e-10
7.86 9.30980394e-10
7.87 9.07799675372e-10
7.88 8.85194710188e-10
7.89 8.63151237328e-10
7.9 8.41655347836e-10
7.91 8.20693476251e-10
7.92 8.00252392151e-10
7.93 7.80319191912e-10
7.94 7.60881290659e-10
7.95 7.41926414418e-10
7.96 7.23442592466e-10
7.97 7.05418149858e-10
7.98 6.87841700149e-10
7.99 6.70702138283e-10
8.0 6.53988633668e-10
8.01 6.37690623409e-10
8.02 6.21797805718e-10
8.03 6.06300133481e-10
8.04 5.91187807977e-10
8.05 5.76451272765e-10
8.06 5.62081207707e-10
8.07 5.48068523148e-10
8.08 5.3440435423e-10
8.09 5.21080055357e-10
8.1 5.08087194785e-10
8.11 4.95417549347e-10
8.12 4.83063099316e-10
8.13 4.71016023386e-10
8.14 4.59268693773e-10
8.15 4.47813671452e-10
8.16 4.3664370149e-10
8.17 4.25751708513e-10
8.18 4.15130792272e-10
8.19 4.04774223321e-10
8.2 3.94675438807e-10
8.21 3.84828038354e-10
8.22 3.75225780054e-10
8.23 3.65862576558e-10
8.24 3.56732491259e-10
8.25 3.4782973457e-10
8.26 3.39148660296e-10
8.27 3.30683762092e-10
8.28 3.22429670011e-10
8.29 3.14381147133e-10
8.3 3.06533086283e-10
8.31 2.98880506825e-10
8.32 2.91418551534e-10
8.33 2.84142483551e-10
8.34 2.77047683407e-10
8.35 2.70129646123e-10
8.36 2.63383978379e-10
8.37 2.5680639576e-10
8.38 2.50392720058e-10
8.39 2.44138876652e-10
8.4 2.38040891944e-10
8.41 2.32094890864e-10
8.42 2.26297094432e-10
8.43 2.20643817385e-10
8.44 2.15131465856e-10
8.45 2.09756535118e-10
8.46 2.04515607376e-10
8.47 1.9940534962e-10
8.48 1.94422511523e-10
8.49 1.89563923403e-10
8.5 1.8482649422e-10
8.51 1.80207209637e-10
8.52 1.75703130118e-10
8.53 1.71311389077e-10
8.54 1.67029191077e-10
8.55 1.62853810064e-10
8.56 1.58782587652e-10
8.57 1.54812931449e-10
8.58 1.5094231342e-10
8.59 1.47168268299e-10
8.6 1.43488392029e-10
8.61 1.39900340251e-10
8.62 1.36401826823e-10
8.63 1.3299062238e-10
8.64 1.29664552926e-10
8.65 1.26421498466e-10
8.66 1.23259391663e-10
8.67 1.20176216538e-10
8.68 1.17170007197e-10
8.69 1.14238846589e-10
8.7 1.11380865295e-10
8.71 1.08594240349e-10
8.72 1.05877194087e-10
8.73 1.03227993024e-10
8.74 1.0064494676e-10
8.75 9.81264069069e-11
8.76 9.56707660553e-11
8.77 9.3276456752e-11
8.78 9.09419505122e-11
8.79 8.86657568526e-11
8.8 8.64464223494e-11
8.81 8.42825297189e-11
8.82 8.21726969215e-11
8.83 8.01155762873e-11
8.84 7.8109853664e-11
8.85 7.61542475849e-11
8.86 7.42475084587e-11
8.87 7.23884177781e-11
8.88 7.05757873488e-11
8.89 6.88084585373e-11
8.9 6.70853015376e-11
8.91 6.54052146553e-11
8.92 6.37671236104e-11
8.93 6.21699808565e-11
8.94 6.06127649175e-11
8.95 5.90944797401e-11
8.96 5.7614154063e-11
8.97 5.61708408012e-11
8.98 5.47636164458e-11
8.99 5.33915804783e-11
9.0 5.20538548002e-11
9.01 5.07495831758e-11
9.02 4.94779306893e-11
9.03 4.82380832153e-11
9.04 4.70292469026e-11
9.05 4.58506476699e-11
9.06 4.47015307154e-11
9.07 4.35811600374e-11
9.08 4.24888179673e-11
9.09 4.14238047138e-11
9.1 4.03854379191e-11
9.11 3.93730522253e-11
9.12 3.83859988521e-11
9.13 3.74236451845e-11
9.14 3.64853743714e-11
9.15 3.55705849331e-11
9.16 3.467869038e-11
9.17 3.38091188391e-11
9.18 3.29613126911e-11
9.19 3.21347282158e-11
9.2 3.13288352465e-11
9.21 3.0543116833e-11
9.22 2.97770689126e-11
9.23 2.90301999902e-11
9.24 2.83020308249e-11
9.25 2.75920941259e-11
9.26 2.68999342548e-11
9.27 2.62251069357e-11
9.28 2.55671789728e-11
9.29 2.49257279744e-11
9.3 2.43003420841e-11
9.31 2.3690619719e-11
9.32 2.30961693134e-11
9.33 2.25166090701e-11
9.34 2.19515667169e-11
9.35 2.14006792695e-11
9.36 2.08635928006e-11
9.37 2.03399622141e-11
9.38 1.98294510254e-11
9.39 1.9331731147e-11
9.4 1.88464826794e-11
9.41 1.83733937072e-11
9.42 1.79121601001e-11
9.43 1.74624853194e-11
9.44 1.70240802288e-11
9.45 1.65966629097e-11
9.46 1.61799584818e-11
9.47 1.57736989276e-11
9.48 1.53776229216e-11
9.49 1.49914756634e-11
9.5 1.4615008715e-11
9.51 1.42479798429e-11
9.52 1.38901528625e-11
9.53 1.35412974885e-11
9.54 1.32011891868e-11
9.55 1.2869609032e-11
9.56 1.25463435673e-11
9.57 1.22311846679e-11
9.58 1.19239294086e-11
9.59 1.16243799338e-11
9.6 1.13323433315e-11
9.61 1.10476315096e-11
9.62 1.07700610761e-11
9.63 1.04994532214e-11
9.64 1.02356336048e-11
9.65 9.97843224249e-12
9.66 9.72768339893e-12
9.67 9.48322548112e-12
9.68 9.24490093513e-12
9.69 9.01255614539e-12
9.7 8.78604133643e-12
9.71 8.56521047714e-12
9.72 8.34992118726e-12
9.73 8.14003464639e-12
9.74 7.93541550513e-12
9.75 7.73593179843e-12
9.76 7.54145486124e-12
9.77 7.35185924604e-12
9.78 7.16702264265e-12
9.79 6.98682579985e-12
9.8 6.81115244906e-12
9.81 6.63988922991e-12
9.82 6.47292561762e-12
9.83 6.31015385221e-12
9.84 6.1514688695e-12
9.85 5.99676823379e-12
9.86 5.84595207224e-12
9.87 5.69892301086e-12
9.88 5.55558611215e-12
9.89 5.41584881422e-12
9.9 5.27962087147e-12
9.91 5.14681429675e-12
9.92 5.01734330497e-12
9.93 4.89112425804e-12
9.94 4.76807561132e-12
9.95 4.64811786126e-12
9.96 4.53117349443e-12
9.97 4.41716693783e-12
9.98 4.30602451035e-12
9.99 4.19767437555e-12
