0.01 0.00129483668185
0.02 0.00257527688231
0.03 0.00384144065049
0.04 0.0050934471457
0.05 0.00633141464355
0.06 0.00755546054219
0.07 0.00876570136832
0.08 0.00996225278334
0.09 0.0111452295893
0.1 0.0123147457348
0.11 0.0134709143213
0.12 0.0146138476085
0.13 0.0157436570205
0.14 0.0168604531517
0.15 0.0179643457723
0.16 0.0190554438344
0.17 0.0201338554772
0.18 0.0211996880333
0.19 0.0222530480339
0.2 0.0232940412143
0.21 0.0243227725199
0.22 0.0253393461115
0.23 0.0263438653704
0.24 0.0273364329047
0.25 0.0283171505537
0.26 0.0292861193942
0.27 0.0302434397451
0.28 0.0311892111731
0.29 0.032123532498
0.3 0.0330465017976
0.31 0.0339582164132
0.32 0.0348587729547
0.33 0.0357482673055
0.34 0.036626794628
0.35 0.0374944493682
0.36 0.0383513252612
0.37 0.0391975153357
0.38 0.0400331119192
0.39 0.040858206643
0.4 0.041672890447
0.41 0.0424772535846
0.42 0.0432713856272
0.43 0.0440553754697
0.44 0.0448293113344
0.45 0.0455932807764
0.46 0.0463473706881
0.47 0.0470916673034
0.48 0.0478262562033
0.49 0.0485512223196
0.5 0.0492666499398
0.51 0.0499726227117
0.52 0.050669223648
0.53 0.0513565351304
0.54 0.0520346389144
0.55 0.0527036161336
0.56 0.0533635473041
0.57 0.0540145123289
0.58 0.0546565905019
0.59 0.0552898605128
0.6 0.0559144004508
0.61 0.0565302878093
0.62 0.0571375994898
0.63 0.0577364118061
0.64 0.0583268004887
0.65 0.0589088406886
0.66 0.0594826069817
0.67 0.0600481733728
0.68 0.0606056132993
0.69 0.0611549996359
0.7 0.0616964046978
0.71 0.0622299002455
0.72 0.0627555574879
0.73 0.0632734470867
0.74 0.0637836391605
0.75 0.064286203288
0.76 0.0647812085123
0.77 0.0652687233446
0.78 0.065748815768
0.79 0.0662215532412
0.8 0.0666870027022
0.81 0.0671452305721
0.82 0.0675963027589
0.83 0.0680402846607
0.84 0.0684772411698
0.85 0.068907236676
0.86 0.0693303350706
0.87 0.0697465997493
0.88 0.0701560936163
0.89 0.0705588790875
0.9 0.0709550180942
0.91 0.0713445720864
0.92 0.0717276020361
0.93 0.0721041684412
0.94 0.0724743313285
0.95 0.072838150257
0.96 0.0731956843214
0.97 0.0735469921557
0.98 0.073892131936
0.99 0.0742311613839
1.0 0.0745641377701
1.01 0.0748911179172
1.02 0.0752121582031
1.03 0.0755273145644
1.04 0.075836642499
1.05 0.0761401970698
1.06 0.0764380329077
1.07 0.0767302042144
1.08 0.0770167647658
1.09 0.077297767915
1.1 0.0775732665952
1.11 0.077843313323
1.12 0.0781079602009
1.13 0.0783672589209
1.14 0.078621260767
1.15 0.0788700166184
1.16 0.0791135769521
1.17 0.0793519918462
1.18 0.0795853109825
1.19 0.0798135836495
1.2 0.080036858745
1.21 0.0802551847792
1.22 0.0804686098775
1.23 0.0806771817831
1.24 0.0808809478597
1.25 0.0810799550945
1.26 0.0812742501009
1.27 0.0814638791209
1.28 0.0816488880281
1.29 0.0818293223303
1.3 0.082005227172
1.31 0.0821766473373
1.32 0.0823436272521
1.33 0.0825062109872
1.34 0.0826644422605
1.35 0.0828183644397
1.36 0.082968020545
1.37 0.0831134532512
1.38 0.0832547048906
1.39 0.0833918174554
1.4 0.0835248326
1.41 0.0836537916436
1.42 0.0837787355728
1.43 0.0838997050436
1.44 0.0840167403843
1.45 0.0841298815975
1.46 0.0842391683627
1.47 0.0843446400384
1.48 0.0844463356648
1.49 0.0845442939659
1.5 0.0846385533518
1.51 0.084729151921
1.52 0.084816127463
1.53 0.0848995174598
1.54 0.0849793590891
1.55 0.0850556892258
1.56 0.0851285444446
1.57 0.0851979610218
1.58 0.0852639749381
1.59 0.0853266218802
1.6 0.0853859372433
1.61 0.0854419561331
1.62 0.0854947133678
1.63 0.0855442434806
1.64 0.0855905807214
1.65 0.0856337590589
1.66 0.0856738121832
1.67 0.0857107735069
1.68 0.0857446761682
1.69 0.085775553032
1.7 0.0858034366927
1.71 0.0858283594755
1.72 0.0858503534388
1.73 0.0858694503762
1.74 0.0858856818181
1.75 0.0858990790341
1.76 0.0859096730344
1.77 0.0859174945723
1.78 0.0859225741457
1.79 0.0859249419989
1.8 0.085924628125
1.81 0.0859216622672
1.82 0.085916073921
1.83 0.0859078923359
1.84 0.0858971465171
1.85 0.0858838652277
1.86 0.08586807699
1.87 0.0858498100876
1.88 0.0858290925673
1.89 0.0858059522405
1.9 0.0857804166851
1.91 0.0857525132472
1.92 0.0857222690432
1.93 0.0856897109607
1.94 0.0856548656612
1.95 0.0856177595809
1.96 0.0855784189329
1.97 0.0855368697087
1.98 0.0854931376799
1.99 0.0854472483999
2.0 0.0853992272052
2.01 0.0853490992175
2.02 0.0852968893449
2.03 0.0852426222839
2.04 0.0851863225206
2.05 0.0851280143324
2.06 0.0850677217896
2.07 0.0850054687571
2.08 0.0849412788956
2.09 0.0848751756634
2.1 0.0848071823178
2.11 0.0847373219168
2.12 0.0846656173202
2.13 0.0845920911916
2.14 0.0845167659994
2.15 0.0844396640186
2.16 0.084360807332
2.17 0.084280217832
2.18 0.0841979172216
2.19 0.0841139270162
2.2 0.0840282685449
2.21 0.0839409629517
2.22 0.0838520311971
2.23 0.0837614940596
2.24 0.0836693721369
2.25 0.0835756858472
2.26 0.0834804554306
2.27 0.0833837009508
2.28 0.0832854422959
2.29 0.0831856991799
2.3 0.0830844911445
2.31 0.0829818375595
2.32 0.082877757625
2.33 0.0827722703721
2.34 0.0826653946645
2.35 0.0825571491995
2.36 0.0824475525096
2.37 0.0823366229635
2.38 0.0822243787674
2.39 0.0821108379663
2.4 0.0819960184453
2.41 0.0818799379305
2.42 0.0817626139906
2.43 0.0816440640379
2.44 0.0815243053295
2.45 0.0814033549685
2.46 0.0812812299054
2.47 0.0811579469386
2.48 0.0810335227166
2.49 0.0809079737383
2.5 0.0807813163542
2.51 0.0806535667683
2.52 0.0805247410382
2.53 0.080394855077
2.54 0.080263924654
2.55 0.0801319653961
2.56 0.0799989927885
2.57 0.0798650221763
2.58 0.079730068765
2.59 0.0795941476221
2.6 0.0794572736779
2.61 0.0793194617265
2.62 0.0791807264271
2.63 0.0790410823049
2.64 0.0789005437521
2.65 0.0787591250289
2.66 0.0786168402646
2.67 0.0784737034587
2.68 0.0783297284818
2.69 0.0781849290766
2.7 0.0780393188588
2.71 0.0778929113184
2.72 0.0777457198203
2.73 0.0775977576054
2.74 0.0774490377919
2.75 0.0772995733756
2.76 0.0771493772315
2.77 0.0769984621143
2.78 0.0768468406596
2.79 0.0766945253847
2.8 0.0765415286896
2.81 0.0763878628577
2.82 0.0762335400571
2.83 0.0760785723411
2.84 0.0759229716495
2.85 0.0757667498092
2.86 0.075609918535
2.87 0.0754524894309
2.88 0.0752944739905
2.89 0.0751358835983
2.9 0.0749767295302
2.91 0.0748170229545
2.92 0.0746567749328
2.93 0.0744959964207
2.94 0.0743346982689
2.95 0.0741728912236
2.96 0.0740105859279
2.97 0.0738477929219
2.98 0.0736845226443
2.99 0.0735207854325
3.0 0.073356591524
3.01 0.0731919510566
3.02 0.0730268740698
3.03 0.072861370505
3.04 0.0726954502067
3.05 0.0725291229232
3.06 0.0723623983072
3.07 0.0721952859166
3.08 0.0720277952154
3.09 0.0718599355744
3.1 0.0716917162718
3.11 0.071523146494
3.12 0.0713542353366
3.13 0.0711849918046
3.14 0.0710154248138
3.15 0.0708455431907
3.16 0.0706753556741
3.17 0.0705048709151
3.18 0.0703340974781
3.19 0.0701630438414
3.2 0.0699917183982
3.21 0.0698201294569
3.22 0.0696482852417
3.23 0.0694761938939
3.24 0.069303863472
3.25 0.0691313019524
3.26 0.0689585172304
3.27 0.0687855171206
3.28 0.0686123093576
3.29 0.0684389015966
3.3 0.0682653014142
3.31 0.0680915163089
3.32 0.0679175537018
3.33 0.0677434209372
3.34 0.0675691252832
3.35 0.0673946739324
3.36 0.0672200740023
3.37 0.0670453325363
3.38 0.066870456504
3.39 0.0666954528019
3.4 0.0665203282538
3.41 0.0663450896119
3.42 0.0661697435568
3.43 0.0659942966984
3.44 0.0658187555766
3.45 0.0656431266614
3.46 0.0654674163541
3.47 0.0652916309872
3.48 0.0651157768257
3.49 0.0649398600669
3.5 0.0647638868415
3.51 0.064587863214
3.52 0.0644117951832
3.53 0.0642356886826
3.54 0.0640595495814
3.55 0.0638833836844
3.56 0.0637071967331
3.57 0.0635309944059
3.58 0.0633547823188
3.59 0.0631785660257
3.6 0.0630023510191
3.61 0.0628261427307
3.62 0.0626499465316
3.63 0.062473767733
3.64 0.0622976115867
3.65 0.0621214832856
3.66 0.0619453879642
3.67 0.0617693306989
3.68 0.0615933165087
3.69 0.0614173503557
3.7 0.0612414371455
3.71 0.0610655817275
3.72 0.0608897888958
3.73 0.0607140633892
3.74 0.0605384098919
3.75 0.0603628330341
3.76 0.0601873373922
3.77 0.0600119274893
3.78 0.0598366077957
3.79 0.0596613827294
3.8 0.0594862566565
3.81 0.0593112338917
3.82 0.0591363186984
3.83 0.0589615152897
3.84 0.0587868278284
3.85 0.0586122604275
3.86 0.0584378171509
3.87 0.0582635020133
3.88 0.0580893189813
3.89 0.0579152719731
3.9 0.0577413648594
3.91 0.0575676014637
3.92 0.0573939855626
3.93 0.0572205208862
3.94 0.0570472111188
3.95 0.0568740598988
3.96 0.0567010708195
3.97 0.0565282474293
3.98 0.0563555932323
3.99 0.0561831116882
4.0 0.0560108062132
4.01 0.0558386801803
4.02 0.0556667369193
4.03 0.0554949797176
4.04 0.0553234118204
4.05 0.055152036431
4.06 0.0549808567112
4.07 0.0548098757817
4.08 0.0546390967227
4.09 0.0544685225737
4.1 0.0542981563344
4.11 0.0541280009645
4.12 0.0539580593847
4.13 0.0537883344766
4.14 0.0536188290831
4.15 0.0534495460088
4.16 0.0532804880204
4.17 0.0531116578469
4.18 0.0529430581801
4.19 0.0527746916747
4.2 0.0526065609489
4.21 0.0524386685844
4.22 0.0522710171271
4.23 0.0521036090871
4.24 0.0519364469392
4.25 0.0517695331232
4.26 0.051602870044
4.27 0.0514364600724
4.28 0.0512703055448
4.29 0.0511044087639
4.3 0.0509387719989
4.31 0.0507733974858
4.32 0.0506082874278
4.33 0.0504434439954
4.34 0.0502788693268
4.35 0.0501145655282
4.36 0.049950534674
4.37 0.0497867788073
4.38 0.0496232999401
4.39 0.0494601000532
4.4 0.0492971810972
4.41 0.0491345449921
4.42 0.0489721936282
4.43 0.0488101288656
4.44 0.0486483525353
4.45 0.0484868664389
4.46 0.0483256723492
4.47 0.0481647720101
4.48 0.0480041671372
4.49 0.047843859418
4.5 0.047683850512
4.51 0.0475241420513
4.52 0.0473647356402
4.53 0.0472056328563
4.54 0.04704683525
4.55 0.0468883443454
4.56 0.0467301616399
4.57 0.046572288605
4.58 0.0464147266862
4.59 0.0462574773034
4.6 0.0461005418511
4.61 0.0459439216986
4.62 0.0457876181903
4.63 0.045631632646
4.64 0.0454759663608
4.65 0.0453206206059
4.66 0.0451655966281
4.67 0.0450108956509
4.68 0.0448565188738
4.69 0.0447024674733
4.7 0.0445487426027
4.71 0.0443953453924
4.72 0.0442422769501
4.73 0.0440895383611
4.74 0.0439371306886
4.75 0.0437850549735
4.76 0.0436333122352
4.77 0.0434819034714
4.78 0.0433308296582
4.79 0.0431800917509
4.8 0.0430296906835
4.81 0.0428796273695
4.82 0.0427299027017
4.83 0.0425805175525
4.84 0.0424314727742
4.85 0.0422827691991
4.86 0.0421344076397
4.87 0.0419863888891
4.88 0.0418387137207
4.89 0.041691382889
4.9 0.0415443971294
4.91 0.0413977571583
4.92 0.0412514636737
4.93 0.0411055173551
4.94 0.0409599188638
4.95 0.0408146688428
4.96 0.0406697679173
4.97 0.040525216695
4.98 0.0403810157657
4.99 0.0402371657021
5.0 0.0400936670596
5.01 0.0399505203765
5.02 0.0398077261745
5.03 0.0396652849583
5.04 0.0395231972164
5.05 0.0393814634208
5.06 0.0392400840273
5.07 0.0390990594758
5.08 0.0389583901903
5.09 0.0388180765791
5.1 0.0386781190349
5.11 0.0385385179354
5.12 0.0383992736426
5.13 0.0382603865038
5.14 0.0381218568513
5.15 0.0379836850028
5.16 0.0378458712611
5.17 0.0377084159148
5.18 0.0375713192384
5.19 0.0374345814918
5.2 0.0372982029214
5.21 0.0371621837595
5.22 0.0370265242248
5.23 0.0368912245224
5.24 0.0367562848441
5.25 0.0366217053684
5.26 0.0364874862606
5.27 0.0363536276732
5.28 0.0362201297457
5.29 0.0360869926051
5.3 0.0359542163657
5.31 0.0358218011293
5.32 0.0356897469857
5.33 0.0355580540122
5.34 0.0354267222744
5.35 0.0352957518258
5.36 0.0351651427082
5.37 0.0350348949517
5.38 0.0349050085751
5.39 0.0347754835856
5.4 0.0346463199793
5.41 0.0345175177411
5.42 0.0343890768449
5.43 0.0342609972538
5.44 0.0341332789201
5.45 0.0340059217853
5.46 0.0338789257806
5.47 0.0337522908269
5.48 0.0336260168344
5.49 0.0335001037036
5.5 0.0333745513246
5.51 0.0332493595778
5.52 0.0331245283337
5.53 0.0330000574531
5.54 0.0328759467872
5.55 0.0327521961776
5.56 0.0326288054568
5.57 0.0325057744479
5.58 0.0323831029646
5.59 0.032260790812
5.6 0.032138837786
5.61 0.0320172436736
5.62 0.0318960082532
5.63 0.0317751312946
5.64 0.031654612559
5.65 0.0315344517992
5.66 0.0314146487596
5.67 0.0312952031766
5.68 0.0311761147781
5.69 0.0310573832844
5.7 0.0309390084076
5.71 0.0308209898521
5.72 0.0307033273144
5.73 0.0305860204835
5.74 0.0304690690409
5.75 0.0303524726605
5.76 0.030236231009
5.77 0.0301203437457
5.78 0.0300048105228
5.79 0.0298896309853
5.8 0.0297748047715
5.81 0.0296603315124
5.82 0.0295462108324
5.83 0.0294324423492
5.84 0.0293190256738
5.85 0.0292059604106
5.86 0.0290932461575
5.87 0.0289808825062
5.88 0.0288688690419
5.89 0.0287572053436
5.9 0.0286458909843
5.91 0.0285349255307
5.92 0.0284243085438
5.93 0.0283140395785
5.94 0.0282041181839
5.95 0.0280945439034
5.96 0.0279853162747
5.97 0.0278764348301
5.98 0.027767899096
5.99 0.0276597085938
6.0 0.0275518628392
6.01 0.0274443613428
6.02 0.02733720361
6.03 0.0272303891408
6.04 0.0271239174305
6.05 0.0270177879692
6.06 0.0269120002421
6.07 0.0268065537295
6.08 0.0267014479071
6.09 0.0265966822456
6.1 0.0264922562114
6.11 0.0263881692659
6.12 0.0262844208664
6.13 0.0261810104656
6.14 0.0260779375117
6.15 0.0259752014487
6.16 0.0258728017164
6.17 0.0257707377504
6.18 0.025669008982
6.19 0.0255676148387
6.2 0.0254665547439
6.21 0.025365828117
6.22 0.0252654343736
6.23 0.0251653729256
6.24 0.025065643181
6.25 0.024966244544
6.26 0.0248671764155
6.27 0.0247684381926
6.28 0.0246700292689
6.29 0.0245719490347
6.3 0.0244741968767
6.31 0.0243767721784
6.32 0.0242796743199
6.33 0.0241829026782
6.34 0.0240864566271
6.35 0.0239903355371
6.36 0.023894538776
6.37 0.0237990657082
6.38 0.0237039156954
6.39 0.0236090880962
6.4 0.0235145822666
6.41 0.0234203975596
6.42 0.0233265333254
6.43 0.0232329889117
6.44 0.0231397636635
6.45 0.0230468569231
6.46 0.0229542680302
6.47 0.0228619963222
6.48 0.0227700411339
6.49 0.0226784017978
6.5 0.0225870776439
6.51 0.0224960679999
6.52 0.0224053721915
6.53 0.0223149895417
6.54 0.0222249193719
6.55 0.0221351610008
6.56 0.0220457137454
6.57 0.0219565769206
6.58 0.0218677498392
6.59 0.021779231812
6.6 0.0216910221481
6.61 0.0216031201546
6.62 0.0215155251367
6.63 0.021428236398
6.64 0.0213412532402
6.65 0.0212545749634
6.66 0.0211682008659
6.67 0.0210821302446
6.68 0.0209963623947
6.69 0.0209108966097
6.7 0.0208257321819
6.71 0.0207408684019
6.72 0.020656304559
6.73 0.020572039941
6.74 0.0204880738345
6.75 0.0204044055246
6.76 0.0203210342953
6.77 0.0202379594292
6.78 0.0201551802079
6.79 0.0200726959116
6.8 0.0199905058195
6.81 0.0199086092097
6.82 0.0198270053592
6.83 0.0197456935439
6.84 0.0196646730388
6.85 0.0195839431179
6.86 0.0195035030544
6.87 0.0194233521204
6.88 0.0193434895871
6.89 0.0192639147252
6.9 0.0191846268042
6.91 0.0191056250931
6.92 0.01902690886
6.93 0.0189484773725
6.94 0.0188703298972
6.95 0.0187924657004
6.96 0.0187148840475
6.97 0.0186375842035
6.98 0.0185605654328
6.99 0.0184838269991
7.0 0.0184073681659
7.01 0.0183311881959
7.02 0.0182552863517
7.03 0.0181796618952
7.04 0.018104314088
7.05 0.0180292421914
7.06 0.0179544454663
7.07 0.0178799231733
7.08 0.0178056745727
7.09 0.0177316989246
7.1 0.0176579954888
7.11 0.017584563525
7.12 0.0175114022925
7.13 0.0174385110508
7.14 0.0173658890589
7.15 0.0172935355758
7.16 0.0172214498607
7.17 0.0171496311723
7.18 0.0170780787695
7.19 0.0170067919112
7.2 0.0169357698564
7.21 0.0168650118638
7.22 0.0167945171924
7.23 0.0167242851014
7.24 0.0166543148498
7.25 0.0165846056968
7.26 0.016515156902
7.27 0.0164459677248
7.28 0.0163770374251
7.29 0.0163083652628
7.3 0.016239950498
7.31 0.0161717923913
7.32 0.0161038902034
7.33 0.0160362431951
7.34 0.0159688506279
7.35 0.0159017117634
7.36 0.0158348258635
7.37 0.0157681921906
7.38 0.0157018100074
7.39 0.0156356785771
7.4 0.0155697971631
7.41 0.0155041650295
7.42 0.0154387814408
7.43 0.0153736456618
7.44 0.0153087569579
7.45 0.0152441145951
7.46 0.0151797178398
7.47 0.015115565959
7.48 0.0150516582203
7.49 0.0149879938917
7.5 0.0149245722421
7.51 0.0148613925406
7.52 0.0147984540573
7.53 0.0147357560627
7.54 0.0146732978282
7.55 0.0146110786255
7.56 0.0145490977273
7.57 0.014487354407
7.58 0.0144258479384
7.59 0.0143645775964
7.6 0.0143035426565
7.61 0.0142427423948
7.62 0.0141821760884
7.63 0.0141218430152
7.64 0.0140617424536
7.65 0.0140018736832
7.66 0.0139422359842
7.67 0.0138828286376
7.68 0.0138236509254
7.69 0.0137647021303
7.7 0.0137059815362
7.71 0.0136474884274
7.72 0.0135892220895
7.73 0.0135311818089
7.74 0.0134733668728
7.75 0.0134157765696
7.76 0.0133584101884
7.77 0.0133012670193
7.78 0.0132443463535
7.79 0.0131876474832
7.8 0.0131311697013
7.81 0.0130749123021
7.82 0.0130188745805
7.83 0.0129630558329
7.84 0.0129074553564
7.85 0.0128520724491
7.86 0.0127969064105
7.87 0.0127419565408
7.88 0.0126872221415
7.89 0.0126327025152
7.9 0.0125783969654
7.91 0.0125243047968
7.92 0.0124704253153
7.93 0.0124167578279
7.94 0.0123633016426
7.95 0.0123100560688
7.96 0.0122570204166
7.97 0.0122041939978
7.98 0.012151576125
7.99 0.0120991661121
8.0 0.0120469632742
8.01 0.0119949669275
8.02 0.0119431763895
8.03 0.0118915909789
8.04 0.0118402100154
8.05 0.0117890328204
8.06 0.011738058716
8.07 0.0116872870258
8.08 0.0116367170747
8.09 0.0115863481888
8.1 0.0115361796953
8.11 0.0114862109228
8.12 0.0114364412012
8.13 0.0113868698617
8.14 0.0113374962367
8.15 0.0112883196598
8.16 0.0112393394662
8.17 0.011190554992
8.18 0.011141965575
8.19 0.0110935705542
8.2 0.0110453692696
8.21 0.0109973610631
8.22 0.0109495452774
8.23 0.0109019212568
8.24 0.0108544883471
8.25 0.010807245895
8.26 0.010760193249
8.27 0.0107133297586
8.28 0.010666654775
8.29 0.0106201676506
8.3 0.0105738677391
8.31 0.0105277543956
8.32 0.0104818269768
8.33 0.0104360848406
8.34 0.0103905273463
8.35 0.0103451538545
8.36 0.0102999637276
8.37 0.0102549563289
8.38 0.0102101310234
8.39 0.0101654871774
8.4 0.0101210241588
8.41 0.0100767413368
8.42 0.0100326380818
8.43 0.00998871376612
8.44 0.00994496776307
8.45 0.0099013994476
8.46 0.00985800819607
8.47 0.00981479338628
8.48 0.00977175439747
8.49 0.00972889061034
8.5 0.00968620140702
8.51 0.00964368617111
8.52 0.00960134428767
8.53 0.00955917514322
8.54 0.00951717812574
8.55 0.00947535262467
8.56 0.00943369803093
8.57 0.00939221373692
8.58 0.00935089913648
8.59 0.00930975362495
8.6 0.00926877659916
8.61 0.0092279674574
8.62 0.00918732559945
8.63 0.00914685042657
8.64 0.00910654134152
8.65 0.00906639774854
8.66 0.00902641905335
8.67 0.00898660466318
8.68 0.00894695398676
8.69 0.0089074664343
8.7 0.00886814141751
8.71 0.00882897834961
8.72 0.0087899766453
8.73 0.00875113572081
8.74 0.00871245499386
8.75 0.00867393388367
8.76 0.00863557181098
8.77 0.00859736819802
8.78 0.00855932246854
8.79 0.00852143404781
8.8 0.00848370236258
8.81 0.00844612684115
8.82 0.0084087069133
8.83 0.00837144201034
8.84 0.00833433156511
8.85 0.00829737501192
8.86 0.00826057178663
8.87 0.00822392132662
8.88 0.00818742307077
8.89 0.00815107645949
8.9 0.00811488093468
8.91 0.00807883593981
8.92 0.00804294091982
8.93 0.00800719532119
8.94 0.00797159859192
8.95 0.00793615018152
8.96 0.00790084954104
8.97 0.00786569612303
8.98 0.00783068938156
8.99 0.00779582877224
9.0 0.00776111375218
9.01 0.00772654378001
9.02 0.00769211831589
9.03 0.00765783682149
9.04 0.00762369876002
9.05 0.00758970359618
9.06 0.00755585079621
9.07 0.00752213982786
9.08 0.00748857016039
9.09 0.0074551412646
9.1 0.00742185261278
9.11 0.00738870367876
9.12 0.00735569393788
9.13 0.00732282286698
9.14 0.00729008994444
9.15 0.00725749465013
9.16 0.00722503646545
9.17 0.0071927148733
9.18 0.00716052935811
9.19 0.00712847940581
9.2 0.00709656450383
9.21 0.00706478414113
9.22 0.00703313780816
9.23 0.00700162499689
9.24 0.00697024520079
9.25 0.00693899791484
9.26 0.00690788263552
9.27 0.00687689886081
9.28 0.0068460460902
9.29 0.00681532382469
9.3 0.00678473156675
9.31 0.00675426882037
9.32 0.00672393509103
9.33 0.00669372988571
9.34 0.00666365271289
9.35 0.00663370308253
9.36 0.00660388050609
9.37 0.00657418449651
9.38 0.00654461456823
9.39 0.00651517023717
9.4 0.00648585102074
9.41 0.00645665643784
9.42 0.00642758600884
9.43 0.0063986392556
9.44 0.00636981570145
9.45 0.0063411148712
9.46 0.00631253629115
9.47 0.00628407948906
9.48 0.00625574399416
9.49 0.00622752933716
9.5 0.00619943505024
9.51 0.00617146066703
9.52 0.00614360572265
9.53 0.00611586975366
9.54 0.0060882522981
9.55 0.00606075289545
9.56 0.00603337108668
9.57 0.00600610641417
9.58 0.0059789584218
9.59 0.00595192665486
9.6 0.00592501066013
9.61 0.00589820998579
9.62 0.00587152418152
9.63 0.00584495279839
9.64 0.00581849538895
9.65 0.00579215150717
9.66 0.00576592070847
9.67 0.00573980254969
9.68 0.0057137965891
9.69 0.00568790238643
9.7 0.00566211950279
9.71 0.00563644750076
9.72 0.00561088594433
9.73 0.00558543439889
9.74 0.00556009243128
9.75 0.00553485960973
9.76 0.0055097355039
9.77 0.00548471968486
9.78 0.00545981172509
9.79 0.00543501119846
9.8 0.00541031768027
9.81 0.00538573074721
9.82 0.00536124997736
9.83 0.00533687495021
9.84 0.00531260524664
9.85 0.00528844044892
9.86 0.00526438014073
9.87 0.00524042390709
9.88 0.00521657133446
9.89 0.00519282201064
9.9 0.00516917552482
9.91 0.00514563146759
9.92 0.00512218943088
9.93 0.00509884900801
9.94 0.00507560979366
9.95 0.0050524713839
9.96 0.00502943337612
9.97 0.00500649536911
9.98 0.00498365696301
9.99 0.00496091775929
