0.01 0.0012926230904
0.02 0.00257781733623
0.03 0.00385561475826
0.04 0.00512604725459
0.05 0.00638914660107
0.06 0.00764494445175
0.07 0.0088934723393
0.08 0.0101347616755
0.09 0.0113688437515
0.1 0.0125957497386
0.11 0.0138155106883
0.12 0.015028157533
0.13 0.0162337210863
0.14 0.0174322320433
0.15 0.0186237209814
0.16 0.0198082183605
0.17 0.0209857545232
0.18 0.0221563596957
0.19 0.0233200639879
0.2 0.0244768973937
0.21 0.0256268897919
0.22 0.0267700709461
0.23 0.0279064705054
0.24 0.0290361180048
0.25 0.0301590428655
0.26 0.0312752743954
0.27 0.0323848417894
0.28 0.0334877741299
0.29 0.0345841003873
0.3 0.0356738494202
0.31 0.036757049976
0.32 0.0378337306909
0.33 0.0389039200909
0.34 0.0399676465919
0.35 0.0410249384999
0.36 0.0420758240116
0.37 0.043120331215
0.38 0.0441584880894
0.39 0.045190322506
0.4 0.0462158622282
0.41 0.0472351349122
0.42 0.048248168107
0.43 0.0492549892554
0.44 0.0502556256935
0.45 0.0512501046521
0.46 0.0522384532562
0.47 0.0532206985259
0.48 0.0541968673766
0.49 0.0551669866195
0.5 0.0561310829618
0.51 0.0570891830071
0.52 0.058041313256
0.53 0.0589875001062
0.54 0.059927769853
0.55 0.0608621486898
0.56 0.061790662708
0.57 0.062713337898
0.58 0.0636302001492
0.59 0.0645412752502
0.6 0.0654465888897
0.61 0.0663461666564
0.62 0.0672400340395
0.63 0.068128216429
0.64 0.0690107391164
0.65 0.0698876272945
0.66 0.0707589060582
0.67 0.0716246004046
0.68 0.0724847352337
0.69 0.0733393353482
0.7 0.0741884254543
0.71 0.075032030162
0.72 0.0758701739852
0.73 0.0767028813424
0.74 0.0775301765565
0.75 0.078352083856
0.76 0.0791686273745
0.77 0.0799798311514
0.78 0.0807857191324
0.79 0.0815863151696
0.8 0.0823816430219
0.81 0.0831717263553
0.82 0.0839565887434
0.83 0.0847362536675
0.84 0.0855107445173
0.85 0.0862800845906
0.86 0.0870442970944
0.87 0.0878034051447
0.88 0.088557431767
0.89 0.0893063998966
0.9 0.090050332379
0.91 0.0907892519701
0.92 0.0915231813366
0.93 0.0922521430565
0.94 0.0929761596191
0.95 0.0936952534254
0.96 0.0944094467886
0.97 0.0951187619343
0.98 0.0958232210009
0.99 0.0965228460397
1.0 0.0972176590154
1.01 0.0979076818065
1.02 0.0985929362055
1.03 0.0992734439189
1.04 0.0999492265682
1.05 0.10062030569
1.06 0.101286702735
1.07 0.101948439071
1.08 0.102605535981
1.09 0.103258014663
1.1 0.103905896234
1.11 0.104549201726
1.12 0.105187952089
1.13 0.105822168188
1.14 0.106451870809
1.15 0.107077080654
1.16 0.107697818345
1.17 0.108314104419
1.18 0.108925959337
1.19 0.109533403474
1.2 0.110136457129
1.21 0.110735140518
1.22 0.111329473777
1.23 0.111919476964
1.24 0.112505170057
1.25 0.113086572954
1.26 0.113663705475
1.27 0.114236587362
1.28 0.114805238278
1.29 0.115369677809
1.3 0.115929925462
1.31 0.116486000667
1.32 0.117037922779
1.33 0.117585711073
1.34 0.118129384749
1.35 0.118668962933
1.36 0.119204464671
1.37 0.119735908935
1.38 0.120263314624
1.39 0.120786700558
1.4 0.121306085485
1.41 0.121821488077
1.42 0.122332926932
1.43 0.122840420575
1.44 0.123343987455
1.45 0.12384364595
1.46 0.124339414365
1.47 0.124831310928
1.48 0.1253193538
1.49 0.125803561065
1.5 0.126283950737
1.51 0.126760540759
1.52 0.127233349
1.53 0.12770239326
1.54 0.128167691266
1.55 0.128629260676
1.56 0.129087119075
1.57 0.129541283981
1.58 0.129991772839
1.59 0.130438603026
1.6 0.130881791849
1.61 0.131321356545
1.62 0.131757314284
1.63 0.132189682165
1.64 0.132618477219
1.65 0.13304371641
1.66 0.133465416634
1.67 0.133883594717
1.68 0.13429826742
1.69 0.134709451435
1.7 0.135117163388
1.71 0.135521419839
1.72 0.135922237279
1.73 0.136319632135
1.74 0.136713620768
1.75 0.137104219471
1.76 0.137491444475
1.77 0.137875311942
1.78 0.138255837971
1.79 0.138633038596
1.8 0.139006929787
1.81 0.139377527449
1.82 0.139744847421
1.83 0.140108905483
1.84 0.140469717346
1.85 0.140827298662
1.86 0.141181665016
1.87 0.141532831934
1.88 0.141880814876
1.89 0.142225629242
1.9 0.142567290368
1.91 0.142905813529
1.92 0.143241213938
1.93 0.143573506747
1.94 0.143902707045
1.95 0.144228829862
1.96 0.144551890167
1.97 0.144871902866
1.98 0.145188882808
1.99 0.145502844779
2.0 0.145813803506
2.01 0.146121773658
2.02 0.146426769841
2.03 0.146728806606
2.04 0.14702789844
2.05 0.147324059776
2.06 0.147617304986
2.07 0.147907648382
2.08 0.148195104221
2.09 0.148479686701
2.1 0.148761409961
2.11 0.149040288084
2.12 0.149316335094
2.13 0.14958956496
2.14 0.149859991593
2.15 0.150127628847
2.16 0.15039249052
2.17 0.150654590353
2.18 0.150913942032
2.19 0.151170559187
2.2 0.151424455392
2.21 0.151675644165
2.22 0.15192413897
2.23 0.152169953216
2.24 0.152413100255
2.25 0.152653593387
2.26 0.152891445856
2.27 0.153126670852
2.28 0.153359281513
2.29 0.15358929092
2.3 0.153816712103
2.31 0.154041558036
2.32 0.154263841643
2.33 0.154483575793
2.34 0.154700773302
2.35 0.154915446934
2.36 0.155127609401
2.37 0.155337273362
2.38 0.155544451424
2.39 0.155749156143
2.4 0.155951400022
2.41 0.156151195515
2.42 0.156348555021
2.43 0.156543490892
2.44 0.156736015427
2.45 0.156926140873
2.46 0.15711387943
2.47 0.157299243244
2.48 0.157482244415
2.49 0.157662894988
2.5 0.157841206963
2.51 0.158017192288
2.52 0.158190862862
2.53 0.158362230535
2.54 0.158531307108
2.55 0.158698104333
2.56 0.158862633913
2.57 0.159024907505
2.58 0.159184936714
2.59 0.159342733099
2.6 0.159498308172
2.61 0.159651673395
2.62 0.159802840184
2.63 0.159951819908
2.64 0.160098623886
2.65 0.160243263394
2.66 0.160385749659
2.67 0.160526093861
2.68 0.160664307134
2.69 0.160800400567
2.7 0.1609343852
2.71 0.16106627203
2.72 0.161196072006
2.73 0.161323796033
2.74 0.16144945497
2.75 0.16157305963
2.76 0.161694620783
2.77 0.161814149151
2.78 0.161931655413
2.79 0.162047150204
2.8 0.162160644113
2.81 0.162272147687
2.82 0.162381671426
2.83 0.162489225789
2.84 0.162594821189
2.85 0.162698467996
2.86 0.162800176537
2.87 0.162899957097
2.88 0.162997819914
2.89 0.163093775188
2.9 0.163187833072
2.91 0.163280003678
2.92 0.163370297078
2.93 0.163458723297
2.94 0.163545292322
2.95 0.163630014095
2.96 0.163712898518
2.97 0.163793955451
2.98 0.163873194713
2.99 0.16395062608
3.0 0.164026259288
3.01 0.164100104032
3.02 0.164172169967
3.03 0.164242466704
3.04 0.164311003818
3.05 0.16437779084
3.06 0.164442837263
3.07 0.164506152537
3.08 0.164567746076
3.09 0.164627627252
3.1 0.164685805396
3.11 0.164742289803
3.12 0.164797089725
3.13 0.164850214377
3.14 0.164901672936
3.15 0.164951474536
3.16 0.164999628276
3.17 0.165046143216
3.18 0.165091028376
3.19 0.165134292738
3.2 0.165175945247
3.21 0.165215994809
3.22 0.165254450292
3.23 0.165291320527
3.24 0.165326614307
3.25 0.165360340388
3.26 0.165392507487
3.27 0.165423124287
3.28 0.165452199431
3.29 0.165479741527
3.3 0.165505759144
3.31 0.165530260817
3.32 0.165553255044
3.33 0.165574750285
3.34 0.165594754966
3.35 0.165613277475
3.36 0.165630326165
3.37 0.165645909354
3.38 0.165660035323
3.39 0.165672712319
3.4 0.165683948551
3.41 0.165693752197
3.42 0.165702131395
3.43 0.165709094252
3.44 0.165714648839
3.45 0.165718803191
3.46 0.165721565309
3.47 0.165722943161
3.48 0.16572294468
3.49 0.165721577764
3.5 0.165718850277
3.51 0.16571477005
3.52 0.165709344881
3.53 0.165702582532
3.54 0.165694490732
3.55 0.16568507718
3.56 0.165674349536
3.57 0.165662315432
3.58 0.165648982464
3.59 0.165634358197
3.6 0.165618450161
3.61 0.165601265856
3.62 0.165582812747
3.63 0.165563098269
3.64 0.165542129823
3.65 0.165519914778
3.66 0.165496460473
3.67 0.165471774212
3.68 0.165445863269
3.69 0.165418734888
3.7 0.165390396278
3.71 0.165360854618
3.72 0.165330117057
3.73 0.165298190713
3.74 0.165265082669
3.75 0.165230799982
3.76 0.165195349676
3.77 0.165158738745
3.78 0.16512097415
3.79 0.165082062825
3.8 0.165042011673
3.81 0.165000827564
3.82 0.164958517341
3.83 0.164915087816
3.84 0.164870545771
3.85 0.164824897959
3.86 0.164778151102
3.87 0.164730311893
3.88 0.164681386996
3.89 0.164631383047
3.9 0.164580306649
3.91 0.164528164381
3.92 0.164474962788
3.93 0.16442070839
3.94 0.164365407677
3.95 0.16430906711
3.96 0.164251693121
3.97 0.164193292115
3.98 0.164133870469
3.99 0.16407343453
4.0 0.164011990618
4.01 0.163949545025
4.02 0.163886104015
4.03 0.163821673825
4.04 0.163756260663
4.05 0.163689870711
4.06 0.163622510122
4.07 0.163554185023
4.08 0.163484901514
4.09 0.163414665666
4.1 0.163343483526
4.11 0.16327136111
4.12 0.163198304412
4.13 0.163124319396
4.14 0.163049412
4.15 0.162973588136
4.16 0.162896853691
4.17 0.162819214522
4.18 0.162740676464
4.19 0.162661245323
4.2 0.162580926881
4.21 0.162499726893
4.22 0.162417651088
4.23 0.162334705171
4.24 0.162250894819
4.25 0.162166225686
4.26 0.162080703399
4.27 0.161994333561
4.28 0.161907121749
4.29 0.161819073514
4.3 0.161730194384
4.31 0.161640489861
4.32 0.161549965423
4.33 0.161458626523
4.34 0.161366478588
4.35 0.161273527023
4.36 0.161179777207
4.37 0.161085234496
4.38 0.16098990422
4.39 0.160893791685
4.4 0.160796902176
4.41 0.160699240952
4.42 0.160600813246
4.43 0.160501624271
4.44 0.160401679214
4.45 0.160300983241
4.46 0.160199541491
4.47 0.160097359082
4.48 0.159994441109
4.49 0.159890792643
4.5 0.159786418731
4.51 0.159681324399
4.52 0.159575514649
4.53 0.159468994461
4.54 0.15936176879
4.55 0.159253842572
4.56 0.159145220717
4.57 0.159035908115
4.58 0.158925909632
4.59 0.158815230113
4.6 0.15870387438
4.61 0.158591847234
4.62 0.158479153452
4.63 0.158365797791
4.64 0.158251784985
4.65 0.158137119747
4.66 0.158021806768
4.67 0.157905850718
4.68 0.157789256243
4.69 0.157672027972
4.7 0.157554170509
4.71 0.157435688439
4.72 0.157316586323
4.73 0.157196868704
4.74 0.157076540103
4.75 0.15695560502
4.76 0.156834067934
4.77 0.156711933303
4.78 0.156589205564
4.79 0.156465889136
4.8 0.156341988414
4.81 0.156217507776
4.82 0.156092451576
4.83 0.155966824151
4.84 0.155840629816
4.85 0.155713872867
4.86 0.155586557579
4.87 0.155458688207
4.88 0.155330268987
4.89 0.155201304135
4.9 0.155071797848
4.91 0.154941754301
4.92 0.154811177653
4.93 0.15468007204
4.94 0.15454844158
4.95 0.154416290374
4.96 0.154283622499
4.97 0.154150442018
4.98 0.154016752971
4.99 0.153882559381
5.0 0.153747865251
5.01 0.153612674567
5.02 0.153476991294
5.03 0.153340819379
5.04 0.153204162751
5.05 0.153067025321
5.06 0.15292941098
5.07 0.1527913236
5.08 0.152652767038
5.09 0.152513745129
5.1 0.152374261693
5.11 0.152234320529
5.12 0.152093925421
5.13 0.151953080131
5.14 0.151811788408
5.15 0.151670053979
5.16 0.151527880556
5.17 0.151385271832
5.18 0.151242231482
5.19 0.151098763165
5.2 0.150954870521
5.21 0.150810557174
5.22 0.15066582673
5.23 0.150520682778
5.24 0.150375128888
5.25 0.150229168616
5.26 0.150082805499
5.27 0.149936043057
5.28 0.149788884795
5.29 0.149641334197
5.3 0.149493394736
5.31 0.149345069862
5.32 0.149196363015
5.33 0.149047277612
5.34 0.148897817058
5.35 0.148747984741
5.36 0.14859778403
5.37 0.148447218279
5.38 0.148296290828
5.39 0.148145004999
5.4 0.147993364096
5.41 0.14784137141
5.42 0.147689030215
5.43 0.147536343769
5.44 0.147383315314
5.45 0.147229948076
5.46 0.147076245266
5.47 0.146922210079
5.48 0.146767845694
5.49 0.146613155275
5.5 0.146458141971
5.51 0.146302808914
5.52 0.146147159222
5.53 0.145991195998
5.54 0.145834922328
5.55 0.145678341285
5.56 0.145521455926
5.57 0.145364269292
5.58 0.14520678441
5.59 0.145049004293
5.6 0.144890931937
5.61 0.144732570325
5.62 0.144573922424
5.63 0.144414991188
5.64 0.144255779555
5.65 0.144096290448
5.66 0.143936526777
5.67 0.143776491438
5.68 0.143616187309
5.69 0.143455617259
5.7 0.143294784137
5.71 0.143133690784
5.72 0.142972340021
5.73 0.142810734659
5.74 0.142648877492
5.75 0.142486771304
5.76 0.142324418861
5.77 0.142161822917
5.78 0.141998986212
5.79 0.141835911472
5.8 0.141672601411
5.81 0.141509058727
5.82 0.141345286105
5.83 0.141181286217
5.84 0.141017061722
5.85 0.140852615265
5.86 0.140687949478
5.87 0.140523066978
5.88 0.140357970372
5.89 0.14019266225
5.9 0.140027145193
5.91 0.139861421765
5.92 0.139695494519
5.93 0.139529365996
5.94 0.139363038722
5.95 0.139196515211
5.96 0.139029797965
5.97 0.138862889471
5.98 0.138695792206
5.99 0.138528508632
6.0 0.138361041201
6.01 0.13819339235
6.02 0.138025564504
6.03 0.137857560077
6.04 0.13768938147
6.05 0.13752103107
6.06 0.137352511253
6.07 0.137183824384
6.08 0.137014972814
6.09 0.136845958882
6.1 0.136676784916
6.11 0.136507453231
6.12 0.136337966131
6.13 0.136168325906
6.14 0.135998534837
6.15 0.135828595191
6.16 0.135658509224
6.17 0.13548827918
6.18 0.135317907292
6.19 0.135147395781
6.2 0.134976746855
6.21 0.134805962712
6.22 0.134635045539
6.23 0.134463997511
6.24 0.13429282079
6.25 0.134121517529
6.26 0.133950089869
6.27 0.133778539939
6.28 0.133606869856
6.29 0.133435081729
6.3 0.133263177653
6.31 0.133091159713
6.32 0.132919029983
6.33 0.132746790526
6.34 0.132574443393
6.35 0.132401990626
6.36 0.132229434255
6.37 0.1320567763
6.38 0.131884018768
6.39 0.131711163659
6.4 0.131538212959
6.41 0.131365168645
6.42 0.131192032683
6.43 0.131018807029
6.44 0.130845493628
6.45 0.130672094414
6.46 0.130498611312
6.47 0.130325046236
6.48 0.130151401089
6.49 0.129977677765
6.5 0.129803878147
6.51 0.129630004107
6.52 0.129456057509
6.53 0.129282040206
6.54 0.129107954039
6.55 0.128933800842
6.56 0.128759582438
6.57 0.128585300639
6.58 0.128410957248
6.59 0.128236554058
6.6 0.128062092853
6.61 0.127887575405
6.62 0.12771300348
6.63 0.12753837883
6.64 0.127363703201
6.65 0.127188978327
6.66 0.127014205934
6.67 0.126839387738
6.68 0.126664525444
6.69 0.126489620751
6.7 0.126314675345
6.71 0.126139690905
6.72 0.125964669099
6.73 0.125789611588
6.74 0.125614520021
6.75 0.12543939604
6.76 0.125264241278
6.77 0.125089057356
6.78 0.124913845889
6.79 0.124738608482
6.8 0.12456334673
6.81 0.124388062221
6.82 0.124212756533
6.83 0.124037431234
6.84 0.123862087884
6.85 0.123686728036
6.86 0.123511353232
6.87 0.123335965006
6.88 0.123160564883
6.89 0.122985154379
6.9 0.122809735004
6.91 0.122634308256
6.92 0.122458875625
6.93 0.122283438595
6.94 0.12210799864
6.95 0.121932557224
6.96 0.121757115804
6.97 0.121581675831
6.98 0.121406238743
6.99 0.121230805973
7.0 0.121055378945
7.01 0.120879959074
7.02 0.120704547768
7.03 0.120529146426
7.04 0.120353756439
7.05 0.120178379191
7.06 0.120003016056
7.07 0.119827668401
7.08 0.119652337585
7.09 0.119477024961
7.1 0.11930173187
7.11 0.119126459648
7.12 0.118951209622
7.13 0.118775983113
7.14 0.118600781433
7.15 0.118425605885
7.16 0.118250457765
7.17 0.118075338364
7.18 0.117900248962
7.19 0.117725190832
7.2 0.117550165241
7.21 0.117375173448
7.22 0.117200216702
7.23 0.117025296248
7.24 0.116850413323
7.25 0.116675569153
7.26 0.116500764962
7.27 0.116326001962
7.28 0.116151281361
7.29 0.115976604358
7.3 0.115801972145
7.31 0.115627385907
7.32 0.115452846822
7.33 0.11527835606
7.34 0.115103914786
7.35 0.114929524154
7.36 0.114755185315
7.37 0.114580899412
7.38 0.114406667579
7.39 0.114232490944
7.4 0.11405837063
7.41 0.113884307751
7.42 0.113710303414
7.43 0.11353635872
7.44 0.113362474764
7.45 0.113188652633
7.46 0.113014893406
7.47 0.112841198159
7.48 0.112667567957
7.49 0.112494003862
7.5 0.112320506927
7.51 0.1121470782
7.52 0.11197371872
7.53 0.111800429523
7.54 0.111627211635
7.55 0.111454066078
7.56 0.111280993866
7.57 0.111107996008
7.58 0.110935073506
7.59 0.110762227354
7.6 0.110589458542
7.61 0.110416768052
7.62 0.110244156862
7.63 0.110071625941
7.64 0.109899176254
7.65 0.109726808757
7.66 0.109554524403
7.67 0.109382324138
7.68 0.109210208899
7.69 0.109038179622
7.7 0.108866237233
7.71 0.108694382652
7.72 0.108522616796
7.73 0.108350940573
7.74 0.108179354887
7.75 0.108007860635
7.76 0.107836458708
7.77 0.107665149991
7.78 0.107493935365
7.79 0.107322815703
7.8 0.107151791873
7.81 0.106980864737
7.82 0.106810035152
7.83 0.106639303969
7.84 0.106468672032
7.85 0.106298140182
7.86 0.106127709251
7.87 0.105957380068
7.88 0.105787153455
7.89 0.10561703023
7.9 0.105447011204
7.91 0.105277097183
7.92 0.105107288967
7.93 0.104937587351
7.94 0.104767993125
7.95 0.104598507073
7.96 0.104429129973
7.97 0.104259862599
7.98 0.104090705719
7.99 0.103921660096
8.0 0.103752726486
8.01 0.103583905643
8.02 0.103415198312
8.03 0.103246605236
8.04 0.103078127151
8.05 0.102909764787
8.06 0.102741518873
8.07 0.102573390127
8.08 0.102405379267
8.09 0.102237487003
8.1 0.10206971404
8.11 0.10190206108
8.12 0.101734528818
8.13 0.101567117944
8.14 0.101399829145
8.15 0.101232663102
8.16 0.101065620489
8.17 0.100898701979
8.18 0.100731908237
8.19 0.100565239925
8.2 0.100398697698
8.21 0.100232282209
8.22 0.100065994104
8.23 0.0998998340252
8.24 0.0997338026104
8.25 0.0995679004918
8.26 0.0994021282973
8.27 0.0992364866503
8.28 0.0990709761691
8.29 0.0989055974679
8.3 0.0987403511558
8.31 0.0985752378376
8.32 0.0984102581135
8.33 0.0982454125791
8.34 0.0980807018255
8.35 0.0979161264393
8.36 0.0977516870024
8.37 0.0975873840927
8.38 0.0974232182833
8.39 0.0972591901429
8.4 0.0970953002359
8.41 0.0969315491223
8.42 0.0967679373578
8.43 0.0966044654936
8.44 0.0964411340767
8.45 0.0962779436497
8.46 0.0961148947512
8.47 0.0959519879151
8.48 0.0957892236715
8.49 0.0956266025459
8.5 0.0954641250598
8.51 0.0953017917307
8.52 0.0951396030715
8.53 0.0949775595914
8.54 0.0948156617951
8.55 0.0946539101835
8.56 0.0944923052533
8.57 0.0943308474971
8.58 0.0941695374035
8.59 0.0940083754571
8.6 0.0938473621384
8.61 0.0936864979241
8.62 0.0935257832867
8.63 0.093365218695
8.64 0.0932048046136
8.65 0.0930445415035
8.66 0.0928844298215
8.67 0.0927244700207
8.68 0.0925646625503
8.69 0.0924050078558
8.7 0.0922455063786
8.71 0.0920861585565
8.72 0.0919269648236
8.73 0.09176792561
8.74 0.0916090413422
8.75 0.0914503124429
8.76 0.0912917393313
8.77 0.0911333224226
8.78 0.0909750621284
8.79 0.0908169588569
8.8 0.0906590130125
8.81 0.0905012249957
8.82 0.0903435952039
8.83 0.0901861240306
8.84 0.0900288118657
8.85 0.0898716590958
8.86 0.0897146661038
8.87 0.089557833269
8.88 0.0894011609673
8.89 0.0892446495712
8.9 0.0890882994497
8.91 0.0889321109681
8.92 0.0887760844886
8.93 0.0886202203699
8.94 0.0884645189672
8.95 0.0883089806324
8.96 0.0881536057139
8.97 0.0879983945569
8.98 0.0878433475033
8.99 0.0876884648916
9.0 0.087533747057
9.01 0.0873791943313
9.02 0.0872248070433
9.03 0.0870705855184
9.04 0.0869165300786
9.05 0.086762641043
9.06 0.0866089187274
9.07 0.0864553634441
9.08 0.0863019755028
9.09 0.0861487552094
9.1 0.0859957028673
9.11 0.0858428187762
9.12 0.085690103233
9.13 0.0855375565316
9.14 0.0853851789625
9.15 0.0852329708133
9.16 0.0850809323687
9.17 0.0849290639101
9.18 0.084777365716
9.19 0.084625838062
9.2 0.0844744812205
9.21 0.084323295461
9.22 0.0841722810503
9.23 0.0840214382518
9.24 0.0838707673262
9.25 0.0837202685315
9.26 0.0835699421223
9.27 0.0834197883508
9.28 0.0832698074661
9.29 0.0831199997144
9.3 0.0829703653392
9.31 0.082820904581
9.32 0.0826716176776
9.33 0.0825225048641
9.34 0.0823735663725
9.35 0.0822248024324
9.36 0.0820762132704
9.37 0.0819277991105
9.38 0.0817795601737
9.39 0.0816314966786
9.4 0.081483608841
9.41 0.081335896874
9.42 0.0811883609879
9.43 0.0810410013905
9.44 0.0808938182869
9.45 0.0807468118795
9.46 0.0805999823683
9.47 0.0804533299504
9.48 0.0803068548206
9.49 0.0801605571708
9.5 0.0800144371905
9.51 0.0798684950667
9.52 0.0797227309838
9.53 0.0795771451237
9.54 0.0794317376656
9.55 0.0792865087866
9.56 0.0791414586608
9.57 0.0789965874603
9.58 0.0788518953544
9.59 0.0787073825101
9.6 0.0785630490919
9.61 0.078418895262
9.62 0.07827492118
9.63 0.0781311270032
9.64 0.0779875128866
9.65 0.0778440789826
9.66 0.0777008254414
9.67 0.0775577524109
9.68 0.0774148600365
9.69 0.0772721484614
9.7 0.0771296178263
9.71 0.0769872682699
9.72 0.0768450999284
9.73 0.0767031129357
9.74 0.0765613074235
9.75 0.0764196835213
9.76 0.0762782413563
9.77 0.0761369810534
9.78 0.0759959027354
9.79 0.0758550065228
9.8 0.075714292534
9.81 0.0755737608852
9.82 0.0754334116904
9.83 0.0752932450613
9.84 0.0751532611076
9.85 0.075013459937
9.86 0.0748738416547
9.87 0.0747344063642
9.88 0.0745951541666
9.89 0.0744560851611
9.9 0.0743171994446
9.91 0.0741784971121
9.92 0.0740399782565
9.93 0.0739016429686
9.94 0.0737634913373
9.95 0.0736255234493
9.96 0.0734877393895
9.97 0.0733501392405
9.98 0.0732127230832
9.99 0.0730754909963
