0.01 0.000194548812718
0.02 0.000387575415725
0.03 0.0005790887417
0.04 0.000769097676725
0.05 0.000957611060515
0.06 0.00114463768665
0.07 0.00133018630278
0.08 0.00151426561089
0.09 0.00169688426748
0.1 0.00187805088382
0.11 0.00205777402614
0.12 0.00223606221588
0.13 0.0024129239299
0.14 0.0025883676007
0.15 0.00276240161661
0.16 0.00293503432206
0.17 0.00310627401776
0.18 0.00327612896089
0.19 0.00344460736538
0.2 0.00361171740206
0.21 0.00377746719892
0.22 0.00394186484128
0.23 0.00410491837202
0.24 0.00426663579179
0.25 0.00442702505919
0.26 0.00458609409103
0.27 0.00474385076249
0.28 0.00490030290734
0.29 0.00505545831813
0.3 0.00520932474642
0.31 0.00536190990296
0.32 0.00551322145789
0.33 0.00566326704096
0.34 0.00581205424171
0.35 0.00595959060966
0.36 0.00610588365454
0.37 0.00625094084646
0.38 0.00639476961609
0.39 0.0065373773549
0.4 0.00667877141531
0.41 0.00681895911093
0.42 0.00695794771668
0.43 0.00709574446905
0.44 0.00723235656625
0.45 0.00736779116842
0.46 0.0075020553978
0.47 0.00763515633893
0.48 0.00776710103882
0.49 0.00789789650716
0.5 0.00802754971649
0.51 0.00815606760236
0.52 0.00828345706357
0.53 0.0084097249623
0.54 0.00853487812431
0.55 0.00865892333911
0.56 0.00878186736016
0.57 0.00890371690505
0.58 0.00902447865562
0.59 0.00914415925823
0.6 0.00926276532385
0.61 0.00938030342828
0.62 0.00949678011232
0.63 0.00961220188194
0.64 0.00972657520844
0.65 0.00983990652863
0.66 0.00995220224503
0.67 0.010063468726
0.68 0.0101737123058
0.69 0.0102829392852
0.7 0.010391155931
0.71 0.0104983684766
0.72 0.0106045831222
0.73 0.0107098060349
0.74 0.0108140433485
0.75 0.0109173011643
0.76 0.0110195855509
0.77 0.0111209025443
0.78 0.0112212581482
0.79 0.0113206583342
0.8 0.0114191090419
0.81 0.0115166161788
0.82 0.0116131856211
0.83 0.0117088232132
0.84 0.0118035347682
0.85 0.0118973260679
0.86 0.0119902028633
0.87 0.012082170874
0.88 0.0121732357894
0.89 0.0122634032679
0.9 0.0123526789376
0.91 0.0124410683963
0.92 0.0125285772116
0.93 0.0126152109211
0.94 0.0127009750327
0.95 0.0127858750244
0.96 0.0128699163446
0.97 0.0129531044126
0.98 0.0130354446183
0.99 0.0131169423222
1.0 0.0131976028563
1.01 0.0132774315235
1.02 0.013356433598
1.03 0.0134346143256
1.04 0.0135119789237
1.05 0.0135885325813
1.06 0.0136642804594
1.07 0.0137392276911
1.08 0.0138133793816
1.09 0.0138867406082
1.1 0.0139593164211
1.11 0.0140311118426
1.12 0.0141021318681
1.13 0.0141723814657
1.14 0.0142418655764
1.15 0.0143105891146
1.16 0.0143785569676
1.17 0.0144457739965
1.18 0.0145122450357
1.19 0.0145779748932
1.2 0.0146429683509
1.21 0.0147072301648
1.22 0.0147707650645
1.23 0.0148335777544
1.24 0.0148956729126
1.25 0.0149570551922
1.26 0.0150177292204
1.27 0.0150776995994
1.28 0.0151369709062
1.29 0.0151955476927
1.3 0.0152534344859
1.31 0.015310635788
1.32 0.0153671560765
1.33 0.0154229998044
1.34 0.0154781714003
1.35 0.0155326752685
1.36 0.0155865157891
1.37 0.0156396973181
1.38 0.0156922241877
1.39 0.0157441007062
1.4 0.0157953311582
1.41 0.0158459198048
1.42 0.0158958708835
1.43 0.0159451886087
1.44 0.0159938771714
1.45 0.0160419407396
1.46 0.0160893834581
1.47 0.0161362094492
1.48 0.0161824228122
1.49 0.0162280276239
1.5 0.0162730279383
1.51 0.0163174277873
1.52 0.0163612311805
1.53 0.016404442105
1.54 0.0164470645263
1.55 0.0164891023874
1.56 0.01653055961
1.57 0.0165714400937
1.58 0.0166117477166
1.59 0.0166514863353
1.6 0.0166906597849
1.61 0.0167292718792
1.62 0.016767326411
1.63 0.0168048271518
1.64 0.0168417778522
1.65 0.0168781822421
1.66 0.0169140440302
1.67 0.0169493669051
1.68 0.0169841545343
1.69 0.0170184105653
1.7 0.017052138625
1.71 0.0170853423201
1.72 0.0171180252372
1.73 0.0171501909429
1.74 0.0171818429837
1.75 0.0172129848865
1.76 0.0172436201583
1.77 0.0172737522864
1.78 0.0173033847389
1.79 0.017332520964
1.8 0.017361164391
1.81 0.0173893184297
1.82 0.0174169864709
1.83 0.0174441718861
1.84 0.0174708780283
1.85 0.0174971082313
1.86 0.0175228658103
1.87 0.0175481540617
1.88 0.0175729762636
1.89 0.0175973356754
1.9 0.0176212355381
1.91 0.0176446790747
1.92 0.0176676694898
1.93 0.0176902099699
1.94 0.0177123036837
1.95 0.0177339537817
1.96 0.0177551633968
1.97 0.0177759356442
1.98 0.0177962736212
1.99 0.017816180408
2.0 0.0178356590669
2.01 0.017854712643
2.02 0.0178733441644
2.03 0.0178915566415
2.04 0.0179093530681
2.05 0.0179267364206
2.06 0.0179437096587
2.07 0.0179602757252
2.08 0.0179764375462
2.09 0.0179921980311
2.1 0.0180075600727
2.11 0.0180225265473
2.12 0.0180371003149
2.13 0.018051284219
2.14 0.0180650810871
2.15 0.0180784937302
2.16 0.0180915249436
2.17 0.0181041775064
2.18 0.0181164541818
2.19 0.0181283577173
2.2 0.0181398908445
2.21 0.0181510562793
2.22 0.0181618567224
2.23 0.0181722948585
2.24 0.0181823733571
2.25 0.0181920948725
2.26 0.0182014620435
2.27 0.0182104774938
2.28 0.018219143832
2.29 0.0182274636518
2.3 0.0182354395317
2.31 0.0182430740355
2.32 0.0182503697121
2.33 0.0182573290959
2.34 0.0182639547064
2.35 0.0182702490486
2.36 0.018276214613
2.37 0.0182818538759
2.38 0.018287169299
2.39 0.0182921633297
2.4 0.0182968384015
2.41 0.0183011969334
2.42 0.0183052413308
2.43 0.0183089739847
2.44 0.0183123972724
2.45 0.0183155135573
2.46 0.0183183251893
2.47 0.0183208345042
2.48 0.0183230438244
2.49 0.0183249554588
2.5 0.0183265717029
2.51 0.0183278948384
2.52 0.0183289271341
2.53 0.0183296708454
2.54 0.0183301282144
2.55 0.0183303014702
2.56 0.0183301928287
2.57 0.0183298044929
2.58 0.018329138653
2.59 0.0183281974862
2.6 0.0183269831568
2.61 0.0183254978166
2.62 0.0183237436047
2.63 0.0183217226475
2.64 0.0183194370589
2.65 0.0183168889405
2.66 0.0183140803814
2.67 0.0183110134583
2.68 0.0183076902357
2.69 0.0183041127659
2.7 0.0183002830891
2.71 0.0182962032335
2.72 0.018291875215
2.73 0.0182873010378
2.74 0.0182824826942
2.75 0.0182774221646
2.76 0.0182721214178
2.77 0.0182665824106
2.78 0.0182608070885
2.79 0.0182547973853
2.8 0.0182485552231
2.81 0.0182420825127
2.82 0.0182353811537
2.83 0.0182284530341
2.84 0.0182213000307
2.85 0.0182139240091
2.86 0.0182063268237
2.87 0.0181985103178
2.88 0.0181904763239
2.89 0.0181822266631
2.9 0.018173763146
2.91 0.018165087572
2.92 0.0181562017299
2.93 0.0181471073976
2.94 0.0181378063425
2.95 0.0181283003212
2.96 0.0181185910798
2.97 0.0181086803537
2.98 0.0180985698682
2.99 0.0180882613378
3.0 0.0180777564669
3.01 0.0180670569494
3.02 0.0180561644691
3.03 0.0180450806997
3.04 0.0180338073043
3.05 0.0180223459365
3.06 0.0180106982395
3.07 0.0179988658466
3.08 0.0179868503812
3.09 0.0179746534569
3.1 0.0179622766772
3.11 0.0179497216361
3.12 0.0179369899178
3.13 0.0179240830969
3.14 0.0179110027382
3.15 0.0178977503971
3.16 0.0178843276195
3.17 0.0178707359417
3.18 0.0178569768907
3.19 0.017843051984
3.2 0.01782896273
3.21 0.0178147106277
3.22 0.0178002971669
3.23 0.0177857238283
3.24 0.0177709920833
3.25 0.0177561033945
3.26 0.0177410592152
3.27 0.0177258609901
3.28 0.0177105101545
3.29 0.0176950081352
3.3 0.0176793563501
3.31 0.0176635562082
3.32 0.0176476091098
3.33 0.0176315164467
3.34 0.0176152796018
3.35 0.0175988999495
3.36 0.0175823788557
3.37 0.0175657176778
3.38 0.0175489177647
3.39 0.017531980457
3.4 0.0175149070866
3.41 0.0174976989776
3.42 0.0174803574453
3.43 0.0174628837972
3.44 0.0174452793323
3.45 0.0174275453417
3.46 0.0174096831082
3.47 0.0173916939066
3.48 0.0173735790038
3.49 0.0173553396586
3.5 0.0173369771219
3.51 0.0173184926369
3.52 0.0172998874386
3.53 0.0172811627545
3.54 0.0172623198042
3.55 0.0172433597996
3.56 0.0172242839451
3.57 0.0172050934372
3.58 0.017185789465
3.59 0.01716637321
3.6 0.0171468458461
3.61 0.0171272085399
3.62 0.0171074624504
3.63 0.0170876087294
3.64 0.0170676485212
3.65 0.0170475829629
3.66 0.0170274131842
3.67 0.0170071403077
3.68 0.0169867654488
3.69 0.0169662897156
3.7 0.0169457142093
3.71 0.016925040024
3.72 0.0169042682465
3.73 0.016883399957
3.74 0.0168624362285
3.75 0.0168413781271
3.76 0.0168202267121
3.77 0.0167989830358
3.78 0.016777648144
3.79 0.0167562230753
3.8 0.0167347088619
3.81 0.0167131065293
3.82 0.0166914170961
3.83 0.0166696415745
3.84 0.01664778097
3.85 0.0166258362816
3.86 0.0166038085018
3.87 0.0165816986166
3.88 0.0165595076055
3.89 0.0165372364417
3.9 0.0165148860919
3.91 0.0164924575166
3.92 0.0164699516699
3.93 0.0164473694997
3.94 0.0164247119476
3.95 0.0164019799491
3.96 0.0163791744333
3.97 0.0163562963234
3.98 0.0163333465366
3.99 0.0163103259837
4.0 0.0162872355696
4.01 0.0162640761934
4.02 0.016240848748
4.03 0.0162175541204
4.04 0.0161941931918
4.05 0.0161707668375
4.06 0.0161472759269
4.07 0.0161237213238
4.08 0.0161001038858
4.09 0.0160764244653
4.1 0.0160526839086
4.11 0.0160288830564
4.12 0.016005022744
4.13 0.0159811038008
4.14 0.0159571270508
4.15 0.0159330933122
4.16 0.015909003398
4.17 0.0158848581156
4.18 0.0158606582668
4.19 0.0158364046482
4.2 0.0158120980508
4.21 0.0157877392604
4.22 0.0157633290573
4.23 0.0157388682166
4.24 0.0157143575082
4.25 0.0156897976965
4.26 0.0156651895409
4.27 0.0156405337956
4.28 0.0156158312095
4.29 0.0155910825265
4.3 0.0155662884854
4.31 0.0155414498197
4.32 0.0155165672582
4.33 0.0154916415244
4.34 0.015466673337
4.35 0.0154416634096
4.36 0.015416612451
4.37 0.0153915211649
4.38 0.0153663902503
4.39 0.0153412204013
4.4 0.0153160123072
4.41 0.0152907666523
4.42 0.0152654841165
4.43 0.0152401653746
4.44 0.015214811097
4.45 0.015189421949
4.46 0.0151639985917
4.47 0.0151385416813
4.48 0.0151130518693
4.49 0.0150875298029
4.5 0.0150619761245
4.51 0.0150363914721
4.52 0.0150107764792
4.53 0.0149851317747
4.54 0.014959457983
4.55 0.0149337557244
4.56 0.0149080256144
4.57 0.0148822682644
4.58 0.0148564842813
4.59 0.0148306742676
4.6 0.0148048388217
4.61 0.0147789785376
4.62 0.0147530940051
4.63 0.0147271858096
4.64 0.0147012545324
4.65 0.0146753007508
4.66 0.0146493250376
4.67 0.0146233279616
4.68 0.0145973100877
4.69 0.0145712719763
4.7 0.014545214184
4.71 0.0145191372634
4.72 0.0144930417629
4.73 0.014466928227
4.74 0.0144407971962
4.75 0.014414649207
4.76 0.0143884847921
4.77 0.0143623044801
4.78 0.014336108796
4.79 0.0143098982607
4.8 0.0142836733913
4.81 0.014257434701
4.82 0.0142311826995
4.83 0.0142049178925
4.84 0.0141786407818
4.85 0.0141523518658
4.86 0.0141260516391
4.87 0.0140997405924
4.88 0.014073419213
4.89 0.0140470879843
4.9 0.0140207473863
4.91 0.0139943978954
4.92 0.0139680399841
4.93 0.0139416741218
4.94 0.0139153007739
4.95 0.0138889204026
4.96 0.0138625334665
4.97 0.0138361404208
4.98 0.013809741717
4.99 0.0137833378034
5.0 0.0137569291247
5.01 0.0137305161224
5.02 0.0137040992345
5.03 0.0136776788956
5.04 0.0136512555371
5.05 0.0136248295869
5.06 0.0135984014697
5.07 0.0135719716069
5.08 0.0135455404167
5.09 0.0135191083139
5.1 0.0134926757103
5.11 0.0134662430142
5.12 0.013439810631
5.13 0.0134133789627
5.14 0.0133869484084
5.15 0.0133605193637
5.16 0.0133340922216
5.17 0.0133076673714
5.18 0.0132812451998
5.19 0.0132548260903
5.2 0.0132284104233
5.21 0.0132019985761
5.22 0.0131755909233
5.23 0.0131491878361
5.24 0.0131227896831
5.25 0.0130963968297
5.26 0.0130700096386
5.27 0.0130436284692
5.28 0.0130172536785
5.29 0.0129908856201
5.3 0.0129645246452
5.31 0.0129381711018
5.32 0.0129118253354
5.33 0.0128854876882
5.34 0.0128591585001
5.35 0.012832838108
5.36 0.0128065268459
5.37 0.0127802250454
5.38 0.012753933035
5.39 0.0127276511407
5.4 0.0127013796857
5.41 0.0126751189907
5.42 0.0126488693735
5.43 0.0126226311493
5.44 0.0125964046308
5.45 0.012570190128
5.46 0.0125439879481
5.47 0.0125177983961
5.48 0.0124916217741
5.49 0.0124654583818
5.5 0.0124393085163
5.51 0.0124131724722
5.52 0.0123870505416
5.53 0.0123609430141
5.54 0.0123348501768
5.55 0.0123087723142
5.56 0.0122827097086
5.57 0.0122566626398
5.58 0.012230631385
5.59 0.0122046162192
5.6 0.0121786174149
5.61 0.0121526352422
5.62 0.0121266699689
5.63 0.0121007218604
5.64 0.0120747911799
5.65 0.0120488781881
5.66 0.0120229831435
5.67 0.0119971063022
5.68 0.0119712479182
5.69 0.011945408243
5.7 0.0119195875261
5.71 0.0118937860146
5.72 0.0118680039533
5.73 0.0118422415851
5.74 0.0118164991504
5.75 0.0117907768876
5.76 0.0117650750327
5.77 0.0117393938198
5.78 0.0117137334808
5.79 0.0116880942454
5.8 0.0116624763411
5.81 0.0116368799936
5.82 0.0116113054261
5.83 0.0115857528601
5.84 0.0115602225149
5.85 0.0115347146075
5.86 0.0115092293533
5.87 0.0114837669653
5.88 0.0114583276548
5.89 0.0114329116308
5.9 0.0114075191005
5.91 0.011382150269
5.92 0.0113568053396
5.93 0.0113314845135
5.94 0.01130618799
5.95 0.0112809159665
5.96 0.0112556686385
5.97 0.0112304461996
5.98 0.0112052488413
5.99 0.0111800767536
6.0 0.0111549301242
6.01 0.0111298091393
6.02 0.0111047139832
6.03 0.011079644838
6.04 0.0110546018846
6.05 0.0110295853015
6.06 0.0110045952658
6.07 0.0109796319525
6.08 0.0109546955352
6.09 0.0109297861853
6.1 0.0109049040729
6.11 0.0108800493659
6.12 0.0108552222309
6.13 0.0108304228323
6.14 0.0108056513333
6.15 0.0107809078951
6.16 0.0107561926772
6.17 0.0107315058376
6.18 0.0107068475324
6.19 0.0106822179163
6.2 0.0106576171421
6.21 0.0106330453611
6.22 0.0106085027231
6.23 0.010583989376
6.24 0.0105595054663
6.25 0.0105350511388
6.26 0.0105106265368
6.27 0.0104862318021
6.28 0.0104618670746
6.29 0.0104375324931
6.3 0.0104132281944
6.31 0.0103889543142
6.32 0.0103647109864
6.33 0.0103404983435
6.34 0.0103163165163
6.35 0.0102921656344
6.36 0.0102680458258
6.37 0.0102439572169
6.38 0.0102198999328
6.39 0.0101958740971
6.4 0.0101718798318
6.41 0.0101479172578
6.42 0.0101239864942
6.43 0.0101000876589
6.44 0.0100762208684
6.45 0.0100523862377
6.46 0.0100285838805
6.47 0.0100048139089
6.48 0.009981076434
6.49 0.00995737156523
6.5 0.0099336994108
6.51 0.00991006007753
6.52 0.00988645367094
6.53 0.00986288029518
6.54 0.00983934005311
6.55 0.00981583304627
6.56 0.0097923593749
6.57 0.00976891913795
6.58 0.00974551243307
6.59 0.00972213935666
6.6 0.00969880000383
6.61 0.00967549446845
6.62 0.00965222284311
6.63 0.0096289852192
6.64 0.00960578168684
6.65 0.00958261233495
6.66 0.0095594772512
6.67 0.00953637652209
6.68 0.00951331023289
6.69 0.00949027846769
6.7 0.0094672813094
6.71 0.00944431883973
6.72 0.00942139113924
6.73 0.00939849828733
6.74 0.00937564036223
6.75 0.00935281744106
6.76 0.00933002959975
6.77 0.00930727691315
6.78 0.00928455945495
6.79 0.00926187729774
6.8 0.00923923051302
6.81 0.00921661917116
6.82 0.00919404334145
6.83 0.00917150309211
6.84 0.00914899849027
6.85 0.00912652960197
6.86 0.00910409649223
6.87 0.00908169922499
6.88 0.00905933786313
6.89 0.00903701246852
6.9 0.00901472310197
6.91 0.00899246982328
6.92 0.00897025269122
6.93 0.00894807176356
6.94 0.00892592709706
6.95 0.00890381874746
6.96 0.00888174676955
6.97 0.00885971121711
6.98 0.00883771214294
6.99 0.00881574959888
7.0 0.00879382363579
7.01 0.0087719343036
7.02 0.00875008165127
7.03 0.00872826572683
7.04 0.00870648657734
7.05 0.00868474424897
7.06 0.00866303878694
7.07 0.00864137023557
7.08 0.00861973863826
7.09 0.0085981440375
7.1 0.0085765864749
7.11 0.00855506599115
7.12 0.00853358262608
7.13 0.00851213641863
7.14 0.00849072740687
7.15 0.008469355628
7.16 0.00844802111837
7.17 0.00842672391346
7.18 0.00840546404791
7.19 0.00838424155552
7.2 0.00836305646925
7.21 0.00834190882124
7.22 0.00832079864279
7.23 0.0082997259644
7.24 0.00827869081573
7.25 0.00825769322567
7.26 0.00823673322229
7.27 0.00821581083285
7.28 0.00819492608386
7.29 0.00817407900101
7.3 0.00815326960924
7.31 0.0081324979327
7.32 0.00811176399479
7.33 0.00809106781813
7.34 0.00807040942459
7.35 0.00804978883532
7.36 0.00802920607069
7.37 0.00800866115034
7.38 0.00798815409319
7.39 0.00796768491742
7.4 0.00794725364051
7.41 0.00792686027919
7.42 0.0079065048495
7.43 0.00788618736677
7.44 0.00786590784564
7.45 0.00784566630003
7.46 0.0078254627432
7.47 0.0078052971877
7.48 0.00778516964541
7.49 0.00776508012754
7.5 0.00774502864462
7.51 0.00772501520653
7.52 0.00770503982248
7.53 0.00768510250103
7.54 0.00766520325008
7.55 0.0076453420769
7.56 0.00762551898812
7.57 0.00760573398972
7.58 0.00758598708706
7.59 0.00756627828489
7.6 0.00754660758731
7.61 0.00752697499783
7.62 0.00750738051934
7.63 0.00748782415411
7.64 0.00746830590384
7.65 0.0074488257696
7.66 0.0074293837519
7.67 0.00740997985064
7.68 0.00739061406514
7.69 0.00737128639415
7.7 0.00735199683584
7.71 0.00733274538782
7.72 0.00731353204712
7.73 0.00729435681023
7.74 0.00727521967307
7.75 0.007256120631
7.76 0.00723705967886
7.77 0.00721803681093
7.78 0.00719905202095
7.79 0.00718010530213
7.8 0.00716119664715
7.81 0.00714232604817
7.82 0.00712349349682
7.83 0.00710469898422
7.84 0.00708594250098
7.85 0.00706722403718
7.86 0.00704854358243
7.87 0.0070299011258
7.88 0.0070112966559
7.89 0.00699273016083
7.9 0.0069742016282
7.91 0.00695571104514
7.92 0.0069372583983
7.93 0.00691884367385
7.94 0.00690046685749
7.95 0.00688212793446
7.96 0.00686382688952
7.97 0.00684556370698
7.98 0.00682733837068
7.99 0.00680915086403
8.0 0.00679100116997
8.01 0.006772889271
8.02 0.00675481514918
8.03 0.00673677878614
8.04 0.00671878016306
8.05 0.0067008192607
8.06 0.00668289605938
8.07 0.00666501053901
8.08 0.00664716267909
8.09 0.00662935245867
8.1 0.00661157985642
8.11 0.00659384485059
8.12 0.00657614741901
8.13 0.00655848753914
8.14 0.006540865188
8.15 0.00652328034225
8.16 0.00650573297815
8.17 0.00648822307156
8.18 0.00647075059796
8.19 0.00645331553245
8.2 0.00643591784976
8.21 0.00641855752424
8.22 0.00640123452985
8.23 0.00638394884022
8.24 0.00636670042858
8.25 0.00634948926782
8.26 0.00633231533046
8.27 0.00631517858867
8.28 0.00629807901426
8.29 0.0062810165787
8.3 0.00626399125312
8.31 0.00624700300829
8.32 0.00623005181466
8.33 0.00621313764233
8.34 0.00619626046107
8.35 0.00617942024033
8.36 0.0061626169492
8.37 0.0061458505565
8.38 0.00612912103067
8.39 0.00611242833989
8.4 0.00609577245197
8.41 0.00607915333445
8.42 0.00606257095454
8.43 0.00604602527915
8.44 0.00602951627488
8.45 0.00601304390804
8.46 0.00599660814464
8.47 0.00598020895038
8.48 0.00596384629068
8.49 0.00594752013069
8.5 0.00593123043524
8.51 0.00591497716889
8.52 0.00589876029593
8.53 0.00588257978035
8.54 0.00586643558589
8.55 0.005850327676
8.56 0.00583425601386
8.57 0.00581822056239
8.58 0.00580222128424
8.59 0.0057862581418
8.6 0.00577033109721
8.61 0.00575444011234
8.62 0.00573858514881
8.63 0.00572276616798
8.64 0.00570698313098
8.65 0.00569123599868
8.66 0.00567552473171
8.67 0.00565984929046
8.68 0.00564420963507
8.69 0.00562860572547
8.7 0.00561303752131
8.71 0.00559750498206
8.72 0.00558200806693
8.73 0.00556654673491
8.74 0.00555112094477
8.75 0.00553573065505
8.76 0.00552037582407
8.77 0.00550505640995
8.78 0.00548977237057
8.79 0.00547452366362
8.8 0.00545931024656
8.81 0.00544413207666
8.82 0.00542898911098
8.83 0.00541388130636
8.84 0.00539880861945
8.85 0.00538377100672
8.86 0.00536876842441
8.87 0.00535380082858
8.88 0.00533886817511
8.89 0.00532397041968
8.9 0.00530910751776
8.91 0.00529427942468
8.92 0.00527948609554
8.93 0.0052647274853
8.94 0.0052500035487
8.95 0.00523531424033
8.96 0.0052206595146
8.97 0.00520603932574
8.98 0.00519145362782
8.99 0.00517690237472
9.0 0.00516238552018
9.01 0.00514790301776
9.02 0.00513345482085
9.03 0.00511904088269
9.04 0.00510466115636
9.05 0.00509031559477
9.06 0.00507600415071
9.07 0.00506172677677
9.08 0.00504748342542
9.09 0.00503327404897
9.1 0.00501909859958
9.11 0.00500495702927
9.12 0.00499084928992
9.13 0.00497677533325
9.14 0.00496273511086
9.15 0.00494872857421
9.16 0.00493475567461
9.17 0.00492081636324
9.18 0.00490691059115
9.19 0.00489303830927
9.2 0.00487919946837
9.21 0.00486539401913
9.22 0.00485162191208
9.23 0.00483788309763
9.24 0.00482417752607
9.25 0.00481050514758
9.26 0.00479686591219
9.27 0.00478325976985
9.28 0.00476968667036
9.29 0.00475614656345
9.3 0.00474263939869
9.31 0.00472916512557
9.32 0.00471572369345
9.33 0.00470231505162
9.34 0.00468893914922
9.35 0.0046755959353
9.36 0.00466228535883
9.37 0.00464900736866
9.38 0.00463576191353
9.39 0.0046225489421
9.4 0.00460936840293
9.41 0.00459622024448
9.42 0.00458310441513
9.43 0.00457002086315
9.44 0.00455696953674
9.45 0.00454395038398
9.46 0.0045309633529
9.47 0.00451800839143
9.48 0.0045050854474
9.49 0.00449219446858
9.5 0.00447933540265
9.51 0.0044665081972
9.52 0.00445371279977
9.53 0.00444094915778
9.54 0.00442821721861
9.55 0.00441551692956
9.56 0.00440284823784
9.57 0.00439021109061
9.58 0.00437760543494
9.59 0.00436503121785
9.6 0.00435248838628
9.61 0.00433997688711
9.62 0.00432749666716
9.63 0.00431504767316
9.64 0.00430262985181
9.65 0.00429024314973
9.66 0.0042778875135
9.67 0.00426556288962
9.68 0.00425326922455
9.69 0.00424100646467
9.7 0.00422877455634
9.71 0.00421657344584
9.72 0.00420440307941
9.73 0.00419226340323
9.74 0.00418015436345
9.75 0.00416807590614
9.76 0.00415602797736
9.77 0.00414401052309
9.78 0.0041320234893
9.79 0.00412006682188
9.8 0.0041081404667
9.81 0.00409624436958
9.82 0.00408437847631
9.83 0.00407254273264
9.84 0.00406073708427
9.85 0.00404896147686
9.86 0.00403721585607
9.87 0.00402550016748
9.88 0.00401381435666
9.89 0.00400215836916
9.9 0.00399053215046
9.91 0.00397893564606
9.92 0.00396736880139
9.93 0.00395583156186
9.94 0.00394432387288
9.95 0.00393284567979
9.96 0.00392139692796
9.97 0.00390997756268
9.98 0.00389858752925
9.99 0.00388722677295
