0.01 0.00129176388347
0.02 0.00256305231734
0.03 0.00381410871529
0.04 0.00504517391883
0.05 0.00625648622275
0.06 0.00744828140038
0.07 0.00862079272854
0.08 0.00977425101238
0.09 0.0109088846098
0.1 0.0120249194559
0.11 0.0131225790869
0.12 0.0142020846639
0.13 0.0152636549969
0.14 0.0163075065676
0.15 0.0173338535528
0.16 0.0183429078478
0.17 0.0193348790882
0.18 0.0203099746732
0.19 0.0212683997875
0.2 0.0222103574233
0.21 0.0231360484026
0.22 0.0240456713984
0.23 0.0249394229564
0.24 0.0258174975159
0.25 0.0266800874315
0.26 0.0275273829933
0.27 0.0283595724477
0.28 0.0291768420181
0.29 0.0299793759249
0.3 0.0307673564055
0.31 0.0315409637344
0.32 0.0323003762427
0.33 0.0330457703376
0.34 0.0337773205217
0.35 0.0344951994122
0.36 0.0351995777596
0.37 0.0358906244667
0.38 0.0365685066071
0.39 0.0372333894433
0.4 0.0378854364455
0.41 0.038524809309
0.42 0.0391516679725
0.43 0.0397661706355
0.44 0.0403684737761
0.45 0.040958732168
0.46 0.0415370988982
0.47 0.0421037253835
0.48 0.0426587613876
0.49 0.0432023550376
0.5 0.043734652841
0.51 0.0442557997015
0.52 0.0447659389356
0.53 0.0452652122886
0.54 0.0457537599502
0.55 0.0462317205707
0.56 0.0466992312763
0.57 0.0471564276846
0.58 0.0476034439201
0.59 0.0480404126291
0.6 0.0484674649946
0.61 0.0488847307515
0.62 0.0492923382014
0.63 0.0496904142264
0.64 0.0500790843046
0.65 0.0504584725236
0.66 0.050828701595
0.67 0.0511898928682
0.68 0.0515421663445
0.69 0.051885640691
0.7 0.0522204332535
0.71 0.0525466600709
0.72 0.0528644358879
0.73 0.0531738741684
0.74 0.0534750871089
0.75 0.0537681856508
0.76 0.054053279494
0.77 0.0543304771091
0.78 0.05459988575
0.79 0.0548616114668
0.8 0.0551157591177
0.81 0.0553624323814
0.82 0.0556017337693
0.83 0.0558337646372
0.84 0.0560586251976
0.85 0.0562764145311
0.86 0.0564872305982
0.87 0.0566911702507
0.88 0.0568883292435
0.89 0.0570788022454
0.9 0.0572626828506
0.91 0.0574400635897
0.92 0.0576110359407
0.93 0.0577756903399
0.94 0.0579341161926
0.95 0.0580864018839
0.96 0.058232634789
0.97 0.0583729012839
0.98 0.0585072867557
0.99 0.0586358756126
1.0 0.0587587512946
1.01 0.058875996283
1.02 0.0589876921104
1.03 0.0590939193711
1.04 0.0591947577303
1.05 0.0592902859337
1.06 0.0593805818177
1.07 0.0594657223182
1.08 0.0595457834804
1.09 0.0596208404679
1.1 0.0596909675719
1.11 0.0597562382204
1.12 0.0598167249871
1.13 0.0598724996004
1.14 0.0599236329525
1.15 0.0599701951074
1.16 0.0600122553104
1.17 0.0600498819964
1.18 0.0600831427979
1.19 0.0601121045543
1.2 0.0601368333196
1.21 0.0601573943707
1.22 0.060173852216
1.23 0.0601862706028
1.24 0.060194712526
1.25 0.0601992402356
1.26 0.0601999152445
1.27 0.0601967983367
1.28 0.0601899495745
1.29 0.0601794283066
1.3 0.060165293175
1.31 0.0601476021232
1.32 0.0601264124031
1.33 0.0601017805825
1.34 0.0600737625522
1.35 0.0600424135335
1.36 0.060007788085
1.37 0.0599699401097
1.38 0.0599289228619
1.39 0.0598847889544
1.4 0.059837590365
1.41 0.0597873784433
1.42 0.0597342039177
1.43 0.0596781169016
1.44 0.0596191669002
1.45 0.0595574028168
1.46 0.0594928729597
1.47 0.0594256250479
1.48 0.059355706218
1.49 0.05928316303
1.5 0.0592080414738
1.51 0.0591303869749
1.52 0.059050244401
1.53 0.0589676580676
1.54 0.0588826717442
1.55 0.0587953286596
1.56 0.0587056715086
1.57 0.0586137424571
1.58 0.0585195831479
1.59 0.0584232347065
1.6 0.0583247377468
1.61 0.0582241323761
1.62 0.0581214582012
1.63 0.0580167543333
1.64 0.0579100593939
1.65 0.0578014115196
1.66 0.0576908483676
1.67 0.0575784071208
1.68 0.0574641244932
1.69 0.0573480367347
1.7 0.0572301796362
1.71 0.057110588535
1.72 0.0569892983189
1.73 0.0568663434321
1.74 0.0567417578793
1.75 0.0566155752309
1.76 0.0564878286273
1.77 0.0563585507843
1.78 0.0562277739972
1.79 0.0560955301456
1.8 0.0559618506978
1.81 0.0558267667157
1.82 0.0556903088588
1.83 0.0555525073889
1.84 0.0554133921745
1.85 0.055272992695
1.86 0.055131338045
1.87 0.0549884569388
1.88 0.0548443777141
1.89 0.0546991283366
1.9 0.0545527364041
1.91 0.0544052291502
1.92 0.0542566334488
1.93 0.0541069758179
1.94 0.0539562824232
1.95 0.0538045790829
1.96 0.0536518912705
1.97 0.0534982441195
1.98 0.0533436624267
1.99 0.0531881706562
2.0 0.0530317929428
2.01 0.0528745530963
2.02 0.0527164746044
2.03 0.0525575806368
2.04 0.0523978940486
2.05 0.0522374373838
2.06 0.052076232879
2.07 0.0519143024665
2.08 0.0517516677781
2.09 0.0515883501482
2.1 0.0514243706173
2.11 0.0512597499353
2.12 0.0510945085648
2.13 0.0509286666843
2.14 0.0507622441913
2.15 0.050595260706
2.16 0.0504277355737
2.17 0.0502596878685
2.18 0.050091136396
2.19 0.0499220996968
2.2 0.0497525960491
2.21 0.0495826434718
2.22 0.0494122597276
2.23 0.049241462326
2.24 0.0490702685257
2.25 0.048898695338
2.26 0.0487267595296
2.27 0.048554477625
2.28 0.0483818659098
2.29 0.0482089404329
2.3 0.0480357170098
2.31 0.047862211225
2.32 0.0476884384344
2.33 0.0475144137686
2.34 0.047340152135
2.35 0.0471656682204
2.36 0.0469909764939
2.37 0.046816091209
2.38 0.0466410264065
2.39 0.0464657959168
2.4 0.0462904133621
2.41 0.0461148921595
2.42 0.0459392455226
2.43 0.0457634864645
2.44 0.0455876277998
2.45 0.0454116821471
2.46 0.0452356619311
2.47 0.0450595793852
2.48 0.0448834465536
2.49 0.0447072752932
2.5 0.0445310772766
2.51 0.0443548639933
2.52 0.0441786467527
2.53 0.0440024366858
2.54 0.0438262447473
2.55 0.0436500817179
2.56 0.0434739582065
2.57 0.0432978846515
2.58 0.0431218713239
2.59 0.0429459283285
2.6 0.0427700656061
2.61 0.0425942929357
2.62 0.042418619936
2.63 0.0422430560678
2.64 0.0420676106356
2.65 0.0418922927896
2.66 0.0417171115275
2.67 0.0415420756962
2.68 0.0413671939942
2.69 0.0411924749725
2.7 0.0410179270372
2.71 0.0408435584509
2.72 0.0406693773344
2.73 0.0404953916685
2.74 0.0403216092958
2.75 0.0401480379223
2.76 0.0399746851191
2.77 0.039801558324
2.78 0.0396286648431
2.79 0.0394560118526
2.8 0.0392836064004
2.81 0.0391114554073
2.82 0.0389395656691
2.83 0.0387679438578
2.84 0.0385965965233
2.85 0.0384255300946
2.86 0.0382547508819
2.87 0.0380842650776
2.88 0.0379140787578
2.89 0.037744197884
2.9 0.0375746283044
2.91 0.0374053757551
2.92 0.0372364458619
2.93 0.0370678441416
2.94 0.0368995760032
2.95 0.0367316467492
2.96 0.0365640615774
2.97 0.0363968255816
2.98 0.0362299437535
2.99 0.0360634209835
3.0 0.0358972620626
3.01 0.035731471683
3.02 0.0355660544398
3.03 0.0354010148319
3.04 0.0352363572639
3.05 0.0350720860464
3.06 0.0349082053979
3.07 0.0347447194458
3.08 0.0345816322275
3.09 0.0344189476915
3.1 0.0342566696989
3.11 0.034094802024
3.12 0.033933348356
3.13 0.0337723122997
3.14 0.033611697377
3.15 0.0334515070273
3.16 0.0332917446095
3.17 0.0331324134022
3.18 0.0329735166055
3.19 0.0328150573414
3.2 0.0326570386554
3.21 0.0324994635169
3.22 0.0323423348209
3.23 0.0321856553885
3.24 0.032029427968
3.25 0.0318736552359
3.26 0.0317183397981
3.27 0.0315634841904
3.28 0.0314090908798
3.29 0.0312551622653
3.3 0.0311017006788
3.31 0.030948708386
3.32 0.0307961875874
3.33 0.0306441404194
3.34 0.0304925689544
3.35 0.0303414752026
3.36 0.0301908611124
3.37 0.0300407285712
3.38 0.0298910794064
3.39 0.0297419153862
3.4 0.0295932382204
3.41 0.0294450495613
3.42 0.0292973510042
3.43 0.0291501440888
3.44 0.0290034302992
3.45 0.0288572110654
3.46 0.0287114877637
3.47 0.0285662617173
3.48 0.0284215341977
3.49 0.0282773064246
3.5 0.0281335795672
3.51 0.0279903547449
3.52 0.0278476330277
3.53 0.0277054154372
3.54 0.0275637029473
3.55 0.0274224964845
3.56 0.0272817969293
3.57 0.0271416051162
3.58 0.0270019218346
3.59 0.0268627478296
3.6 0.0267240838025
3.61 0.0265859304116
3.62 0.0264482882725
3.63 0.0263111579593
3.64 0.0261745400046
3.65 0.0260384349005
3.66 0.0259028430992
3.67 0.0257677650133
3.68 0.025633201017
3.69 0.0254991514459
3.7 0.0253656165982
3.71 0.0252325967351
3.72 0.0251000920812
3.73 0.0249681028251
3.74 0.0248366291204
3.75 0.0247056710856
3.76 0.0245752288051
3.77 0.0244453023294
3.78 0.0243158916759
3.79 0.0241869968293
3.8 0.0240586177423
3.81 0.0239307543357
3.82 0.0238034064994
3.83 0.0236765740924
3.84 0.0235502569437
3.85 0.0234244548528
3.86 0.0232991675896
3.87 0.0231743948956
3.88 0.0230501364841
3.89 0.0229263920404
3.9 0.0228031612227
3.91 0.0226804436621
3.92 0.0225582389635
3.93 0.0224365467057
3.94 0.0223153664421
3.95 0.0221946977008
3.96 0.0220745399853
3.97 0.021954892775
3.98 0.0218357555252
3.99 0.0217171276679
4.0 0.021599008612
4.01 0.021481397744
4.02 0.0213642944278
4.03 0.0212476980057
4.04 0.0211316077986
4.05 0.0210160231061
4.06 0.0209009432073
4.07 0.0207863673609
4.08 0.0206722948057
4.09 0.0205587247607
4.1 0.0204456564259
4.11 0.0203330889824
4.12 0.0202210215926
4.13 0.0201094534008
4.14 0.0199983835337
4.15 0.0198878111
4.16 0.0197777351916
4.17 0.0196681548834
4.18 0.0195590692339
4.19 0.0194504772852
4.2 0.0193423780637
4.21 0.0192347705801
4.22 0.0191276538298
4.23 0.0190210267935
4.24 0.0189148884368
4.25 0.0188092377114
4.26 0.0187040735546
4.27 0.01859939489
4.28 0.0184952006278
4.29 0.0183914896648
4.3 0.018288260885
4.31 0.0181855131597
4.32 0.0180832453478
4.33 0.017981456296
4.34 0.0178801448393
4.35 0.0177793098009
4.36 0.0176789499928
4.37 0.0175790642159
4.38 0.0174796512601
4.39 0.0173807099049
4.4 0.0172822389194
4.41 0.0171842370624
4.42 0.0170867030831
4.43 0.016989635721
4.44 0.016893033706
4.45 0.0167968957591
4.46 0.016701220592
4.47 0.0166060069081
4.48 0.0165112534019
4.49 0.0164169587599
4.5 0.0163231216602
4.51 0.0162297407734
4.52 0.0161368147621
4.53 0.0160443422816
4.54 0.0159523219801
4.55 0.0158607524983
4.56 0.0157696324706
4.57 0.0156789605242
4.58 0.0155887352802
4.59 0.0154989553533
4.6 0.015409619352
4.61 0.015320725879
4.62 0.0152322735313
4.63 0.0151442609001
4.64 0.0150566865716
4.65 0.0149695491266
4.66 0.0148828471406
4.67 0.0147965791848
4.68 0.0147107438251
4.69 0.0146253396234
4.7 0.0145403651369
4.71 0.0144558189186
4.72 0.0143716995176
4.73 0.0142880054789
4.74 0.014204735344
4.75 0.0141218876506
4.76 0.0140394609331
4.77 0.0139574537223
4.78 0.0138758645463
4.79 0.0137946919298
4.8 0.0137139343947
4.81 0.0136335904605
4.82 0.0135536586436
4.83 0.0134741374582
4.84 0.0133950254162
4.85 0.0133163210271
4.86 0.0132380227986
4.87 0.0131601292363
4.88 0.0130826388438
4.89 0.0130055501233
4.9 0.0129288615753
4.91 0.0128525716989
4.92 0.0127766789916
4.93 0.01270118195
4.94 0.0126260790694
4.95 0.0125513688441
4.96 0.0124770497677
4.97 0.0124031203327
4.98 0.0123295790312
4.99 0.0122564243546
5.0 0.0121836547938
5.01 0.0121112688395
5.02 0.0120392649819
5.03 0.0119676417112
5.04 0.0118963975175
5.05 0.0118255308909
5.06 0.0117550403217
5.07 0.0116849243004
5.08 0.0116151813176
5.09 0.0115458098645
5.1 0.0114768084328
5.11 0.0114081755148
5.12 0.0113399096032
5.13 0.0112720091917
5.14 0.0112044727747
5.15 0.0111372988476
5.16 0.0110704859067
5.17 0.0110040324495
5.18 0.0109379369744
5.19 0.0108721979812
5.2 0.010806813971
5.21 0.0107417834462
5.22 0.0106771049107
5.23 0.0106127768699
5.24 0.0105487978306
5.25 0.0104851663016
5.26 0.0104218807932
5.27 0.0103589398174
5.28 0.0102963418882
5.29 0.0102340855215
5.3 0.0101721692353
5.31 0.0101105915492
5.32 0.0100493509854
5.33 0.00998844606804
5.34 0.00992787532344
5.35 0.00986763728025
5.36 0.00980773046947
5.37 0.00974815342446
5.38 0.00968890468102
5.39 0.00962998277747
5.4 0.00957138625464
5.41 0.00951311365601
5.42 0.00945516352765
5.43 0.00939753441838
5.44 0.00934022487975
5.45 0.00928323346609
5.46 0.00922655873459
5.47 0.00917019924532
5.48 0.0091141535613
5.49 0.00905842024849
5.5 0.00900299787591
5.51 0.00894788501561
5.52 0.00889308024277
5.53 0.00883858213569
5.54 0.00878438927586
5.55 0.00873050024801
5.56 0.00867691364011
5.57 0.00862362804343
5.58 0.00857064205258
5.59 0.00851795426554
5.6 0.00846556328368
5.61 0.00841346771184
5.62 0.00836166615829
5.63 0.00831015723485
5.64 0.00825893955683
5.65 0.00820801174313
5.66 0.00815737241627
5.67 0.00810702020236
5.68 0.00805695373118
5.69 0.0080071716362
5.7 0.00795767255461
5.71 0.00790845512731
5.72 0.007859517999
5.73 0.00781085981815
5.74 0.00776247923706
5.75 0.00771437491185
5.76 0.00766654550254
5.77 0.007618989673
5.78 0.00757170609103
5.79 0.00752469342836
5.8 0.00747795036068
5.81 0.00743147556765
5.82 0.00738526773291
5.83 0.00733932554414
5.84 0.00729364769304
5.85 0.00724823287535
5.86 0.00720307979091
5.87 0.00715818714361
5.88 0.00711355364148
5.89 0.00706917799664
5.9 0.00702505892538
5.91 0.0069811951481
5.92 0.00693758538941
5.93 0.00689422837806
5.94 0.00685112284703
5.95 0.00680826753348
5.96 0.00676566117881
5.97 0.00672330252864
5.98 0.00668119033284
5.99 0.00663932334555
6.0 0.00659770032516
6.01 0.00655632003435
6.02 0.00651518124007
6.03 0.00647428271358
6.04 0.00643362323047
6.05 0.00639320157061
6.06 0.00635301651821
6.07 0.00631306686182
6.08 0.00627335139432
6.09 0.00623386891294
6.1 0.00619461821928
6.11 0.00615559811927
6.12 0.00611680742324
6.13 0.00607824494588
6.14 0.00603990950626
6.15 0.00600179992782
6.16 0.00596391503841
6.17 0.00592625367027
6.18 0.00588881466002
6.19 0.0058515968487
6.2 0.00581459908175
6.21 0.00577782020899
6.22 0.0057412590847
6.23 0.00570491456752
6.24 0.00566878552054
6.25 0.00563287081125
6.26 0.00559716931157
6.27 0.00556167989781
6.28 0.00552640145073
6.29 0.00549133285549
6.3 0.00545647300169
6.31 0.00542182078332
6.32 0.00538737509882
6.33 0.00535313485102
6.34 0.00531909894719
6.35 0.00528526629902
6.36 0.00525163582259
6.37 0.00521820643842
6.38 0.00518497707142
6.39 0.00515194665093
6.4 0.00511911411068
6.41 0.00508647838883
6.42 0.00505403842791
6.43 0.00502179317486
6.44 0.00498974158104
6.45 0.00495788260217
6.46 0.00492621519837
6.47 0.00489473833414
6.48 0.00486345097838
6.49 0.00483235210434
6.5 0.00480144068966
6.51 0.00477071571633
6.52 0.00474017617071
6.53 0.00470982104353
6.54 0.00467964932984
6.55 0.00464966002906
6.56 0.00461985214495
6.57 0.00459022468559
6.58 0.00456077666338
6.59 0.00453150709508
6.6 0.00450241500172
6.61 0.00447349940867
6.62 0.00444475934558
6.63 0.0044161938464
6.64 0.00438780194938
6.65 0.00435958269704
6.66 0.00433153513617
6.67 0.00430365831782
6.68 0.00427595129732
6.69 0.00424841313422
6.7 0.00422104289234
6.71 0.00419383963971
6.72 0.0041668024486
6.73 0.00413993039548
6.74 0.00411322256104
6.75 0.00408667803018
6.76 0.00406029589197
6.77 0.00403407523966
6.78 0.0040080151707
6.79 0.00398211478667
6.8 0.00395637319332
6.81 0.00393078950056
6.82 0.00390536282239
6.83 0.00388009227699
6.84 0.00385497698661
6.85 0.00383001607764
6.86 0.00380520868053
6.87 0.00378055392986
6.88 0.00375605096425
6.89 0.0037316989264
6.9 0.00370749696306
6.91 0.00368344422502
6.92 0.00365953986713
6.93 0.00363578304823
6.94 0.00361217293119
6.95 0.00358870868287
6.96 0.00356538947415
6.97 0.00354221447986
6.98 0.00351918287882
6.99 0.00349629385378
7.0 0.00347354659146
7.01 0.00345094028252
7.02 0.00342847412153
7.03 0.00340614730698
7.04 0.00338395904126
7.05 0.00336190853064
7.06 0.0033399949853
7.07 0.00331821761924
7.08 0.00329657565036
7.09 0.00327506830038
7.1 0.00325369479485
7.11 0.00323245436316
7.12 0.00321134623848
7.13 0.00319036965779
7.14 0.00316952386186
7.15 0.00314880809523
7.16 0.00312822160618
7.17 0.00310776364678
7.18 0.00308743347278
7.19 0.0030672303437
7.2 0.00304715352275
7.21 0.00302720227685
7.22 0.00300737587658
7.23 0.00298767359623
7.24 0.00296809471373
7.25 0.00294863851065
7.26 0.00292930427223
7.27 0.0029100912873
7.28 0.00289099884832
7.29 0.00287202625135
7.3 0.00285317279602
7.31 0.00283443778556
7.32 0.00281582052673
7.33 0.00279732032986
7.34 0.00277893650881
7.35 0.00276066838096
7.36 0.00274251526721
7.37 0.00272447649195
7.38 0.00270655138305
7.39 0.00268873927186
7.4 0.00267103949319
7.41 0.00265345138529
7.42 0.00263597428983
7.43 0.00261860755195
7.44 0.00260135052013
7.45 0.0025842025463
7.46 0.00256716298575
7.47 0.00255023119713
7.48 0.00253340654246
7.49 0.0025166883871
7.5 0.00250007609975
7.51 0.00248356905239
7.52 0.00246716662036
7.53 0.00245086818225
7.54 0.00243467311994
7.55 0.00241858081858
7.56 0.00240259066656
7.57 0.00238670205554
7.58 0.00237091438037
7.59 0.00235522703913
7.6 0.00233963943311
7.61 0.00232415096677
7.62 0.00230876104777
7.63 0.00229346908689
7.64 0.00227827449811
7.65 0.00226317669851
7.66 0.0022481751083
7.67 0.00223326915082
7.68 0.00221845825248
7.69 0.0022037418428
7.7 0.00218911935436
7.71 0.00217459022279
7.72 0.00216015388677
7.73 0.00214580978804
7.74 0.00213155737132
7.75 0.00211739608437
7.76 0.00210332537792
7.77 0.00208934470571
7.78 0.00207545352441
7.79 0.0020616512937
7.8 0.00204793747615
7.81 0.00203431153729
7.82 0.00202077294557
7.83 0.00200732117233
7.84 0.00199395569183
7.85 0.00198067598117
7.86 0.00196748152036
7.87 0.00195437179224
7.88 0.00194134628249
7.89 0.00192840447964
7.9 0.00191554587501
7.91 0.00190276996276
7.92 0.00189007623982
7.93 0.00187746420589
7.94 0.00186493336346
7.95 0.00185248321777
7.96 0.00184011327679
7.97 0.00182782305124
7.98 0.00181561205453
7.99 0.0018034798028
8.0 0.00179142581488
8.01 0.00177944961227
8.02 0.00176755071915
8.03 0.00175572866235
8.04 0.00174398297134
8.05 0.00173231317822
8.06 0.00172071881774
8.07 0.00170919942722
8.08 0.00169775454659
8.09 0.00168638371836
8.1 0.00167508648763
8.11 0.00166386240203
8.12 0.00165271101176
8.13 0.00164163186954
8.14 0.00163062453062
8.15 0.00161968855278
8.16 0.00160882349626
8.17 0.00159802892382
8.18 0.00158730440069
8.19 0.00157664949455
8.2 0.00156606377555
8.21 0.00155554681628
8.22 0.00154509819173
8.23 0.00153471747936
8.24 0.00152440425898
8.25 0.00151415811283
8.26 0.00150397862553
8.27 0.00149386538406
8.28 0.00148381797776
8.29 0.00147383599832
8.3 0.00146391903978
8.31 0.00145406669848
8.32 0.0014442785731
8.33 0.00143455426461
8.34 0.00142489337626
8.35 0.0014152955136
8.36 0.00140576028444
8.37 0.00139628729886
8.38 0.00138687616916
8.39 0.0013775265099
8.4 0.00136823793785
8.41 0.00135901007201
8.42 0.00134984253356
8.43 0.00134073494588
8.44 0.00133168693455
8.45 0.00132269812728
8.46 0.00131376815398
8.47 0.00130489664668
8.48 0.00129608323955
8.49 0.00128732756891
8.5 0.00127862927316
8.51 0.00126998799283
8.52 0.00126140337054
8.53 0.00125287505098
8.54 0.00124440268093
8.55 0.00123598590923
8.56 0.00122762438676
8.57 0.00121931776645
8.58 0.00121106570327
8.59 0.00120286785418
8.6 0.00119472387819
8.61 0.00118663343629
8.62 0.00117859619145
8.63 0.00117061180864
8.64 0.00116267995478
8.65 0.00115480029877
8.66 0.00114697251143
8.67 0.00113919626556
8.68 0.00113147123584
8.69 0.00112379709891
8.7 0.0011161735333
8.71 0.00110860021944
8.72 0.00110107683965
8.73 0.00109360307813
8.74 0.00108617862095
8.75 0.00107880315604
8.76 0.00107147637317
8.77 0.00106419796396
8.78 0.00105696762187
8.79 0.00104978504215
8.8 0.00104264992189
8.81 0.00103556195997
8.82 0.00102852085707
8.83 0.00102152631563
8.84 0.00101457803989
8.85 0.00100767573584
8.86 0.00100081911123
8.87 0.000994007875548
8.88 0.000987241740018
8.89 0.000980520417597
8.9 0.000973843622955
8.91 0.000967211072469
8.92 0.000960622484217
8.93 0.000954077577965
8.94 0.000947576075161
8.95 0.000941117698924
8.96 0.000934702174035
8.97 0.000928329226928
8.98 0.000921998585684
8.99 0.000915709980017
9.0 0.00090946314127
9.01 0.000903257802403
9.02 0.000897093697986
9.03 0.000890970564189
9.04 0.000884888138775
9.05 0.000878846161088
9.06 0.000872844372049
9.07 0.000866882514143
9.08 0.000860960331415
9.09 0.000855077569456
9.1 0.0008492339754
9.11 0.000843429297911
9.12 0.000837663287179
9.13 0.000831935694907
9.14 0.000826246274306
9.15 0.000820594780086
9.16 0.000814980968447
9.17 0.00080940459707
9.18 0.000803865425113
9.19 0.000798363213197
9.2 0.000792897723402
9.21 0.000787468719257
9.22 0.000782075965734
9.23 0.000776719229237
9.24 0.000771398277598
9.25 0.000766112880064
9.26 0.000760862807294
9.27 0.000755647831348
9.28 0.00075046772568
9.29 0.000745322265131
9.3 0.000740211225921
9.31 0.00073513438564
9.32 0.000730091523243
9.33 0.000725082419038
9.34 0.000720106854683
9.35 0.000715164613176
9.36 0.000710255478848
9.37 0.000705379237356
9.38 0.000700535675675
9.39 0.000695724582088
9.4 0.000690945746184
9.41 0.000686198958847
9.42 0.00068148401225
9.43 0.000676800699846
9.44 0.000672148816363
9.45 0.000667528157796
9.46 0.000662938521397
9.47 0.000658379705674
9.48 0.000653851510378
9.49 0.000649353736498
9.5 0.000644886186256
9.51 0.000640448663096
9.52 0.000636040971681
9.53 0.000631662917883
9.54 0.000627314308778
9.55 0.000622994952637
9.56 0.000618704658923
9.57 0.00061444323828
9.58 0.000610210502528
9.59 0.000606006264656
9.6 0.000601830338818
9.61 0.00059768254032
9.62 0.000593562685619
9.63 0.000589470592317
9.64 0.000585406079147
9.65 0.000581368965976
9.66 0.00057735907379
9.67 0.000573376224696
9.68 0.000569420241906
9.69 0.00056549094974
9.7 0.000561588173612
9.71 0.000557711740028
9.72 0.000553861476579
9.73 0.000550037211934
9.74 0.000546238775832
9.75 0.000542465999081
9.76 0.000538718713547
9.77 0.000534996752147
9.78 0.00053129994885
9.79 0.000527628138663
9.8 0.000523981157627
9.81 0.000520358842815
9.82 0.000516761032321
9.83 0.000513187565257
9.84 0.000509638281745
9.85 0.000506113022913
9.86 0.000502611630888
9.87 0.00049913394879
9.88 0.000495679820727
9.89 0.000492249091789
9.9 0.000488841608042
9.91 0.00048545721652
9.92 0.000482095765225
9.93 0.000478757103116
9.94 0.000475441080105
9.95 0.000472147547052
9.96 0.000468876355759
9.97 0.000465627358965
9.98 0.000462400410338
9.99 0.000459195364474
