10 0.0129039251159
11 0.0170989860301
12 0.0221229149153
13 0.0280696238951
14 0.0350068963586
15 0.043017394944
16 0.0521678071419
17 0.0625268865612
18 0.0741635647756
19 0.0871263802997
20 0.101486060382
21 0.117263538075
22 0.13449844856
23 0.153280196199
24 0.173548139651
25 0.195350272807
26 0.218748496104
27 0.243578064334
28 0.270097262024
29 0.298044825942
30 0.327371891195
31 0.358250875923
32 0.390522792863
33 0.424095404502
34 0.45892274311
35 0.494965458835
36 0.532090936469
37 0.570269132815
38 0.609290955929
39 0.649197624196
40 0.689896398258
41 0.731149147115
42 0.772887717191
43 0.815165335909
44 0.857854386081
45 0.900702097285
46 0.943885087654
47 0.98708498012
48 1.0302077517
49 1.07322968081
50 1.11621469273
51 1.15901849678
52 1.20152449428
53 1.24365270749
54 1.28536852158
55 1.32669103356
56 1.3672652098
57 1.40762397296
58 1.44750269597
59 1.48609608503
60 1.52463427835
61 1.5623754982
62 1.59964423912
63 1.63623541501
64 1.67193046107
65 1.70717800062
66 1.74111379049
67 1.7749567798
68 1.8078540411
69 1.84041401954
70 1.8717163077
71 1.90241378261
72 1.93239328841
73 1.96243506793
74 1.99065189868
75 2.01969199697
76 2.04665974896
77 2.0733553109
78 2.09972871505
79 2.12572832767
80 2.15130099928
81 2.17528915031
82 2.19981829501
83 2.22260253421
84 2.24586368057
85 2.2684172799
86 2.29020570628
87 2.31117150973
88 2.33252472476
89 2.35298546796
90 2.3724961269
91 2.39233305104
92 2.41250449329
93 2.43026358639
94 2.44968350089
95 2.46657786986
96 2.48514504549
97 2.50253381549
98 2.51868866993
99 2.5350534516
100 2.55163227917
101 2.56842937975
102 2.58389253074
103 2.59954300034
104 2.61379140899
105 2.62980728772
106 2.64439032259
107 2.6574894697
108 2.67238200097
109 2.68576063427
110 2.69927389532
111 2.71292382652
112 2.72671251179
113 2.73889310374
114 2.75118300869
115 2.76358370481
116 2.776096697
117 2.78872351758
118 2.80146572687
119 2.8124806642
120 2.82358256155
121 2.83664606316
122 2.84793994264
123 2.85742043513
124 2.86888067751
125 2.88043321716
126 2.8901316455
127 2.90185631749
128 2.9116997921
129 2.92161027472
130 2.93359227174
131 2.94365260189
132 2.95378217038
133 2.96193615843
134 2.97219217006
135 2.98251945348
136 2.99083309656
137 3.00129055494
138 3.00970932227
139 3.02029943249
140 3.02882533067
141 3.03739950004
142 3.04818571986
143 3.05687000966
144 3.06560392397
145 3.07438788937
146 3.08322233733
147 3.0921077043
148 3.09880541051
149 3.10778095117
150 3.1168086373
151 3.12588892466
152 3.13273393691
153 3.14190738914
154 3.14882281259
155 3.15809087091
156 3.16507779761
157 3.17444193311
158 3.18150147781
159 3.1885924915
160 3.19809649297
161 3.2052617577
162 3.21245920177
163 3.21968904243
164 3.22695149892
165 3.23668589258
166 3.24402531637
167 3.25139810118
168 3.25880447499
169 3.26624466786
170 3.27371891195
171 3.2787207743
172 3.28625229216
173 3.29381849084
174 3.30141961043
175 3.30905589326
176 3.3167275839
177 3.32186183712
178 3.32959309043
179 3.3373604149
180 3.34255879561
181 3.35038680216
182 3.35825155991
183 3.36351527709
184 3.37144186454
185 3.3767470445
186 3.38473619366
187 3.39276323602
188 3.39813578271
189 3.40352537158
190 3.41164188677
191 3.41707443755
192 3.42525578098
193 3.4307318094
194 3.43897876087
195 3.44449879098
196 3.45003657039
197 3.45837670714
198 3.46395923613
199 3.46955981695
200 3.4751785373
201 3.4836408227
202 3.48930527932
203 3.49498818694
204 3.50068963586
205 3.50927677315
206 3.51502497425
207 3.52079203738
208 3.52657805552
209 3.53238312227
210 3.53820733187
211 3.54405077916
212 3.5499135596
213 3.55874419035
214 3.56465572555
215 3.57058693308
216 3.5765379113
217 3.58250875923
218 3.58849957656
219 3.59451046362
220 3.60054152144
221 3.60659285173
222 3.61266455687
223 3.61875673993
224 3.62181054309
225 3.62793363784
226 3.63407747126
227 3.64024214891
228 3.64642777703
229 3.65263446261
230 3.65886231335
231 3.66511143771
232 3.67138194488
233 3.67452525134
234 3.68082803908
235 3.68715248588
236 3.69349870358
237 3.6998668048
238 3.70305909712
239 3.70946023644
240 3.71588354421
241 3.72232913579
242 3.72556032427
243 3.73203955962
244 3.7385413707
245 3.74506587571
246 3.7483366756
247 3.75489544494
248 3.76147720733
249 3.76477674874
250 3.77139322809
251 3.7780330049
252 3.78136166834
253 3.78803662274
254 3.79473518441
255 3.79809335713
256 3.80482756521
257 3.81158569588
258 3.81497377206
259 3.82176802632
260 3.82517423669
261 3.83200490497
262 3.83886001213
263 3.84229677132
264 3.84918878346
265 3.85264406962
266 3.85957328558
267 3.86304724893
268 3.87001397075
269 3.87350676314
270 3.88051129617
271 3.88754120794
272 3.89106572399
273 3.89813396327
274 3.90167772142
275 3.90878460252
276 3.91234776077
277 3.91591742113
278 3.92307631953
279 3.92666559338
280 3.93386388044
281 3.93747292987
282 3.94471093158
283 3.94833992048
284 3.95561796642
285 3.95926706048
286 3.96292289341
287 3.97025485066
288 3.97393101256
289 3.98130379737
290 3.98500045828
291 3.9887039903
292 3.99613174447
293 3.99985600518
294 4.00732539081
295 4.01107055473
296 4.0148227255
297 4.02234816641
298 4.02612147614
299 4.02990187189
300 4.03748400147
301 4.04128577548
302 4.04509471589
303 4.05273417711
304 4.05656473872
305 4.06040254831
306 4.0680999939
307 4.07195967131
308 4.07582667955
309 4.08358277218
310 4.08747189863
311 4.09136844
312 4.09527241752
313 4.10310276631
314 4.10702918044
315 4.11096311644
316 4.11490459594
317 4.12281027239
318 4.12677451304
319 4.13074638456
320 4.13472590902
321 4.14270800537
322 4.1467106218
323 4.15072098023
324 4.15473910316
325 4.16279873284
326 4.16684028501
327 4.17088969248
328 4.17494697817
329 4.1790121651
330 4.18716633518
331 4.19125536481
332 4.19535238862
333 4.1994574301
334 4.20357051279
335 4.21182089653
336 4.21595824515
337 4.22010373015
338 4.22425737555
339 4.22841920548
340 4.23258924414
341 4.24095404502
342 4.24514885614
343 4.24935197382
344 4.25356342276
345 4.25778322774
346 4.26201141367
347 4.26624800553
348 4.27049302842
349 4.27900846816
350 4.28327893569
351 4.28755793563
352 4.29184549356
353 4.2961416352
354 4.30087733597
355 4.30562348873
356 4.31038012811
357 4.31514728892
358 4.3199250061
359 4.32471331475
360 4.32907554323
361 4.33388417001
362 4.33870349127
363 4.34353354272
364 4.3479338401
365 4.35278447623
366 4.35720354676
367 4.36207489944
368 4.36651286353
369 4.37140506576
370 4.37586204482
371 4.38077523075
372 4.38525134726
373 4.39018565217
374 4.39468102966
375 4.39918562276
376 4.40369945984
377 4.40867539144
378 4.41320873374
379 4.41775140871
380 4.4223034452
381 4.42686487216
382 4.4314357187
383 4.43601601402
384 4.44060578744
385 4.44520506842
386 4.44981388653
387 4.45443227147
388 4.45906025305
389 4.46323366635
390 4.46787996415
391 4.47253594577
392 4.47720164152
393 4.48140909843
394 4.48609333497
395 4.49078737424
396 4.49502041638
397 4.49973316582
398 4.50445580768
399 4.50871466915
400 4.51345619262
401 4.51773209849
402 4.52249261703
403 4.52678566983
404 4.53108688087
405 4.53587560089
406 4.54019411146
407 4.54452085299
408 4.54933802582
409 4.55368222129
410 4.55803472129
411 4.56239554966
412 4.56676473033
413 4.57162920064
414 4.57601609293
415 4.58041141255
416 4.58481518381
417 4.5892274311
418 4.59364817892
419 4.59807745186
420 4.6025152746
421 4.60696167192
422 4.6114166687
423 4.61588028991
424 4.61985521374
425 4.62433519401
426 4.6288238714
427 4.63332127125
428 4.63782741902
429 4.64184024828
430 4.64636298967
431 4.65089455306
432 4.6549300364
433 4.65947833412
434 4.66403552876
435 4.66809385856
436 4.67266792984
437 4.67674130278
438 4.68133234464
439 4.6854208445
440 4.69002895155
441 4.69413266276
442 4.69875793033
443 4.70287693794
444 4.70700317346
445 4.71165385175
446 4.7157955099
447 4.71994445569
448 4.72462075469
449 4.72878525073
450 4.7329570948
451 4.7376592268
452 4.74184675015
453 4.74604168259
454 4.75024404379
455 4.75445385351
456 4.75867113157
457 4.76289589786
458 4.76765773557
459 4.77189848072
460 4.77614677672
461 4.78040264375
462 4.78466610208
463 4.78893717202
464 4.79321587398
465 4.79696601493
466 4.80125908218
467 4.80555984051
468 4.80986831062
469 4.81418451325
470 4.81850846925
471 4.82284019953
472 4.82663685736
473 4.83098322103
474 4.83533741952
475 4.83969947402
476 4.84352273283
477 4.84789957479
478 4.85228433416
479 4.85612751025
480 4.86052717278
481 4.86493481474
482 4.86879806417
483 4.8732207262
484 4.87709715178
485 4.88153491079
486 4.88542458004
487 4.88987751346
488 4.89378049437
489 4.89824868017
490 4.90216504119
491 4.90664855786
492 4.91057836792
493 4.91507729451
494 4.91902062299
495 4.92297028397
496 4.92749195587
497 4.93145523792
498 4.9354249006
499 4.93996949075
500 4.9439528782
501 4.94794269491
502 4.95193895646
503 4.95651402421
504 4.96052414882
505 4.96454076757
506 4.96856389623
507 4.97259355065
508 4.97662974671
509 4.98125057284
510 4.98530084047
511 4.98935770003
512 4.99342116761
513 4.99749125939
514 5.00156799157
515 5.00565138041
516 5.00974144223
517 5.01383819341
518 5.01794165037
519 5.02205182958
520 5.02616874758
521 5.03029242096
522 5.03442286635
523 5.03856010045
524 5.04211171706
525 5.04626160325
526 5.05041832615
527 5.05458190268
528 5.05875234979
529 5.06292968451
530 5.06651575205
531 5.0707059234
532 5.07490303129
533 5.07910709297
534 5.08271612217
535 5.08693314396
536 5.09115716911
537 5.09478334943
538 5.09902042719
539 5.10326455834
540 5.10690801233
541 5.11116528946
542 5.11542967052
543 5.1190905219
544 5.1233681432
545 5.1270403698
546 5.13133129312
547 5.13501494803
548 5.1393192355
549 5.14301437215
550 5.14733208631
551 5.15103875848
552 5.15536996224
553 5.15908822402
554 5.16343298071
555 5.16716288654
556 5.17089818501
557 5.17526286454
558 5.17900988725
559 5.18338827725
560 5.18714707948
561 5.19091133716
562 5.19530988205
563 5.19908600068
564 5.20286761251
565 5.20665472954
566 5.21108000675
567 5.21487909303
568 5.21868372272
569 5.22249390796
570 5.22694616193
571 5.23076842604
572 5.23459628438
573 5.23842974925
574 5.24226883298
575 5.24675488211
576 5.25060618248
577 5.25446314099
578 5.25832577011
579 5.26219408235
580 5.26606809026
581 5.26994780644
582 5.2738332435
583 5.27772441412
584 5.28162133099
585 5.28552400685
586 5.28943245448
587 5.29334668668
588 5.29726671632
589 5.30119255628
590 5.30512421948
591 5.3090617189
592 5.31300506754
593 5.31695427845
594 5.32090936469
595 5.32487033941
596 5.32883721575
597 5.33281000691
598 5.33612519403
599 5.34010886346
600 5.34409848532
601 5.34809407297
602 5.35209563981
603 5.35610319925
604 5.35944741953
605 5.36346600045
606 5.36749061226
607 5.37152126854
608 5.37488477591
609 5.37892654914
610 5.38297440557
611 5.38635227606
612 5.39041132073
613 5.39447648763
614 5.39854779064
615 5.40194524048
616 5.40602782915
617 5.40943470325
618 5.41352862457
619 5.41762874724
620 5.42105026344
621 5.42516179189
622 5.42859283274
623 5.43271581464
624 5.43684506405
625 5.44029090324
626 5.44443168028
627 5.44788714593
628 5.45203949894
629 5.45550463145
630 5.45966860903
631 5.46314344904
632 5.46731910008
633 5.47080368842
634 5.47499106208
635 5.47848543983
636 5.48198428096
637 5.48618879402
638 5.48969748473
639 5.49391384225
640 5.49743242419
641 5.50095551597
642 5.50518919133
643 5.50872223535
644 5.51296787869
645 5.51651091718
646 5.52005851262
647 5.52432165473
648 5.52787930649
649 5.53144154345
650 5.53500837447
651 5.53929464838
652 5.54287161767
653 5.54645320957
654 5.55003943303
655 5.55434902752
656 5.55794547211
657 5.56154657712
658 5.56515235161
659 5.56948545752
660 5.57310153689
661 5.57672231492
662 5.58034780076
663 5.58397800359
664 5.58761293264
665 5.5919810991
666 5.59562645836
667 5.59927657347
668 5.60293145374
669 5.60659110851
670 5.61025554714
671 5.61392477902
672 5.61759881356
673 5.6212776602
674 5.62496132839
675 5.62938810803
676 5.63308241707
677 5.6367815781
678 5.64048560069
679 5.64419449443
680 5.64790826893
681 5.65162693385
682 5.65535049883
683 5.65907897358
684 5.66281236781
685 5.66655069126
686 5.66954490563
687 5.67329212632
688 5.67704430365
689 5.68080144747
690 5.68456356763
691 5.68833067404
692 5.69210277661
693 5.69587988528
694 5.69966201004
695 5.70344916088
696 5.70724134782
697 5.71027873013
698 5.71408000741
699 5.717886349
700 5.72169776505
701 5.72551426569
702 5.72933586112
703 5.73239681256
704 5.73622760433
705 5.74006351954
706 5.74390456847
707 5.74775076143
708 5.75083142645
709 5.75468690475
710 5.7585475561
711 5.76241339093
712 5.76550979791
713 5.76938498933
714 5.77326539355
715 5.7763734772
716 5.78026329099
717 5.78415834712
718 5.78727817363
719 5.7911826927
720 5.79509248388
721 5.79900755785
722 5.80214342783
723 5.80606803783
724 5.80921155057
725 5.81314573149
726 5.81708524473
727 5.82024070187
728 5.82418984063
729 5.82814434215
730 5.83131181191
731 5.83527599397
732 5.83845122237
733 5.84242512056
734 5.84560813615
735 5.84959178624
736 5.85358086956
737 5.85677605563
738 5.86077494683
739 5.86397799366
740 5.86798672896
741 5.87119766561
742 5.8752162814
743 5.87843513705
744 5.8824636699
745 5.88569047389
746 5.88972896056
747 5.89296374236
748 5.89701221979
749 5.90025500902
750 5.90350136666
751 5.90756434076
752 5.91081874888
753 5.9148918048
754 5.91815429338
755 5.92223746869
756 5.92550806788
757 5.92878228148
758 5.9328801404
759 5.93616250838
760 5.93944851033
761 5.9435611322
762 5.94685533263
763 5.9509782218
764 5.95428065145
765 5.95758674842
766 5.96172453613
767 5.96503890697
768 5.96835696504
769 5.9725097322
770 5.97583610911
771 5.97916619332
772 5.98249999103
773 5.98667246975
774 5.99001464559
775 5.99336055518
776 5.99754820229
777 6.00090253574
778 6.00426062334
779 6.00762247139
780 6.01183007923
781 6.01520041144
782 6.0185745247
783 6.02195242537
784 6.02533411984
785 6.02956658269
786 6.03295683661
787 6.03635090515
788 6.03974879477
789 6.04315051192
790 6.04740805067
791 6.05081840344
792 6.05423260483
793 6.05765066134
794 6.06107257953
795 6.06449836592
796 6.06792802709
797 6.07222056248
798 6.07565896597
799 6.07910126567
800 6.0825474682
801 6.08599758021
802 6.08945160835
803 6.09290955929
804 6.09637143972
805 6.09983725634
806 6.10417507262
807 6.10764977026
808 6.11112842597
809 6.11461104653
810 6.11809763872
811 6.12158820933
812 6.12508276518
813 6.1285813131
814 6.13208385993
815 6.13559041253
816 6.13910097777
817 6.14261556256
818 6.1461341738
819 6.1496568184
820 6.15318350332
821 6.15671423549
822 6.16024902191
823 6.16378786954
824 6.1673307854
825 6.17087777651
826 6.1744288499
827 6.17798401261
828 6.18154327173
829 6.18510663433
830 6.18867410752
831 6.19135241426
832 6.1949270981
833 6.19850591213
834 6.20208886353
835 6.20567595946
836 6.20926720712
837 6.21286261373
838 6.2164621865
839 6.2200659327
840 6.22367385957
841 6.22638255268
842 6.22999781327
843 6.2336172746
844 6.23724094399
845 6.24086882879
846 6.24450093636
847 6.24722779267
848 6.25086730784
849 6.25451106611
850 6.25815907489
851 6.26181134164
852 6.26546787381
853 6.26821307662
854 6.27187709128
855 6.27554539196
856 6.27921798619
857 6.28197525404
858 6.28565538014
859 6.28933982058
860 6.29302858294
861 6.29672167483
862 6.29949433959
863 6.30319502653
864 6.30690006402
865 6.3096817018
866 6.31339437123
867 6.31711141237
868 6.32083283293
869 6.32362677702
870 6.32735588023
871 6.33108938422
872 6.3338924049
873 6.33763362901
874 6.34137927536
875 6.34512935181
876 6.34794482112
877 6.35170266918
878 6.35546496899
879 6.35828962009
880 6.36205972956
881 6.36489024702
882 6.36866819048
883 6.37245062147
884 6.37529039448
885 6.37908069792
886 6.38287551095
887 6.38572458498
888 6.38952730916
889 6.39238232583
890 6.39619298593
891 6.40000819201
892 6.40287258476
893 6.40669576588
894 6.40956614929
895 6.41339733049
896 6.41723309444
897 6.42011292979
898 6.42395673337
899 6.42684260791
900 6.43069447642
901 6.43358640918
902 6.43744636802
903 6.44034437809
904 6.4442124528
905 6.44711655935
906 6.45099277553
907 6.45390299784
908 6.45778738123
909 6.46070373862
910 6.46459631505
911 6.46751882695
912 6.47141962238
913 6.47434830829
914 6.47825734877
915 6.48119222827
916 6.48510953999
917 6.48805063275
918 6.49197624196
919 6.49492356774
920 6.49885750085
921 6.50181107948
922 6.50575336299
923 6.50871321438
924 6.51167576022
925 6.51563001907
926 6.51859886629
927 6.52256154037
928 6.52553670908
929 6.52851459319
930 6.53248933571
931 6.53547357022
932 6.53945679348
933 6.54244739872
934 6.54544074052
935 6.5494361263
936 6.55243586803
937 6.55543835889
938 6.55944596296
939 6.56245488312
940 6.56647107338
941 6.56948644354
942 6.57250458432
943 6.57653308851
944 6.57955770897
945 6.58258511283
946 6.58561530392
947 6.58965990106
948 6.59269661069
949 6.59573612043
950 6.59979316248
951 6.60283922086
952 6.60588809229
953 6.60995763678
954 6.61301308715
955 6.61607136359
956 6.61913247002
957 6.62321835426
958 6.6262860793
959 6.62935664745
960 6.63243006268
961 6.63653238528
962 6.6396124591
963 6.64269539322
964 6.64578119164
965 6.649900052
966 6.65299254931
967 6.65608792426
968 6.65918618086
969 6.66332167918
970 6.66642667531
971 6.66953456653
972 6.67264535691
973 6.67575905049
974 6.67991516508
975 6.68303564865
976 6.68615904901
977 6.68928537027
978 6.6924146165
979 6.69554679183
980 6.69972758908
981 6.70286661497
982 6.70600858369
983 6.70915349939
984 6.71230136622
985 6.71545218833
986 6.71860596988
987 6.72281562275
988 6.72597632591
989 6.72914000245
990 6.73230665657
991 6.73547629247
992 6.73864891437
993 6.74182452649
994 6.74500313305
995 6.74818473831
996 6.7524315506
997 6.75562016931
998 6.75881180089
999 6.7620064496
