0.0 0.0
1.0 6.47208637519e-07
2.0 1.83058246573e-06
3.0 3.36299472984e-06
4.0 5.17766910015e-06
5.0 7.23601254558e-06
6.0 9.51198551425e-06
7.0 1.19864717087e-05
8.0 1.46446597258e-05
9.0 1.7474633213e-05
10.0 2.04665341589e-05
11.0 2.3612030329e-05
12.0 2.69039578387e-05
13.0 3.03360710705e-05
14.0 3.3902861711e-05
15.0 3.75994241195e-05
16.0 4.14213528012e-05
17.0 4.53646627631e-05
18.0 4.94257265746e-05
19.0 5.36012238803e-05
20.0 5.78881003647e-05
21.0 6.2283534009e-05
22.0 6.67849070528e-05
23.0 7.13897824774e-05
24.0 7.6095884114e-05
25.0 8.09010796898e-05
26.0 8.58033662739e-05
27.0 9.08008577056e-05
28.0 9.58917736698e-05
29.0 0.000101074430152
30.0 0.000106347231054
31.0 0.000111708660806
32.0 0.000117157277807
33.0 0.000122691708599
34.0 0.000128310642664
35.0 0.000134012827755
36.0 0.000139797065704
37.0 0.000145662208635
38.0 0.000151607155543
39.0 0.000157630849188
40.0 0.000163732273271
41.0 0.000169910449856
42.0 0.000176164437016
43.0 0.000182493326676
44.0 0.000188896242632
45.0 0.000195372338731
46.0 0.000201920797189
47.0 0.000208540827042
48.0 0.00021523166271
49.0 0.000221992562669
50.0 0.000228822808216
51.0 0.000235721702322
52.0 0.000242688568564
53.0 0.000249722750129
54.0 0.000256823608885
55.0 0.000263990524512
56.0 0.000271222893688
57.0 0.000278520129326
58.0 0.000285881659859
59.0 0.00029330692857
60.0 0.000300795392956
61.0 0.000308346524137
62.0 0.000315959806293
63.0 0.000323634736136
64.0 0.00033137082241
65.0 0.000339167585419
66.0 0.000347024556583
67.0 0.000354941278011
68.0 0.000362917302105
69.0 0.000370952191176
70.0 0.000379045517088
71.0 0.00038719686091
72.0 0.000395405812597
73.0 0.000403671970676
74.0 0.000411994941952
75.0 0.00042037434123
76.0 0.000428809791042
77.0 0.000437300921399
78.0 0.00044584736954
79.0 0.000454448779708
80.0 0.000463104802917
81.0 7.19466131051e-05
82.0 6.75961169454e-05
83.0 6.63810787366e-05
84.0 6.30475920147e-05
85.0 6.20780992179e-05
86.0 5.92581241137e-05
87.0 5.87586295167e-05
88.0 5.68442055517e-05
89.0 5.64243415312e-05
90.0 5.47282311051e-05
91.0 5.43994324742e-05
92.0 5.34204714076e-05
93.0 5.33688137036e-05
94.0 5.24365066026e-05
95.0 5.24038459371e-05
96.0 5.1586058208e-05
97.0 5.21753332251e-05
98.0 5.15284634555e-05
99.0 5.16080706928e-05
100.0 5.10002629976e-05
101.0 5.10864423772e-05
102.0 5.05130431653e-05
103.0 5.06043935452e-05
104.0 5.01012298691e-05
105.0 5.02352565767e-05
106.0 4.97943291502e-05
107.0 4.99303864103e-05
108.0 4.95107493777e-05
109.0 4.96484030044e-05
110.0 4.92486155768e-05
111.0 4.94245775598e-05
112.0 4.91135617659e-05
113.0 4.92893593562e-05
114.0 4.89909134684e-05
115.0 4.91660732162e-05
116.0 4.88798815906e-05
117.0 4.90545671671e-05
118.0 4.87794669663e-05
119.0 4.89852322184e-05
120.0 4.87808958554e-05
121.0 4.8984953487e-05
122.0 4.87878045373e-05
123.0 4.89904056635e-05
124.0 4.87999872466e-05
125.0 4.90008379805e-05
126.0 4.88167362368e-05
127.0 4.90163463179e-05
128.0 4.88684732654e-05
129.0 4.90961739186e-05
130.0 4.89819146507e-05
131.0 4.92077294417e-05
132.0 4.90965675495e-05
133.0 4.93205164272e-05
134.0 4.92125186727e-05
135.0 4.94343811466e-05
136.0 4.93296141188e-05
137.0 4.95496559977e-05
138.0 4.94477128325e-05
139.0 4.96920167956e-05
140.0 4.96444934174e-05
141.0 4.98867441171e-05
142.0 4.9840401943e-05
143.0 5.0080410278e-05
144.0 5.00351884695e-05
145.0 5.02732207361e-05
146.0 5.02292804667e-05
147.0 5.04653719292e-05
148.0 5.04228670551e-05
149.0 5.06570518866e-05
150.0 5.06154830522e-05
151.0 5.08480102063e-05
152.0 5.08561120199e-05
153.0 5.1111060348e-05
154.0 5.11193590524e-05
155.0 5.1372217221e-05
156.0 5.13806998886e-05
157.0 5.16317162647e-05
158.0 5.16403687827e-05
159.0 5.18895774001e-05
160.0 5.18983864658e-05
161.0 5.21460259793e-05
162.0 5.21549772157e-05
163.0 5.24008721931e-05
164.0 5.24103579992e-05
165.0 5.26545395874e-05
166.0 5.26643381351e-05
167.0 5.29312970152e-05
168.0 5.29891562409e-05
169.0 5.32545346372e-05
170.0 5.3312197445e-05
171.0 5.35760233063e-05
172.0 5.36332969669e-05
173.0 5.38955972194e-05
174.0 5.39524893395e-05
175.0 5.42132901402e-05
176.0 5.42700029827e-05
177.0 5.45293299516e-05
178.0 5.45858673309e-05
179.0 5.48439394257e-05
180.0 5.49003038296e-05
181.0 5.51571434081e-05
182.0 5.52133372835e-05
183.0 5.54687740497e-05
184.0 5.55249918367e-05
185.0 5.57794309998e-05
186.0 5.58788098753e-05
187.0 5.61536447018e-05
188.0 5.62525411977e-05
189.0 5.65264225508e-05
190.0 5.66248481116e-05
191.0 5.6897604545e-05
192.0 5.69955711025e-05
193.0 5.72672208955e-05
194.0 5.73651163568e-05
195.0 5.76356779836e-05
196.0 5.7733134642e-05
197.0 5.81560601196e-05
198.0 5.82528118737e-05
199.0 5.9092130242e-05
200.0 5.91862209733e-05
201.0 6.00424187718e-05
202.0 6.01339741928e-05
203.0 6.10073342965e-05
204.0 6.10960910841e-05
205.0 6.20403393839e-05
206.0 6.21261839851e-05
207.0 6.31349983586e-05
208.0 6.35930504389e-05
209.0 6.46322613898e-05
210.0 6.50966837187e-05
211.0 6.61673287772e-05
212.0 6.66382695185e-05
213.0 6.77409700503e-05
214.0 6.82185786146e-05
215.0 6.92595350003e-05
216.0 6.97433024912e-05
217.0 7.0876342519e-05
218.0 7.1366835155e-05
219.0 7.25338486418e-05
220.0 7.30312225249e-05
221.0 7.42333483426e-05
222.0 7.4737764131e-05
223.0 7.59877017566e-05
224.0 7.64994023813e-05
225.0 7.77792510113e-05
226.0 7.82983550679e-05
227.0 7.96026254307e-05
228.0 8.01292128487e-05
229.0 8.14732386604e-05
230.0 8.20074883457e-05
231.0 8.33929309113e-05
232.0 8.39350290801e-05
233.0 8.53636408309e-05
234.0 8.59137813929e-05
235.0 8.73347115289e-05
236.0 8.78927597523e-05
237.0 8.93841083364e-05
238.0 8.99504268754e-05
239.0 9.14893335471e-05
240.0 9.20641345956e-05
241.0 9.36508856372e-05
242.0 9.42343792063e-05
243.0 9.58710140369e-05
244.0 9.64634188469e-05
245.0 9.81540321492e-05
246.0 9.87555879939e-05
247.0 0.000100414281733
248.0 0.000101024701857
249.0 0.000102716045683
250.0 0.000103335437884
251.0 0.000105079125709
252.0 0.000105707713658
253.0 0.000107504647552
254.0 0.000108142656292
255.0 0.000109995064664
256.0 0.000110642728385
257.0 0.000112552487439
258.0 0.000113210047187
259.0 0.000115190903963
260.0 0.000115858676283
261.0 0.000117671822854
262.0 0.000118348745058
263.0 0.000120218691739
264.0 0.000120905001031
265.0 0.000122827206198
266.0 0.000123523110017
267.0 0.000125500114037
268.0 0.000126205830611
269.0 0.000128239190416
270.0 0.000128954943007
271.0 0.000131046847418
272.0 0.000131772867704
273.0 0.000133903503409
274.0 0.000134639910282
275.0 0.000136495823558
276.0 0.000137241022661
277.0 0.000139174424449
278.0 0.000139928756349
279.0 0.000141911000991
280.0 0.000142674646612
281.0 0.000144705353205
282.0 0.000145478488534
283.0 0.00014755995186
284.0 0.000148342762259
285.0 0.000150474515148
286.0 0.000151267180586
287.0 0.000153453079185
288.0 0.00015425579698
289.0 0.000156413794881
290.0 0.000157226333062
291.0 0.000158426813298
292.0 0.000159244147529
293.0 0.000161394345668
294.0 0.000162221301176
295.0 0.000164418173889
296.0 0.000165254906598
297.0 0.00016750314167
298.0 0.000168349828834
299.0 0.000170650165819
300.0 0.000164508224995
301.0 0.000166315322993
302.0 0.000166693660958
303.0 0.000168538416451
304.0 0.000168919364957
305.0 0.000170803135294
306.0 0.00017118638386
307.0 0.000173109999963
308.0 0.000173496075688
309.0 0.000175460339841
