200.0	1.0
201.0	1.0
202.0	1.0
203.0	1.0
204.0	1.0
205.0	1.0
206.0	1.0
207.0	1.0
208.0	1.0
209.0	1.0
210.0	1.0
211.0	1.0
212.0	1.0
213.0	1.0
214.0	1.0
215.0	1.0
216.0	1.0
217.0	1.0
218.0	1.0
219.0	1.0
220.0	1.0
221.0	1.0
222.0	1.0
223.0	1.0
224.0	1.0
225.0	1.0
226.0	1.0
227.0	1.0
228.0	1.0
229.0	4.92236876942e-05
230.0	9.55513038083e-06
231.0	2.34919854027e-06
232.0	7.49398447256e-07
233.0	3.22689109447e-07
234.0	1.9188411661e-07
235.0	1.49870902018e-07
236.0	1.36976710188e-07
237.0	1.33022177749e-07
238.0	1.31853091421e-07
239.0	1.32840160999e-07
240.0	1.39455477432e-07
241.0	1.63327047614e-07
242.0	2.34904542286e-07
243.0	4.39747952236e-07
244.0	1.06110915046e-06
245.0	3.17061398974e-06
246.0	1.13248551278e-05
247.0	4.73118695157e-05
248.0	1.0
249.0	1.0
250.0	1.0
251.0	1.0
252.0	1.0
253.0	1.0
254.0	1.0
255.0	1.0
256.0	1.0
257.0	1.0
258.0	1.0
259.0	1.0
260.0	1.0
261.0	1.0
262.0	1.0
263.0	1.0
264.0	1.0
265.0	1.0
266.0	1.0
267.0	1.0
268.0	1.0
269.0	1.0
270.0	1.0
271.0	1.0
272.0	1.0
273.0	1.0
274.0	1.0
275.0	1.0
276.0	1.0
277.0	1.0
278.0	1.0
279.0	1.0
280.0	1.0
281.0	1.0
282.0	1.0
283.0	1.0
284.0	1.0
285.0	1.0
286.0	1.0
287.0	1.0
288.0	1.0
289.0	1.0
290.0	1.0
291.0	1.0
292.0	1.0
293.0	1.0
294.0	1.0
295.0	1.0
296.0	1.0
297.0	1.0
298.0	1.0
299.0	1.0
300.0	1.0
301.0	1.0
302.0	1.0
303.0	1.0
304.0	1.0
305.0	1.0
306.0	1.0
307.0	1.0
308.0	1.0
309.0	1.0
310.0	1.0
311.0	1.0
312.0	1.0
313.0	1.0
314.0	1.0
315.0	1.0
316.0	1.0
317.0	1.0
318.0	1.0
319.0	1.0
320.0	1.0
321.0	1.0
322.0	1.0
323.0	1.0
324.0	1.0
325.0	1.0
326.0	1.0
327.0	1.0
328.0	1.0
329.0	1.0
330.0	1.0
331.0	1.0
332.0	1.0
333.0	1.0
334.0	1.0
335.0	1.0
336.0	1.0
337.0	1.0
338.0	1.0
339.0	1.0
340.0	1.0
341.0	1.0
342.0	1.0
343.0	1.0
344.0	1.0
345.0	1.0
346.0	1.0
347.0	1.0
348.0	1.0
349.0	1.0
350.0	1.0
351.0	1.0
352.0	1.0
353.0	1.0
354.0	1.0
355.0	1.0
356.0	1.0
357.0	1.0
358.0	1.0
359.0	1.0
360.0	1.0
361.0	1.0
362.0	1.0
363.0	1.0
364.0	1.0
365.0	1.0
366.0	1.0
367.0	1.0
368.0	1.0
369.0	1.0
370.0	1.0
371.0	1.0
372.0	1.0
373.0	1.0
374.0	1.0
375.0	1.0
376.0	1.0
377.0	1.0
378.0	1.0
379.0	1.0
380.0	1.0
381.0	1.0
382.0	1.0
383.0	1.0
384.0	1.0
385.0	1.0
386.0	1.0
387.0	1.0
388.0	1.0
389.0	1.0
390.0	1.0
391.0	1.0
392.0	1.0
393.0	1.0
394.0	1.0
395.0	1.0
396.0	1.0
397.0	1.0
398.0	1.0
399.0	1.0
400.0	1.0