2.000e+01	2.634e-04
2.050e+01	2.782e-04
2.100e+01	2.973e-04
2.150e+01	3.305e-04
2.200e+01	4.066e-04
2.250e+01	5.691e-04
2.300e+01	8.248e-04
2.350e+01	1.042e-03
2.400e+01	1.213e-03
2.450e+01	1.376e-03
2.500e+01	1.341e-03
2.550e+01	1.011e-03
2.600e+01	6.506e-04
2.650e+01	4.485e-04
2.700e+01	3.826e-04
2.750e+01	3.596e-04
2.800e+01	3.518e-04
2.850e+01	3.488e-04
2.900e+01	3.482e-04
2.950e+01	3.422e-04
3.000e+01	3.464e-04
3.050e+01	3.451e-04
3.100e+01	3.466e-04
3.150e+01	3.458e-04
3.200e+01	3.449e-04
3.250e+01	3.440e-04
3.300e+01	3.379e-04
3.350e+01	3.317e-04
3.400e+01	3.264e-04
3.450e+01	3.252e-04
3.500e+01	3.203e-04
3.550e+01	3.203e-04
3.600e+01	3.175e-04
3.650e+01	3.163e-04
3.700e+01	3.131e-04
3.750e+01	3.117e-04
3.800e+01	3.084e-04
3.850e+01	3.067e-04
3.900e+01	3.045e-04
3.950e+01	3.028e-04
4.000e+01	3.008e-04
4.050e+01	2.979e-04
4.100e+01	2.987e-04
4.150e+01	2.969e-04
4.200e+01	2.990e-04
4.250e+01	2.996e-04
4.300e+01	2.986e-04
4.350e+01	2.988e-04
4.400e+01	3.009e-04
4.450e+01	3.017e-04
4.500e+01	3.035e-04
4.550e+01	3.176e-04
4.600e+01	3.413e-04
4.650e+01	3.525e-04
4.700e+01	3.442e-04
4.750e+01	3.290e-04
4.800e+01	3.205e-04
4.850e+01	3.228e-04
4.900e+01	3.312e-04
4.950e+01	3.417e-04
5.000e+01	3.538e-04
5.050e+01	3.736e-04
5.100e+01	4.094e-04
5.150e+01	5.273e-04
5.200e+01	9.211e-04
5.250e+01	1.890e-03
5.300e+01	3.291e-03
5.350e+01	4.127e-03
5.400e+01	3.704e-03
5.450e+01	2.682e-03
5.500e+01	1.922e-03
5.550e+01	1.571e-03
5.600e+01	1.430e-03
5.650e+01	1.370e-03
5.700e+01	1.362e-03
5.750e+01	1.402e-03
5.800e+01	1.483e-03
5.850e+01	1.557e-03
5.900e+01	1.601e-03
5.950e+01	1.590e-03
6.000e+01	1.563e-03
6.050e+01	1.561e-03
6.100e+01	1.586e-03
6.150e+01	1.657e-03
6.200e+01	1.767e-03
6.250e+01	1.910e-03
6.300e+01	2.081e-03
6.350e+01	2.278e-03
6.400e+01	2.524e-03
6.450e+01	2.903e-03
6.500e+01	3.525e-03
6.550e+01	4.430e-03
6.600e+01	5.198e-03
6.650e+01	4.990e-03
6.700e+01	3.622e-03
6.750e+01	1.969e-03
6.800e+01	9.348e-04
6.850e+01	5.252e-04
6.900e+01	4.006e-04
6.950e+01	3.531e-04
7.000e+01	3.254e-04
7.050e+01	3.122e-04
7.100e+01	2.964e-04
7.150e+01	2.884e-04
7.200e+01	2.785e-04
7.250e+01	2.759e-04
7.300e+01	2.695e-04
7.350e+01	2.657e-04
7.400e+01	2.784e-04
7.450e+01	2.918e-04
7.500e+01	2.935e-04
7.550e+01	2.771e-04
7.600e+01	2.694e-04
7.650e+01	2.834e-04
7.700e+01	2.907e-04
7.750e+01	2.742e-04
7.800e+01	2.438e-04
7.850e+01	2.161e-04
7.900e+01	2.082e-04
7.950e+01	2.050e-04
8.000e+01	2.055e-04
8.050e+01	2.031e-04
8.100e+01	2.064e-04
8.150e+01	2.048e-04
8.200e+01	2.058e-04
8.250e+01	2.087e-04
8.300e+01	2.108e-04
8.350e+01	2.158e-04
8.400e+01	2.230e-04
8.450e+01	2.226e-04
8.500e+01	2.216e-04
8.550e+01	2.196e-04
8.600e+01	2.280e-04
8.650e+01	2.374e-04
8.700e+01	2.447e-04
8.750e+01	2.427e-04
8.800e+01	2.326e-04
8.850e+01	2.273e-04
8.900e+01	2.324e-04
8.950e+01	2.459e-04
9.000e+01	2.633e-04
9.050e+01	3.070e-04
9.100e+01	4.574e-04
9.150e+01	8.337e-04
9.200e+01	1.412e-03
9.250e+01	1.860e-03
9.300e+01	1.829e-03
9.350e+01	1.428e-03
9.400e+01	9.908e-04
9.450e+01	6.940e-04
9.500e+01	5.320e-04
9.550e+01	4.530e-04
9.600e+01	4.161e-04
9.650e+01	3.903e-04
9.700e+01	3.723e-04
9.750e+01	3.687e-04
9.800e+01	3.693e-04
9.850e+01	3.690e-04
9.900e+01	3.739e-04
9.950e+01	3.849e-04
1.000e+02	4.175e-04
1.005e+02	4.574e-04
1.010e+02	4.889e-04
1.015e+02	5.047e-04
1.020e+02	5.146e-04
1.025e+02	4.926e-04
1.030e+02	4.097e-04
1.035e+02	3.056e-04
1.040e+02	2.284e-04
1.045e+02	1.942e-04
1.050e+02	1.833e-04
1.055e+02	1.797e-04
1.060e+02	1.743e-04
1.065e+02	1.733e-04
1.070e+02	1.712e-04
1.075e+02	1.733e-04
1.080e+02	1.722e-04
1.085e+02	1.732e-04
1.090e+02	1.750e-04
1.095e+02	1.740e-04
1.100e+02	1.729e-04
1.105e+02	1.732e-04
1.110e+02	1.698e-04
1.115e+02	1.695e-04
1.120e+02	1.712e-04
1.125e+02	1.758e-04
1.130e+02	1.738e-04
1.135e+02	1.735e-04
1.140e+02	1.690e-04
1.145e+02	1.699e-04
1.150e+02	1.705e-04
1.155e+02	1.705e-04
1.160e+02	1.693e-04
1.165e+02	1.700e-04
1.170e+02	1.703e-04
1.175e+02	1.743e-04
1.180e+02	1.832e-04
1.185e+02	2.029e-04
1.190e+02	2.263e-04
1.195e+02	2.333e-04
1.200e+02	2.169e-04
1.205e+02	1.954e-04
1.210e+02	1.849e-04
1.215e+02	1.792e-04
1.220e+02	1.804e-04
1.225e+02	1.774e-04
1.230e+02	1.756e-04
1.235e+02	1.790e-04
1.240e+02	1.789e-04
1.245e+02	1.825e-04
1.250e+02	1.846e-04
1.255e+02	1.786e-04
1.260e+02	1.790e-04
1.265e+02	1.780e-04
1.270e+02	1.835e-04
1.275e+02	1.825e-04
1.280e+02	1.833e-04
1.285e+02	1.870e-04
1.290e+02	1.886e-04
1.295e+02	1.882e-04
1.300e+02	1.904e-04
1.305e+02	1.891e-04
1.310e+02	1.913e-04
1.315e+02	1.927e-04
1.320e+02	1.943e-04
1.325e+02	1.954e-04
1.330e+02	2.012e-04
1.335e+02	2.043e-04
1.340e+02	2.095e-04
1.345e+02	2.142e-04
1.350e+02	2.234e-04
1.355e+02	2.354e-04
1.360e+02	2.496e-04
1.365e+02	2.672e-04
1.370e+02	3.044e-04
1.375e+02	4.002e-04
1.380e+02	7.473e-04
1.385e+02	1.708e-03
1.390e+02	3.339e-03
1.395e+02	4.577e-03
1.400e+02	4.177e-03
1.405e+02	2.574e-03
1.410e+02	1.192e-03
1.415e+02	5.454e-04
1.420e+02	3.522e-04
1.425e+02	3.149e-04
1.430e+02	3.089e-04
1.435e+02	2.960e-04
1.440e+02	2.627e-04
1.445e+02	2.271e-04
1.450e+02	2.052e-04
1.455e+02	1.948e-04
1.460e+02	1.908e-04
1.465e+02	1.851e-04
1.470e+02	1.797e-04
1.475e+02	1.749e-04
1.480e+02	1.692e-04
1.485e+02	1.670e-04
1.490e+02	1.625e-04
1.495e+02	1.607e-04
1.500e+02	1.595e-04
1.505e+02	1.603e-04
1.510e+02	1.607e-04
1.515e+02	1.598e-04
1.520e+02	1.585e-04
1.525e+02	1.579e-04
1.530e+02	1.587e-04
1.535e+02	1.571e-04
1.540e+02	1.565e-04
1.545e+02	1.592e-04
1.550e+02	1.570e-04
1.555e+02	1.572e-04
1.560e+02	1.563e-04
1.565e+02	1.581e-04
1.570e+02	1.592e-04
1.575e+02	1.656e-04
1.580e+02	1.823e-04
1.585e+02	2.122e-04
1.590e+02	2.545e-04
1.595e+02	2.728e-04
1.600e+02	2.448e-04
1.605e+02	2.033e-04
1.610e+02	1.786e-04
1.615e+02	1.722e-04
1.620e+02	1.745e-04
1.625e+02	1.740e-04
1.630e+02	1.763e-04
1.635e+02	1.692e-04
1.640e+02	1.645e-04
1.645e+02	1.601e-04
1.650e+02	1.586e-04
1.655e+02	1.582e-04
1.660e+02	1.580e-04
1.665e+02	1.633e-04
1.670e+02	1.634e-04
1.675e+02	1.617e-04
1.680e+02	1.613e-04
1.685e+02	1.616e-04
1.690e+02	1.619e-04
1.695e+02	1.611e-04
1.700e+02	1.631e-04
1.705e+02	1.615e-04
1.710e+02	1.644e-04
1.715e+02	1.653e-04
1.720e+02	1.670e-04
1.725e+02	1.686e-04
1.730e+02	1.770e-04
1.735e+02	2.033e-04
1.740e+02	2.475e-04
1.745e+02	2.975e-04
1.750e+02	3.062e-04
1.755e+02	2.726e-04
1.760e+02	2.320e-04
1.765e+02	2.069e-04
1.770e+02	1.917e-04
1.775e+02	1.815e-04
1.780e+02	1.733e-04
1.785e+02	1.701e-04
1.790e+02	1.714e-04
1.795e+02	1.708e-04
1.800e+02	1.716e-04
1.805e+02	1.718e-04
1.810e+02	1.727e-04
1.815e+02	1.720e-04
1.820e+02	1.751e-04
1.825e+02	1.826e-04
1.830e+02	1.997e-04
1.835e+02	2.396e-04
1.840e+02	3.029e-04
1.845e+02	3.837e-04
1.850e+02	4.749e-04
1.855e+02	5.256e-04
1.860e+02	4.870e-04
1.865e+02	3.694e-04
1.870e+02	2.671e-04
1.875e+02	2.147e-04
1.880e+02	2.009e-04
1.885e+02	1.984e-04
1.890e+02	1.964e-04
1.895e+02	1.960e-04
1.900e+02	2.043e-04
1.905e+02	2.092e-04
1.910e+02	2.189e-04
1.915e+02	2.307e-04
1.920e+02	2.625e-04
1.925e+02	3.355e-04
1.930e+02	5.031e-04
1.935e+02	7.202e-04
1.940e+02	8.322e-04
1.945e+02	7.555e-04
1.950e+02	5.970e-04
1.955e+02	5.321e-04
1.960e+02	7.090e-04
1.965e+02	1.460e-03
1.970e+02	3.308e-03
1.975e+02	5.992e-03
1.980e+02	7.619e-03
1.985e+02	6.578e-03
1.990e+02	3.911e-03
1.995e+02	1.746e-03
2.000e+02	7.367e-04
2.005e+02	4.039e-04
2.010e+02	3.004e-04
2.015e+02	2.568e-04
2.020e+02	2.266e-04
2.025e+02	2.117e-04
2.030e+02	2.000e-04
2.035e+02	1.916e-04
2.040e+02	1.869e-04
2.045e+02	1.800e-04
2.050e+02	1.785e-04
2.055e+02	1.712e-04
2.060e+02	1.576e-04
2.065e+02	1.495e-04
2.070e+02	1.439e-04
2.075e+02	1.419e-04
2.080e+02	1.388e-04
2.085e+02	1.389e-04
2.090e+02	1.365e-04
2.095e+02	1.370e-04
2.100e+02	1.352e-04
2.105e+02	1.340e-04
2.110e+02	1.340e-04
2.115e+02	1.339e-04
2.120e+02	1.311e-04
2.125e+02	1.305e-04
2.130e+02	1.272e-04
2.135e+02	1.291e-04
2.140e+02	1.299e-04
2.145e+02	1.300e-04
2.150e+02	1.306e-04
2.155e+02	1.295e-04
2.160e+02	1.285e-04
2.165e+02	1.286e-04
2.170e+02	1.284e-04
2.175e+02	1.277e-04
2.180e+02	1.278e-04
2.185e+02	1.262e-04
2.190e+02	1.272e-04
2.195e+02	1.256e-04
2.200e+02	1.250e-04
2.205e+02	1.252e-04
2.210e+02	1.252e-04
2.215e+02	1.255e-04
2.220e+02	1.262e-04
2.225e+02	1.248e-04
2.230e+02	1.250e-04
2.235e+02	1.247e-04
2.240e+02	1.233e-04
2.245e+02	1.224e-04
2.250e+02	1.235e-04
2.255e+02	1.234e-04
2.260e+02	1.243e-04
2.265e+02	1.243e-04
2.270e+02	1.225e-04
2.275e+02	1.231e-04
2.280e+02	1.221e-04
2.285e+02	1.234e-04
2.290e+02	1.209e-04
2.295e+02	1.220e-04
2.300e+02	1.218e-04
2.305e+02	1.203e-04
2.310e+02	1.213e-04
2.315e+02	1.205e-04
2.320e+02	1.198e-04
2.325e+02	1.223e-04
2.330e+02	1.222e-04
2.335e+02	1.228e-04
2.340e+02	1.227e-04
2.345e+02	1.229e-04
2.350e+02	1.220e-04
2.355e+02	1.227e-04
2.360e+02	1.236e-04
2.365e+02	1.273e-04
2.370e+02	1.368e-04
2.375e+02	1.593e-04
2.380e+02	1.871e-04
2.385e+02	1.905e-04
2.390e+02	1.764e-04
2.395e+02	1.495e-04
2.400e+02	1.333e-04
2.405e+02	1.315e-04
2.410e+02	1.293e-04
2.415e+02	1.294e-04
2.420e+02	1.269e-04
2.425e+02	1.243e-04
2.430e+02	1.205e-04
2.435e+02	1.175e-04
2.440e+02	1.168e-04
2.445e+02	1.192e-04
2.450e+02	1.178e-04
2.455e+02	1.173e-04
2.460e+02	1.156e-04
2.465e+02	1.157e-04
2.470e+02	1.154e-04
2.475e+02	1.171e-04
2.480e+02	1.161e-04
2.485e+02	1.154e-04
2.490e+02	1.147e-04
2.495e+02	1.138e-04
2.500e+02	1.145e-04
2.505e+02	1.153e-04
2.510e+02	1.160e-04
2.515e+02	1.168e-04
2.520e+02	1.198e-04
2.525e+02	1.216e-04
2.530e+02	1.225e-04
2.535e+02	1.176e-04
2.540e+02	1.162e-04
2.545e+02	1.147e-04
2.550e+02	1.126e-04
2.555e+02	1.140e-04
2.560e+02	1.144e-04
2.565e+02	1.156e-04
2.570e+02	1.148e-04
2.575e+02	1.162e-04
2.580e+02	1.143e-04
2.585e+02	1.143e-04
2.590e+02	1.130e-04
2.595e+02	1.138e-04
2.600e+02	1.129e-04
2.605e+02	1.111e-04
2.610e+02	1.118e-04
2.615e+02	1.118e-04
2.620e+02	1.136e-04
2.625e+02	1.140e-04
2.630e+02	1.159e-04
2.635e+02	1.213e-04
2.640e+02	1.226e-04
2.645e+02	1.241e-04
2.650e+02	1.223e-04
2.655e+02	1.179e-04
2.660e+02	1.155e-04
2.665e+02	1.127e-04
2.670e+02	1.137e-04
2.675e+02	1.153e-04
2.680e+02	1.159e-04
2.685e+02	1.158e-04
2.690e+02	1.201e-04
2.695e+02	1.299e-04
2.700e+02	1.525e-04
2.705e+02	1.791e-04
2.710e+02	1.907e-04
2.715e+02	1.749e-04
2.720e+02	1.443e-04
2.725e+02	1.242e-04
2.730e+02	1.161e-04
2.735e+02	1.131e-04
2.740e+02	1.135e-04
2.745e+02	1.133e-04
2.750e+02	1.122e-04
2.755e+02	1.113e-04
2.760e+02	1.117e-04
2.765e+02	1.103e-04
2.770e+02	1.128e-04
2.775e+02	1.152e-04
2.780e+02	1.210e-04
2.785e+02	1.280e-04
2.790e+02	1.316e-04
2.795e+02	1.260e-04
2.800e+02	1.178e-04
2.805e+02	1.125e-04
2.810e+02	1.084e-04
2.815e+02	1.075e-04
2.820e+02	1.099e-04
2.825e+02	1.120e-04
2.830e+02	1.123e-04
2.835e+02	1.126e-04
2.840e+02	1.103e-04
2.845e+02	1.071e-04
2.850e+02	1.070e-04
2.855e+02	1.073e-04
2.860e+02	1.080e-04
2.865e+02	1.070e-04
2.870e+02	1.084e-04
2.875e+02	1.065e-04
2.880e+02	1.063e-04
2.885e+02	1.067e-04
2.890e+02	1.099e-04
2.895e+02	1.092e-04
2.900e+02	1.117e-04
2.905e+02	1.152e-04
2.910e+02	1.178e-04
2.915e+02	1.147e-04
2.920e+02	1.118e-04
2.925e+02	1.083e-04
2.930e+02	1.090e-04
2.935e+02	1.106e-04
2.940e+02	1.159e-04
2.945e+02	1.225e-04
2.950e+02	1.253e-04
2.955e+02	1.250e-04
2.960e+02	1.244e-04
2.965e+02	1.270e-04
2.970e+02	1.276e-04
2.975e+02	1.279e-04
2.980e+02	1.256e-04
2.985e+02	1.325e-04
2.990e+02	1.509e-04
2.995e+02	1.808e-04
3.000e+02	1.937e-04
3.005e+02	1.836e-04
3.010e+02	1.608e-04
3.015e+02	1.415e-04
3.020e+02	1.272e-04
3.025e+02	1.244e-04
3.030e+02	1.265e-04
3.035e+02	1.304e-04
3.040e+02	1.266e-04
3.045e+02	1.189e-04
3.050e+02	1.132e-04
3.055e+02	1.111e-04
3.060e+02	1.101e-04
3.065e+02	1.123e-04
3.070e+02	1.122e-04
3.075e+02	1.176e-04
3.080e+02	1.366e-04
3.085e+02	1.759e-04
3.090e+02	2.338e-04
3.095e+02	2.696e-04
3.100e+02	2.510e-04
3.105e+02	1.955e-04
3.110e+02	1.500e-04
3.115e+02	1.293e-04
3.120e+02	1.179e-04
3.125e+02	1.128e-04
3.130e+02	1.099e-04
3.135e+02	1.081e-04
3.140e+02	1.092e-04
3.145e+02	1.089e-04
3.150e+02	1.072e-04
3.155e+02	1.058e-04
3.160e+02	1.075e-04
3.165e+02	1.072e-04
3.170e+02	1.059e-04
3.175e+02	1.065e-04
3.180e+02	1.059e-04
3.185e+02	1.062e-04
3.190e+02	1.139e-04
3.195e+02	1.149e-04
3.200e+02	1.155e-04
3.205e+02	1.118e-04
3.210e+02	1.076e-04
3.215e+02	1.048e-04
3.220e+02	1.021e-04
3.225e+02	1.016e-04
3.230e+02	1.028e-04
3.235e+02	1.044e-04
3.240e+02	1.082e-04
3.245e+02	1.115e-04
3.250e+02	1.191e-04
3.255e+02	1.205e-04
3.260e+02	1.156e-04
3.265e+02	1.113e-04
3.270e+02	1.064e-04
3.275e+02	1.038e-04
3.280e+02	1.018e-04
3.285e+02	1.041e-04
3.290e+02	1.031e-04
3.295e+02	1.047e-04
3.300e+02	1.059e-04
3.305e+02	1.095e-04
3.310e+02	1.111e-04
3.315e+02	1.088e-04
3.320e+02	1.041e-04
3.325e+02	1.015e-04
3.330e+02	1.003e-04
3.335e+02	9.847e-05
3.340e+02	9.992e-05
3.345e+02	9.957e-05
3.350e+02	9.928e-05
3.355e+02	1.008e-04
3.360e+02	1.005e-04
3.365e+02	1.027e-04
3.370e+02	1.077e-04
3.375e+02	1.105e-04
3.380e+02	1.114e-04
3.385e+02	1.085e-04
3.390e+02	1.039e-04
3.395e+02	1.005e-04
3.400e+02	1.002e-04
3.405e+02	9.915e-05
3.410e+02	9.841e-05
3.415e+02	9.935e-05
3.420e+02	9.877e-05
3.425e+02	9.788e-05
3.430e+02	9.856e-05
3.435e+02	9.764e-05
3.440e+02	9.890e-05
3.445e+02	9.740e-05
3.450e+02	9.641e-05
3.455e+02	9.670e-05
3.460e+02	9.542e-05
3.465e+02	9.677e-05
3.470e+02	9.707e-05
3.475e+02	9.580e-05
3.480e+02	9.514e-05
3.485e+02	9.820e-05
3.490e+02	9.812e-05
3.495e+02	1.016e-04
3.500e+02	1.057e-04
3.505e+02	1.154e-04
3.510e+02	1.232e-04
3.515e+02	1.269e-04
3.520e+02	1.224e-04
3.525e+02	1.136e-04
3.530e+02	1.028e-04
3.535e+02	9.876e-05
3.540e+02	9.602e-05
3.545e+02	9.453e-05
3.550e+02	9.613e-05
3.555e+02	9.413e-05
3.560e+02	9.429e-05
3.565e+02	9.364e-05
3.570e+02	9.347e-05
3.575e+02	9.371e-05
3.580e+02	9.376e-05
3.585e+02	9.342e-05
3.590e+02	9.297e-05
3.595e+02	9.427e-05
3.600e+02	9.479e-05
3.605e+02	9.483e-05
3.610e+02	9.547e-05
3.615e+02	9.469e-05
3.620e+02	9.423e-05
3.625e+02	9.399e-05
3.630e+02	9.286e-05
3.635e+02	9.472e-05
3.640e+02	9.788e-05
3.645e+02	1.025e-04
3.650e+02	1.047e-04
3.655e+02	1.070e-04
3.660e+02	1.030e-04
3.665e+02	1.007e-04
3.670e+02	1.011e-04
3.675e+02	9.965e-05
3.680e+02	9.922e-05
3.685e+02	9.698e-05
3.690e+02	9.440e-05
3.695e+02	9.301e-05
3.700e+02	9.244e-05
3.705e+02	9.207e-05
3.710e+02	9.105e-05
3.715e+02	9.278e-05
3.720e+02	9.304e-05
3.725e+02	9.436e-05
3.730e+02	9.543e-05
3.735e+02	9.963e-05
3.740e+02	1.034e-04
3.745e+02	1.041e-04
3.750e+02	9.968e-05
3.755e+02	9.675e-05
3.760e+02	9.553e-05
3.765e+02	9.314e-05
3.770e+02	9.451e-05
3.775e+02	9.380e-05
3.780e+02	9.275e-05
3.785e+02	9.156e-05
3.790e+02	9.191e-05
3.795e+02	9.176e-05
3.800e+02	9.287e-05
3.805e+02	9.391e-05
3.810e+02	9.503e-05
3.815e+02	9.335e-05
3.820e+02	9.307e-05
3.825e+02	9.524e-05
3.830e+02	9.345e-05
3.835e+02	9.319e-05
3.840e+02	9.293e-05
3.845e+02	9.275e-05
3.850e+02	9.315e-05
3.855e+02	9.172e-05
3.860e+02	9.303e-05
3.865e+02	9.170e-05
3.870e+02	9.186e-05
3.875e+02	9.229e-05
3.880e+02	9.340e-05
3.885e+02	9.258e-05
3.890e+02	9.302e-05
3.895e+02	9.396e-05
3.900e+02	9.388e-05
3.905e+02	9.368e-05
3.910e+02	9.712e-05
3.915e+02	1.006e-04
3.920e+02	1.053e-04
3.925e+02	1.108e-04
3.930e+02	1.182e-04
3.935e+02	1.183e-04
3.940e+02	1.160e-04
3.945e+02	1.111e-04
3.950e+02	1.040e-04
3.955e+02	9.933e-05
3.960e+02	9.912e-05
3.965e+02	1.046e-04
3.970e+02	1.127e-04
3.975e+02	1.192e-04
3.980e+02	1.170e-04
3.985e+02	1.107e-04
3.990e+02	1.017e-04
3.995e+02	1.004e-04
4.000e+02	9.807e-05
4.005e+02	1.002e-04
4.010e+02	1.081e-04
4.015e+02	1.242e-04
4.020e+02	1.532e-04
4.025e+02	1.833e-04
4.030e+02	1.835e-04
4.035e+02	1.555e-04
4.040e+02	1.252e-04
4.045e+02	1.018e-04
4.050e+02	9.074e-05
4.055e+02	8.753e-05
4.060e+02	8.737e-05
4.065e+02	8.692e-05
4.070e+02	8.508e-05
4.075e+02	8.608e-05
4.080e+02	8.627e-05
4.085e+02	8.594e-05
4.090e+02	8.486e-05
4.095e+02	8.693e-05
4.100e+02	8.822e-05
4.105e+02	9.224e-05
4.110e+02	9.784e-05
4.115e+02	1.006e-04
4.120e+02	9.828e-05
4.125e+02	9.165e-05
4.130e+02	8.789e-05
4.135e+02	8.375e-05
4.140e+02	8.452e-05
4.145e+02	8.444e-05
4.150e+02	8.409e-05
4.155e+02	8.278e-05
4.160e+02	8.418e-05
4.165e+02	8.497e-05
4.170e+02	8.369e-05
4.175e+02	8.398e-05
4.180e+02	8.194e-05
4.185e+02	8.366e-05
4.190e+02	8.425e-05
4.195e+02	8.361e-05
4.200e+02	8.187e-05
4.205e+02	8.479e-05
4.210e+02	8.423e-05
4.215e+02	8.463e-05
4.220e+02	8.331e-05
4.225e+02	8.434e-05
4.230e+02	8.517e-05
4.235e+02	8.471e-05
4.240e+02	8.694e-05
4.245e+02	8.930e-05
4.250e+02	9.042e-05
4.255e+02	8.931e-05
4.260e+02	8.757e-05
4.265e+02	8.856e-05
4.270e+02	9.096e-05
4.275e+02	9.268e-05
4.280e+02	9.326e-05
4.285e+02	8.829e-05
4.290e+02	8.591e-05
4.295e+02	8.513e-05
4.300e+02	8.482e-05
4.305e+02	8.408e-05
4.310e+02	8.367e-05
4.315e+02	8.633e-05
4.320e+02	8.678e-05
4.325e+02	8.506e-05
4.330e+02	8.606e-05
4.335e+02	8.679e-05
4.340e+02	8.658e-05
4.345e+02	8.857e-05
4.350e+02	8.975e-05
4.355e+02	9.071e-05
4.360e+02	1.017e-04
4.365e+02	1.285e-04
4.370e+02	1.951e-04
4.375e+02	3.090e-04
4.380e+02	4.188e-04
4.385e+02	4.356e-04
4.390e+02	3.508e-04
4.395e+02	2.322e-04
4.400e+02	1.471e-04
4.405e+02	1.074e-04
4.410e+02	9.465e-05
4.415e+02	8.811e-05
4.420e+02	8.533e-05
4.425e+02	8.459e-05
4.430e+02	8.324e-05
4.435e+02	8.152e-05
4.440e+02	8.280e-05
4.445e+02	8.332e-05
4.450e+02	8.306e-05
4.455e+02	8.222e-05
4.460e+02	8.113e-05
4.465e+02	8.089e-05
4.470e+02	8.110e-05
4.475e+02	7.988e-05
4.480e+02	7.844e-05
4.485e+02	8.021e-05
4.490e+02	7.904e-05
4.495e+02	7.974e-05
4.500e+02	7.982e-05
4.505e+02	8.125e-05
4.510e+02	8.060e-05
4.515e+02	8.020e-05
4.520e+02	8.002e-05
4.525e+02	7.916e-05
4.530e+02	8.038e-05
4.535e+02	8.110e-05
4.540e+02	8.120e-05
4.545e+02	8.154e-05
4.550e+02	8.209e-05
4.555e+02	8.305e-05
4.560e+02	8.129e-05
4.565e+02	7.958e-05
4.570e+02	7.972e-05
4.575e+02	7.990e-05
4.580e+02	8.003e-05
4.585e+02	8.109e-05
4.590e+02	8.057e-05
4.595e+02	8.047e-05
4.600e+02	8.025e-05
4.605e+02	8.073e-05
4.610e+02	7.998e-05
4.615e+02	8.276e-05
4.620e+02	8.274e-05
4.625e+02	8.258e-05
4.630e+02	8.155e-05
4.635e+02	8.204e-05
4.640e+02	8.299e-05
4.645e+02	8.318e-05
4.650e+02	8.391e-05
4.655e+02	8.386e-05
4.660e+02	8.426e-05
4.665e+02	8.450e-05
4.670e+02	8.583e-05
4.675e+02	8.870e-05
4.680e+02	8.631e-05
4.685e+02	9.239e-05
4.690e+02	9.487e-05
4.695e+02	1.054e-04
4.700e+02	1.252e-04
4.705e+02	1.606e-04
4.710e+02	2.123e-04
4.715e+02	2.661e-04
4.720e+02	2.898e-04
4.725e+02	2.696e-04
4.730e+02	2.295e-04
4.735e+02	2.034e-04
4.740e+02	1.987e-04
4.745e+02	2.032e-04
4.750e+02	2.067e-04
4.755e+02	2.028e-04
4.760e+02	1.971e-04
4.765e+02	1.894e-04
4.770e+02	1.870e-04
4.775e+02	1.815e-04
4.780e+02	1.786e-04
4.785e+02	1.752e-04
4.790e+02	1.716e-04
4.795e+02	1.660e-04
4.800e+02	1.668e-04
4.805e+02	1.628e-04
4.810e+02	1.587e-04
4.815e+02	1.577e-04
4.820e+02	1.518e-04
4.825e+02	1.422e-04
4.830e+02	1.361e-04
4.835e+02	1.263e-04
4.840e+02	1.124e-04
4.845e+02	1.001e-04
4.850e+02	8.952e-05
4.855e+02	8.126e-05
4.860e+02	7.635e-05
4.865e+02	7.480e-05
4.870e+02	7.269e-05
4.875e+02	7.198e-05
4.880e+02	7.161e-05
4.885e+02	7.134e-05
4.890e+02	7.118e-05
4.895e+02	7.118e-05
4.900e+02	7.012e-05
4.905e+02	7.063e-05
4.910e+02	7.080e-05
4.915e+02	7.106e-05
4.920e+02	7.165e-05
4.925e+02	7.332e-05
4.930e+02	7.176e-05
4.935e+02	7.049e-05
4.940e+02	7.079e-05
4.945e+02	7.068e-05
4.950e+02	7.069e-05
4.955e+02	7.152e-05
4.960e+02	7.222e-05
4.965e+02	7.324e-05
4.970e+02	7.225e-05
4.975e+02	7.259e-05
4.980e+02	7.228e-05
4.985e+02	7.248e-05
4.990e+02	7.324e-05
4.995e+02	7.496e-05
5.000e+02	7.325e-05
5.005e+02	7.293e-05
5.010e+02	7.144e-05
5.015e+02	7.140e-05
5.020e+02	7.139e-05
5.025e+02	7.195e-05
5.030e+02	7.027e-05
5.035e+02	7.183e-05
5.040e+02	7.231e-05
5.045e+02	7.062e-05
5.050e+02	7.278e-05
5.055e+02	7.183e-05
5.060e+02	7.501e-05
5.065e+02	7.584e-05
5.070e+02	8.048e-05
5.075e+02	8.454e-05
5.080e+02	9.672e-05
5.085e+02	1.132e-04
5.090e+02	1.371e-04
5.095e+02	1.683e-04
5.100e+02	1.972e-04
5.105e+02	2.114e-04
5.110e+02	2.086e-04
5.115e+02	1.902e-04
5.120e+02	1.593e-04
5.125e+02	1.294e-04
5.130e+02	1.059e-04
5.135e+02	9.001e-05
5.140e+02	8.142e-05
5.145e+02	7.666e-05
5.150e+02	7.374e-05
5.155e+02	7.216e-05
5.160e+02	7.126e-05
5.165e+02	7.115e-05
5.170e+02	6.877e-05
5.175e+02	6.814e-05
5.180e+02	6.844e-05
5.185e+02	6.764e-05
5.190e+02	6.742e-05
5.195e+02	6.637e-05
5.200e+02	6.635e-05
5.205e+02	6.585e-05
5.210e+02	6.565e-05
5.215e+02	6.595e-05
5.220e+02	6.677e-05
5.225e+02	6.498e-05
5.230e+02	6.521e-05
5.235e+02	6.564e-05
5.240e+02	6.524e-05
5.245e+02	6.512e-05
5.250e+02	6.634e-05
5.255e+02	6.576e-05
5.260e+02	6.428e-05
5.265e+02	6.576e-05
5.270e+02	6.411e-05
5.275e+02	6.438e-05
5.280e+02	6.561e-05
5.285e+02	6.686e-05
5.290e+02	6.581e-05
5.295e+02	6.543e-05
5.300e+02	6.514e-05
5.305e+02	6.643e-05
5.310e+02	6.508e-05
5.315e+02	6.403e-05
5.320e+02	6.531e-05
5.325e+02	6.442e-05
5.330e+02	6.488e-05
5.335e+02	6.512e-05
5.340e+02	6.451e-05
5.345e+02	6.361e-05
5.350e+02	6.458e-05
5.355e+02	6.531e-05
5.360e+02	6.545e-05
5.365e+02	6.493e-05
5.370e+02	6.637e-05
5.375e+02	6.516e-05
5.380e+02	6.581e-05
5.385e+02	6.667e-05
5.390e+02	6.624e-05
5.395e+02	6.511e-05
5.400e+02	6.565e-05
5.405e+02	6.542e-05
5.410e+02	6.408e-05
5.415e+02	6.452e-05
5.420e+02	6.464e-05
5.425e+02	6.482e-05
5.430e+02	6.351e-05
5.435e+02	6.454e-05
5.440e+02	6.487e-05
5.445e+02	6.439e-05
5.450e+02	6.417e-05
5.455e+02	6.553e-05
5.460e+02	6.573e-05
5.465e+02	6.546e-05
5.470e+02	6.535e-05
5.475e+02	6.574e-05
5.480e+02	6.531e-05
5.485e+02	6.596e-05
5.490e+02	6.490e-05
5.495e+02	6.428e-05
5.500e+02	6.423e-05
5.505e+02	6.565e-05
5.510e+02	6.379e-05
5.515e+02	6.472e-05
5.520e+02	6.365e-05
5.525e+02	6.329e-05
5.530e+02	6.480e-05
5.535e+02	6.449e-05
5.540e+02	6.531e-05
5.545e+02	6.692e-05
5.550e+02	6.938e-05
5.555e+02	6.861e-05
5.560e+02	7.010e-05
5.565e+02	7.035e-05
5.570e+02	6.998e-05
5.575e+02	6.814e-05
5.580e+02	6.882e-05
5.585e+02	6.481e-05
5.590e+02	6.420e-05
5.595e+02	6.404e-05
5.600e+02	6.443e-05
5.605e+02	6.383e-05
5.610e+02	6.454e-05
5.615e+02	6.768e-05
5.620e+02	6.852e-05
5.625e+02	6.809e-05
5.630e+02	6.851e-05
5.635e+02	6.852e-05
5.640e+02	6.610e-05
5.645e+02	6.696e-05
5.650e+02	6.662e-05
5.655e+02	6.652e-05
5.660e+02	6.601e-05
5.665e+02	6.581e-05
5.670e+02	6.691e-05
5.675e+02	6.813e-05
5.680e+02	6.950e-05
5.685e+02	7.323e-05
5.690e+02	7.777e-05
5.695e+02	7.993e-05
5.700e+02	7.733e-05
5.705e+02	7.283e-05
5.710e+02	6.851e-05
5.715e+02	6.783e-05
5.720e+02	7.203e-05
5.725e+02	8.109e-05
5.730e+02	9.491e-05
5.735e+02	1.143e-04
5.740e+02	1.239e-04
5.745e+02	1.184e-04
5.750e+02	1.074e-04
5.755e+02	9.157e-05
5.760e+02	7.973e-05
5.765e+02	7.260e-05
5.770e+02	6.758e-05
5.775e+02	6.621e-05
5.780e+02	6.589e-05
5.785e+02	6.779e-05
5.790e+02	6.897e-05
5.795e+02	7.023e-05
5.800e+02	6.892e-05
5.805e+02	7.051e-05
5.810e+02	6.977e-05
5.815e+02	7.097e-05
5.820e+02	7.416e-05
5.825e+02	8.743e-05
5.830e+02	1.154e-04
5.835e+02	1.520e-04
5.840e+02	1.879e-04
5.845e+02	1.916e-04
5.850e+02	1.586e-04
5.855e+02	1.164e-04
5.860e+02	8.611e-05
5.865e+02	7.186e-05
5.870e+02	6.658e-05
5.875e+02	6.456e-05
5.880e+02	6.321e-05
5.885e+02	6.394e-05
5.890e+02	6.134e-05
5.895e+02	6.354e-05
5.900e+02	6.128e-05
5.905e+02	6.151e-05
5.910e+02	6.164e-05
5.915e+02	6.180e-05
5.920e+02	6.152e-05
5.925e+02	6.332e-05
5.930e+02	6.344e-05
5.935e+02	6.333e-05
5.940e+02	6.590e-05
5.945e+02	7.072e-05
5.950e+02	7.869e-05
5.955e+02	8.564e-05
5.960e+02	8.623e-05
5.965e+02	8.286e-05
5.970e+02	7.943e-05
5.975e+02	7.713e-05
5.980e+02	7.621e-05
5.985e+02	7.283e-05
5.990e+02	7.011e-05
5.995e+02	6.926e-05
6.000e+02	6.814e-05
6.005e+02	6.826e-05
6.010e+02	6.794e-05
6.015e+02	6.733e-05
6.020e+02	6.735e-05
6.025e+02	6.739e-05
6.030e+02	6.755e-05
6.035e+02	6.743e-05
6.040e+02	6.802e-05
6.045e+02	6.840e-05
6.050e+02	7.013e-05
6.055e+02	7.200e-05
6.060e+02	7.660e-05
6.065e+02	7.881e-05
6.070e+02	7.941e-05
6.075e+02	7.621e-05
6.080e+02	7.249e-05
6.085e+02	7.086e-05
6.090e+02	7.045e-05
6.095e+02	6.887e-05
6.100e+02	6.691e-05
6.105e+02	6.316e-05
6.110e+02	6.372e-05
6.115e+02	6.278e-05
6.120e+02	6.241e-05
6.125e+02	6.312e-05
6.130e+02	6.389e-05
6.135e+02	6.207e-05
6.140e+02	6.182e-05
6.145e+02	6.234e-05
6.150e+02	6.224e-05
6.155e+02	6.254e-05
6.160e+02	6.310e-05
6.165e+02	6.481e-05
6.170e+02	6.334e-05
6.175e+02	6.374e-05
6.180e+02	6.205e-05
6.185e+02	6.104e-05
6.190e+02	6.131e-05
6.195e+02	6.123e-05
6.200e+02	5.979e-05
6.205e+02	6.180e-05
6.210e+02	5.996e-05
6.215e+02	6.076e-05
6.220e+02	5.944e-05
6.225e+02	6.027e-05
6.230e+02	6.014e-05
6.235e+02	6.000e-05
6.240e+02	6.144e-05
6.245e+02	6.049e-05
6.250e+02	6.016e-05
6.255e+02	6.106e-05
6.260e+02	6.039e-05
6.265e+02	6.182e-05
6.270e+02	6.247e-05
6.275e+02	7.086e-05
6.280e+02	7.682e-05
6.285e+02	8.185e-05
6.290e+02	8.118e-05
6.295e+02	7.521e-05
6.300e+02	6.749e-05
6.305e+02	6.274e-05
6.310e+02	6.054e-05
6.315e+02	6.013e-05
6.320e+02	5.823e-05
6.325e+02	6.080e-05
6.330e+02	5.959e-05
6.335e+02	6.015e-05
6.340e+02	5.915e-05
6.345e+02	5.776e-05
6.350e+02	5.834e-05
6.355e+02	5.798e-05
6.360e+02	5.795e-05
6.365e+02	5.831e-05
6.370e+02	5.819e-05
6.375e+02	5.856e-05
6.380e+02	6.059e-05
6.385e+02	5.926e-05
6.390e+02	5.930e-05
6.395e+02	5.914e-05
6.400e+02	6.045e-05
6.405e+02	5.920e-05
6.410e+02	5.943e-05
6.415e+02	5.968e-05
6.420e+02	5.927e-05
6.425e+02	5.776e-05
6.430e+02	5.775e-05
6.435e+02	5.862e-05
6.440e+02	5.837e-05
6.445e+02	5.756e-05
6.450e+02	5.898e-05
6.455e+02	6.122e-05
6.460e+02	6.239e-05
6.465e+02	6.232e-05
6.470e+02	6.101e-05
6.475e+02	5.902e-05
6.480e+02	5.706e-05
6.485e+02	5.862e-05
6.490e+02	5.900e-05
6.495e+02	5.862e-05
6.500e+02	5.879e-05
6.505e+02	5.807e-05
6.510e+02	5.684e-05
6.515e+02	5.671e-05
6.520e+02	5.703e-05
6.525e+02	5.692e-05
6.530e+02	5.582e-05
6.535e+02	5.720e-05
6.540e+02	5.641e-05
6.545e+02	5.755e-05
6.550e+02	5.897e-05
6.555e+02	6.050e-05
6.560e+02	6.207e-05
6.565e+02	6.385e-05
6.570e+02	6.238e-05
6.575e+02	6.153e-05
6.580e+02	6.082e-05
6.585e+02	5.918e-05
6.590e+02	5.780e-05
6.595e+02	5.563e-05
6.600e+02	5.682e-05
6.605e+02	5.712e-05
6.610e+02	5.751e-05
6.615e+02	5.666e-05
6.620e+02	5.746e-05
6.625e+02	5.908e-05
6.630e+02	6.064e-05
6.635e+02	6.277e-05
6.640e+02	6.539e-05
6.645e+02	6.442e-05
6.650e+02	6.069e-05
6.655e+02	5.814e-05
6.660e+02	5.704e-05
6.665e+02	5.645e-05
6.670e+02	5.637e-05
6.675e+02	5.599e-05
6.680e+02	5.608e-05
6.685e+02	5.578e-05
6.690e+02	5.715e-05
6.695e+02	5.830e-05
6.700e+02	5.941e-05
6.705e+02	6.186e-05
6.710e+02	6.379e-05
6.715e+02	6.355e-05
6.720e+02	6.079e-05
6.725e+02	5.792e-05
6.730e+02	5.719e-05
6.735e+02	5.529e-05
6.740e+02	5.630e-05
6.745e+02	5.477e-05
6.750e+02	5.554e-05
6.755e+02	5.536e-05
6.760e+02	5.418e-05
6.765e+02	5.536e-05
6.770e+02	5.575e-05
6.775e+02	5.577e-05
6.780e+02	5.598e-05
6.785e+02	5.620e-05
6.790e+02	5.590e-05
6.795e+02	5.469e-05
6.800e+02	5.548e-05
6.805e+02	5.508e-05
6.810e+02	5.496e-05
6.815e+02	5.439e-05
6.820e+02	5.545e-05
6.825e+02	5.496e-05
6.830e+02	5.569e-05
6.835e+02	5.404e-05
6.840e+02	5.548e-05
6.845e+02	5.504e-05
6.850e+02	5.585e-05
6.855e+02	5.574e-05
6.860e+02	5.497e-05
6.865e+02	5.504e-05
6.870e+02	5.595e-05
6.875e+02	5.707e-05
6.880e+02	5.912e-05
6.885e+02	6.151e-05
6.890e+02	6.078e-05
6.895e+02	6.177e-05
6.900e+02	6.388e-05
6.905e+02	6.847e-05
6.910e+02	7.839e-05
6.915e+02	8.906e-05
6.920e+02	1.040e-04
6.925e+02	1.129e-04
6.930e+02	1.198e-04
6.935e+02	1.207e-04
6.940e+02	1.216e-04
6.945e+02	1.223e-04
6.950e+02	1.180e-04
6.955e+02	1.169e-04
6.960e+02	1.160e-04
6.965e+02	1.124e-04
6.970e+02	1.089e-04
6.975e+02	1.098e-04
6.980e+02	1.069e-04
6.985e+02	1.050e-04
6.990e+02	1.037e-04
6.995e+02	1.029e-04
7.000e+02	1.024e-04
7.005e+02	9.991e-05
7.010e+02	9.966e-05
7.015e+02	9.915e-05
7.020e+02	9.904e-05
7.025e+02	1.011e-04
7.030e+02	1.010e-04
7.035e+02	9.869e-05
7.040e+02	9.429e-05
7.045e+02	8.963e-05
7.050e+02	8.386e-05
7.055e+02	8.161e-05
7.060e+02	8.028e-05
7.065e+02	7.843e-05
7.070e+02	7.523e-05
7.075e+02	7.124e-05
7.080e+02	6.966e-05
7.085e+02	6.611e-05
7.090e+02	6.369e-05
7.095e+02	5.900e-05
7.100e+02	5.876e-05
7.105e+02	5.696e-05
7.110e+02	5.527e-05
7.115e+02	5.494e-05
7.120e+02	5.615e-05
7.125e+02	5.448e-05
7.130e+02	5.483e-05
7.135e+02	5.571e-05
7.140e+02	5.413e-05
7.145e+02	5.347e-05
7.150e+02	5.316e-05
7.155e+02	5.306e-05
7.160e+02	5.337e-05
7.165e+02	5.430e-05
7.170e+02	5.296e-05
7.175e+02	5.291e-05
7.180e+02	5.372e-05
7.185e+02	5.419e-05
7.190e+02	5.543e-05
7.195e+02	5.897e-05
7.200e+02	6.297e-05
7.205e+02	6.777e-05
7.210e+02	6.926e-05
7.215e+02	6.629e-05
7.220e+02	6.150e-05
7.225e+02	5.590e-05
7.230e+02	5.296e-05
7.235e+02	5.174e-05
7.240e+02	5.222e-05
7.245e+02	5.250e-05
7.250e+02	5.129e-05
7.255e+02	5.289e-05
7.260e+02	5.237e-05
7.265e+02	5.457e-05
7.270e+02	5.447e-05
7.275e+02	5.578e-05
7.280e+02	5.402e-05
7.285e+02	5.189e-05
7.290e+02	5.106e-05
7.295e+02	5.020e-05
7.300e+02	5.015e-05
7.305e+02	5.059e-05
7.310e+02	5.044e-05
7.315e+02	5.060e-05
7.320e+02	4.928e-05
7.325e+02	4.914e-05
7.330e+02	5.031e-05
7.335e+02	4.996e-05
7.340e+02	4.842e-05
7.345e+02	4.951e-05
7.350e+02	4.995e-05
7.355e+02	4.891e-05
7.360e+02	4.891e-05
7.365e+02	4.977e-05
7.370e+02	4.936e-05
7.375e+02	4.936e-05
7.380e+02	4.987e-05
7.385e+02	5.053e-05
7.390e+02	5.137e-05
7.395e+02	5.114e-05
7.400e+02	5.036e-05
7.405e+02	4.929e-05
7.410e+02	5.071e-05
7.415e+02	4.950e-05
7.420e+02	5.044e-05
7.425e+02	5.101e-05
7.430e+02	5.041e-05
7.435e+02	5.019e-05
7.440e+02	5.037e-05
7.445e+02	4.993e-05
7.450e+02	4.942e-05
7.455e+02	4.807e-05
7.460e+02	4.839e-05
7.465e+02	4.874e-05
7.470e+02	4.863e-05
7.475e+02	4.961e-05
7.480e+02	4.882e-05
7.485e+02	4.975e-05
7.490e+02	5.062e-05
7.495e+02	5.072e-05
7.500e+02	5.332e-05
7.505e+02	5.770e-05
7.510e+02	6.338e-05
7.515e+02	6.794e-05
7.520e+02	6.776e-05
7.525e+02	6.284e-05
7.530e+02	5.727e-05
7.535e+02	5.246e-05
7.540e+02	5.011e-05
7.545e+02	4.934e-05
7.550e+02	4.761e-05
7.555e+02	4.820e-05
7.560e+02	4.833e-05
7.565e+02	4.769e-05
7.570e+02	4.766e-05
7.575e+02	4.812e-05
7.580e+02	4.842e-05
7.585e+02	4.711e-05
7.590e+02	4.763e-05
7.595e+02	4.681e-05
7.600e+02	4.673e-05
7.605e+02	4.627e-05
7.610e+02	4.723e-05
7.615e+02	4.775e-05
7.620e+02	4.796e-05
7.625e+02	4.698e-05
7.630e+02	4.740e-05
7.635e+02	4.915e-05
7.640e+02	4.761e-05
7.645e+02	4.834e-05
7.650e+02	4.989e-05
7.655e+02	5.031e-05
7.660e+02	5.062e-05
7.665e+02	5.160e-05
7.670e+02	5.015e-05
7.675e+02	4.956e-05
7.680e+02	4.721e-05
7.685e+02	4.775e-05
7.690e+02	4.658e-05
7.695e+02	4.686e-05
7.700e+02	4.706e-05
7.705e+02	4.631e-05
7.710e+02	4.668e-05
7.715e+02	4.634e-05
7.720e+02	4.684e-05
7.725e+02	4.607e-05
7.730e+02	4.522e-05
7.735e+02	4.590e-05
7.740e+02	4.648e-05
7.745e+02	4.640e-05
7.750e+02	4.595e-05
7.755e+02	4.580e-05
7.760e+02	4.611e-05
7.765e+02	4.718e-05
7.770e+02	4.641e-05
7.775e+02	4.640e-05
7.780e+02	4.517e-05
7.785e+02	4.650e-05
7.790e+02	4.642e-05
7.795e+02	4.499e-05
7.800e+02	4.600e-05
7.805e+02	4.516e-05
7.810e+02	4.628e-05
7.815e+02	4.634e-05
7.820e+02	4.561e-05
7.825e+02	4.602e-05
7.830e+02	4.622e-05
7.835e+02	4.544e-05
7.840e+02	4.563e-05
7.845e+02	4.607e-05
7.850e+02	4.548e-05
7.855e+02	4.602e-05
7.860e+02	4.630e-05
7.865e+02	4.663e-05
7.870e+02	4.536e-05
7.875e+02	4.602e-05
7.880e+02	4.507e-05
7.885e+02	4.474e-05
7.890e+02	4.545e-05
7.895e+02	4.485e-05
7.900e+02	4.447e-05
7.905e+02	4.504e-05
7.910e+02	4.537e-05
7.915e+02	4.529e-05
7.920e+02	4.447e-05
7.925e+02	4.474e-05
7.930e+02	4.562e-05
7.935e+02	4.584e-05
7.940e+02	4.529e-05
7.945e+02	4.675e-05
7.950e+02	4.568e-05
7.955e+02	4.614e-05
7.960e+02	4.589e-05
7.965e+02	4.558e-05
7.970e+02	4.502e-05
7.975e+02	4.466e-05
7.980e+02	4.417e-05
7.985e+02	4.449e-05
7.990e+02	4.397e-05
7.995e+02	4.404e-05
8.000e+02	4.391e-05
8.005e+02	4.480e-05
8.010e+02	4.399e-05
8.015e+02	4.618e-05
8.020e+02	4.676e-05
8.025e+02	4.637e-05
8.030e+02	4.799e-05
8.035e+02	4.715e-05
8.040e+02	4.603e-05
8.045e+02	4.623e-05
8.050e+02	4.512e-05
8.055e+02	4.393e-05
8.060e+02	4.417e-05
8.065e+02	4.424e-05
8.070e+02	4.493e-05
8.075e+02	4.537e-05
8.080e+02	4.548e-05
8.085e+02	4.811e-05
8.090e+02	5.161e-05
8.095e+02	5.820e-05
8.100e+02	6.652e-05
8.105e+02	7.284e-05
8.110e+02	7.100e-05
8.115e+02	6.373e-05
8.120e+02	5.663e-05
8.125e+02	4.965e-05
8.130e+02	4.669e-05
8.135e+02	4.524e-05
8.140e+02	4.494e-05
8.145e+02	4.439e-05
8.150e+02	4.483e-05
8.155e+02	4.569e-05
8.160e+02	5.146e-05
8.165e+02	6.132e-05
8.170e+02	7.011e-05
8.175e+02	7.762e-05
8.180e+02	7.576e-05
8.185e+02	6.961e-05
8.190e+02	5.991e-05
8.195e+02	5.386e-05
8.200e+02	4.961e-05
8.205e+02	4.880e-05
8.210e+02	4.665e-05
8.215e+02	4.438e-05
8.220e+02	4.452e-05
8.225e+02	4.473e-05
8.230e+02	4.753e-05
8.235e+02	5.354e-05
8.240e+02	6.214e-05
8.245e+02	7.263e-05
8.250e+02	7.692e-05
8.255e+02	7.103e-05
8.260e+02	6.119e-05
8.265e+02	5.348e-05
8.270e+02	4.804e-05
8.275e+02	4.491e-05
8.280e+02	4.340e-05
8.285e+02	4.387e-05
8.290e+02	4.220e-05
8.295e+02	4.248e-05
8.300e+02	4.286e-05
8.305e+02	4.346e-05
8.310e+02	4.397e-05
8.315e+02	4.303e-05
8.320e+02	4.387e-05
8.325e+02	4.614e-05
8.330e+02	4.865e-05
8.335e+02	5.450e-05
8.340e+02	5.990e-05
8.345e+02	6.082e-05
8.350e+02	5.928e-05
8.355e+02	5.432e-05
8.360e+02	5.044e-05
8.365e+02	4.756e-05
8.370e+02	4.540e-05
8.375e+02	4.494e-05
8.380e+02	4.585e-05
8.385e+02	4.658e-05
8.390e+02	4.549e-05
8.395e+02	4.769e-05
8.400e+02	5.114e-05
8.405e+02	5.242e-05
8.410e+02	5.385e-05
8.415e+02	5.642e-05
8.420e+02	6.728e-05
8.425e+02	8.494e-05
8.430e+02	1.111e-04
8.435e+02	1.256e-04
8.440e+02	1.210e-04
8.445e+02	1.038e-04
8.450e+02	8.444e-05
8.455e+02	7.715e-05
8.460e+02	7.675e-05
8.465e+02	8.008e-05
8.470e+02	7.596e-05
8.475e+02	6.669e-05
8.480e+02	5.616e-05
8.485e+02	4.861e-05
8.490e+02	4.395e-05
8.495e+02	4.289e-05
8.500e+02	4.284e-05
8.505e+02	4.279e-05
8.510e+02	4.178e-05
8.515e+02	4.142e-05
8.520e+02	4.076e-05
8.525e+02	4.110e-05
8.530e+02	4.145e-05
8.535e+02	4.103e-05
8.540e+02	3.993e-05
8.545e+02	4.038e-05
8.550e+02	3.990e-05
8.555e+02	4.054e-05
8.560e+02	3.955e-05
8.565e+02	3.968e-05
8.570e+02	4.002e-05
8.575e+02	3.964e-05
8.580e+02	4.003e-05
8.585e+02	4.012e-05
8.590e+02	3.985e-05
8.595e+02	4.070e-05
8.600e+02	4.060e-05
8.605e+02	4.024e-05
8.610e+02	4.027e-05
8.615e+02	3.985e-05
8.620e+02	4.041e-05
8.625e+02	4.055e-05
8.630e+02	3.936e-05
8.635e+02	3.924e-05
8.640e+02	3.966e-05
8.645e+02	3.920e-05
8.650e+02	3.983e-05
8.655e+02	3.912e-05
8.660e+02	4.045e-05
8.665e+02	4.015e-05
8.670e+02	4.037e-05
8.675e+02	4.078e-05
8.680e+02	4.060e-05
8.685e+02	4.068e-05
8.690e+02	4.147e-05
8.695e+02	4.114e-05
8.700e+02	4.474e-05
8.705e+02	5.282e-05
8.710e+02	6.443e-05
8.715e+02	7.483e-05
8.720e+02	8.338e-05
8.725e+02	8.142e-05
8.730e+02	7.274e-05
8.735e+02	6.207e-05
8.740e+02	5.316e-05
8.745e+02	4.615e-05
8.750e+02	4.253e-05
8.755e+02	4.089e-05
8.760e+02	4.106e-05
8.765e+02	3.932e-05
8.770e+02	3.990e-05
8.775e+02	4.035e-05
8.780e+02	3.966e-05
8.785e+02	4.014e-05
8.790e+02	4.163e-05
8.795e+02	4.289e-05
8.800e+02	4.762e-05
8.805e+02	5.791e-05
8.810e+02	7.623e-05
8.815e+02	1.014e-04
8.820e+02	1.225e-04
8.825e+02	1.259e-04
8.830e+02	1.051e-04
8.835e+02	8.057e-05
8.840e+02	5.944e-05
8.845e+02	4.833e-05
8.850e+02	4.152e-05
8.855e+02	4.072e-05
8.860e+02	3.906e-05
8.865e+02	3.772e-05
8.870e+02	3.878e-05
8.875e+02	3.891e-05
8.880e+02	3.893e-05
8.885e+02	3.952e-05
8.890e+02	3.959e-05
8.895e+02	3.893e-05
8.900e+02	3.841e-05
8.905e+02	3.948e-05
8.910e+02	3.758e-05
8.915e+02	3.740e-05
8.920e+02	3.623e-05
8.925e+02	3.692e-05
8.930e+02	3.726e-05
8.935e+02	3.814e-05
8.940e+02	3.836e-05
8.945e+02	3.942e-05
8.950e+02	3.827e-05
8.955e+02	4.027e-05
8.960e+02	3.967e-05
8.965e+02	4.182e-05
8.970e+02	4.167e-05
8.975e+02	4.454e-05
8.980e+02	4.949e-05
8.985e+02	5.397e-05
8.990e+02	5.633e-05
8.995e+02	5.261e-05
9.000e+02	4.773e-05
9.005e+02	4.137e-05
9.010e+02	3.868e-05
9.015e+02	3.673e-05
9.020e+02	3.602e-05
9.025e+02	3.670e-05
9.030e+02	3.666e-05
9.035e+02	3.674e-05
9.040e+02	3.602e-05
9.045e+02	3.546e-05
9.050e+02	3.594e-05
9.055e+02	3.563e-05
9.060e+02	3.545e-05
9.065e+02	3.589e-05
9.070e+02	3.645e-05
9.075e+02	3.798e-05
9.080e+02	3.878e-05
9.085e+02	4.139e-05
9.090e+02	4.305e-05
9.095e+02	4.701e-05
9.100e+02	5.400e-05
9.105e+02	6.204e-05
9.110e+02	6.859e-05
9.115e+02	6.833e-05
9.120e+02	5.829e-05
9.125e+02	4.990e-05
9.130e+02	4.110e-05
9.135e+02	3.757e-05
9.140e+02	3.569e-05
9.145e+02	3.483e-05
9.150e+02	3.483e-05
9.155e+02	3.494e-05
9.160e+02	3.398e-05
9.165e+02	3.377e-05
9.170e+02	3.379e-05
9.175e+02	3.341e-05
9.180e+02	3.376e-05
9.185e+02	3.369e-05
9.190e+02	3.427e-05
9.195e+02	3.487e-05
9.200e+02	3.565e-05
9.205e+02	3.579e-05
9.210e+02	3.581e-05
9.215e+02	3.500e-05
9.220e+02	3.490e-05
9.225e+02	3.412e-05
9.230e+02	3.352e-05
9.235e+02	3.342e-05
9.240e+02	3.401e-05
9.245e+02	3.288e-05
9.250e+02	3.331e-05
9.255e+02	3.229e-05
9.260e+02	3.301e-05
9.265e+02	3.312e-05
9.270e+02	3.225e-05
9.275e+02	3.205e-05
9.280e+02	3.229e-05
9.285e+02	3.306e-05
9.290e+02	3.164e-05
9.295e+02	3.280e-05
9.300e+02	3.400e-05
9.305e+02	3.359e-05
9.310e+02	3.276e-05
9.315e+02	3.415e-05
9.320e+02	3.321e-05
9.325e+02	3.237e-05
9.330e+02	3.266e-05
9.335e+02	3.217e-05
9.340e+02	3.253e-05
9.345e+02	3.326e-05
9.350e+02	3.297e-05
9.355e+02	3.333e-05
9.360e+02	3.364e-05
9.365e+02	3.268e-05
9.370e+02	3.244e-05
9.375e+02	3.245e-05
9.380e+02	3.236e-05
9.385e+02	3.271e-05
9.390e+02	3.147e-05
9.395e+02	3.188e-05
9.400e+02	3.132e-05
9.405e+02	3.194e-05
9.410e+02	3.134e-05
9.415e+02	3.142e-05
9.420e+02	3.065e-05
9.425e+02	3.085e-05
9.430e+02	3.039e-05
9.435e+02	3.128e-05
9.440e+02	3.196e-05
9.445e+02	3.112e-05
9.450e+02	3.266e-05
9.455e+02	3.117e-05
9.460e+02	3.087e-05
9.465e+02	3.145e-05
9.470e+02	3.078e-05
9.475e+02	3.145e-05
9.480e+02	3.119e-05
9.485e+02	3.084e-05
9.490e+02	3.113e-05
9.495e+02	3.135e-05
9.500e+02	3.082e-05
9.505e+02	3.080e-05
9.510e+02	3.059e-05
9.515e+02	3.029e-05
9.520e+02	3.114e-05
9.525e+02	3.036e-05
9.530e+02	3.095e-05
9.535e+02	3.125e-05
9.540e+02	3.201e-05
9.545e+02	3.143e-05
9.550e+02	3.107e-05
9.555e+02	3.107e-05
9.560e+02	3.070e-05
9.565e+02	2.977e-05
9.570e+02	3.049e-05
9.575e+02	3.171e-05
9.580e+02	3.049e-05
9.585e+02	3.136e-05
9.590e+02	3.185e-05
9.595e+02	3.190e-05
9.600e+02	3.153e-05
9.605e+02	3.159e-05
9.610e+02	3.200e-05
9.615e+02	3.114e-05
9.620e+02	3.194e-05
9.625e+02	3.161e-05
9.630e+02	3.172e-05
9.635e+02	3.190e-05
9.640e+02	3.243e-05
9.645e+02	3.328e-05
9.650e+02	3.263e-05
9.655e+02	3.164e-05
9.660e+02	3.116e-05
9.665e+02	3.136e-05
9.670e+02	3.249e-05
9.675e+02	3.452e-05
9.680e+02	3.577e-05
9.685e+02	3.855e-05
9.690e+02	4.064e-05
9.695e+02	3.762e-05
9.700e+02	3.559e-05
9.705e+02	3.348e-05
9.710e+02	3.184e-05
9.715e+02	3.085e-05
9.720e+02	3.013e-05
9.725e+02	3.115e-05
9.730e+02	3.119e-05
9.735e+02	3.089e-05
9.740e+02	3.188e-05
9.745e+02	3.340e-05
9.750e+02	3.263e-05
9.755e+02	3.207e-05
9.760e+02	3.126e-05
9.765e+02	3.035e-05
9.770e+02	2.975e-05
9.775e+02	2.942e-05
9.780e+02	2.961e-05
9.785e+02	2.981e-05
9.790e+02	3.011e-05
9.795e+02	2.923e-05
9.800e+02	3.013e-05
9.805e+02	2.951e-05
9.810e+02	2.972e-05
9.815e+02	3.157e-05
9.820e+02	3.223e-05
9.825e+02	3.323e-05
9.830e+02	3.511e-05
9.835e+02	3.684e-05
9.840e+02	3.628e-05
9.845e+02	3.484e-05
9.850e+02	3.459e-05
9.855e+02	3.744e-05
9.860e+02	4.518e-05
9.865e+02	5.367e-05
9.870e+02	6.603e-05
9.875e+02	6.916e-05
9.880e+02	6.419e-05
9.885e+02	5.236e-05
9.890e+02	4.265e-05
9.895e+02	3.482e-05
9.900e+02	3.226e-05
9.905e+02	3.117e-05
9.910e+02	3.071e-05
9.915e+02	3.190e-05
9.920e+02	3.159e-05
9.925e+02	3.121e-05
9.930e+02	3.101e-05
9.935e+02	3.036e-05
9.940e+02	2.830e-05
9.945e+02	2.954e-05
9.950e+02	2.915e-05
9.955e+02	2.796e-05
9.960e+02	2.826e-05
9.965e+02	2.881e-05
9.970e+02	2.769e-05
9.975e+02	2.864e-05
9.980e+02	2.784e-05
9.985e+02	2.880e-05
9.990e+02	2.906e-05
9.995e+02	3.136e-05
1.000e+03	3.326e-05
1.000e+03	3.580e-05
1.001e+03	3.562e-05
1.002e+03	3.429e-05
1.002e+03	3.331e-05
1.002e+03	3.032e-05
1.003e+03	2.895e-05
1.004e+03	2.836e-05
1.004e+03	2.723e-05
1.004e+03	2.665e-05
1.005e+03	2.792e-05
1.006e+03	2.919e-05
1.006e+03	2.773e-05
1.007e+03	2.739e-05
1.007e+03	2.748e-05
1.007e+03	2.673e-05
1.008e+03	2.773e-05
1.008e+03	2.660e-05
1.009e+03	2.737e-05
1.010e+03	2.784e-05
1.010e+03	2.716e-05
1.010e+03	2.727e-05
1.011e+03	2.735e-05
1.012e+03	2.742e-05
1.012e+03	3.011e-05
1.012e+03	3.311e-05
1.013e+03	3.851e-05
1.014e+03	4.946e-05
1.014e+03	5.547e-05
1.014e+03	5.831e-05
1.015e+03	5.292e-05
1.015e+03	4.283e-05
1.016e+03	3.548e-05
1.017e+03	2.984e-05
1.017e+03	2.813e-05
1.018e+03	2.740e-05
1.018e+03	2.796e-05
1.018e+03	2.680e-05
1.019e+03	2.667e-05
1.020e+03	2.770e-05
1.020e+03	2.901e-05
1.020e+03	2.956e-05
1.021e+03	3.142e-05
1.022e+03	3.318e-05
1.022e+03	3.213e-05
1.022e+03	3.163e-05
1.023e+03	3.004e-05
1.023e+03	2.838e-05
1.024e+03	2.701e-05
1.025e+03	2.742e-05
1.025e+03	2.644e-05
1.025e+03	2.760e-05
1.026e+03	2.679e-05
1.026e+03	2.731e-05
1.027e+03	2.670e-05
1.028e+03	2.650e-05
1.028e+03	2.588e-05
1.028e+03	2.569e-05
1.029e+03	2.606e-05
1.030e+03	2.616e-05
1.030e+03	2.627e-05
1.030e+03	2.529e-05
1.031e+03	2.443e-05
1.032e+03	2.576e-05
1.032e+03	2.584e-05
1.032e+03	2.602e-05
1.033e+03	2.526e-05
1.033e+03	2.604e-05
1.034e+03	2.536e-05
1.034e+03	2.595e-05
1.035e+03	2.647e-05
1.036e+03	2.535e-05
1.036e+03	2.579e-05
1.036e+03	2.652e-05
1.037e+03	2.627e-05
1.038e+03	2.754e-05
1.038e+03	2.903e-05
1.038e+03	3.103e-05
1.039e+03	3.244e-05
1.039e+03	3.207e-05
1.040e+03	3.084e-05
1.040e+03	2.924e-05
1.041e+03	2.692e-05
1.042e+03	2.622e-05
1.042e+03	2.567e-05
1.042e+03	2.584e-05
1.043e+03	2.609e-05
1.043e+03	2.605e-05
1.044e+03	2.649e-05
1.044e+03	2.588e-05
1.045e+03	2.673e-05
1.046e+03	2.599e-05
1.046e+03	2.554e-05
1.046e+03	2.586e-05
1.047e+03	2.647e-05
1.047e+03	2.711e-05
1.048e+03	2.891e-05
1.048e+03	2.921e-05
1.049e+03	2.921e-05
1.050e+03	2.792e-05
1.050e+03	2.660e-05
1.050e+03	2.607e-05
1.051e+03	2.515e-05
1.052e+03	2.537e-05
1.052e+03	2.495e-05
1.052e+03	2.465e-05
1.053e+03	2.385e-05
1.054e+03	2.445e-05
1.054e+03	2.442e-05
1.054e+03	2.488e-05
1.055e+03	2.497e-05
1.055e+03	2.505e-05
1.056e+03	2.481e-05
1.057e+03	2.498e-05
1.057e+03	2.445e-05
1.057e+03	2.439e-05
1.058e+03	2.473e-05
1.058e+03	2.497e-05
1.059e+03	2.426e-05
1.060e+03	2.409e-05
1.060e+03	2.448e-05
1.060e+03	2.416e-05
1.061e+03	2.442e-05
1.062e+03	2.487e-05
1.062e+03	2.628e-05
1.062e+03	2.796e-05
1.063e+03	3.015e-05
1.063e+03	3.103e-05
1.064e+03	3.115e-05
1.064e+03	2.921e-05
1.065e+03	2.691e-05
1.065e+03	2.530e-05
1.066e+03	2.439e-05
1.066e+03	2.370e-05
1.067e+03	2.463e-05
1.068e+03	2.357e-05
1.068e+03	2.326e-05
1.068e+03	2.354e-05
1.069e+03	2.396e-05
1.070e+03	2.297e-05
1.070e+03	2.369e-05
1.070e+03	2.334e-05
1.071e+03	2.374e-05
1.071e+03	2.285e-05
1.072e+03	2.383e-05
1.072e+03	2.317e-05
1.073e+03	2.352e-05
1.073e+03	2.275e-05
1.074e+03	2.387e-05
1.074e+03	2.329e-05
1.075e+03	2.395e-05
1.075e+03	2.398e-05
1.076e+03	2.546e-05
1.076e+03	2.719e-05
1.077e+03	2.812e-05
1.078e+03	2.917e-05
1.078e+03	2.868e-05
1.078e+03	2.792e-05
1.079e+03	2.600e-05
1.079e+03	2.484e-05
1.080e+03	2.435e-05
1.080e+03	2.351e-05
1.081e+03	2.335e-05
1.082e+03	2.265e-05
1.082e+03	2.355e-05
1.082e+03	2.299e-05
1.083e+03	2.251e-05
1.083e+03	2.251e-05
1.084e+03	2.304e-05
1.084e+03	2.418e-05
1.085e+03	2.438e-05
1.086e+03	2.667e-05
1.086e+03	2.909e-05
1.086e+03	3.152e-05
1.087e+03	3.217e-05
1.087e+03	3.086e-05
1.088e+03	2.792e-05
1.088e+03	2.606e-05
1.089e+03	2.379e-05
1.089e+03	2.368e-05
1.090e+03	2.349e-05
1.090e+03	2.245e-05
1.091e+03	2.226e-05
1.092e+03	2.323e-05
1.092e+03	2.352e-05
1.092e+03	2.317e-05
1.093e+03	2.296e-05
1.093e+03	2.370e-05
1.094e+03	2.314e-05
1.094e+03	2.408e-05
1.095e+03	2.448e-05
1.095e+03	2.411e-05
1.096e+03	2.436e-05
1.096e+03	2.532e-05
1.097e+03	2.399e-05
1.097e+03	2.423e-05
1.098e+03	2.393e-05
1.098e+03	2.491e-05
1.099e+03	2.442e-05
1.100e+03	2.403e-05
1.100e+03	2.394e-05
1.100e+03	2.420e-05
1.101e+03	2.507e-05
1.102e+03	2.542e-05
1.102e+03	2.556e-05
1.102e+03	2.590e-05
1.103e+03	2.650e-05
1.103e+03	2.580e-05
1.104e+03	2.868e-05
1.104e+03	3.529e-05
1.105e+03	4.654e-05
1.105e+03	6.680e-05
1.106e+03	9.429e-05
1.106e+03	1.211e-04
1.107e+03	1.323e-04
1.107e+03	1.228e-04
1.108e+03	1.034e-04
1.108e+03	7.571e-05
1.109e+03	5.372e-05
1.110e+03	4.135e-05
1.110e+03	3.272e-05
1.110e+03	2.907e-05
1.111e+03	2.683e-05
1.111e+03	2.613e-05
1.112e+03	2.693e-05
1.112e+03	2.693e-05
1.113e+03	2.761e-05
1.113e+03	3.053e-05
1.114e+03	3.374e-05
1.114e+03	4.338e-05
1.115e+03	6.040e-05
1.115e+03	8.648e-05
1.116e+03	1.282e-04
1.116e+03	1.742e-04
1.117e+03	2.070e-04
1.118e+03	2.023e-04
1.118e+03	1.609e-04
1.118e+03	1.110e-04
1.119e+03	7.001e-05
1.119e+03	4.659e-05
1.120e+03	3.615e-05
1.120e+03	3.142e-05
1.121e+03	3.039e-05
1.121e+03	2.932e-05
1.122e+03	2.832e-05
1.122e+03	2.799e-05
1.123e+03	2.979e-05
1.123e+03	3.422e-05
1.124e+03	3.894e-05
1.125e+03	4.085e-05
1.125e+03	3.874e-05
1.125e+03	3.306e-05
1.126e+03	2.776e-05
1.127e+03	2.473e-05
1.127e+03	2.175e-05
1.127e+03	2.136e-05
1.128e+03	2.021e-05
1.129e+03	2.109e-05
1.129e+03	2.062e-05
1.129e+03	2.103e-05
1.130e+03	2.065e-05
1.131e+03	2.068e-05
1.131e+03	2.041e-05
1.132e+03	2.048e-05
1.132e+03	2.032e-05
1.132e+03	2.070e-05
1.133e+03	2.010e-05
1.133e+03	2.034e-05
1.134e+03	2.065e-05
1.135e+03	2.011e-05
1.135e+03	2.059e-05
1.135e+03	1.969e-05
1.136e+03	2.026e-05
1.137e+03	1.995e-05
1.137e+03	1.948e-05
1.137e+03	2.071e-05
1.138e+03	2.074e-05
1.139e+03	2.147e-05
1.139e+03	2.070e-05
1.139e+03	2.144e-05
1.140e+03	2.049e-05
1.140e+03	2.052e-05
1.141e+03	2.001e-05
1.142e+03	1.983e-05
1.142e+03	2.018e-05
1.143e+03	2.024e-05
1.143e+03	1.952e-05
1.143e+03	1.991e-05
1.144e+03	1.980e-05
1.145e+03	1.955e-05
1.145e+03	1.925e-05
1.145e+03	1.966e-05
1.146e+03	1.932e-05
1.147e+03	1.995e-05
1.147e+03	1.946e-05
1.147e+03	1.935e-05
1.148e+03	1.992e-05
1.148e+03	1.923e-05
1.149e+03	1.996e-05
1.150e+03	1.942e-05
1.150e+03	1.932e-05
1.150e+03	1.994e-05
1.151e+03	1.945e-05
1.151e+03	1.983e-05
1.152e+03	1.947e-05
1.153e+03	1.974e-05
1.153e+03	1.995e-05
1.153e+03	1.962e-05
1.154e+03	1.985e-05
1.155e+03	1.966e-05
1.155e+03	1.949e-05
1.155e+03	2.034e-05
1.156e+03	2.062e-05
1.157e+03	2.173e-05
1.157e+03	2.203e-05
1.157e+03	2.138e-05
1.158e+03	2.134e-05
1.158e+03	1.949e-05
1.159e+03	2.037e-05
1.159e+03	1.979e-05
1.160e+03	1.995e-05
1.161e+03	2.010e-05
1.161e+03	2.044e-05
1.161e+03	2.054e-05
1.162e+03	1.995e-05
1.163e+03	1.937e-05
1.163e+03	1.940e-05
1.163e+03	1.975e-05
1.164e+03	1.946e-05
1.164e+03	1.886e-05
1.165e+03	1.956e-05
1.165e+03	1.917e-05
1.166e+03	1.942e-05
1.167e+03	1.932e-05
1.167e+03	1.876e-05
1.167e+03	1.896e-05
1.168e+03	1.886e-05
1.168e+03	1.931e-05
1.169e+03	1.856e-05
1.169e+03	1.867e-05
1.170e+03	1.864e-05
1.171e+03	1.942e-05
1.171e+03	1.881e-05
1.171e+03	1.890e-05
1.172e+03	1.905e-05
1.172e+03	1.968e-05
1.173e+03	1.996e-05
1.173e+03	1.929e-05
1.174e+03	1.945e-05
1.175e+03	1.953e-05
1.175e+03	1.932e-05
1.175e+03	1.912e-05
1.176e+03	1.858e-05
1.177e+03	1.893e-05
1.177e+03	1.843e-05
1.177e+03	1.849e-05
1.178e+03	1.861e-05
1.179e+03	1.879e-05
1.179e+03	1.823e-05
1.179e+03	1.812e-05
1.180e+03	1.800e-05
1.180e+03	1.844e-05
1.181e+03	1.854e-05
1.182e+03	1.883e-05
1.182e+03	1.833e-05
1.182e+03	1.843e-05
1.183e+03	1.762e-05
1.183e+03	1.921e-05
1.184e+03	1.940e-05
1.185e+03	1.901e-05
1.185e+03	1.953e-05
1.185e+03	1.941e-05
1.186e+03	1.929e-05
1.187e+03	1.905e-05
1.187e+03	1.905e-05
1.187e+03	1.859e-05
1.188e+03	1.885e-05
1.188e+03	1.953e-05
1.189e+03	2.021e-05
1.189e+03	2.035e-05
1.190e+03	2.027e-05
1.190e+03	1.969e-05
1.191e+03	1.952e-05
1.191e+03	1.922e-05
1.192e+03	1.901e-05
1.193e+03	1.966e-05
1.193e+03	2.061e-05
1.193e+03	1.985e-05
1.194e+03	2.004e-05
1.195e+03	1.991e-05
1.195e+03	1.819e-05
1.195e+03	1.885e-05
1.196e+03	1.862e-05
1.196e+03	1.868e-05
1.197e+03	1.956e-05
1.197e+03	1.822e-05
1.198e+03	1.891e-05
1.198e+03	1.874e-05
1.199e+03	1.799e-05
1.199e+03	1.812e-05
1.200e+03	1.836e-05
1.200e+03	1.866e-05
1.201e+03	1.813e-05
1.201e+03	1.776e-05
1.202e+03	1.804e-05
1.203e+03	1.819e-05
1.203e+03	1.809e-05
1.203e+03	1.818e-05
1.204e+03	1.879e-05
1.204e+03	1.935e-05
1.205e+03	1.981e-05
1.205e+03	1.910e-05
1.206e+03	1.926e-05
1.207e+03	1.863e-05
1.207e+03	1.875e-05
1.207e+03	1.864e-05
1.208e+03	1.833e-05
1.208e+03	1.758e-05
1.209e+03	1.839e-05
1.209e+03	1.766e-05
1.210e+03	1.847e-05
1.211e+03	1.870e-05
1.211e+03	1.814e-05
1.211e+03	1.815e-05
1.212e+03	1.806e-05
1.212e+03	1.821e-05
1.213e+03	1.813e-05
1.213e+03	1.825e-05
1.214e+03	1.864e-05
1.214e+03	1.826e-05
1.215e+03	1.803e-05
1.215e+03	1.815e-05
1.216e+03	1.810e-05
1.217e+03	1.772e-05
1.217e+03	1.852e-05
1.217e+03	1.809e-05
1.218e+03	1.760e-05
1.218e+03	1.810e-05
1.219e+03	1.807e-05
1.219e+03	1.857e-05
1.220e+03	1.892e-05
1.220e+03	1.929e-05
1.221e+03	1.966e-05
1.221e+03	1.984e-05
1.222e+03	1.955e-05
1.222e+03	1.910e-05
1.223e+03	1.901e-05
1.223e+03	1.881e-05
1.224e+03	1.773e-05
1.225e+03	1.781e-05
1.225e+03	1.742e-05
1.225e+03	1.758e-05
1.226e+03	1.808e-05
1.227e+03	1.826e-05
1.227e+03	1.740e-05
1.227e+03	1.747e-05
1.228e+03	1.771e-05
1.228e+03	1.781e-05
1.229e+03	1.803e-05
1.229e+03	1.783e-05
1.230e+03	1.758e-05
1.230e+03	1.781e-05
1.231e+03	1.769e-05
1.231e+03	1.812e-05
1.232e+03	1.773e-05
1.232e+03	1.785e-05
1.233e+03	1.781e-05
1.233e+03	1.743e-05
1.234e+03	1.755e-05
1.235e+03	1.714e-05
1.235e+03	1.696e-05
1.235e+03	1.697e-05
1.236e+03	1.765e-05
1.236e+03	1.762e-05
1.237e+03	1.789e-05
1.237e+03	1.827e-05
1.238e+03	1.864e-05
1.238e+03	1.894e-05
1.239e+03	1.840e-05
1.239e+03	1.816e-05
1.240e+03	1.768e-05
1.240e+03	1.701e-05
1.241e+03	1.739e-05
1.241e+03	1.757e-05
1.242e+03	1.665e-05
1.243e+03	1.727e-05
1.243e+03	1.723e-05
1.243e+03	1.724e-05
1.244e+03	1.701e-05
1.244e+03	1.709e-05
1.245e+03	1.727e-05
1.245e+03	1.742e-05
1.246e+03	1.710e-05
1.246e+03	1.670e-05
1.247e+03	1.669e-05
1.247e+03	1.728e-05
1.248e+03	1.690e-05
1.248e+03	1.614e-05
1.249e+03	1.589e-05
1.250e+03	1.690e-05
1.250e+03	1.670e-05
1.250e+03	1.712e-05
1.251e+03	1.700e-05
1.252e+03	1.717e-05
1.252e+03	1.708e-05
1.252e+03	1.683e-05
1.253e+03	1.688e-05
1.254e+03	1.694e-05
1.254e+03	1.671e-05
1.254e+03	1.668e-05
1.255e+03	1.668e-05
1.256e+03	1.707e-05
1.256e+03	1.699e-05
1.257e+03	1.622e-05
1.257e+03	1.691e-05
1.257e+03	1.700e-05
1.258e+03	1.676e-05
1.258e+03	1.616e-05
1.259e+03	1.711e-05
1.260e+03	1.670e-05
1.260e+03	1.662e-05
1.260e+03	1.630e-05
1.261e+03	1.688e-05
1.262e+03	1.631e-05
1.262e+03	1.648e-05
1.262e+03	1.718e-05
1.263e+03	1.623e-05
1.264e+03	1.658e-05
1.264e+03	1.669e-05
1.264e+03	1.697e-05
1.265e+03	1.678e-05
1.265e+03	1.673e-05
1.266e+03	1.704e-05
1.267e+03	1.641e-05
1.267e+03	1.640e-05
1.268e+03	1.678e-05
1.268e+03	1.668e-05
1.268e+03	1.637e-05
1.269e+03	1.682e-05
1.270e+03	1.726e-05
1.270e+03	1.652e-05
1.270e+03	1.634e-05
1.271e+03	1.661e-05
1.272e+03	1.652e-05
1.272e+03	1.739e-05
1.272e+03	1.679e-05
1.273e+03	1.846e-05
1.273e+03	1.835e-05
1.274e+03	1.838e-05
1.275e+03	1.809e-05
1.275e+03	1.752e-05
1.275e+03	1.739e-05
1.276e+03	1.756e-05
1.276e+03	1.724e-05
1.277e+03	1.704e-05
1.278e+03	1.693e-05
1.278e+03	1.635e-05
1.278e+03	1.676e-05
1.279e+03	1.677e-05
1.280e+03	1.613e-05
1.280e+03	1.627e-05
1.281e+03	1.591e-05
1.281e+03	1.598e-05
1.282e+03	1.595e-05
1.282e+03	1.644e-05
1.282e+03	1.624e-05
1.283e+03	1.604e-05
1.283e+03	1.590e-05
1.284e+03	1.584e-05
1.284e+03	1.566e-05
1.285e+03	1.614e-05
1.286e+03	1.610e-05
1.286e+03	1.650e-05
1.286e+03	1.677e-05
1.287e+03	1.538e-05
1.288e+03	1.565e-05
1.288e+03	1.579e-05
1.288e+03	1.656e-05
1.289e+03	1.616e-05
1.289e+03	1.567e-05
1.290e+03	1.652e-05
1.291e+03	1.657e-05
1.291e+03	1.664e-05
1.292e+03	1.673e-05
1.292e+03	1.730e-05
1.292e+03	1.664e-05
1.293e+03	1.716e-05
1.293e+03	1.778e-05
1.294e+03	1.791e-05
1.294e+03	1.760e-05
1.295e+03	1.718e-05
1.296e+03	1.641e-05
1.296e+03	1.634e-05
1.296e+03	1.635e-05
1.297e+03	1.616e-05
1.297e+03	1.660e-05
1.298e+03	1.716e-05
1.298e+03	1.756e-05
1.299e+03	1.690e-05
1.299e+03	1.685e-05
1.300e+03	1.697e-05
1.300e+03	1.607e-05
1.301e+03	1.558e-05
1.302e+03	1.571e-05
1.302e+03	1.489e-05
1.302e+03	1.552e-05
1.303e+03	1.550e-05
1.304e+03	1.517e-05
1.304e+03	1.556e-05
1.304e+03	1.579e-05
1.305e+03	1.594e-05
1.306e+03	1.599e-05
1.306e+03	1.537e-05
1.307e+03	1.522e-05
1.307e+03	1.560e-05
1.307e+03	1.607e-05
1.308e+03	1.539e-05
1.308e+03	1.600e-05
1.309e+03	1.588e-05
1.309e+03	1.561e-05
1.310e+03	1.566e-05
1.310e+03	1.624e-05
1.311e+03	1.649e-05
1.312e+03	1.841e-05
1.312e+03	1.767e-05
1.312e+03	1.812e-05
1.313e+03	1.748e-05
1.313e+03	1.627e-05
1.314e+03	1.614e-05
1.314e+03	1.627e-05
1.315e+03	1.549e-05
1.316e+03	1.522e-05
1.316e+03	1.561e-05
1.316e+03	1.657e-05
1.317e+03	1.558e-05
1.318e+03	1.615e-05
1.318e+03	1.612e-05
1.318e+03	1.578e-05
1.319e+03	1.537e-05
1.319e+03	1.579e-05
1.320e+03	1.567e-05
1.321e+03	1.536e-05
1.321e+03	1.543e-05
1.321e+03	1.529e-05
1.322e+03	1.526e-05
1.322e+03	1.524e-05
1.323e+03	1.527e-05
1.323e+03	1.524e-05
1.324e+03	1.531e-05
1.324e+03	1.569e-05
1.325e+03	1.511e-05
1.326e+03	1.617e-05
1.326e+03	1.534e-05
1.326e+03	1.579e-05
1.327e+03	1.528e-05
1.328e+03	1.559e-05
1.328e+03	1.552e-05
1.328e+03	1.530e-05
1.329e+03	1.550e-05
1.329e+03	1.572e-05
1.330e+03	1.549e-05
1.331e+03	1.539e-05
1.331e+03	1.582e-05
1.332e+03	1.634e-05
1.332e+03	1.565e-05
1.332e+03	1.621e-05
1.333e+03	1.616e-05
1.333e+03	1.661e-05
1.334e+03	1.622e-05
1.334e+03	1.676e-05
1.335e+03	1.749e-05
1.336e+03	2.010e-05
1.336e+03	2.293e-05
1.336e+03	2.530e-05
1.337e+03	2.552e-05
1.337e+03	2.403e-05
1.338e+03	2.151e-05
1.338e+03	1.952e-05
1.339e+03	1.768e-05
1.339e+03	1.660e-05
1.340e+03	1.598e-05
1.340e+03	1.543e-05
1.341e+03	1.536e-05
1.342e+03	1.531e-05
1.342e+03	1.586e-05
1.342e+03	1.506e-05
1.343e+03	1.558e-05
1.343e+03	1.613e-05
1.344e+03	1.546e-05
1.344e+03	1.698e-05
1.345e+03	1.890e-05
1.346e+03	2.205e-05
1.346e+03	2.591e-05
1.346e+03	2.925e-05
1.347e+03	3.095e-05
1.347e+03	2.920e-05
1.348e+03	2.606e-05
1.348e+03	2.260e-05
1.349e+03	1.879e-05
1.349e+03	1.582e-05
1.350e+03	1.525e-05
1.350e+03	1.566e-05
1.351e+03	1.504e-05
1.352e+03	1.441e-05
1.352e+03	1.496e-05
1.352e+03	1.551e-05
1.353e+03	1.510e-05
1.353e+03	1.476e-05
1.354e+03	1.437e-05
1.354e+03	1.493e-05
1.355e+03	1.524e-05
1.356e+03	1.535e-05
1.356e+03	1.492e-05
1.356e+03	1.509e-05
1.357e+03	1.564e-05
1.357e+03	1.532e-05
1.358e+03	1.540e-05
1.358e+03	1.474e-05
1.359e+03	1.472e-05
1.359e+03	1.492e-05
1.360e+03	1.490e-05
1.360e+03	1.509e-05
1.361e+03	1.479e-05
1.361e+03	1.459e-05
1.362e+03	1.497e-05
1.362e+03	1.527e-05
1.363e+03	1.528e-05
1.363e+03	1.485e-05
1.364e+03	1.542e-05
1.364e+03	1.500e-05
1.365e+03	1.563e-05
1.366e+03	1.554e-05
1.366e+03	1.737e-05
1.366e+03	1.736e-05
1.367e+03	2.076e-05
1.368e+03	2.570e-05
1.368e+03	2.957e-05
1.368e+03	3.348e-05
1.369e+03	3.454e-05
1.369e+03	3.102e-05
1.370e+03	2.516e-05
1.371e+03	2.141e-05
1.371e+03	1.726e-05
1.371e+03	1.583e-05
1.372e+03	1.515e-05
1.372e+03	1.497e-05
1.373e+03	1.502e-05
1.373e+03	1.475e-05
1.374e+03	1.561e-05
1.374e+03	1.470e-05
1.375e+03	1.461e-05
1.376e+03	1.527e-05
1.376e+03	1.528e-05
1.377e+03	1.544e-05
1.377e+03	1.637e-05
1.377e+03	1.676e-05
1.378e+03	1.739e-05
1.379e+03	1.714e-05
1.379e+03	1.678e-05
1.379e+03	1.687e-05
1.380e+03	1.675e-05
1.381e+03	1.809e-05
1.381e+03	1.912e-05
1.382e+03	2.014e-05
1.382e+03	2.016e-05
1.382e+03	1.990e-05
1.383e+03	1.757e-05
1.383e+03	1.649e-05
1.384e+03	1.546e-05
1.384e+03	1.441e-05
1.385e+03	1.510e-05
1.385e+03	1.446e-05
1.386e+03	1.462e-05
1.387e+03	1.396e-05
1.387e+03	1.359e-05
1.387e+03	1.388e-05
1.388e+03	1.380e-05
1.389e+03	1.431e-05
1.389e+03	1.405e-05
1.389e+03	1.384e-05
1.390e+03	1.411e-05
1.391e+03	1.399e-05
1.391e+03	1.366e-05
1.392e+03	1.395e-05
1.392e+03	1.384e-05
1.393e+03	1.356e-05
1.393e+03	1.411e-05
1.393e+03	1.394e-05
1.394e+03	1.388e-05
1.394e+03	1.382e-05
1.395e+03	1.405e-05
1.396e+03	1.438e-05
1.396e+03	1.470e-05
1.397e+03	1.361e-05
1.397e+03	1.421e-05
1.397e+03	1.431e-05
1.398e+03	1.412e-05
1.398e+03	1.418e-05
1.399e+03	1.430e-05
1.399e+03	1.341e-05
1.400e+03	1.411e-05
1.400e+03	1.377e-05
1.401e+03	1.341e-05
1.401e+03	1.464e-05
1.402e+03	1.444e-05
1.403e+03	1.397e-05
1.403e+03	1.353e-05
1.403e+03	1.331e-05
1.404e+03	1.376e-05
1.404e+03	1.389e-05
1.405e+03	1.339e-05
1.406e+03	1.383e-05
1.406e+03	1.379e-05
1.407e+03	1.395e-05
1.407e+03	1.413e-05
1.407e+03	1.418e-05
1.408e+03	1.432e-05
1.408e+03	1.468e-05
1.409e+03	1.444e-05
1.409e+03	1.426e-05
1.410e+03	1.399e-05
1.411e+03	1.411e-05
1.411e+03	1.339e-05
1.411e+03	1.390e-05
1.412e+03	1.381e-05
1.413e+03	1.343e-05
1.413e+03	1.354e-05
1.413e+03	1.363e-05
1.414e+03	1.424e-05
1.414e+03	1.389e-05
1.415e+03	1.387e-05
1.416e+03	1.380e-05
1.416e+03	1.381e-05
1.416e+03	1.364e-05
1.417e+03	1.355e-05
1.417e+03	1.341e-05
1.418e+03	1.417e-05
1.418e+03	1.365e-05
1.419e+03	1.373e-05
1.419e+03	1.395e-05
1.420e+03	1.459e-05
1.421e+03	1.447e-05
1.421e+03	1.442e-05
1.421e+03	1.407e-05
1.422e+03	1.387e-05
1.422e+03	1.418e-05
1.423e+03	1.380e-05
1.423e+03	1.314e-05
1.424e+03	1.363e-05
1.424e+03	1.348e-05
1.425e+03	1.399e-05
1.425e+03	1.339e-05
1.426e+03	1.353e-05
1.427e+03	1.415e-05
1.427e+03	1.402e-05
1.427e+03	1.432e-05
1.428e+03	1.408e-05
1.429e+03	1.485e-05
1.429e+03	1.491e-05
1.429e+03	1.473e-05
1.430e+03	1.485e-05
1.431e+03	1.550e-05
1.431e+03	1.606e-05
1.432e+03	1.602e-05
1.432e+03	1.729e-05
1.432e+03	1.868e-05
1.433e+03	2.003e-05
1.433e+03	2.259e-05
1.434e+03	2.412e-05
1.434e+03	2.472e-05
1.435e+03	2.448e-05
1.435e+03	2.308e-05
1.436e+03	2.327e-05
1.437e+03	2.252e-05
1.437e+03	2.218e-05
1.437e+03	2.222e-05
1.438e+03	2.120e-05
1.438e+03	1.916e-05
1.439e+03	1.703e-05
1.439e+03	1.624e-05
1.440e+03	1.571e-05
1.441e+03	1.520e-05
1.441e+03	1.551e-05
1.441e+03	1.501e-05
1.442e+03	1.498e-05
1.443e+03	1.480e-05
1.443e+03	1.548e-05
1.443e+03	1.465e-05
1.444e+03	1.506e-05
1.444e+03	1.521e-05
1.445e+03	1.557e-05
1.446e+03	1.587e-05
1.446e+03	1.613e-05
1.446e+03	1.707e-05
1.447e+03	1.723e-05
1.447e+03	1.693e-05
1.448e+03	1.602e-05
1.448e+03	1.574e-05
1.449e+03	1.550e-05
1.450e+03	1.487e-05
1.450e+03	1.474e-05
1.451e+03	1.441e-05
1.451e+03	1.401e-05
1.451e+03	1.384e-05
1.452e+03	1.443e-05
1.453e+03	1.485e-05
1.453e+03	1.416e-05
1.453e+03	1.426e-05
1.454e+03	1.453e-05
1.454e+03	1.476e-05
1.455e+03	1.539e-05
1.456e+03	1.506e-05
1.456e+03	1.580e-05
1.457e+03	1.598e-05
1.457e+03	1.632e-05
1.458e+03	1.702e-05
1.458e+03	1.727e-05
1.458e+03	1.879e-05
1.459e+03	2.130e-05
1.459e+03	2.444e-05
1.460e+03	2.836e-05
1.461e+03	3.176e-05
1.461e+03	3.444e-05
1.461e+03	3.500e-05
1.462e+03	3.301e-05
1.462e+03	2.831e-05
1.463e+03	2.713e-05
1.463e+03	2.498e-05
1.464e+03	2.511e-05
1.464e+03	2.504e-05
1.465e+03	2.386e-05
1.466e+03	2.385e-05
1.466e+03	2.389e-05
1.467e+03	2.472e-05
1.467e+03	2.583e-05
1.467e+03	2.655e-05
1.468e+03	2.735e-05
1.468e+03	2.944e-05
1.469e+03	3.136e-05
1.469e+03	3.316e-05
1.470e+03	3.322e-05
1.471e+03	3.045e-05
1.471e+03	2.669e-05
1.471e+03	2.406e-05
1.472e+03	2.191e-05
1.472e+03	2.135e-05
1.473e+03	2.020e-05
1.474e+03	2.061e-05
1.474e+03	1.969e-05
1.474e+03	2.153e-05
1.475e+03	2.260e-05
1.475e+03	2.349e-05
1.476e+03	2.511e-05
1.477e+03	2.730e-05
1.477e+03	2.980e-05
1.477e+03	3.149e-05
1.478e+03	3.408e-05
1.478e+03	3.392e-05
1.479e+03	3.239e-05
1.479e+03	2.935e-05
1.480e+03	2.646e-05
1.481e+03	2.318e-05
1.481e+03	2.084e-05
1.482e+03	2.044e-05
1.482e+03	1.864e-05
1.482e+03	1.866e-05
1.483e+03	1.755e-05
1.483e+03	1.709e-05
1.484e+03	1.704e-05
1.484e+03	1.708e-05
1.485e+03	1.783e-05
1.485e+03	1.737e-05
1.486e+03	1.852e-05
1.486e+03	1.817e-05
1.487e+03	1.943e-05
1.487e+03	1.958e-05
1.488e+03	2.019e-05
1.488e+03	2.086e-05
1.489e+03	2.094e-05
1.490e+03	2.117e-05
1.490e+03	2.306e-05
1.491e+03	2.360e-05
1.491e+03	2.517e-05
1.491e+03	2.733e-05
1.492e+03	2.878e-05
1.493e+03	2.948e-05
1.493e+03	3.117e-05
1.493e+03	3.277e-05
1.494e+03	3.293e-05
1.494e+03	3.163e-05
1.495e+03	2.975e-05
1.496e+03	2.829e-05
1.496e+03	2.850e-05
1.496e+03	2.818e-05
1.497e+03	2.831e-05
1.498e+03	2.935e-05
1.498e+03	2.886e-05
1.498e+03	2.785e-05
1.499e+03	2.485e-05
1.499e+03	2.255e-05
1.500e+03	1.998e-05
1.501e+03	1.774e-05
1.501e+03	1.671e-05
1.501e+03	1.611e-05
1.502e+03	1.594e-05
1.502e+03	1.477e-05
1.503e+03	1.512e-05
1.504e+03	1.417e-05
1.504e+03	1.372e-05
1.504e+03	1.396e-05
1.505e+03	1.406e-05
1.506e+03	1.352e-05
1.506e+03	1.363e-05
1.507e+03	1.299e-05
1.507e+03	1.343e-05
1.507e+03	1.339e-05
1.508e+03	1.341e-05
1.508e+03	1.310e-05
1.509e+03	1.323e-05
1.509e+03	1.302e-05
1.510e+03	1.303e-05
1.510e+03	1.342e-05
1.511e+03	1.326e-05
1.512e+03	1.326e-05
1.512e+03	1.285e-05
1.512e+03	1.357e-05
1.513e+03	1.394e-05
1.514e+03	1.388e-05
1.514e+03	1.433e-05
1.514e+03	1.411e-05
1.515e+03	1.448e-05
1.516e+03	1.473e-05
1.516e+03	1.468e-05
1.517e+03	1.488e-05
1.517e+03	1.474e-05
1.517e+03	1.553e-05
1.518e+03	1.606e-05
1.518e+03	1.663e-05
1.519e+03	1.638e-05
1.519e+03	1.668e-05
1.520e+03	1.767e-05
1.521e+03	1.717e-05
1.521e+03	1.711e-05
1.522e+03	1.688e-05
1.522e+03	1.636e-05
1.522e+03	1.593e-05
1.523e+03	1.610e-05
1.523e+03	1.636e-05
1.524e+03	1.660e-05
1.524e+03	1.905e-05
1.525e+03	1.918e-05
1.525e+03	1.977e-05
1.526e+03	2.081e-05
1.526e+03	2.210e-05
1.527e+03	2.335e-05
1.528e+03	2.412e-05
1.528e+03	2.671e-05
1.528e+03	2.892e-05
1.529e+03	3.080e-05
1.529e+03	3.477e-05
1.530e+03	4.000e-05
1.531e+03	4.184e-05
1.531e+03	4.350e-05
1.532e+03	4.617e-05
1.532e+03	4.613e-05
1.532e+03	4.636e-05
1.533e+03	4.308e-05
1.533e+03	4.288e-05
1.534e+03	4.103e-05
1.534e+03	3.798e-05
1.535e+03	3.571e-05
1.536e+03	3.062e-05
1.536e+03	2.834e-05
1.536e+03	2.552e-05
1.537e+03	2.337e-05
1.538e+03	2.067e-05
1.538e+03	1.856e-05
1.538e+03	1.778e-05
1.539e+03	1.641e-05
1.539e+03	1.509e-05
1.540e+03	1.481e-05
1.541e+03	1.505e-05
1.541e+03	1.485e-05
1.541e+03	1.542e-05
1.542e+03	1.617e-05
1.542e+03	1.628e-05
1.543e+03	1.628e-05
1.543e+03	1.702e-05
1.544e+03	1.708e-05
1.544e+03	1.619e-05
1.545e+03	1.656e-05
1.546e+03	1.609e-05
1.546e+03	1.604e-05
1.546e+03	1.741e-05
1.547e+03	1.857e-05
1.547e+03	1.943e-05
1.548e+03	2.195e-05
1.548e+03	2.410e-05
1.549e+03	2.681e-05
1.549e+03	2.968e-05
1.550e+03	3.228e-05
1.550e+03	3.690e-05
1.551e+03	3.657e-05
1.552e+03	3.777e-05
1.552e+03	3.773e-05
1.552e+03	3.838e-05
1.553e+03	3.921e-05
1.554e+03	4.049e-05
1.554e+03	4.061e-05
1.554e+03	4.136e-05
1.555e+03	4.415e-05
1.556e+03	4.449e-05
1.556e+03	4.251e-05
1.557e+03	3.876e-05
1.557e+03	3.321e-05
1.557e+03	2.945e-05
1.558e+03	2.599e-05
1.558e+03	2.324e-05
1.559e+03	2.292e-05
1.559e+03	2.206e-05
1.560e+03	2.316e-05
1.560e+03	2.226e-05
1.561e+03	2.374e-05
1.562e+03	2.603e-05
1.562e+03	2.767e-05
1.562e+03	2.975e-05
1.563e+03	3.313e-05
1.563e+03	3.699e-05
1.564e+03	4.084e-05
1.564e+03	4.422e-05
1.565e+03	4.989e-05
1.566e+03	5.461e-05
1.566e+03	5.932e-05
1.566e+03	6.130e-05
1.567e+03	5.989e-05
1.568e+03	5.943e-05
1.568e+03	5.723e-05
1.568e+03	5.657e-05
1.569e+03	5.390e-05
1.569e+03	5.348e-05
1.570e+03	5.208e-05
1.571e+03	5.140e-05
1.571e+03	5.082e-05
1.571e+03	5.014e-05
1.572e+03	5.192e-05
1.572e+03	5.084e-05
1.573e+03	5.144e-05
1.573e+03	5.044e-05
1.574e+03	5.145e-05
1.575e+03	5.200e-05
1.575e+03	5.233e-05
1.576e+03	5.181e-05
1.576e+03	5.036e-05
1.576e+03	4.916e-05
1.577e+03	4.711e-05
1.578e+03	4.441e-05
1.578e+03	4.251e-05
1.578e+03	4.088e-05
1.579e+03	3.854e-05
1.579e+03	3.812e-05
1.580e+03	3.967e-05
1.581e+03	4.215e-05
1.581e+03	4.569e-05
1.582e+03	4.658e-05
1.582e+03	4.779e-05
1.583e+03	4.946e-05
1.583e+03	4.777e-05
1.583e+03	4.578e-05
1.584e+03	4.320e-05
1.584e+03	3.772e-05
1.585e+03	3.441e-05
1.586e+03	3.264e-05
1.586e+03	3.198e-05
1.586e+03	3.207e-05
1.587e+03	3.121e-05
1.587e+03	3.140e-05
1.588e+03	3.017e-05
1.588e+03	2.930e-05
1.589e+03	2.753e-05
1.589e+03	2.547e-05
1.590e+03	2.400e-05
1.591e+03	2.200e-05
1.591e+03	2.035e-05
1.592e+03	1.949e-05
1.592e+03	1.916e-05
1.592e+03	1.861e-05
1.593e+03	1.786e-05
1.593e+03	1.623e-05
1.594e+03	1.511e-05
1.594e+03	1.521e-05
1.595e+03	1.485e-05
1.596e+03	1.418e-05
1.596e+03	1.491e-05
1.596e+03	1.423e-05
1.597e+03	1.421e-05
1.597e+03	1.397e-05
1.598e+03	1.446e-05
1.599e+03	1.407e-05
1.599e+03	1.366e-05
1.599e+03	1.301e-05
1.600e+03	1.349e-05
1.601e+03	1.280e-05
1.601e+03	1.257e-05
1.602e+03	1.236e-05
1.602e+03	1.290e-05
1.602e+03	1.227e-05
1.603e+03	1.253e-05
1.603e+03	1.223e-05
1.604e+03	1.201e-05
1.604e+03	1.212e-05
1.605e+03	1.221e-05
1.605e+03	1.234e-05
1.606e+03	1.189e-05
1.607e+03	1.179e-05
1.607e+03	1.199e-05
1.607e+03	1.204e-05
1.608e+03	1.260e-05
1.608e+03	1.283e-05
1.609e+03	1.288e-05
1.609e+03	1.306e-05
1.610e+03	1.255e-05
1.610e+03	1.268e-05
1.611e+03	1.328e-05
1.612e+03	1.289e-05
1.612e+03	1.370e-05
1.612e+03	1.480e-05
1.613e+03	1.423e-05
1.613e+03	1.531e-05
1.614e+03	1.515e-05
1.615e+03	1.545e-05
1.615e+03	1.553e-05
1.616e+03	1.549e-05
1.616e+03	1.618e-05
1.616e+03	1.740e-05
1.617e+03	1.811e-05
1.618e+03	1.883e-05
1.618e+03	2.041e-05
1.618e+03	2.183e-05
1.619e+03	2.380e-05
1.619e+03	2.503e-05
1.620e+03	2.708e-05
1.621e+03	2.791e-05
1.621e+03	2.846e-05
1.621e+03	2.919e-05
1.622e+03	2.934e-05
1.623e+03	2.829e-05
1.623e+03	2.711e-05
1.623e+03	2.727e-05
1.624e+03	2.513e-05
1.624e+03	2.256e-05
1.625e+03	2.029e-05
1.626e+03	1.758e-05
1.626e+03	1.571e-05
1.626e+03	1.471e-05
1.627e+03	1.402e-05
1.627e+03	1.303e-05
1.628e+03	1.227e-05
1.629e+03	1.132e-05
1.629e+03	1.061e-05
1.629e+03	1.057e-05
1.630e+03	1.067e-05
1.631e+03	1.144e-05
1.631e+03	1.103e-05
1.632e+03	1.139e-05
1.632e+03	1.255e-05
1.632e+03	1.483e-05
1.633e+03	1.743e-05
1.634e+03	1.909e-05
1.634e+03	1.950e-05
1.634e+03	1.800e-05
1.635e+03	1.558e-05
1.635e+03	1.273e-05
1.636e+03	1.077e-05
1.637e+03	9.360e-06
1.637e+03	9.130e-06
1.637e+03	8.897e-06
1.638e+03	8.818e-06
1.638e+03	8.837e-06
1.639e+03	8.515e-06
1.639e+03	8.561e-06
1.640e+03	9.090e-06
1.641e+03	8.391e-06
1.641e+03	8.798e-06
1.641e+03	8.619e-06
1.642e+03	8.080e-06
1.642e+03	8.115e-06
1.643e+03	8.474e-06
1.643e+03	8.502e-06
1.644e+03	7.963e-06
1.645e+03	7.916e-06
1.645e+03	7.972e-06
1.646e+03	8.086e-06
1.646e+03	7.847e-06
1.647e+03	8.468e-06
1.647e+03	8.406e-06
1.648e+03	8.492e-06
1.648e+03	8.901e-06
1.648e+03	8.347e-06
1.649e+03	8.265e-06
1.649e+03	8.395e-06
1.650e+03	8.337e-06
1.651e+03	8.673e-06
1.651e+03	7.913e-06
1.651e+03	7.736e-06
1.652e+03	7.983e-06
1.652e+03	8.425e-06
1.653e+03	8.243e-06
1.653e+03	8.143e-06
1.654e+03	7.729e-06
1.654e+03	7.896e-06
1.655e+03	8.297e-06
1.655e+03	7.758e-06
1.656e+03	8.259e-06
1.657e+03	8.246e-06
1.657e+03	8.488e-06
1.657e+03	8.750e-06
1.658e+03	9.050e-06
1.658e+03	8.961e-06
1.659e+03	9.025e-06
1.659e+03	8.500e-06
1.660e+03	8.758e-06
1.661e+03	8.106e-06
1.661e+03	8.232e-06
1.662e+03	7.936e-06
1.662e+03	8.014e-06
1.663e+03	7.912e-06
1.663e+03	7.969e-06
1.663e+03	7.442e-06
1.664e+03	8.080e-06
1.664e+03	7.779e-06
1.665e+03	7.998e-06
1.666e+03	7.603e-06
1.666e+03	7.762e-06
1.666e+03	7.779e-06
1.667e+03	7.859e-06
1.667e+03	7.946e-06
1.668e+03	7.880e-06
1.668e+03	7.690e-06
1.669e+03	7.273e-06
1.669e+03	7.336e-06
1.670e+03	7.683e-06
1.671e+03	7.821e-06
1.671e+03	7.772e-06
1.671e+03	7.787e-06
1.672e+03	8.103e-06
1.673e+03	7.633e-06
1.673e+03	7.613e-06
1.673e+03	7.492e-06
1.674e+03	7.712e-06
1.674e+03	7.836e-06
1.675e+03	7.787e-06
1.676e+03	8.462e-06
1.676e+03	8.217e-06
1.677e+03	7.822e-06
1.677e+03	7.849e-06
1.677e+03	8.066e-06
1.678e+03	7.735e-06
1.679e+03	7.542e-06
1.679e+03	7.924e-06
1.679e+03	8.005e-06
1.680e+03	8.030e-06
1.680e+03	8.089e-06
1.681e+03	8.296e-06
1.682e+03	7.976e-06
1.682e+03	8.249e-06
1.682e+03	8.089e-06
1.683e+03	7.659e-06
1.683e+03	7.723e-06
1.684e+03	8.033e-06
1.684e+03	7.653e-06
1.685e+03	8.019e-06
1.685e+03	8.014e-06
1.686e+03	7.500e-06
1.687e+03	7.887e-06
1.687e+03	7.749e-06
1.687e+03	7.787e-06
1.688e+03	7.721e-06
1.688e+03	7.065e-06
1.689e+03	7.781e-06
1.689e+03	7.235e-06
1.690e+03	7.703e-06
1.691e+03	8.077e-06
1.691e+03	7.833e-06
1.691e+03	7.692e-06
1.692e+03	7.579e-06
1.693e+03	7.591e-06
1.693e+03	7.613e-06
1.693e+03	7.824e-06
1.694e+03	7.492e-06
1.695e+03	7.631e-06
1.695e+03	7.750e-06
1.696e+03	7.791e-06
1.696e+03	7.396e-06
1.696e+03	7.289e-06
1.697e+03	8.212e-06
1.698e+03	7.571e-06
1.698e+03	7.775e-06
1.698e+03	7.985e-06
1.699e+03	7.366e-06
1.699e+03	7.210e-06
1.700e+03	7.146e-06
1.701e+03	7.861e-06
1.701e+03	7.406e-06
1.701e+03	7.501e-06
1.702e+03	7.250e-06
1.702e+03	7.779e-06
1.703e+03	7.722e-06
1.703e+03	7.449e-06
1.704e+03	7.391e-06
1.704e+03	7.202e-06
1.705e+03	7.118e-06
1.705e+03	7.829e-06
1.706e+03	7.350e-06
1.707e+03	7.300e-06
1.707e+03	7.470e-06
1.708e+03	8.061e-06
1.708e+03	7.498e-06
1.709e+03	7.094e-06
1.709e+03	7.620e-06
1.709e+03	7.169e-06
1.710e+03	7.269e-06
1.711e+03	7.898e-06
1.711e+03	8.067e-06
1.712e+03	7.463e-06
1.712e+03	7.793e-06
1.712e+03	7.436e-06
1.713e+03	7.868e-06
1.713e+03	7.761e-06
1.714e+03	7.460e-06
1.714e+03	7.703e-06
1.715e+03	7.596e-06
1.716e+03	7.922e-06
1.716e+03	7.480e-06
1.716e+03	7.760e-06
1.717e+03	7.651e-06
1.717e+03	7.843e-06
1.718e+03	7.923e-06
1.718e+03	8.084e-06
1.719e+03	8.400e-06
1.719e+03	8.537e-06
1.720e+03	8.365e-06
1.721e+03	7.706e-06
1.721e+03	8.067e-06
1.721e+03	7.971e-06
1.722e+03	7.502e-06
1.723e+03	7.455e-06
1.723e+03	7.476e-06
1.724e+03	7.441e-06
1.724e+03	7.387e-06
1.724e+03	7.249e-06
1.725e+03	8.022e-06
1.726e+03	7.922e-06
1.726e+03	7.753e-06
1.727e+03	7.489e-06
1.727e+03	7.486e-06
1.727e+03	7.326e-06
1.728e+03	7.925e-06
1.728e+03	8.086e-06
1.729e+03	8.016e-06
1.729e+03	8.115e-06
1.730e+03	8.108e-06
1.730e+03	8.281e-06
1.731e+03	8.120e-06
1.732e+03	7.790e-06
1.732e+03	7.766e-06
1.732e+03	7.684e-06
1.733e+03	7.519e-06
1.733e+03	7.255e-06
1.734e+03	7.208e-06
1.734e+03	6.926e-06
1.735e+03	7.225e-06
1.735e+03	6.830e-06
1.736e+03	7.124e-06
1.737e+03	7.050e-06
1.737e+03	6.945e-06
1.737e+03	7.005e-06
1.738e+03	7.270e-06
1.738e+03	7.584e-06
1.739e+03	7.467e-06
1.740e+03	7.177e-06
1.740e+03	7.278e-06
1.741e+03	7.266e-06
1.741e+03	7.230e-06
1.741e+03	7.082e-06
1.742e+03	7.309e-06
1.743e+03	6.917e-06
1.743e+03	7.081e-06
1.743e+03	7.213e-06
1.744e+03	7.116e-06
1.744e+03	6.890e-06
1.745e+03	7.009e-06
1.746e+03	6.948e-06
1.746e+03	7.339e-06
1.746e+03	6.895e-06
1.747e+03	7.574e-06
1.748e+03	7.134e-06
1.748e+03	7.564e-06
1.748e+03	7.067e-06
1.749e+03	7.758e-06
1.749e+03	7.602e-06
1.750e+03	7.814e-06
1.751e+03	7.492e-06
1.751e+03	7.531e-06
1.751e+03	7.162e-06
1.752e+03	7.190e-06
1.752e+03	6.975e-06
1.753e+03	7.161e-06
1.754e+03	7.423e-06
1.754e+03	7.330e-06
1.754e+03	7.421e-06
1.755e+03	7.021e-06
1.756e+03	7.640e-06
1.756e+03	7.261e-06
1.757e+03	7.952e-06
1.757e+03	7.682e-06
1.757e+03	7.643e-06
1.758e+03	7.655e-06
1.759e+03	7.477e-06
1.759e+03	7.227e-06
1.759e+03	7.434e-06
1.760e+03	7.412e-06
1.760e+03	8.037e-06
1.761e+03	8.353e-06
1.762e+03	8.963e-06
1.762e+03	9.820e-06
1.762e+03	1.187e-05
1.763e+03	1.509e-05
1.763e+03	1.910e-05
1.764e+03	2.335e-05
1.764e+03	2.554e-05
1.765e+03	2.601e-05
1.766e+03	2.266e-05
1.766e+03	1.890e-05
1.766e+03	1.388e-05
1.767e+03	1.080e-05
1.767e+03	9.047e-06
1.768e+03	7.940e-06
1.768e+03	7.531e-06
1.769e+03	7.596e-06
1.770e+03	7.469e-06
1.770e+03	7.830e-06
1.771e+03	7.297e-06
1.771e+03	7.237e-06
1.772e+03	7.744e-06
1.772e+03	7.483e-06
1.773e+03	7.594e-06
1.773e+03	7.835e-06
1.773e+03	7.681e-06
1.774e+03	8.051e-06
1.774e+03	8.447e-06
1.775e+03	9.254e-06
1.776e+03	1.007e-05
1.776e+03	1.111e-05
1.776e+03	1.325e-05
1.777e+03	1.590e-05
1.777e+03	1.940e-05
1.778e+03	2.639e-05
1.778e+03	3.337e-05
1.779e+03	3.908e-05
1.779e+03	3.908e-05
1.780e+03	3.695e-05
1.780e+03	3.025e-05
1.781e+03	2.162e-05
1.782e+03	1.530e-05
1.782e+03	1.124e-05
1.782e+03	8.842e-06
1.783e+03	7.843e-06
1.783e+03	7.853e-06
1.784e+03	7.533e-06
1.784e+03	6.883e-06
1.785e+03	7.126e-06
1.786e+03	6.753e-06
1.786e+03	6.721e-06
1.787e+03	6.990e-06
1.787e+03	6.473e-06
1.788e+03	6.856e-06
1.788e+03	7.054e-06
1.788e+03	6.784e-06
1.789e+03	6.883e-06
1.789e+03	6.868e-06
1.790e+03	6.948e-06
1.791e+03	6.761e-06
1.791e+03	6.824e-06
1.791e+03	6.654e-06
1.792e+03	7.036e-06
1.792e+03	6.529e-06
1.793e+03	6.752e-06
1.793e+03	6.986e-06
1.794e+03	7.260e-06
1.794e+03	6.776e-06
1.795e+03	6.386e-06
1.796e+03	6.448e-06
1.796e+03	6.886e-06
1.796e+03	6.963e-06
1.797e+03	6.816e-06
1.798e+03	6.685e-06
1.798e+03	6.967e-06
1.798e+03	6.930e-06
1.799e+03	6.936e-06
1.799e+03	6.886e-06
1.800e+03	6.683e-06
1.801e+03	6.746e-06
1.801e+03	6.884e-06
1.801e+03	6.631e-06
1.802e+03	7.033e-06
1.802e+03	6.754e-06
1.803e+03	6.675e-06
1.804e+03	6.793e-06
1.804e+03	6.938e-06
1.804e+03	6.771e-06
1.805e+03	7.044e-06
1.805e+03	7.032e-06
1.806e+03	7.445e-06
1.807e+03	7.336e-06
1.807e+03	7.311e-06
1.807e+03	7.704e-06
1.808e+03	8.379e-06
1.808e+03	8.526e-06
1.809e+03	9.234e-06
1.809e+03	9.261e-06
1.810e+03	8.875e-06
1.810e+03	9.178e-06
1.811e+03	9.114e-06
1.812e+03	8.728e-06
1.812e+03	8.237e-06
1.812e+03	7.689e-06
1.813e+03	7.356e-06
1.813e+03	6.739e-06
1.814e+03	7.083e-06
1.814e+03	6.474e-06
1.815e+03	6.562e-06
1.816e+03	6.505e-06
1.816e+03	6.681e-06
1.816e+03	6.575e-06
1.817e+03	6.804e-06
1.817e+03	6.455e-06
1.818e+03	6.696e-06
1.818e+03	6.471e-06
1.819e+03	7.046e-06
1.820e+03	6.278e-06
1.820e+03	6.387e-06
1.821e+03	6.440e-06
1.821e+03	6.447e-06
1.821e+03	6.525e-06
1.822e+03	6.015e-06
1.823e+03	6.351e-06
1.823e+03	6.572e-06
1.823e+03	6.637e-06
1.824e+03	6.234e-06
1.824e+03	6.179e-06
1.825e+03	6.264e-06
1.826e+03	6.099e-06
1.826e+03	6.436e-06
1.826e+03	7.012e-06
1.827e+03	6.546e-06
1.827e+03	6.620e-06
1.828e+03	6.822e-06
1.828e+03	6.056e-06
1.829e+03	6.477e-06
1.829e+03	6.736e-06
1.830e+03	6.467e-06
1.830e+03	6.603e-06
1.831e+03	6.658e-06
1.832e+03	6.811e-06
1.832e+03	6.947e-06
1.833e+03	6.891e-06
1.833e+03	6.963e-06
1.833e+03	6.813e-06
1.834e+03	6.480e-06
1.834e+03	6.889e-06
1.835e+03	6.544e-06
1.836e+03	6.475e-06
1.836e+03	5.903e-06
1.837e+03	6.186e-06
1.837e+03	6.371e-06
1.837e+03	6.448e-06
1.838e+03	6.267e-06
1.838e+03	6.274e-06
1.839e+03	6.260e-06
1.839e+03	5.862e-06
1.840e+03	6.059e-06
1.841e+03	6.462e-06
1.841e+03	6.402e-06
1.841e+03	6.167e-06
1.842e+03	6.537e-06
1.842e+03	6.198e-06
1.843e+03	6.696e-06
1.843e+03	6.406e-06
1.844e+03	5.984e-06
1.844e+03	6.137e-06
1.845e+03	6.129e-06
1.846e+03	6.564e-06
1.846e+03	6.127e-06
1.846e+03	6.391e-06
1.847e+03	6.520e-06
1.848e+03	6.936e-06
1.848e+03	6.968e-06
1.849e+03	6.839e-06
1.849e+03	6.627e-06
1.849e+03	6.477e-06
1.850e+03	6.118e-06
1.851e+03	6.406e-06
1.851e+03	5.981e-06
1.852e+03	6.459e-06
1.852e+03	6.012e-06
1.852e+03	5.718e-06
1.853e+03	5.976e-06
1.853e+03	6.349e-06
1.854e+03	6.245e-06
1.854e+03	6.436e-06
1.855e+03	6.301e-06
1.855e+03	6.005e-06
1.856e+03	6.270e-06
1.857e+03	6.200e-06
1.857e+03	6.082e-06
1.857e+03	6.156e-06
1.858e+03	6.424e-06
1.858e+03	5.719e-06
1.859e+03	6.169e-06
1.859e+03	6.299e-06
1.860e+03	5.942e-06
1.860e+03	6.369e-06
1.861e+03	6.405e-06
1.862e+03	6.633e-06
1.862e+03	6.827e-06
1.862e+03	6.745e-06
1.863e+03	6.766e-06
1.863e+03	6.628e-06
1.864e+03	6.437e-06
1.865e+03	5.997e-06
1.865e+03	6.080e-06
1.866e+03	5.956e-06
1.866e+03	5.805e-06
1.866e+03	6.142e-06
1.867e+03	6.106e-06
1.868e+03	6.085e-06
1.868e+03	5.716e-06
1.868e+03	5.836e-06
1.869e+03	5.840e-06
1.869e+03	6.158e-06
1.870e+03	6.179e-06
1.871e+03	5.898e-06
1.871e+03	6.141e-06
1.871e+03	6.026e-06
1.872e+03	5.958e-06
1.873e+03	5.839e-06
1.873e+03	5.905e-06
1.873e+03	6.041e-06
1.874e+03	6.093e-06
1.874e+03	5.763e-06
1.875e+03	5.854e-06
1.876e+03	5.830e-06
1.876e+03	5.776e-06
1.876e+03	6.002e-06
1.877e+03	6.279e-06
1.877e+03	5.860e-06
1.878e+03	6.324e-06
1.878e+03	5.669e-06
1.879e+03	5.943e-06
1.879e+03	5.974e-06
1.880e+03	5.865e-06
1.881e+03	6.164e-06
1.881e+03	6.284e-06
1.882e+03	6.269e-06
1.882e+03	6.164e-06
1.882e+03	6.489e-06
1.883e+03	6.300e-06
1.884e+03	6.474e-06
1.884e+03	6.446e-06
1.884e+03	6.006e-06
1.885e+03	6.439e-06
1.885e+03	5.911e-06
1.886e+03	6.249e-06
1.887e+03	6.551e-06
1.887e+03	6.074e-06
1.887e+03	6.311e-06
1.888e+03	6.545e-06
1.888e+03	6.566e-06
1.889e+03	6.154e-06
1.889e+03	6.373e-06
1.890e+03	6.406e-06
1.891e+03	6.625e-06
1.891e+03	6.435e-06
1.891e+03	6.743e-06
1.892e+03	7.211e-06
1.892e+03	7.284e-06
1.893e+03	7.290e-06
1.893e+03	7.323e-06
1.894e+03	6.913e-06
1.894e+03	6.219e-06
1.895e+03	6.430e-06
1.896e+03	6.712e-06
1.896e+03	6.318e-06
1.897e+03	6.168e-06
1.897e+03	6.126e-06
1.898e+03	6.186e-06
1.898e+03	6.188e-06
1.898e+03	6.397e-06
1.899e+03	6.185e-06
1.899e+03	6.471e-06
1.900e+03	6.145e-06
1.901e+03	6.371e-06
1.901e+03	6.394e-06
1.901e+03	6.994e-06
1.902e+03	6.988e-06
1.902e+03	7.356e-06
1.903e+03	7.339e-06
1.903e+03	6.906e-06
1.904e+03	6.930e-06
1.904e+03	6.403e-06
1.905e+03	5.720e-06
1.905e+03	5.846e-06
1.906e+03	5.407e-06
1.907e+03	5.852e-06
1.907e+03	5.612e-06
1.907e+03	5.619e-06
1.908e+03	5.896e-06
1.908e+03	5.573e-06
1.909e+03	5.881e-06
1.909e+03	5.946e-06
1.910e+03	5.964e-06
1.910e+03	5.817e-06
1.911e+03	5.640e-06
1.912e+03	5.514e-06
1.912e+03	5.600e-06
1.913e+03	5.554e-06
1.913e+03	5.705e-06
1.913e+03	5.669e-06
1.914e+03	5.958e-06
1.914e+03	5.226e-06
1.915e+03	5.655e-06
1.916e+03	5.456e-06
1.916e+03	5.930e-06
1.916e+03	5.515e-06
1.917e+03	5.850e-06
1.917e+03	6.036e-06
1.918e+03	5.918e-06
1.918e+03	5.820e-06
1.919e+03	5.941e-06
1.919e+03	6.156e-06
1.920e+03	5.853e-06
1.921e+03	6.049e-06
1.921e+03	5.718e-06
1.921e+03	6.041e-06
1.922e+03	5.813e-06
1.923e+03	5.900e-06
1.923e+03	6.013e-06
1.923e+03	5.915e-06
1.924e+03	5.915e-06
1.924e+03	5.790e-06
1.925e+03	5.972e-06
1.926e+03	5.949e-06
1.926e+03	6.250e-06
1.926e+03	6.088e-06
1.927e+03	6.162e-06
1.927e+03	5.878e-06
1.928e+03	5.880e-06
1.929e+03	5.845e-06
1.929e+03	6.292e-06
1.929e+03	5.895e-06
1.930e+03	5.779e-06
1.930e+03	6.180e-06
1.931e+03	5.518e-06
1.932e+03	6.082e-06
1.932e+03	5.882e-06
1.932e+03	6.042e-06
1.933e+03	6.224e-06
1.933e+03	6.249e-06
1.934e+03	6.377e-06
1.934e+03	6.750e-06
1.935e+03	6.723e-06
1.935e+03	6.240e-06
1.936e+03	6.433e-06
1.937e+03	6.180e-06
1.937e+03	5.414e-06
1.937e+03	5.711e-06
1.938e+03	5.320e-06
1.938e+03	5.453e-06
1.939e+03	5.756e-06
1.939e+03	5.839e-06
1.940e+03	5.866e-06
1.941e+03	5.349e-06
1.941e+03	5.894e-06
1.941e+03	5.977e-06
1.942e+03	5.652e-06
1.942e+03	5.483e-06
1.943e+03	5.387e-06
1.943e+03	5.564e-06
1.944e+03	5.717e-06
1.945e+03	5.580e-06
1.945e+03	5.719e-06
1.946e+03	5.552e-06
1.946e+03	5.774e-06
1.946e+03	6.004e-06
1.947e+03	5.573e-06
1.948e+03	5.483e-06
1.948e+03	5.806e-06
1.948e+03	5.410e-06
1.949e+03	5.391e-06
1.949e+03	5.898e-06
1.950e+03	5.500e-06
1.951e+03	5.545e-06
1.951e+03	6.023e-06
1.951e+03	5.692e-06
1.952e+03	5.689e-06
1.952e+03	5.695e-06
1.953e+03	5.293e-06
1.953e+03	5.511e-06
1.954e+03	5.376e-06
1.954e+03	5.102e-06
1.955e+03	5.418e-06
1.955e+03	5.726e-06
1.956e+03	5.690e-06
1.957e+03	5.790e-06
1.957e+03	5.636e-06
1.958e+03	5.714e-06
1.958e+03	5.859e-06
1.958e+03	5.787e-06
1.959e+03	5.846e-06
1.959e+03	5.757e-06
1.960e+03	5.730e-06
1.961e+03	5.784e-06
1.961e+03	5.709e-06
1.962e+03	5.929e-06
1.962e+03	5.512e-06
1.962e+03	5.849e-06
1.963e+03	5.811e-06
1.963e+03	5.822e-06
1.964e+03	5.484e-06
1.964e+03	5.535e-06
1.965e+03	5.960e-06
1.966e+03	5.855e-06
1.966e+03	5.915e-06
1.966e+03	5.671e-06
1.967e+03	6.009e-06
1.967e+03	5.523e-06
1.968e+03	5.362e-06
1.968e+03	5.663e-06
1.969e+03	5.289e-06
1.969e+03	5.226e-06
1.970e+03	5.480e-06
1.971e+03	5.364e-06
1.971e+03	5.538e-06
1.971e+03	5.451e-06
1.972e+03	5.473e-06
1.973e+03	5.371e-06
1.973e+03	5.329e-06
1.974e+03	5.282e-06
1.974e+03	5.519e-06
1.974e+03	5.551e-06
1.975e+03	5.193e-06
1.976e+03	5.274e-06
1.976e+03	5.678e-06
1.977e+03	5.341e-06
1.977e+03	5.368e-06
1.977e+03	5.417e-06
1.978e+03	5.581e-06
1.978e+03	5.534e-06
1.979e+03	5.746e-06
1.979e+03	5.228e-06
1.980e+03	5.782e-06
1.980e+03	5.601e-06
1.981e+03	5.265e-06
1.982e+03	5.286e-06
1.982e+03	5.532e-06
1.982e+03	5.334e-06
1.983e+03	5.565e-06
1.983e+03	5.198e-06
1.984e+03	5.114e-06
1.984e+03	5.483e-06
1.985e+03	4.942e-06
1.985e+03	5.105e-06
1.986e+03	5.400e-06
1.987e+03	5.160e-06
1.987e+03	5.110e-06
1.987e+03	5.495e-06
1.988e+03	5.742e-06
1.988e+03	5.217e-06
1.989e+03	4.903e-06
1.990e+03	5.037e-06
1.990e+03	5.795e-06
1.991e+03	5.256e-06
1.991e+03	5.023e-06
1.991e+03	5.069e-06
1.992e+03	5.295e-06
1.993e+03	4.912e-06
1.993e+03	5.056e-06
1.993e+03	5.117e-06
1.994e+03	5.223e-06
1.994e+03	5.353e-06
1.995e+03	4.985e-06
1.996e+03	5.310e-06
1.996e+03	5.040e-06
1.996e+03	5.394e-06
1.997e+03	5.021e-06
1.998e+03	5.283e-06
1.998e+03	4.831e-06
1.998e+03	5.183e-06
1.999e+03	5.437e-06
1.999e+03	5.222e-06
2.000e+03	5.187e-06
