0.0 9.08274010929
1.0 5.82487773767e-07
2.0 4.11881054789e-07
3.0 3.36299472984e-07
4.0 2.91243886883e-07
5.0 2.60496451641e-07
6.0 2.37799637856e-07
7.0 2.20159684446e-07
8.0 2.05940527394e-07
9.0 1.94162591256e-07
10.0 1.8419880743e-07
11.0 1.75626671869e-07
12.0 1.68149736492e-07
13.0 1.61553041204e-07
14.0 1.55676405816e-07
15.0 1.50397696478e-07
16.0 1.45621943442e-07
17.0 1.41274036287e-07
18.0 1.3729368493e-07
19.0 1.33631860089e-07
20.0 1.3024822582e-07
21.0 1.2710925308e-07
22.0 1.24186810635e-07
23.0 1.21457096842e-07
24.0 1.18899818928e-07
25.0 1.16497554753e-07
26.0 1.14235250956e-07
27.0 1.12099824328e-07
28.0 1.10079842223e-07
29.0 1.08165264134e-07
30.0 1.06347231054e-07
31.0 1.04617892534e-07
32.0 1.02970263697e-07
33.0 1.0139810628e-07
34.0 9.98958290638e-08
35.0 9.84584040653e-08
36.0 9.70812956278e-08
37.0 9.5760400125e-08
38.0 9.44919944517e-08
39.0 9.32726918273e-08
40.0 9.20994037152e-08
41.0 9.09693068833e-08
42.0 8.98798148042e-08
43.0 8.88285527356e-08
44.0 8.78133359343e-08
45.0 8.6832150547e-08
46.0 8.58831368005e-08
47.0 8.49645741681e-08
48.0 8.4074868246e-08
49.0 8.32125391095e-08
50.0 8.23762109577e-08
51.0 8.15646028795e-08
52.0 8.07765206018e-08
53.0 8.00108490978e-08
54.0 7.92665459521e-08
55.0 7.8542635392e-08
56.0 7.78382029078e-08
57.0 7.71523903949e-08
58.0 7.64843917577e-08
59.0 7.58334489263e-08
60.0 7.51988482389e-08
61.0 7.45799171521e-08
62.0 7.39760212444e-08
63.0 7.3386561482e-08
64.0 7.28109717208e-08
65.0 7.22487164206e-08
66.0 7.16992885502e-08
67.0 7.11622076654e-08
68.0 7.06370181433e-08
69.0 7.01232875569e-08
70.0 6.96206051793e-08
71.0 6.91285806029e-08
72.0 6.86468424648e-08
73.0 6.81750372694e-08
74.0 6.77128282975e-08
75.0 6.72598945968e-08
76.0 6.68159300447e-08
77.0 6.63806424791e-08
78.0 6.59537528906e-08
79.0 6.55349946702e-08
80.0 6.51241129102e-08
81.0 9.86921990467e-09
82.0 9.04766586123e-09
83.0 8.67222686354e-09
84.0 8.04178469576e-09
85.0 7.73291201331e-09
86.0 7.21096696895e-09
87.0 6.98675737417e-09
88.0 6.6063771948e-09
89.0 6.41104751648e-09
90.0 6.08091456723e-09
91.0 5.91226774868e-09
92.0 5.68034313172e-09
93.0 5.55346656645e-09
94.0 5.34097509534e-09
95.0 5.2258682929e-09
96.0 5.03770099687e-09
97.0 4.99073226726e-09
98.0 4.82878145668e-09
99.0 4.73903312147e-09
100.0 4.59002366978e-09
101.0 4.50718538766e-09
102.0 4.36964041222e-09
103.0 4.29295449059e-09
104.0 4.16892630198e-09
105.0 4.10083727157e-09
106.0 3.98850981089e-09
107.0 3.92500198876e-09
108.0 3.82027387174e-09
109.0 3.76092607558e-09
110.0 3.66312016687e-09
111.0 3.6102686311e-09
112.0 3.52377276701e-09
113.0 3.47407184749e-09
114.0 3.39272253936e-09
115.0 3.34589534174e-09
116.0 3.26931431566e-09
117.0 3.22515234498e-09
118.0 3.15293883005e-09
119.0 3.11324828731e-09
120.0 3.04880599096e-09
121.0 3.01116441079e-09
122.0 2.95008224157e-09
123.0 2.91436083661e-09
124.0 2.85639883728e-09
125.0 2.82244826768e-09
126.0 2.76738867555e-09
127.0 2.73511759477e-09
128.0 2.68442541131e-09
129.0 2.6552825267e-09
130.0 2.60850433051e-09
131.0 2.58067458176e-09
132.0 2.53597972879e-09
133.0 2.50938237235e-09
134.0 2.46665553606e-09
135.0 2.44120400724e-09
136.0 2.40033805725e-09
137.0 2.37597583238e-09
138.0 2.33684843254e-09
139.0 2.31472569308e-09
140.0 2.27959408549e-09
141.0 2.25834061191e-09
142.0 2.22457655965e-09
143.0 2.20413561789e-09
144.0 2.17166616621e-09
145.0 2.15200469263e-09
146.0 2.12077089604e-09
147.0 2.10184806036e-09
148.0 2.0717942088e-09
149.0 2.05357176244e-09
150.0 2.02461932209e-09
151.0 2.00707026822e-09
152.0 1.98106392044e-09
153.0 1.9650542233e-09
154.0 1.93993182439e-09
155.0 1.92445350672e-09
156.0 1.90017381245e-09
157.0 1.88521013584e-09
158.0 1.86173417339e-09
159.0 1.8472615664e-09
160.0 1.82455264919e-09
161.0 1.81055605036e-09
162.0 1.78857946556e-09
163.0 1.77503048567e-09
164.0 1.75376718468e-09
165.0 1.74064593677e-09
166.0 1.72005749461e-09
167.0 1.70813465214e-09
168.0 1.68970523727e-09
169.0 1.67813035865e-09
170.0 1.66024144292e-09
171.0 1.64900040955e-09
172.0 1.63162409648e-09
173.0 1.62070358173e-09
174.0 1.60381954041e-09
175.0 1.59320689392e-09
176.0 1.57680148129e-09
177.0 1.56648462946e-09
178.0 1.55053909222e-09
179.0 1.54051201533e-09
180.0 1.52500843971e-09
181.0 1.51525988423e-09
182.0 1.50018124487e-09
183.0 1.49069535205e-09
184.0 1.47603061948e-09
185.0 1.46680753542e-09
186.0 1.4536631081e-09
187.0 1.44523092544e-09
188.0 1.43241532022e-09
189.0 1.42419809904e-09
190.0 1.41169981442e-09
191.0 1.40368531813e-09
192.0 1.39149343512e-09
193.0 1.38367469747e-09
194.0 1.37178777556e-09
195.0 1.36415805878e-09
196.0 1.35255677785e-09
197.0 1.34866794062e-09
198.0 1.33730054807e-09
199.0 1.34296904669e-09
200.0 1.3316899719e-09
201.0 1.33754552844e-09
202.0 1.32635469007e-09
203.0 1.33239343024e-09
204.0 1.32128224663e-09
205.0 1.32864498383e-09
206.0 1.31759745468e-09
207.0 1.32608692205e-09
208.0 1.32289537248e-09
209.0 1.33167819534e-09
210.0 1.32850374936e-09
211.0 1.33758441858e-09
212.0 1.3344260094e-09
213.0 1.34380023905e-09
214.0 1.34065684237e-09
215.0 1.34848202272e-09
216.0 1.34535691534e-09
217.0 1.35464138689e-09
218.0 1.35153083999e-09
219.0 1.36111556843e-09
220.0 1.35801860067e-09
221.0 1.36790838657e-09
222.0 1.36482403453e-09
223.0 1.37523239118e-09
224.0 1.37215924233e-09
225.0 1.3827422402e-09
226.0 1.37967968441e-09
227.0 1.39033093768e-09
228.0 1.3872786158e-09
229.0 1.39825546413e-09
230.0 1.39521246713e-09
231.0 1.40652607373e-09
232.0 1.40349149398e-09
233.0 1.41515365447e-09
234.0 1.41212658437e-09
235.0 1.42329090767e-09
236.0 1.42027225972e-09
237.0 1.43220811306e-09
238.0 1.42919610529e-09
239.0 1.44150838032e-09
240.0 1.43850210306e-09
241.0 1.45117675442e-09
242.0 1.44817535151e-09
243.0 1.4612256369e-09
244.0 1.45822824782e-09
245.0 1.47169727504e-09
246.0 1.46870297433e-09
247.0 1.4813036365e-09
248.0 1.47831412057e-09
249.0 1.49101532419e-09
250.0 1.48803030553e-09
251.0 1.50110654019e-09
252.0 1.49812519357e-09
253.0 1.51157154145e-09
254.0 1.50859307246e-09
255.0 1.52242304033e-09
256.0 1.51944664835e-09
257.0 1.53366801458e-09
258.0 1.53069290409e-09
259.0 1.54547209443e-09
260.0 1.54249716945e-09
261.0 1.55465481377e-09
262.0 1.55168507885e-09
263.0 1.56423864109e-09
264.0 1.56127325711e-09
265.0 1.57414717804e-09
266.0 1.57118546859e-09
267.0 1.58439734928e-09
268.0 1.58143862149e-09
269.0 1.5949927637e-09
270.0 1.59203633342e-09
271.0 1.60594439994e-09
272.0 1.60298957793e-09
273.0 1.61699678069e-09
274.0 1.61404335945e-09
275.0 1.62441310681e-09
276.0 1.62146765904e-09
277.0 1.63245946127e-09
278.0 1.62952073799e-09
279.0 1.6407792923e-09
280.0 1.63784670856e-09
281.0 1.64935623769e-09
282.0 1.64642925005e-09
283.0 1.65820470569e-09
284.0 1.65528275681e-09
285.0 1.66730764707e-09
286.0 1.66439022113e-09
287.0 1.67669598109e-09
288.0 1.67378251932e-09
289.0 1.68547329884e-09
290.0 1.6825648009e-09
291.0 1.68377950152e-09
292.0 1.68089384472e-09
293.0 1.69198139875e-09
294.0 1.68910142833e-09
295.0 1.70038904338e-09
296.0 1.69751433457e-09
297.0 1.70904133935e-09
298.0 1.70617141064e-09
299.0 1.71793547317e-09
300.0 1.64508224995e-09
301.0 1.6521207348e-09
302.0 1.64493108704e-09
303.0 1.6521754382e-09
304.0 1.64503363554e-09
305.0 1.65248934979e-09
306.0 1.64539007939e-09
307.0 1.65305732652e-09
308.0 1.64600341668e-09
309.0 1.65388198549e-09
