0.0 2.87221461407
1.0 1.8419880743e-07
2.0 1.3024822582e-07
3.0 1.06347231054e-07
4.0 9.20994037152e-08
5.0 8.23762109577e-08
6.0 7.51988482389e-08
7.0 6.96206051793e-08
8.0 6.51241129102e-08
9.0 6.13996024768e-08
10.0 5.82487773767e-08
11.0 5.5538030098e-08
12.0 5.31736155272e-08
13.0 5.1087557313e-08
14.0 4.92292020326e-08
15.0 4.75599275713e-08
16.0 4.60497018576e-08
17.0 4.46747728911e-08
18.0 4.34160752735e-08
19.0 4.22581045847e-08
20.0 4.11881054789e-08
21.0 4.01954751414e-08
22.0 3.9271317696e-08
23.0 3.84081064014e-08
24.0 3.75994241195e-08
25.0 3.68397614861e-08
26.0 3.61243582103e-08
27.0 3.54490770181e-08
28.0 3.48103025897e-08
29.0 3.42048598376e-08
30.0 3.36299472984e-08
31.0 3.30830824415e-08
32.0 3.25620564551e-08
33.0 3.20648966273e-08
34.0 3.15898348592e-08
35.0 3.11352811631e-08
36.0 3.06998012384e-08
37.0 3.02820974044e-08
38.0 2.98809923119e-08
39.0 2.94954149669e-08
40.0 2.91243886883e-08
41.0 2.87670206918e-08
42.0 2.84224930455e-08
43.0 2.80900547901e-08
44.0 2.7769015049e-08
45.0 2.74587369859e-08
46.0 2.71586324889e-08
47.0 2.68681574798e-08
48.0 2.65868077636e-08
49.0 2.63141153472e-08
50.0 2.60496451641e-08
51.0 2.57929921546e-08
52.0 2.55437786565e-08
53.0 2.53016520673e-08
54.0 2.50662827463e-08
55.0 2.48373621271e-08
56.0 2.46146010163e-08
57.0 2.43977280574e-08
58.0 2.41864883407e-08
59.0 2.39806421433e-08
60.0 2.37799637856e-08
61.0 2.35842405907e-08
62.0 2.33932719369e-08
63.0 2.32068683931e-08
64.0 2.30248509288e-08
65.0 2.28470501913e-08
66.0 2.26733058432e-08
67.0 2.25034659549e-08
68.0 2.23373864455e-08
69.0 2.21749305699e-08
70.0 2.20159684446e-08
71.0 2.1860376612e-08
72.0 2.17080376367e-08
73.0 2.15588397338e-08
74.0 2.14126764232e-08
75.0 2.12694462109e-08
76.0 2.11290522924e-08
77.0 2.09914022779e-08
78.0 2.0856407937e-08
79.0 2.07239849605e-08
80.0 2.05940527394e-08
81.0 3.12092136278e-09
82.0 2.86112316296e-09
83.0 2.74239892745e-09
84.0 2.54303560913e-09
85.0 2.44536149077e-09
86.0 2.28030797541e-09
87.0 2.20940667613e-09
88.0 2.08911990178e-09
89.0 2.02735123397e-09
90.0 1.92295402893e-09
91.0 1.86962322226e-09
92.0 1.79628221875e-09
93.0 1.75616032596e-09
94.0 1.68896462275e-09
95.0 1.65256465576e-09
96.0 1.5930609321e-09
97.0 1.57820811566e-09
98.0 1.52699477263e-09
99.0 1.49861385708e-09
100.0 1.45149293106e-09
101.0 1.42529716616e-09
102.0 1.38180162585e-09
103.0 1.35755140817e-09
104.0 1.31833025116e-09
105.0 1.29679860919e-09
106.0 1.26127754723e-09
107.0 1.24119461052e-09
108.0 1.20807667203e-09
109.0 1.18930925103e-09
110.0 1.15838030702e-09
111.0 1.14166718393e-09
112.0 1.11431479006e-09
113.0 1.09859797931e-09
114.0 1.07287306934e-09
115.0 1.05806500925e-09
116.0 1.03384796245e-09
117.0 1.01988272112e-09
118.0 9.97046802615e-10
119.0 9.84495550951e-10
120.0 9.64117107541e-10
121.0 9.52213794733e-10
122.0 9.32897916819e-10
123.0 9.2160181673e-10
124.0 9.03272623165e-10
125.0 8.92536510385e-10
126.0 8.7512513857e-10
127.0 8.64920126788e-10
128.0 8.48889850857e-10
129.0 8.39674061561e-10
130.0 8.24881497082e-10
131.0 8.16080957806e-10
132.0 8.01947204301e-10
133.0 7.9353638169e-10
134.0 7.800249697e-10
135.0 7.719764896e-10
136.0 7.59053541529e-10
137.0 7.51349529584e-10
138.0 7.38976359341e-10
139.0 7.31980534865e-10
140.0 7.2087094508e-10
141.0 7.14150006609e-10
142.0 7.0347287579e-10
143.0 6.97008882442e-10
144.0 6.86741140275e-10
145.0 6.80523636408e-10
146.0 6.70646642689e-10
147.0 6.64662716634e-10
148.0 6.55158854296e-10
149.0 6.49396410792e-10
150.0 6.40240845258e-10
151.0 6.34691347157e-10
152.0 6.26467417898e-10
153.0 6.21404707136e-10
154.0 6.13460307051e-10
155.0 6.08565633232e-10
156.0 6.00887719754e-10
157.0 5.96155789728e-10
158.0 5.88732038567e-10
159.0 5.8415539839e-10
160.0 5.76974208233e-10
161.0 5.72548095053e-10
162.0 5.65598488737e-10
163.0 5.61313925096e-10
164.0 5.54589878926e-10
165.0 5.50440576012e-10
166.0 5.43929938942e-10
167.0 5.40159605103e-10
168.0 5.3433171241e-10
169.0 5.30671414402e-10
170.0 5.25014442545e-10
171.0 5.21459715673e-10
172.0 5.15964843009e-10
173.0 5.12511473025e-10
174.0 5.07172270359e-10
175.0 5.03816256866e-10
176.0 4.98628409881e-10
177.0 4.95365934875e-10
178.0 4.90323513253e-10
179.0 4.8715267313e-10
180.0 4.82250012046e-10
181.0 4.79167248126e-10
182.0 4.74398963686e-10
183.0 4.7139926099e-10
184.0 4.6676186537e-10
185.0 4.63845270103e-10
186.0 4.59688637215e-10
187.0 4.57022146929e-10
188.0 4.52969496722e-10
189.0 4.50370983224e-10
190.0 4.46418678599e-10
191.0 4.43884272341e-10
192.0 4.40028860415e-10
193.0 4.37556358474e-10
194.0 4.33797383716e-10
195.0 4.31384655423e-10
196.0 4.2771600827e-10
197.0 4.26486249962e-10
198.0 4.22891564808e-10
199.0 4.24684101463e-10
200.0 4.21117344841e-10
201.0 4.22969034406e-10
202.0 4.19430180586e-10
203.0 4.21339797901e-10
204.0 4.17826133129e-10
205.0 4.20154435066e-10
206.0 4.16660899602e-10
207.0 4.19345504903e-10
208.0 4.18336248313e-10
209.0 4.21113620767e-10
210.0 4.20109772806e-10
211.0 4.22981332546e-10
212.0 4.21982555868e-10
213.0 4.24946947566e-10
214.0 4.23952918257e-10
215.0 4.26427457559e-10
216.0 4.25439211833e-10
217.0 4.28375219529e-10
218.0 4.27391578232e-10
219.0 4.30422535496e-10
220.0 4.29443188299e-10
221.0 4.325706132e-10
222.0 4.31595255446e-10
223.0 4.34886666817e-10
224.0 4.33914851822e-10
225.0 4.37261489596e-10
226.0 4.36293024421e-10
227.0 4.39661246446e-10
228.0 4.38696017518e-10
229.0 4.42167201742e-10
230.0 4.41204921599e-10
231.0 4.44782598139e-10
232.0 4.43822979765e-10
233.0 4.47510878725e-10
234.0 4.46553635108e-10
235.0 4.50084104124e-10
236.0 4.49129523825e-10
237.0 4.52903972066e-10
238.0 4.51951491575e-10
239.0 4.55844974804e-10
240.0 4.5489430646e-10
241.0 4.58902383146e-10
242.0 4.57953256208e-10
243.0 4.62080118803e-10
244.0 4.61132261151e-10
245.0 4.65391541539e-10
246.0 4.64444660514e-10
247.0 4.68429339764e-10
248.0 4.67483971818e-10
249.0 4.71500445064e-10
250.0 4.70556499282e-10
251.0 4.74691567756e-10
252.0 4.73748783175e-10
253.0 4.78000891726e-10
254.0 4.77059017133e-10
255.0 4.81432436975e-10
256.0 4.80491219189e-10
257.0 4.84988410063e-10
258.0 4.84047597519e-10
259.0 4.88721187864e-10
260.0 4.87780433984e-10
261.0 4.91625018686e-10
262.0 4.90685906045e-10
263.0 4.94655690988e-10
264.0 4.93717954237e-10
265.0 4.97789045493e-10
266.0 4.96852470731e-10
267.0 5.01030434247e-10
268.0 5.00094802368e-10
269.0 5.04380998477e-10
270.0 5.03446093135e-10
271.0 5.0784420994e-10
272.0 5.06909813178e-10
273.0 5.11339279615e-10
274.0 5.10405325813e-10
275.0 5.13684527854e-10
276.0 5.12753095487e-10
277.0 5.16229008551e-10
278.0 5.15299702651e-10
279.0 5.18859970131e-10
280.0 5.17932605725e-10
281.0 5.21572238411e-10
282.0 5.20646643647e-10
283.0 5.2437036968e-10
284.0 5.23446368311e-10
285.0 5.27248972494e-10
286.0 5.26326401407e-10
287.0 5.30217824388e-10
288.0 5.29296506882e-10
289.0 5.32993455974e-10
290.0 5.32073708169e-10
291.0 5.3245783023e-10
292.0 5.31545305428e-10
293.0 5.35051497869e-10
294.0 5.34140771255e-10
295.0 5.37710228548e-10
296.0 5.36801165804e-10
297.0 5.40446324773e-10
298.0 5.39538773629e-10
299.0 5.43258896842e-10
300.0 5.20220684815e-10
301.0 5.22446449155e-10
302.0 5.20172882906e-10
303.0 5.22463747891e-10
304.0 5.20205311588e-10
305.0 5.22563015452e-10
306.0 5.20318029033e-10
307.0 5.22742625462e-10
308.0 5.20511983312e-10
309.0 5.23003405527e-10
