30.0 2.46187982242e-16
30.1 3.38190476293e-16
30.2 4.64575066638e-16
30.3 6.38190628273e-16
30.4 8.76687767518e-16
30.5 1.2043132689e-15
30.6 1.65437514173e-15
30.7 2.27262887512e-15
30.8 3.12192916452e-15
30.9 4.28862002721e-15
31.0 5.89131295702e-15
31.1 7.79621366704e-15
31.2 1.03170461297e-14
31.3 1.36529660921e-14
31.4 1.80675244414e-14
31.5 2.39094887688e-14
31.6 3.16403973904e-14
31.7 4.18710227016e-14
31.8 5.54096246152e-14
31.9 7.33258062952e-14
32.0 9.70350170422e-14
32.1 1.24696301667e-13
32.2 1.60242849678e-13
32.3 2.05922473478e-13
32.4 2.64623758057e-13
32.5 3.40058722806e-13
32.6 4.36997553831e-13
32.7 5.61570250217e-13
32.8 7.21654259077e-13
32.9 9.27372611784e-13
33.0 1.19173406139e-12
33.1 1.48716065199e-12
33.2 1.85582243262e-12
33.3 2.31587414365e-12
33.4 2.88997102038e-12
33.5 3.60638444949e-12
33.6 4.50039419281e-12
33.7 5.61602573834e-12
33.8 7.00821833432e-12
33.9 8.74553047116e-12
34.0 1.09135160427e-11
34.1 1.33170948792e-11
34.2 1.62500348493e-11
34.3 1.98289217731e-11
34.4 2.41960181826e-11
34.5 2.95249183286e-11
34.6 3.60274486376e-11
34.7 4.39620879181e-11
34.8 5.36442420211e-11
34.9 6.54587813795e-11
35.0 7.9875339799e-11
35.1 9.54849521029e-11
35.2 1.14145067815e-10
35.3 1.36451830572e-10
35.4 1.63117885185e-10
35.5 1.9499514485e-10
35.6 2.33102007618e-10
35.7 2.7865589165e-10
35.8 3.33112128654e-10
35.9 3.98210458064e-10
36.0 4.76030607329e-10
36.1 5.58827032298e-10
36.2 6.56024312761e-10
36.3 7.70127202266e-10
36.4 9.04076108359e-10
36.5 1.06132286628e-09
36.6 1.24591969201e-09
36.7 1.46262360707e-09
36.8 1.71701902592e-09
36.9 2.0156616652e-09
37.0 2.36624748312e-09
37.1 2.73515400211e-09
37.2 3.16157437827e-09
37.3 3.6544752294e-09
37.4 4.2242211014e-09
37.5 4.88279241023e-09
37.6 5.64403736195e-09
37.7 6.52396314787e-09
37.8 7.5410725382e-09
37.9 8.71675295177e-09
38.0 1.00757261831e-08
38.1 1.14860931161e-08
38.2 1.30938785625e-08
38.3 1.4926716515e-08
38.4 1.70161090816e-08
38.5 1.93979679312e-08
38.6 2.21132315299e-08
38.7 2.52085687753e-08
38.8 2.87371811235e-08
38.9 3.27597169949e-08
39.0 3.73453141758e-08
39.1 4.20534583704e-08
39.2 4.73551608801e-08
39.3 5.33252519265e-08
39.4 6.00479956181e-08
39.5 6.76182792858e-08
39.6 7.61429527582e-08
39.7 8.57423364803e-08
39.8 9.65519197612e-08
39.9 1.08724273122e-07
40.0 1.22431201731e-07
40.1 1.36366195441e-07
40.2 1.51887255831e-07
40.3 1.69174907383e-07
40.4 1.88430221689e-07
40.5 2.09877156104e-07
40.6 2.3376515858e-07
40.7 2.60372068978e-07
40.8 2.90007350606e-07
40.9 3.23015689569e-07
41.0 3.59781003791e-07
41.1 3.96900130553e-07
41.2 4.37848891333e-07
41.3 4.83022395015e-07
41.4 5.32856514437e-07
41.5 5.8783209207e-07
41.6 6.48479579597e-07
41.7 7.15384156168e-07
41.8 7.89191374714e-07
41.9 8.70613390796e-07
42.0 9.60435834095e-07
42.1 1.05023721197e-06
42.2 1.14843507734e-06
42.3 1.25581450727e-06
42.4 1.37323398405e-06
42.5 1.5016322586e-06
42.6 1.6420358557e-06
42.7 1.79556728084e-06
42.8 1.96345399452e-06
42.9 2.14703822561e-06
43.0 2.34778770222e-06
43.1 2.54819871993e-06
43.2 2.76571715155e-06
43.3 3.00180331407e-06
43.4 3.25804217952e-06
43.5 3.53615401574e-06
43.6 3.83800593548e-06
43.7 4.16562443129e-06
43.8 4.52120898046e-06
43.9 4.90714681128e-06
44.0 5.32602892977e-06
44.1 5.74070419566e-06
44.2 6.18766535004e-06
44.3 6.66942611553e-06
44.4 7.18869592878e-06
44.5 7.74839517843e-06
44.6 8.35167162945e-06
44.7 9.00191812627e-06
44.8 9.70279167422e-06
44.9 1.04582340067e-05
45.0 1.12724937534e-05
45.1 1.20758153388e-05
45.2 1.29363847332e-05
45.3 1.38582816374e-05
45.4 1.48458764873e-05
45.5 1.59038511731e-05
45.6 1.70372212346e-05
45.7 1.82513596385e-05
45.8 1.95520222498e-05
45.9 2.09453751188e-05
46.0 2.24380237124e-05
46.1 2.39027368238e-05
46.2 2.54630637257e-05
46.3 2.71252459114e-05
46.4 2.88959323072e-05
46.5 3.07822058694e-05
46.6 3.27916119166e-05
46.7 3.4932188312e-05
46.8 3.72124976158e-05
46.9 3.96416613365e-05
47.0 4.22293964179e-05
47.1 4.47705161953e-05
47.2 4.74645458003e-05
47.3 5.03206864581e-05
47.4 5.334869307e-05
47.5 5.65589075311e-05
47.6 5.99622940511e-05
47.7 6.35704766026e-05
47.8 6.73957786211e-05
47.9 7.14512650949e-05
48.0 7.57507871875e-05
48.1 7.99242516188e-05
48.2 8.43276516851e-05
48.3 8.89736556139e-05
48.4 9.38756295842e-05
48.5 9.90476761804e-05
48.6 0.000104504674964
48.7 0.000110262325281
48.8 0.000116337191428
48.9 0.000122746750305
49.0 0.000129509441697
49.1 0.000136098924411
49.2 0.000143023682158
49.3 0.000150300773843
49.4 0.00015794812633
49.5 0.000165984578611
49.6 0.00017442992821
49.7 0.000183304979957
49.8 0.000192631597236
49.9 0.000202432755851
50.0 0.000212732600618
50.1 0.000222782411346
50.2 0.000233306990376
50.3 0.000244328766484
50.4 0.000255871228012
50.5 0.000267958972931
50.6 0.000280617761255
50.7 0.000293874569941
50.8 0.000307757650376
50.9 0.000322296588589
51.0 0.000337522368297
51.1 0.000352149537401
51.2 0.000367410602495
51.3 0.00038333303466
51.4 0.000399945495485
51.5 0.000417277888667
51.6 0.000435361413832
51.7 0.000454228622703
51.8 0.000473913477694
51.9 0.000494451413043
52.0 0.000515879398597
52.1 0.000536801807955
52.2 0.000558572762951
52.3 0.000581226677867
52.4 0.000604799362717
52.5 0.000629328079856
52.6 0.000654851602879
52.7 0.000681410277913
52.8 0.000709046087395
52.9 0.000737802716433
53.0 0.000767725621865
53.1 0.000796308381428
53.2 0.00082595528959
53.3 0.000856705965066
53.4 0.000888601501595
53.5 0.000921684522852
53.6 0.000955999239412
53.7 0.000991591507828
53.8 0.00102850889191
53.9 0.0010668007263
54.0 0.00110651818237
54.1 0.00114496156162
54.2 0.00118474056593
54.3 0.00122590159845
54.4 0.00126849267451
54.5 0.00131256347763
54.6 0.00135816541745
54.7 0.00140535168972
54.8 0.00145417733836
54.9 0.00150469931966
55.0 0.00155697656871
55.1 0.00160763483093
55.2 0.00165994132575
55.3 0.00171394968056
55.4 0.0017697152676
55.5 0.0018272952607
55.6 0.00188674869393
55.7 0.00194813652212
55.8 0.00201152168331
55.9 0.00207696916335
56.0 0.00214454606246
56.1 0.00220901064793
56.2 0.00227541302473
56.3 0.00234381144245
56.4 0.00241426590165
56.5 0.00248683820647
56.6 0.0025615920189
56.7 0.00263859291458
56.8 0.00271790844034
56.9 0.00279960817345
57.0 0.00288376378266
57.1 0.00296490627594
57.2 0.00304833193273
57.3 0.003134104996
57.4 0.00322229151639
57.5 0.00331295940302
57.6 0.00340617847587
57.7 0.00350202051944
57.8 0.00360055933812
57.9 0.00370187081296
58.0 0.00380603296015
58.1 0.00390582415445
58.2 0.00400823179546
58.3 0.00411332448438
58.4 0.00422117262104
58.5 0.00433184845112
58.6 0.00444542611453
58.7 0.00456198169504
58.8 0.00468159327131
58.9 0.00480434096915
59.0 0.0049303070152
59.1 0.00505148234518
59.2 0.00517563587926
59.3 0.0053028408147
59.4 0.00543317214773
59.5 0.00556670671785
59.6 0.00570352325308
59.7 0.00584370241639
59.8 0.00598732685326
59.9 0.00613448124038
60.0 0.00628525233562
60.1 0.00642942784844
60.2 0.00657691055998
60.3 0.00672777633308
60.4 0.00688210277077
60.5 0.0070399692562
60.6 0.00720145699345
60.7 0.00736664904933
60.8 0.0075356303961
60.9 0.00770848795515
61.0 0.00788531064175
61.1 0.0080554355476
61.2 0.0082292308838
61.3 0.00840677583959
61.4 0.00858815131268
61.5 0.00877343994616
61.6 0.00896272616615
61.7 0.00915609622021
61.8 0.00935363821673
61.9 0.009555442165
62.0 0.00976160001629
62.1 0.00995625387095
62.2 0.010154789274
62.3 0.0103572836266
62.4 0.0105638158732
62.5 0.0107744665326
62.6 0.010989317729
62.7 0.0112084532244
62.8 0.0114319584512
62.9 0.011659920545
63.0 0.0118924283793
63.1 0.0121198673057
63.2 0.0123516559294
63.3 0.0125878774372
63.4 0.0128286166066
63.5 0.0130739598362
63.6 0.0133239951775
63.7 0.0135788123655
63.8 0.0138385028515
63.9 0.0141031598357
64.0 0.014372878301
64.1 0.0146282266242
64.2 0.0148881114615
64.3 0.0151526134086
64.4 0.0154218144931
64.5 0.0156957981996
64.6 0.0159746494962
64.7 0.0162584548605
64.8 0.0165473023063
64.9 0.0168412814111
65.0 0.0171404833439
65.1 0.0174263922377
65.2 0.0177170701858
65.3 0.0180125967375
65.4 0.0183130527692
65.5 0.0186185205063
65.6 0.0189290835456
65.7 0.0192448268784
65.8 0.0195658369137
65.9 0.0198922015019
66.0 0.0202240099586
66.1 0.0205449012338
66.2 0.0208708840419
66.3 0.0212020391693
66.4 0.0215384486845
66.5 0.0218801959581
66.6 0.0222273656834
66.7 0.0225800438977
66.8 0.0229383180034
66.9 0.0233022767895
67.0 0.0236720104541
67.1 0.0240219589389
67.2 0.0243770807884
67.3 0.0247374524815
67.4 0.0251031516278
67.5 0.0254742569843
67.6 0.025850848472
67.7 0.0262330071936
67.8 0.0266208154509
67.9 0.0270143567621
68.0 0.0274137158802
68.1 0.0278041375414
68.2 0.0282001195241
68.3 0.0286017410175
68.4 0.0290090823385
68.5 0.0294222249481
68.6 0.0298412514672
68.7 0.0302662456935
68.8 0.0306972926182
68.9 0.0311344784426
69.0 0.0315778905962
69.1 0.0319934537587
69.2 0.0324144857078
69.3 0.0328410584123
69.4 0.0332732447882
69.5 0.0337111187111
69.6 0.0341547550288
69.7 0.0346042295741
69.8 0.0350596191776
69.9 0.0355210016813
70.0 0.0359884559513
70.1 0.0364328873244
70.2 0.0368828071032
70.3 0.0373382830655
70.4 0.0377993838262
70.5 0.0382661788474
70.6 0.0387387384491
70.7 0.0392171338197
70.8 0.0397014370268
70.9 0.0401917210278
71.0 0.0406880596812
71.1 0.0411795388336
71.2 0.0416769546604
71.3 0.0421803788716
71.4 0.0426898840439
71.5 0.0432055436304
71.6 0.0437274319714
71.7 0.0442556243053
71.8 0.0447901967792
71.9 0.0453312264603
72.0 0.0458787913463
72.1 0.0463834401327
72.2 0.0468936398587
72.3 0.0474094515824
72.4 0.0479309370336
72.5 0.0484581586211
72.6 0.0489911794402
72.7 0.0495300632801
72.8 0.0500748746318
72.9 0.0506256786955
73.0 0.0511825413889
73.1 0.0517317245376
73.2 0.0522868003623
73.3 0.0528478320907
73.4 0.0534148836291
73.5 0.0539880195693
73.6 0.0545673051963
73.7 0.0551528064956
73.8 0.0557445901608
73.9 0.0563427236008
74.0 0.0569472749481
74.1 0.0575122586527
74.2 0.0580828476578
74.3 0.0586590975745
74.4 0.0592410645656
74.5 0.0598288053513
74.6 0.0604223772145
74.7 0.061021838006
74.8 0.0616272461512
74.9 0.0622386606547
75.0 0.0628561411065
75.1 0.0634628123838
75.2 0.064075339096
75.3 0.0646937777581
75.4 0.0653181854309
75.5 0.0659486197256
75.6 0.0665851388097
75.7 0.067227801412
75.8 0.0678766668281
75.9 0.068531794926
76.0 0.0691932461515
76.1 0.0698219480346
76.2 0.0704563624125
76.3 0.0710965411899
76.4 0.0717425367432
76.5 0.0723944019245
76.6 0.0730521900664
76.7 0.0737159549859
76.8 0.074385750989
76.9 0.0750616328753
77.0 0.075743655942
77.1 0.0763951766294
77.2 0.077052301472
77.3 0.0777150786749
77.4 0.0783835568576
77.5 0.079057785058
77.6 0.0636395794461
77.7 0.0579306020621
77.8 0.0540504982738
77.9 0.0510531036767
78.0 0.0485940601534
78.1 0.0464833014899
78.2 0.0446439094385
78.3 0.0430130393603
78.4 0.0415479278431
78.5 0.0402180192669
78.6 0.0390006478049
78.7 0.0378784940106
78.8 0.036838000863
78.9 0.0358683421804
79.0 0.0349607255895
79.1 0.0340951683261
79.2 0.0332789704751
79.3 0.0325069855764
79.4 0.0317748304052
79.5 0.0310787398047
79.6 0.0304154547665
79.7 0.029782134955
79.8 0.0291762894983
79.9 0.0285957216182
80.0 0.0280384838882
80.1 0.0274918365522
80.2 0.0269656500489
80.3 0.0264585080325
80.4 0.0259691334188
80.5 0.025496370706
80.6 0.0250391710301
80.7 0.0245965794574
80.8 0.0241677241254
80.9 0.0237518069137
81.0 0.0233480953951
81.1 0.0229485669627
81.2 0.0225601958715
81.3 0.0221823983534
81.4 0.0218146340165
81.5 0.0214564016903
81.6 0.0211072357587
81.7 0.0207667029117
81.8 0.0204343992615
81.9 0.020109947773
82.0 0.0197929959696
82.1 0.0194764570275
82.2 0.0191669909025
82.3 0.0188643003425
82.4 0.0185681059856
82.5 0.0182781449811
82.6 0.0179941697407
82.7 0.0177159468055
82.8 0.0174432558169
82.9 0.0171758885786
83.0 0.0169136482015
83.1 0.0166510161127
83.2 0.0163933113409
83.3 0.0161403619994
83.4 0.015892004962
83.5 0.0156480852975
83.6 0.0154084557489
83.7 0.0151729762531
83.8 0.0149415134976
83.9 0.0147139405116
84.0 0.0144901362863
84.1 0.0142661784378
84.2 0.0140458804154
84.3 0.0138291342936
84.4 0.0136158369576
84.5 0.0134058898367
84.6 0.0131991986545
84.7 0.0129956731972
84.8 0.0127952270967
84.9 0.0125977776283
85.0 0.0124032455214
85.1 0.012207971214
85.2 0.0120155773082
85.3 0.0118259914529
85.4 0.011639144187
85.5 0.0114549687987
85.6 0.0112734011925
85.7 0.0110943797656
85.8 0.0109178452898
85.9 0.0107437408023
86.0 0.0105720115006
86.1 0.0103998294096
86.2 0.010230008902
86.3 0.0100624992776
86.4 0.0098972516876
86.5 0.00973421905482
86.6 0.00957335599743
86.7 0.00941461875711
86.8 0.00925796513094
86.9 0.00910335440685
87.0 0.00895074730239
87.1 0.00879799293337
87.2 0.0086472395914
87.3 0.00849845055655
87.4 0.00835159035672
87.5 0.00820662471893
87.6 0.00806352052303
87.7 0.00792224575761
87.8 0.00778276947808
87.9 0.00764506176671
88.0 0.0075090936945
88.1 0.00737326325924
88.2 0.00723917434804
88.3 0.00710679970726
88.4 0.00697611295864
88.5 0.00684708856831
88.6 0.00671970181718
88.7 0.00659392877266
88.8 0.0064697462616
88.9 0.00634713184442
89.0 0.00622606379035
89.1 0.00610505483094
89.2 0.00598560783462
89.3 0.00586770196883
89.4 0.00575131703982
89.5 0.00563643347189
89.6 0.00552303228765
89.7 0.0054110950889
89.8 0.00530060403847
89.9 0.00519154184265
90.0 0.00508389173438
90.1 0.00497657507037
90.2 0.00487068346478
90.3 0.0047662007481
90.4 0.00466311122957
90.5 0.00456139968293
90.6 0.00446105133274
90.7 0.00436205184111
90.8 0.00426438729505
90.9 0.00416804419421
91.0 0.0040730094391
91.1 0.00397852716944
91.2 0.00388536287303
91.3 0.00379350386473
91.4 0.00370293782625
91.5 0.00361365279607
91.6 0.00352563715965
91.7 0.00343887964001
91.8 0.0033533692887
91.9 0.00326909547701
92.0 0.00318604788751
92.1 0.00310363677661
92.2 0.00302246237423
92.3 0.00294251456993
92.4 0.00286378354059
92.5 0.00278625974307
92.6 0.00270993390707
92.7 0.00263479702828
92.8 0.00256084036165
92.9 0.00248805541504
93.0 0.00241643394288
93.1 0.002345529818
93.2 0.00227579936298
93.3 0.00220723439079
93.4 0.00213982694375
93.5 0.00207356928802
93.6 0.00200845390824
93.7 0.00194447350241
93.8 0.00188162097688
93.9 0.00181988944145
94.0 0.00175927220474
94.1 0.00169949067457
94.2 0.00164082938032
94.3 0.00158328166969
94.4 0.00152684107572
94.5 0.0014715013126
94.6 0.00141725627164
94.7 0.00136410001731
94.8 0.00131202678342
94.9 0.00126103096944
95.0 0.00121110713686
95.1 0.00116206395485
95.2 0.0011140976801
95.3 0.00106720282867
95.4 0.00102137406848
95.5 0.00097660621614
95.6 0.000932894233769
95.7 0.000890233225967
95.8 0.000848618436827
95.9 0.000808045247053
96.0 0.00076850917116
96.1 0.000729888996698
96.2 0.000692309371254
96.3 0.000655765699873
96.4 0.000620253513655
96.5 0.000585768467145
96.6 0.000552306335905
96.7 0.00051986301407
96.8 0.000488434512013
96.9 0.000458016954062
97.0 0.000428606576276
97.1 0.00040014633746
97.2 0.00037269339624
97.3 0.00034624391078
97.4 0.000320794144558
97.5 0.000296340464238
97.6 0.00027287933778
97.7 0.000250407332464
97.8 0.000228921113067
97.9 0.000208417439981
98.0 0.000188893167461
98.1 0.000170322517778
98.2 0.000152729943468
98.3 0.000136112180802
98.4 0.000120466054861
98.5 0.000105788477754
98.6 9.20764471836e-05
98.7 7.93270448212e-05
98.8 6.7537434684e-05
98.9 5.67048619513e-05
99.0 4.68266512213e-05
99.1 3.78951492776e-05
99.2 2.99150204331e-05
99.3 2.28834399566e-05
99.4 1.6797659281e-05
99.5 1.16550035239e-05
99.6 7.45287034832e-06
99.7 4.18872843413e-06
99.8 1.86011802309e-06
100.1 4.63851947388e-07
100.2 1.85369445233e-06
100.3 4.16704536656e-06
100.4 7.40146613362e-06
100.5 1.15545908433e-05
100.6 1.66241124152e-05
100.7 2.26077873784e-05
100.8 2.95034312673e-05
100.9 3.73089197607e-05
101.0 4.60221864147e-05
101.1 5.56352838096e-05
101.2 6.61499526868e-05
101.3 7.75640074585e-05
101.4 8.98753181388e-05
101.5 0.000103081809301
101.6 0.000117181459193
101.7 0.000132172298764
101.8 0.000148052410857
101.9 0.000164819929463
102.0 0.00018247303871
102.1 0.000200988520084
102.2 0.000220381965616
102.3 0.000240651424213
102.4 0.000261794992704
102.5 0.000283810814966
102.6 0.000306697081245
102.7 0.000330452027402
102.8 0.00035507393424
102.9 0.000380561126662
103.0 0.000406911973169
103.1 0.000434066972592
103.2 0.000462075008984
103.3 0.000490934235027
103.4 0.000520642845147
103.5 0.000551199074832
103.6 0.000582601200053
103.7 0.000614847536559
103.8 0.000647936439312
103.9 0.000681866301871
104.0 0.00071663555578
104.1 0.000752182458767
104.2 0.000788559898926
104.3 0.000825766218585
104.4 0.000863799796319
104.5 0.000902659046388
104.6 0.000942342418175
104.7 0.000982848395669
104.8 0.00102417549695
104.9 0.00106632227363
105.0 0.00110928731044
105.1 0.0011529461672
105.2 0.00119741104534
105.3 0.00124268036671
105.4 0.00128875258492
105.5 0.00133562618486
105.6 0.00138329968221
105.7 0.001431771623
105.8 0.00148104058321
105.9 0.00153110516823
106.0 0.00158196401252
106.1 0.00163348502072
106.2 0.00168578925789
106.3 0.00173887525428
106.4 0.00179274156794
106.5 0.00184738678432
106.6 0.00190280951587
106.7 0.00195900840164
106.8 0.0020159821069
106.9 0.00207372932277
107.0 0.00213224876582
107.1 0.00219130529303
107.2 0.00225111876172
107.3 0.00231168771871
107.4 0.00237301073542
107.5 0.00243508640751
107.6 0.00249791335453
107.7 0.00256149021959
107.8 0.00262581566901
107.9 0.00269088839199
108.0 0.00275670710028
108.1 0.00282311987181
108.2 0.00289026894351
108.3 0.00295815297467
108.4 0.00302677064616
108.5 0.0030961206601
108.6 0.00316620173963
108.7 0.00323701262853
108.8 0.00330855209099
108.9 0.00338081891127
109.0 0.00345381189351
109.1 0.0035271533975
109.2 0.00360120288194
109.3 0.00367595897994
109.4 0.00375142034391
109.5 0.00382758564523
109.6 0.00390445357405
109.7 0.00398202283896
109.8 0.00406029216683
109.9 0.00413926030244
110.0 0.00421892600835
110.1 0.00429894393961
110.2 0.00437964407047
110.3 0.00446102505014
110.4 0.00454308554497
110.5 0.00462582423827
110.6 0.00470923983003
110.7 0.00479333103675
110.8 0.00487809659115
110.9 0.00496353524202
111.0 0.00504964575392
111.1 0.00513615281574
111.2 0.00522331999611
111.3 0.00531114599956
111.4 0.00539962954585
111.5 0.0054887693698
111.6 0.00557856422103
111.7 0.00566901286382
111.8 0.00576011407686
111.9 0.00585186665312
112.0 0.00594426939959
112.1 0.006036837896
112.2 0.00613003925746
112.3 0.00622387217857
112.4 0.0063183353676
112.5 0.00641342754639
112.6 0.00650914745011
112.7 0.0066054938271
112.8 0.00670246543873
112.9 0.00680006105916
113.0 0.00689827947525
113.1 0.00699655942073
113.2 0.00709544389627
113.3 0.00719493157895
113.4 0.00729502115825
113.5 0.00739571133593
113.6 0.00749700082579
113.7 0.00759888835362
113.8 0.00770137265695
113.9 0.00780445248496
114.0 0.0079081265983
114.1 0.00801196620959
114.2 0.00811638649347
114.3 0.00822138615051
114.4 0.00832696389245
114.5 0.00843311844204
114.6 0.00853984853294
114.7 0.00864715290956
114.8 0.00875503032691
114.9 0.00886347955047
115.0 0.00897249935611
115.1 0.00908160388917
115.2 0.0091912648562
115.3 0.0093014809735
115.4 0.00941225096747
115.5 0.00952357357448
115.6 0.00963544754077
115.7 0.00974787162229
115.8 0.00986084458462
115.9 0.00997436520282
116.0 0.0100884322613
116.1 0.0102022278786
116.2 0.0103165491641
116.3 0.0104313948016
116.4 0.0105467634842
116.5 0.0106626539141
116.6 0.0107790648028
116.7 0.0108959948706
116.8 0.0110134428469
116.9 0.0111314074696
117.0 0.0112498874855
117.1 0.0113685783114
117.2 0.0114877756805
117.3 0.0116074783242
117.4 0.0117276849824
117.5 0.0118483944033
117.6 0.0119696053433
117.7 0.0120913165667
117.8 0.0122135268461
117.9 0.0123362349619
118.0 0.0124594397024
118.1 0.0125821326799
118.2 0.0127053000815
118.3 0.0128289406024
118.4 0.0129530529458
118.5 0.0130776358223
118.6 0.0132026879508
118.7 0.0133282080572
118.8 0.0134541948754
118.9 0.0135806471465
119.0 0.013707563619
119.1 0.013834204785
119.2 0.0139612940672
119.3 0.014088830163
119.4 0.0142168117774
119.5 0.0143452376222
119.6 0.0144741064168
119.7 0.0146034168873
119.8 0.0147331677671
119.9 0.0148633577963
120.0 0.014993985722
120.1 0.0151246467392
120.2 0.0152557361608
120.3 0.0153872527196
120.4 0.0155191951549
120.5 0.0156515622128
120.6 0.0157843526458
120.7 0.015917565213
120.8 0.0160511986799
120.9 0.0161852518183
121.0 0.0163197234064
121.1 0.0164537341734
121.2 0.016588146572
121.3 0.0167229593334
121.4 0.0168581711955
121.5 0.0169937809021
121.6 0.0171297872034
121.7 0.0172661888557
121.8 0.0174029846211
121.9 0.0175401732681
122.0 0.0176777535708
122.1 0.0178147736222
122.2 0.0179521681801
122.3 0.0180899359754
122.4 0.0182280757448
122.5 0.018366586231
122.6 0.0185054661825
122.7 0.0186447143537
122.8 0.0187843295048
122.9 0.0189243104014
123.0 0.0190646558152
123.1 0.0192043396817
123.2 0.0193443706244
123.3 0.0194847473749
123.4 0.0196254686704
123.5 0.0197665332538
123.6 0.0199079398738
123.7 0.0200496872843
123.8 0.0201917742451
123.9 0.0203341995213
124.0 0.0204769618832
124.1 0.0206195099331
124.2 0.0207623849867
124.3 0.020905585804
124.4 0.0210491111506
124.5 0.0211929597972
124.6 0.0213371305199
124.7 0.0214816220999
124.8 0.0216264333238
124.9 0.0217715629832
125.0 0.0219170098748
125.1 0.0220615954811
125.2 0.0222064804015
125.3 0.0223516633986
125.4 0.0224971432405
125.5 0.0226429187005
125.6 0.0227889885569
125.7 0.0229353515929
125.8 0.0230820065971
125.9 0.0232289523628
126.0 0.0233761876885
126.1 0.02352308373
126.2 0.0236702590721
126.3 0.0238177125054
126.4 0.0239654428252
126.5 0.024113448832
126.6 0.0242617293308
126.7 0.0244102831317
126.8 0.0245591090495
126.9 0.0247082059038
127.0 0.024857572519
127.1 0.025005873283
127.2 0.0251544255439
127.3 0.0253032280985
127.4 0.0254522797488
127.5 0.0256015793014
127.6 0.0257511255676
127.7 0.0259009173636
127.8 0.0260509535103
127.9 0.0262012328333
128.0 0.0263517541628
128.1 0.0265018092072
128.2 0.0266520958934
128.3 0.0268026130467
128.4 0.026953359497
128.5 0.0271043340788
128.6 0.0272555356313
128.7 0.0274069629981
128.8 0.0275586150275
128.9 0.0277104905723
129.0 0.0278625884896
129.1 0.028014160162
129.2 0.0281659438149
129.3 0.0283179383017
129.4 0.0284701424802
129.5 0.0286225552127
129.6 0.0287751753659
129.7 0.0289280018111
129.8 0.0290810334239
129.9 0.029234269084
130.0 0.0293877076758
130.1 0.0295397716951
130.2 0.0296920200934
130.3 0.0298444517374
130.4 0.029997065498
130.5 0.0301498602507
130.6 0.0303028348754
130.7 0.0304559882562
130.8 0.030609319282
130.9 0.0307628268457
131.0 0.0309165098447
131.1 0.0310703671808
131.2 0.0312243977598
131.3 0.031378600492
131.4 0.0315329742919
131.5 0.0316875180783
131.6 0.031842230774
131.7 0.0319971113062
131.8 0.032152158606
131.9 0.0323073716089
132.0 0.0324627492545
132.1 0.0326165499008
132.2 0.0327704965569
132.3 0.0329245881501
132.4 0.0330788236118
132.5 0.0332332018777
132.6 0.0333877218878
132.7 0.0335423825863
132.8 0.0336971829215
132.9 0.0338521218458
133.0 0.0340071983159
133.1 0.0341614997887
133.2 0.0343159284676
133.3 0.0344704833109
133.4 0.0346251632814
133.5 0.0347799673459
133.6 0.0349348944754
133.7 0.035089943645
133.8 0.035245113834
133.9 0.0354004040255
134.0 0.035555813207
134.1 0.0357103875383
134.2 0.0358650705664
134.3 0.0360198612816
134.4 0.0361747586785
134.5 0.036329761756
134.6 0.0364848695166
134.7 0.0366400809672
134.8 0.0367953951186
134.9 0.0369508109857
135.0 0.0371063275872
135.1 0.0372599555649
135.2 0.0374136658146
135.3 0.0375674573527
135.4 0.0377213291999
135.5 0.0378752803807
135.6 0.038029309924
135.7 0.0381834168627
135.8 0.0383376002337
135.9 0.038491859078
136.0 0.0386461924407
136.1 0.0388005993709
136.2 0.0389550789217
136.3 0.0391096301501
136.4 0.0392642521172
136.5 0.0394189438881
136.6 0.0395737045318
136.7 0.0397285331211
136.8 0.039883428733
136.9 0.0400383904482
137.0 0.0401934173514
137.1 0.0403474319729
137.2 0.0405015017126
137.3 0.040655625662
137.4 0.0408098029167
137.5 0.0409640325759
137.6 0.0411183137431
137.7 0.0412726455254
137.8 0.041427027034
137.9 0.0415814573836
138.0 0.0417359356932
138.1 0.0418893433856
138.2 0.0420427890686
138.3 0.042196271869
138.4 0.0423497909175
138.5 0.0425033453491
138.6 0.042656934302
138.7 0.0428105569188
138.8 0.0429642123457
138.9 0.0431178997327
139.0 0.0432716182337
139.1 0.043424208353
139.2 0.0435768197304
139.3 0.0437294515289
139.4 0.0438821029156
139.5 0.0440347730614
139.6 0.044187461141
139.7 0.0443401663329
139.8 0.0444928878195
139.9 0.0446456247867
140.0 0.0447983764243
140.1 0.044949942563
140.2 0.0451015136424
140.3 0.045253088863
140.4 0.045404667429
140.5 0.0455562485482
140.6 0.0457078314326
140.7 0.0458594152976
140.8 0.0460109993625
140.9 0.0461625828502
141.0 0.0463141649875
141.1 0.0464657450048
141.2 0.0466173221362
141.3 0.0467688956196
141.4 0.0469204646965
141.5 0.047072028612
141.6 0.0472235866149
141.7 0.0473751379578
141.8 0.0475266818966
141.9 0.0476782176912
142.0 0.0478297446047
142.1 0.0479787015159
142.2 0.0481276320511
142.3 0.0482765354873
142.4 0.0484254111055
142.5 0.0485742581901
142.6 0.0487230760293
142.7 0.0488718639152
142.8 0.0490206211432
142.9 0.0491693470126
143.0 0.0493180408264
143.1 0.0494667018908
143.2 0.0496153295163
143.3 0.0497639230163
143.4 0.0499124817084
143.5 0.0500610049134
143.6 0.0502094919558
143.7 0.0503579421636
143.8 0.0505063548686
143.9 0.0506547294058
144.0 0.0508030651139
144.1 0.0509500018774
144.2 0.0510968906247
144.3 0.0512437307086
144.4 0.0513905214855
144.5 0.0515372623153
144.6 0.0516839525614
144.7 0.0518305915907
144.8 0.0519771787738
144.9 0.0521237134845
145.0 0.0522701951004
145.1 0.052415224449
145.2 0.0525601916946
145.3 0.0527050962296
145.4 0.0528499374502
145.5 0.0529947147559
145.6 0.0531394275497
145.7 0.0532840752381
145.8 0.0534286572313
145.9 0.0535731729425
146.0 0.0537176217887
146.1 0.0538620031903
146.2 0.0540063165709
146.3 0.0541505613576
146.4 0.0542947369812
146.5 0.0544388428754
146.6 0.0545828784776
146.7 0.0547268432286
146.8 0.0548707365722
146.9 0.055014557956
147.0 0.0551583068307
147.1 0.0553005071113
147.2 0.0554426261707
147.3 0.0555846634756
147.4 0.0557266184964
147.5 0.0558684907066
147.6 0.0560102795832
147.7 0.0561519846064
147.8 0.0562936052598
147.9 0.0564351410302
148.0 0.0565765914078
148.1 0.0567164425668
148.2 0.0568561998245
148.3 0.0569958626881
148.4 0.057135430668
148.5 0.0572749032781
148.6 0.0574142800354
148.7 0.0575535604602
148.8 0.057692744076
148.9 0.0578318304097
149.0 0.0579708189914
149.1 0.0581097093541
149.2 0.0582485010346
149.3 0.0583871935723
149.4 0.0585257865102
149.5 0.0586642793943
149.6 0.0588026717738
149.7 0.0589409632011
149.8 0.0590791532317
149.9 0.0592172414242
150.0 0.0593552273405
150.1 0.0594915231809
150.2 0.0596277085682
150.3 0.0597637830818
150.4 0.0598997463046
150.5 0.0600355978226
150.6 0.0601713372247
150.7 0.0603069641032
150.8 0.0604424780532
150.9 0.0605778786731
151.0 0.0607131655642
151.1 0.0608467148071
151.2 0.0609801423694
151.3 0.0611134478711
151.4 0.0612466309354
151.5 0.0613796911882
151.6 0.0615126282588
151.7 0.0616454417794
151.8 0.0617781313851
151.9 0.0619106967143
152.0 0.0620431374081
152.1 0.0621754531108
152.2 0.0623076434696
152.3 0.0624397081346
152.4 0.062571646759
152.5 0.0627034589988
152.6 0.0628351445132
152.7 0.062966702964
152.8 0.0630981340161
152.9 0.0632294373372
153.0 0.0633606125982
153.1 0.0634899654208
153.2 0.0636191825923
153.3 0.0637482638025
153.4 0.0638772087443
153.5 0.0640060171133
153.6 0.0641346886081
153.7 0.06426322293
153.8 0.0643916197834
153.9 0.0645198788752
154.0 0.0646479999155
154.1 0.0647759826168
154.2 0.0649038266948
154.3 0.0650315318677
154.4 0.0651590978566
154.5 0.0652865243855
154.6 0.065413811181
154.7 0.0655409579724
154.8 0.0656679644918
154.9 0.0657948304742
155.0 0.0659215556571
155.1 0.0660463775186
155.2 0.0661710513636
155.3 0.0662955769494
155.4 0.0664199540361
155.5 0.0665441823863
155.6 0.0666682617654
155.7 0.0667921919414
155.8 0.066915972685
155.9 0.0670396037697
156.0 0.0671630849713
156.1 0.0672864160686
156.2 0.0674095968429
156.3 0.0675326270779
156.4 0.0676555065602
156.5 0.0677782350789
156.6 0.0679008124255
156.7 0.0680232383944
156.8 0.0681455127822
156.9 0.0682676353884
157.0 0.0683896060147
157.1 0.0685095964793
157.2 0.0686294281318
157.3 0.0687491007942
157.4 0.0688686142907
157.5 0.0689879684484
157.6 0.0691071630967
157.7 0.0692261980676
157.8 0.0693450731953
157.9 0.0694637883167
158.0 0.0695823432712
158.1 0.0697007379005
158.2 0.0698189720489
158.3 0.0699370455628
158.4 0.0700549582915
158.5 0.0701727100862
158.6 0.0702903008009
158.7 0.0704077302918
158.8 0.0705249984174
158.9 0.0706421050388
159.0 0.0707590500191
159.1 0.0708739421519
159.2 0.0709886662046
159.3 0.0711032220608
159.4 0.0712176096064
159.5 0.0713318287295
159.6 0.0714458793205
159.7 0.0715597612724
159.8 0.0716734744801
159.9 0.071787018841
160.0 0.0719003942547
160.1 0.072013600623
160.2 0.07212663785
160.3 0.0722395058421
160.4 0.0723522045079
160.5 0.072464733758
160.6 0.0725770935056
160.7 0.0726892836657
160.8 0.0728013041557
160.9 0.0729131548952
161.0 0.0730248358058
161.1 0.0731363468115
161.2 0.0732476878381
161.3 0.0733588588138
161.4 0.0734698596688
161.5 0.0735806903356
161.6 0.0736913507486
161.7 0.0738018408444
161.8 0.0739121605616
161.9 0.0740223098409
162.0 0.0741322886251
162.1 0.0742401159699
162.2 0.0743477669137
162.3 0.0744552414194
162.4 0.0745625394517
162.5 0.0746696609775
162.6 0.0747766059658
162.7 0.0748833743873
162.8 0.0749899662151
162.9 0.0750963814239
163.0 0.0752026199905
163.1 0.0753066725465
163.2 0.0754105428232
163.3 0.0755142308177
163.4 0.075617736529
163.5 0.0757210599579
163.6 0.0758242011074
163.7 0.075927159982
163.8 0.0760299365884
163.9 0.0761325309352
164.0 0.0762349430327
164.1 0.0763392097364
164.2 0.0764432997172
164.3 0.0765472129768
164.4 0.0766509495185
164.5 0.0767545093476
164.6 0.0768578924711
164.7 0.0769610988979
164.8 0.0770641286387
164.9 0.0771669817058
165.0 0.0772696581135
165.1 0.0773680291251
165.2 0.0774662128113
165.3 0.0775642092207
165.4 0.0776620184038
165.5 0.0777596404125
165.6 0.0778570753006
165.7 0.0779543231238
165.8 0.0780513839393
165.9 0.0781482578058
166.0 0.0782449447841
166.1 0.078343535258
166.2 0.0784419441652
166.3 0.0785401715567
166.4 0.0786382174848
166.5 0.0787360820037
166.6 0.0788337651691
166.7 0.0789312670383
166.8 0.0790285876702
166.9 0.0791257271255
167.0 0.0792226854662
167.1 0.0793173463951
167.2 0.0794118212404
167.3 0.0795061100835
167.4 0.0796002130076
167.5 0.0796941300971
167.6 0.0797878614384
167.7 0.079881407119
167.8 0.0799747672281
167.9 0.0800679418564
168.0 0.080160931096
168.1 0.0802537350406
168.2 0.0803463537853
168.3 0.0804387874267
168.4 0.0805310360629
168.5 0.0806230997932
168.6 0.0807149787186
168.7 0.0808066729415
168.8 0.0808981825657
168.9 0.0809895076962
169.0 0.0810806484398
169.1 0.0811694391255
169.2 0.0812580408556
169.3 0.0813464537556
169.4 0.0814346779525
169.5 0.0815227135747
169.6 0.081610560752
169.7 0.0816982196152
169.8 0.0817856902968
169.9 0.0818729729304
170.0 0.081960067651
170.1 0.0820469745947
170.2 0.0821336938992
170.3 0.0822202257032
170.4 0.0823065701467
170.5 0.0823927273712
170.6 0.0824786975192
170.7 0.0825644807344
170.8 0.0826500771621
170.9 0.0827354869483
171.0 0.0828207102407
171.1 0.0829057471879
171.2 0.0829905979398
171.3 0.0830752626475
171.4 0.0831597414632
171.5 0.0832440345405
171.6 0.0833281420338
171.7 0.0834120640991
171.8 0.0834958008931
171.9 0.083579352574
172.0 0.083662719301
172.1 0.0837436667695
172.2 0.0838244252364
172.3 0.0839049948794
172.4 0.0839853758768
172.5 0.0840655684084
172.6 0.0841455726549
172.7 0.0842253887979
172.8 0.0843050170204
172.9 0.0843844575062
173.0 0.0844637104401
173.1 0.0845450317949
173.2 0.0846261702402
173.3 0.0847071259492
173.4 0.084787899096
173.5 0.0848684898559
173.6 0.0849488984049
173.7 0.0850291249203
173.8 0.0851091695803
173.9 0.0851890325639
174.0 0.0852687140513
174.1 0.0853436598507
174.2 0.0854184162949
174.3 0.0854929835968
174.4 0.0855673619697
174.5 0.0856415516282
174.6 0.0857155527875
174.7 0.0857893656639
174.8 0.0858629904744
174.9 0.0859364274369
175.0 0.0860096767703
175.1 0.0860850355706
175.2 0.086160211132
175.3 0.0862352036612
175.4 0.0863100133655
175.5 0.0863846404531
175.6 0.086459085133
175.7 0.086533347615
175.8 0.08660742811
175.9 0.0866813268292
176.0 0.0867550439851
176.1 0.0868262630756
176.2 0.0868972971771
176.3 0.086968146519
176.4 0.0870388113313
176.5 0.0871092918449
176.6 0.0871795882913
176.7 0.0872497009029
176.8 0.0873196299125
176.9 0.0873893755539
177.0 0.0874589380616
177.1 0.0875283176707
177.2 0.0875975146171
177.3 0.0876665291372
177.4 0.0877353614683
177.5 0.0878040118483
177.6 0.0878724805157
177.7 0.0879407677098
177.8 0.0880088736704
177.9 0.0880767986381
178.0 0.088144542854
178.1 0.0882121065599
178.2 0.0882794899983
178.3 0.0883466934122
178.4 0.0884137170453
178.5 0.0884805611419
178.6 0.0885472259469
178.7 0.0886137117057
178.8 0.0886800186645
178.9 0.0887461470698
179.0 0.088812097169
179.1 0.0888778692098
179.2 0.0889434634406
179.3 0.0890088801103
179.4 0.0890741194684
179.5 0.089139181765
179.6 0.0892040672505
179.7 0.0892687761761
179.8 0.0893333087935
179.9 0.0893976653547
180.0 0.0894618461124
180.1 0.0895234626373
180.2 0.0895849005233
180.3 0.0896461600385
180.4 0.0897072414518
180.5 0.0897681450323
180.6 0.0898288710498
180.7 0.0898894197744
180.8 0.0899497914767
180.9 0.0900099864276
181.0 0.0900700048985
181.1 0.0901298471613
181.2 0.0901895134883
181.3 0.090249004152
181.4 0.0903083194257
181.5 0.0903674595826
181.6 0.0904264248967
181.7 0.0904852156423
181.8 0.0905438320938
181.9 0.0906022745264
182.0 0.0906605432154
182.1 0.0907186384364
182.2 0.0907765604656
182.3 0.0908343095794
182.4 0.0908918860546
182.5 0.0909492901683
182.6 0.0910065221979
182.7 0.0910635824212
182.8 0.0911204711163
182.9 0.0911771885616
183.0 0.0912337350359
183.1 0.0912876750628
183.2 0.0913414417427
183.3 0.0913950353691
183.4 0.0914484562356
183.5 0.0915017046361
183.6 0.0915547808647
183.7 0.0916076852158
183.8 0.0916604179842
183.9 0.0917129794645
184.0 0.091765369952
184.1 0.0918175897419
184.2 0.0918696391297
184.3 0.0919215184113
184.4 0.0919732278826
184.5 0.0920247678398
184.6 0.0920761385791
184.7 0.0921273403973
184.8 0.0921783735909
184.9 0.092229238457
185.0 0.0922799352928
185.1 0.0923329279747
185.2 0.0923857559743
185.3 0.0924384195758
185.4 0.0924909190639
185.5 0.0925432547232
185.6 0.0925954268387
185.7 0.0926474356954
185.8 0.0926992815786
185.9 0.0927509647738
186.0 0.0928024855665
186.1 0.0928488893522
186.2 0.0928951261077
186.3 0.0929411961454
186.4 0.0929870997776
186.5 0.0930328373169
186.6 0.0930784090758
186.7 0.0931238153671
186.8 0.0931690565033
186.9 0.0932141327972
187.0 0.0932590445617
187.1 0.0933062816596
187.2 0.0933533572995
187.3 0.0934002717813
187.4 0.0934470254051
187.5 0.093493618471
187.6 0.0935400512791
187.7 0.0935863241296
187.8 0.0936324373229
187.9 0.0936783911592
188.0 0.0937241859388
188.1 0.0937698219623
188.2 0.09381529953
188.3 0.0938606189425
188.4 0.0939057805001
188.5 0.0939507845035
188.6 0.0939956312531
188.7 0.0940403210497
188.8 0.0940848541936
188.9 0.0941292309856
189.0 0.0941734517261
189.1 0.0942150028529
189.2 0.0942563962534
189.3 0.0942976322408
189.4 0.094338711128
189.5 0.0943796332282
189.6 0.0944203988543
189.7 0.0944610083191
189.8 0.0945014619355
189.9 0.0945417600163
190.0 0.0945819028743
190.1 0.094621890822
190.2 0.0946617241721
190.3 0.094701403237
190.4 0.0947409283291
190.5 0.0947802997609
190.6 0.0948195178445
190.7 0.0948585828922
190.8 0.094897495216
190.9 0.0949362551278
191.0 0.0949748629396
191.1 0.0950133189631
191.2 0.0950516235099
191.3 0.0950897768917
191.4 0.0951277794199
191.5 0.0951656314057
191.6 0.0952033331605
191.7 0.0952408849952
191.8 0.0952782872209
191.9 0.0953155401483
192.0 0.0953526440882
192.1 0.0953895993511
192.2 0.0954264062474
192.3 0.0954630650874
192.4 0.0954995761812
192.5 0.0955359398388
192.6 0.09557215637
192.7 0.0956082260845
192.8 0.0956441492918
192.9 0.0956799263013
193.0 0.0957155574222
193.1 0.0957484881837
193.2 0.0957812718567
193.3 0.0958139087617
193.4 0.0958463992188
193.5 0.0958787435479
193.6 0.0959109420687
193.7 0.0959429951008
193.8 0.0959749029635
193.9 0.0960066659757
194.0 0.0960382844564
194.1 0.0960723220762
194.2 0.0961062175417
194.3 0.0961399711597
194.4 0.0961735832368
194.5 0.0962070540792
194.6 0.0962403839931
194.7 0.0962735732843
194.8 0.0963066222585
194.9 0.0963395312213
195.0 0.0963723004778
195.1 0.0964023581066
195.2 0.0964322749739
195.3 0.0964620513953
195.4 0.0964916876864
195.5 0.0965211841624
195.6 0.0965505411383
195.7 0.0965797589287
195.8 0.0966088378481
195.9 0.0966377782107
196.0 0.0966665803302
196.1 0.0966952445204
196.2 0.0967237710944
196.3 0.0967521603654
196.4 0.0967804126461
196.5 0.0968085282489
196.6 0.0968365074861
196.7 0.0968643506694
196.8 0.0968920581105
196.9 0.0969196301207
197.0 0.096947067011
197.1 0.096974369092
197.2 0.0970015366741
197.3 0.0970285700674
197.4 0.0970554695817
197.5 0.0970822355265
197.6 0.0971088682109
197.7 0.0971353679437
197.8 0.0971617350336
197.9 0.0971879697886
198.0 0.0972140725167
198.1 0.0972400435255
198.2 0.0972658831222
198.3 0.0972915916137
198.4 0.0973171693067
198.5 0.0973426165074
198.6 0.0973679335217
198.7 0.0973931206553
198.8 0.0974181782135
198.9 0.0974431065011
199.0 0.0974679058228
199.1 0.0974899752364
199.2 0.0975119150521
199.3 0.0975337255836
199.4 0.0975554071446
199.5 0.0975769600481
199.6 0.097598384607
199.7 0.0976196811335
199.8 0.0976408499396
199.9 0.097661891337
