20 33.19
21 28.98
22 25.45
23 22.47
24 19.93
25 17.76
26 15.89
27 14.28
28 12.87
29 11.65
30 10.58
31 9.631
32 8.797
33 8.056
34 7.398
35 6.81
36 6.283
37 5.809
38 5.383
39 4.998
40 4.649
41 4.333
42 4.045
43 3.783
44 3.543
45 3.323
46 3.122
47 2.938
48 2.768
49 2.611
50 2.466
51 2.332
52 2.209
53 2.094
54 1.987
55 1.888
56 1.796
57 1.71
58 1.63
59 1.555
60 1.485
61 1.419
62 1.358
63 1.3
64 1.246
65 1.195
66 1.147
67 1.102
68 1.059
69 1.019
70 0.9811
71 0.9453
72 0.9115
73 0.8794
74 0.8491
75 0.8203
76 0.7931
77 0.7672
78 0.7426
79 0.7192
80 0.697
81 0.6759
82 0.6557
83 0.6366
84 0.6183
85 0.6008
86 0.5842
87 0.5683
88 0.5531
89 0.5386
90 0.5247
91 0.5114
92 0.4987
93 0.4865
94 0.4748
95 0.4636
96 0.4529
97 0.4426
98 0.4327
99 0.4232
100 0.414
101 0.4053
102 0.3968
103 0.3887
104 0.3809
105 0.3733
106 0.3661
107 0.3591
108 0.3524
109 0.3459
110 0.3396
111 0.3335
112 0.3277
113 0.3221
114 0.3166
115 0.3114
116 0.3063
117 0.3014
118 0.2966
119 0.292
120 0.2875
121 0.2832
122 0.2791
123 0.275
124 0.2711
125 0.2673
126 0.2636
127 0.26
128 0.2566
129 0.2532
130 0.2499
131 0.2467
132 0.2437
133 0.2407
134 0.2378
135 0.2349
136 0.2322
137 0.2295
138 0.2269
139 0.2244
140 0.2219
141 0.2195
142 0.2172
143 0.2149
144 0.2127
145 0.2106
146 0.2085
147 0.2064
148 0.2044
149 0.2025
150 0.2006
151 0.1987
152 0.1969
153 0.1952
154 0.1934
155 0.1918
156 0.1901
157 0.1885
158 0.187
159 0.1854
160 0.1839
161 0.1825
162 0.181
163 0.1796
164 0.1783
165 0.1769
166 0.1756
167 0.1743
168 0.1731
169 0.1719
170 0.1707
171 0.1695
172 0.1683
173 0.1672
174 0.1661
175 0.165
176 0.164
177 0.1629
178 0.1619
179 0.1609
180 0.1599
181 0.159
182 0.158
183 0.1571
184 0.1562
185 0.1553
186 0.1544
187 0.1535
188 0.1527
189 0.1519
190 0.1511
191 0.1503
192 0.1495
193 0.1487
194 0.148
195 0.1472
196 0.1465
197 0.1458
198 0.145
199 0.1444
200 0.1437
201 0.143
202 0.1423
203 0.1417
204 0.141
205 0.1404
206 0.1398
207 0.1392
208 0.1386
209 0.138
210 0.1374
211 0.1368
212 0.1363
213 0.1357
214 0.1352
215 0.1346
216 0.1341
217 0.1336
218 0.133
219 0.1325
220 0.132
221 0.1315
222 0.1311
223 0.1306
224 0.1301
225 0.1296
226 0.1292
227 0.1287
228 0.1283
229 0.1278
230 0.1274
231 0.1269
232 0.1265
233 0.1261
234 0.1257
235 0.1253
236 0.1249
237 0.1245
238 0.1241
239 0.1237
240 0.1233
241 0.1229
242 0.1225
243 0.1222
244 0.1218
245 0.1214
246 0.1211
247 0.1207
248 0.1204
249 0.12
250 0.1197
251 0.1193
252 0.119
253 0.1187
254 0.1183
255 0.118
256 0.1177
257 0.1174
258 0.1171
259 0.1168
260 0.1165
261 0.1162
262 0.1159
263 0.1156
264 0.1153
265 0.115
266 0.1147
267 0.1144
268 0.1141
269 0.1138
270 0.1136
271 0.1133
272 0.113
273 0.1127
274 0.1125
275 0.1122
276 0.1119
277 0.1117
278 0.1114
279 0.1112
280 0.1109
281 0.1107
282 0.1104
283 0.1102
284 0.1099
285 0.1097
286 0.1095
287 0.1092
288 0.109
289 0.1088
290 0.1085
291 0.1083
292 0.1081
293 0.1078
294 0.1076
295 0.1074
296 0.1072
297 0.107
298 0.1067
299 0.1065
300 0.1063
301 0.1061
302 0.1059
303 0.1057
304 0.1055
305 0.1053
306 0.1051
307 0.1049
308 0.1047
309 0.1045
310 0.1043
311 0.1041
312 0.1039
313 0.1037
314 0.1035
315 0.1033
316 0.1031
317 0.103
318 0.1028
319 0.1026
320 0.1024
321 0.1022
322 0.102
323 0.1019
324 0.1017
325 0.1015
326 0.1013
327 0.1012
328 0.101
329 0.1008
330 0.1006
331 0.1005
332 0.1003
333 0.1001
334 0.09997
335 0.0998
336 0.09964
337 0.09948
338 0.09932
339 0.09916
340 0.099
341 0.09884
342 0.09868
343 0.09852
344 0.09837
345 0.09821
346 0.09806
347 0.09791
348 0.09775
349 0.0976
350 0.09745
351 0.0973
352 0.09716
353 0.09701
354 0.09686
355 0.09672
356 0.09657
357 0.09643
358 0.09628
359 0.09614
360 0.096
361 0.09586
362 0.09572
363 0.09558
364 0.09544
365 0.0953
366 0.09517
367 0.09503
368 0.0949
369 0.09476
370 0.09463
371 0.09449
372 0.09436
373 0.09423
374 0.0941
375 0.09397
376 0.09384
377 0.09371
378 0.09358
379 0.09345
380 0.09333
381 0.0932
382 0.09308
383 0.09295
384 0.09283
385 0.0927
386 0.09258
387 0.09246
388 0.09234
389 0.09222
390 0.09209
391 0.09197
392 0.09186
393 0.09174
394 0.09162
395 0.0915
396 0.09138
397 0.09127
398 0.09115
399 0.09104
400 0.09092
401 0.09081
402 0.09069
403 0.09058
404 0.09047
405 0.09036
406 0.09024
407 0.09013
408 0.09002
409 0.08991
410 0.0898
411 0.08969
412 0.08959
413 0.08948
414 0.08937
415 0.08926
416 0.08916
417 0.08905
418 0.08894
419 0.08884
420 0.08873
421 0.08863
422 0.08853
423 0.08842
424 0.08832
425 0.08822
426 0.08812
427 0.08801
428 0.08791
429 0.08781
430 0.08771
431 0.08761
432 0.08751
433 0.08741
434 0.08731
435 0.08722
436 0.08712
437 0.08702
438 0.08692
439 0.08683
440 0.08673
441 0.08663
442 0.08654
443 0.08644
444 0.08635
445 0.08625
446 0.08616
447 0.08607
448 0.08597
449 0.08588
450 0.08579
451 0.0857
452 0.0856
453 0.08551
454 0.08542
455 0.08533
456 0.08524
457 0.08515
458 0.08506
459 0.08497
460 0.08488
461 0.08479
462 0.0847
463 0.08461
464 0.08453
465 0.08444
466 0.08435
467 0.08427
468 0.08418
469 0.08409
470 0.08401
471 0.08392
472 0.08384
473 0.08375
474 0.08367
475 0.08358
476 0.0835
477 0.08341
478 0.08333
479 0.08325
480 0.08316
481 0.08308
482 0.083
483 0.08291
484 0.08283
485 0.08275
486 0.08267
487 0.08259
488 0.08251
489 0.08243
490 0.08235
491 0.08227
492 0.08219
493 0.08211
494 0.08203
495 0.08195
496 0.08187
497 0.08179
498 0.08171
499 0.08164
500 0.08156
501 0.08148
502 0.0814
503 0.08133
504 0.08125
505 0.08117
506 0.0811
507 0.08102
508 0.08094
509 0.08087
510 0.08079
511 0.08072
512 0.08064
513 0.08057
514 0.08049
515 0.08042
516 0.08035
517 0.08027
518 0.0802
519 0.08012
520 0.08005
521 0.07998
522 0.07991
523 0.07983
524 0.07976
525 0.07969
526 0.07962
527 0.07955
528 0.07947
529 0.0794
530 0.07933
531 0.07926
532 0.07919
533 0.07912
534 0.07905
535 0.07898
536 0.07891
537 0.07884
538 0.07877
539 0.0787
540 0.07863
541 0.07856
542 0.0785
543 0.07843
544 0.07836
545 0.07829
546 0.07822
547 0.07815
548 0.07809
549 0.07802
550 0.07795
551 0.07789
552 0.07782
553 0.07775
554 0.07769
555 0.07762
556 0.07755
557 0.07749
558 0.07742
559 0.07736
560 0.07729
561 0.07723
562 0.07716
563 0.0771
564 0.07703
565 0.07697
566 0.0769
567 0.07684
568 0.07677
569 0.07671
570 0.07665
571 0.07658
572 0.07652
573 0.07646
574 0.07639
575 0.07633
576 0.07627
577 0.07621
578 0.07614
579 0.07608
580 0.07602
581 0.07596
582 0.0759
583 0.07583
584 0.07577
585 0.07571
586 0.07565
587 0.07559
588 0.07553
589 0.07547
590 0.07541
591 0.07535
592 0.07529
593 0.07523
594 0.07517
595 0.07511
596 0.07505
597 0.07499
598 0.07493
599 0.07487
600 0.07481
601 0.07475
602 0.07469
603 0.07463
604 0.07458
605 0.07452
606 0.07446
607 0.0744
608 0.07434
609 0.07428
610 0.07423
611 0.07417
612 0.07411
613 0.07405
614 0.074
615 0.07394
616 0.07388
617 0.07383
618 0.07377
619 0.07371
620 0.07366
621 0.0736
622 0.07355
623 0.07349
624 0.07343
625 0.07338
626 0.07332
627 0.07327
628 0.07321
629 0.07316
630 0.0731
631 0.07305
632 0.07299
633 0.07294
634 0.07288
635 0.07283
636 0.07277
637 0.07272
638 0.07267
639 0.07261
640 0.07256
641 0.0725
642 0.07245
643 0.0724
644 0.07234
645 0.07229
646 0.07224
647 0.07219
648 0.07213
649 0.07208
650 0.07203
651 0.07197
652 0.07192
653 0.07187
654 0.07182
655 0.07177
656 0.07171
657 0.07166
658 0.07161
659 0.07156
660 0.07151
661 0.07146
662 0.0714
663 0.07135
664 0.0713
665 0.07125
666 0.0712
667 0.07115
668 0.0711
669 0.07105
670 0.071
671 0.07095
672 0.0709
673 0.07085
674 0.0708
675 0.07075
676 0.0707
677 0.07065
678 0.0706
679 0.07055
680 0.0705
681 0.07045
682 0.0704
683 0.07035
684 0.0703
685 0.07026
686 0.07021
687 0.07016
688 0.07011
689 0.07006
690 0.07001
691 0.06997
692 0.06992
693 0.06987
694 0.06982
695 0.06977
696 0.06973
697 0.06968
698 0.06963
699 0.06958
700 0.06954
701 0.06949
702 0.06944
703 0.06939
704 0.06935
705 0.0693
706 0.06925
707 0.06921
708 0.06916
709 0.06911
710 0.06907
711 0.06902
712 0.06898
713 0.06893
714 0.06888
715 0.06884
716 0.06879
717 0.06875
718 0.0687
719 0.06866
720 0.06861
721 0.06856
722 0.06852
723 0.06847
724 0.06843
725 0.06838
726 0.06834
727 0.06829
728 0.06825
729 0.0682
730 0.06816
731 0.06812
732 0.06807
733 0.06803
734 0.06798
735 0.06794
736 0.06789
737 0.06785
738 0.06781
739 0.06776
740 0.06772
741 0.06768
742 0.06763
743 0.06759
744 0.06755
745 0.0675
746 0.06746
747 0.06742
748 0.06737
749 0.06733
750 0.06729
751 0.06724
752 0.0672
753 0.06716
754 0.06712
755 0.06707
756 0.06703
757 0.06699
758 0.06695
759 0.0669
760 0.06686
761 0.06682
762 0.06678
763 0.06674
764 0.06669
765 0.06665
766 0.06661
767 0.06657
768 0.06653
769 0.06649
770 0.06645
771 0.0664
772 0.06636
773 0.06632
774 0.06628
775 0.06624
776 0.0662
777 0.06616
778 0.06612
779 0.06608
780 0.06604
781 0.066
782 0.06596
783 0.06592
784 0.06588
785 0.06584
786 0.06579
787 0.06575
788 0.06571
789 0.06567
790 0.06564
791 0.0656
792 0.06556
793 0.06552
794 0.06548
795 0.06544
796 0.0654
797 0.06536
798 0.06532
799 0.06528
800 0.06524
801 0.0652
802 0.06516
803 0.06512
804 0.06508
805 0.06505
806 0.06501
807 0.06497
808 0.06493
809 0.06489
810 0.06485
811 0.06481
812 0.06478
813 0.06474
814 0.0647
815 0.06466
816 0.06462
817 0.06459
818 0.06455
819 0.06451
820 0.06447
821 0.06443
822 0.0644
823 0.06436
824 0.06432
825 0.06428
826 0.06425
827 0.06421
828 0.06417
829 0.06413
830 0.0641
831 0.06406
832 0.06402
833 0.06399
834 0.06395
835 0.06391
836 0.06387
837 0.06384
838 0.0638
839 0.06376
840 0.06373
841 0.06369
842 0.06365
843 0.06362
844 0.06358
845 0.06355
846 0.06351
847 0.06347
848 0.06344
849 0.0634
850 0.06336
851 0.06333
852 0.06329
853 0.06326
854 0.06322
855 0.06319
856 0.06315
857 0.06311
858 0.06308
859 0.06304
860 0.06301
861 0.06297
862 0.06294
863 0.0629
864 0.06287
865 0.06283
866 0.06279
867 0.06276
868 0.06272
869 0.06269
870 0.06265
871 0.06262
872 0.06258
873 0.06255
874 0.06252
875 0.06248
876 0.06245
877 0.06241
878 0.06238
879 0.06234
880 0.06231
881 0.06227
882 0.06224
883 0.0622
884 0.06217
885 0.06214
886 0.0621
887 0.06207
888 0.06203
889 0.062
890 0.06197
891 0.06193
892 0.0619
893 0.06186
894 0.06183
895 0.0618
896 0.06176
897 0.06173
898 0.0617
899 0.06166
900 0.06163
901 0.06159
902 0.06156
903 0.06153
904 0.06149
905 0.06146
906 0.06143
907 0.06139
908 0.06136
909 0.06133
910 0.0613
911 0.06126
912 0.06123
913 0.0612
914 0.06116
915 0.06113
916 0.0611
917 0.06106
918 0.06103
919 0.061
920 0.06097
921 0.06093
922 0.0609
923 0.06087
924 0.06084
925 0.0608
926 0.06077
927 0.06074
928 0.06071
929 0.06068
930 0.06064
931 0.06061
932 0.06058
933 0.06055
934 0.06051
935 0.06048
936 0.06045
937 0.06042
938 0.06039
939 0.06035
940 0.06032
941 0.06029
942 0.06026
943 0.06023
944 0.0602
945 0.06016
946 0.06013
947 0.0601
948 0.06007
949 0.06004
950 0.06001
951 0.05998
952 0.05994
953 0.05991
954 0.05988
955 0.05985
956 0.05982
957 0.05979
958 0.05976
959 0.05973
960 0.0597
961 0.05966
962 0.05963
963 0.0596
964 0.05957
965 0.05954
966 0.05951
967 0.05948
968 0.05945
969 0.05942
970 0.05939
971 0.05936
972 0.05933
973 0.0593
974 0.05926
975 0.05923
976 0.0592
977 0.05917
978 0.05914
979 0.05911
980 0.05908
981 0.05905
982 0.05902
983 0.05899
984 0.05896
985 0.05893
986 0.0589
987 0.05887
988 0.05884
989 0.05881
990 0.05878
991 0.05875
992 0.05872
993 0.05869
994 0.05866
995 0.05863
996 0.0586
997 0.05857
998 0.05854
999 0.05851
1000 0.05848
1001 0.05845
1002 0.05842
1003 0.0584
1004 0.05837
1005 0.05834
1006 0.05831
1007 0.05828
1008 0.05825
1009 0.05822
1010 0.05819
1011 0.05816
1012 0.05813
1013 0.0581
1014 0.05807
1015 0.05804
1016 0.05802
1017 0.05799
1018 0.05796
1019 0.05793
1020 0.0579
1021 0.05787
1022 0.05784
1023 0.05781
1024 0.05779
1025 0.05776
1026 0.05773
1027 0.0577
1028 0.05767
1029 0.05764
1030 0.05761
1031 0.05759
1032 0.05756
1033 0.05753
1034 0.0575
1035 0.05747
1036 0.05744
1037 0.05742
1038 0.05739
1039 0.05736
1040 0.05733
1041 0.0573
1042 0.05728
1043 0.05725
1044 0.05722
1045 0.05719
1046 0.05717
1047 0.05714
1048 0.05711
1049 0.05708
1050 0.05706
1051 0.05703
1052 0.057
1053 0.05697
1054 0.05695
1055 0.05692
1056 0.05689
1057 0.05686
1058 0.05684
1059 0.05681
1060 0.05678
1061 0.05676
1062 0.05673
1063 0.0567
1064 0.05667
1065 0.05665
1066 0.05662
1067 0.05659
1068 0.05657
1069 0.05654
1070 0.05651
1071 0.05649
1072 0.05646
1073 0.05643
1074 0.05641
1075 0.05638
1076 0.05635
1077 0.05633
1078 0.0563
1079 0.05628
1080 0.05625
1081 0.05622
1082 0.0562
1083 0.05617
1084 0.05614
1085 0.05612
1086 0.05609
1087 0.05607
1088 0.05604
1089 0.05601
1090 0.05599
1091 0.05596
1092 0.05594
1093 0.05591
1094 0.05588
1095 0.05586
1096 0.05583
1097 0.05581
1098 0.05578
1099 0.05576
1100 0.05573
1101 0.05571
1102 0.05568
1103 0.05565
1104 0.05563
1105 0.0556
1106 0.05558
1107 0.05555
1108 0.05553
1109 0.0555
1110 0.05548
1111 0.05545
1112 0.05543
1113 0.0554
1114 0.05538
1115 0.05535
1116 0.05533
1117 0.0553
1118 0.05528
1119 0.05525
1120 0.05523
1121 0.0552
1122 0.05518
1123 0.05515
1124 0.05513
1125 0.0551
1126 0.05508
1127 0.05506
1128 0.05503
1129 0.05501
1130 0.05498
1131 0.05496
1132 0.05493
1133 0.05491
1134 0.05488
1135 0.05486
1136 0.05484
1137 0.05481
1138 0.05479
1139 0.05476
1140 0.05474
1141 0.05471
1142 0.05469
1143 0.05467
1144 0.05464
1145 0.05462
1146 0.05459
1147 0.05457
1148 0.05455
1149 0.05452
1150 0.0545
1151 0.05448
1152 0.05445
1153 0.05443
1154 0.0544
1155 0.05438
1156 0.05436
1157 0.05433
1158 0.05431
1159 0.05429
1160 0.05426
1161 0.05424
1162 0.05422
1163 0.05419
1164 0.05417
1165 0.05415
1166 0.05412
1167 0.0541
1168 0.05408
1169 0.05405
1170 0.05403
1171 0.05401
1172 0.05398
1173 0.05396
1174 0.05394
1175 0.05392
1176 0.05389
1177 0.05387
1178 0.05385
1179 0.05382
1180 0.0538
1181 0.05378
1182 0.05376
1183 0.05373
1184 0.05371
1185 0.05369
1186 0.05367
1187 0.05364
1188 0.05362
1189 0.0536
1190 0.05357
1191 0.05355
1192 0.05353
1193 0.05351
1194 0.05349
1195 0.05346
1196 0.05344
1197 0.05342
1198 0.0534
1199 0.05337
1200 0.05335
1201 0.05333
1202 0.05331
1203 0.05329
1204 0.05326
1205 0.05324
1206 0.05322
1207 0.0532
1208 0.05317
1209 0.05315
1210 0.05313
1211 0.05311
1212 0.05309
1213 0.05307
1214 0.05304
1215 0.05302
1216 0.053
1217 0.05298
1218 0.05296
1219 0.05294
1220 0.05291
1221 0.05289
1222 0.05287
1223 0.05285
1224 0.05283
1225 0.05281
1226 0.05278
1227 0.05276
1228 0.05274
1229 0.05272
1230 0.0527
1231 0.05268
1232 0.05266
1233 0.05263
1234 0.05261
1235 0.05259
1236 0.05257
1237 0.05255
1238 0.05253
1239 0.05251
1240 0.05249
1241 0.05247
1242 0.05244
1243 0.05242
1244 0.0524
1245 0.05238
1246 0.05236
1247 0.05234
1248 0.05232
1249 0.0523
1250 0.05228
1251 0.05226
1252 0.05224
1253 0.05221
1254 0.05219
1255 0.05217
1256 0.05215
1257 0.05213
1258 0.05211
1259 0.05209
1260 0.05207
1261 0.05205
1262 0.05203
1263 0.05201
1264 0.05199
1265 0.05197
1266 0.05195
1267 0.05193
1268 0.05191
1269 0.05189
1270 0.05187
1271 0.05185
1272 0.05183
1273 0.05181
1274 0.05179
1275 0.05176
1276 0.05174
1277 0.05172
1278 0.0517
1279 0.05168
1280 0.05166
1281 0.05164
1282 0.05162
1283 0.0516
1284 0.05158
1285 0.05156
1286 0.05154
1287 0.05152
1288 0.0515
1289 0.05148
1290 0.05147
1291 0.05145
1292 0.05143
1293 0.05141
1294 0.05139
1295 0.05137
1296 0.05135
1297 0.05133
1298 0.05131
1299 0.05129
1300 0.05127
1301 0.05125
1302 0.05123
1303 0.05121
1304 0.05119
1305 0.05117
1306 0.05115
1307 0.05113
1308 0.05111
1309 0.05109
1310 0.05107
1311 0.05105
1312 0.05104
1313 0.05102
1314 0.051
1315 0.05098
1316 0.05096
1317 0.05094
1318 0.05092
1319 0.0509
1320 0.05088
1321 0.05086
1322 0.05084
1323 0.05083
1324 0.05081
1325 0.05079
1326 0.05077
1327 0.05075
1328 0.05073
1329 0.05071
1330 0.05069
1331 0.05067
1332 0.05065
1333 0.05064
1334 0.05062
1335 0.0506
1336 0.05058
1337 0.05056
1338 0.05054
1339 0.05052
1340 0.05051
1341 0.05049
1342 0.05047
1343 0.05045
1344 0.05043
1345 0.05041
1346 0.05039
1347 0.05038
1348 0.05036
1349 0.05034
1350 0.05032
1351 0.0503
1352 0.05028
1353 0.05027
1354 0.05025
1355 0.05023
1356 0.05021
1357 0.05019
1358 0.05017
1359 0.05016
1360 0.05014
1361 0.05012
1362 0.0501
1363 0.05008
1364 0.05007
1365 0.05005
1366 0.05003
1367 0.05001
1368 0.04999
1369 0.04998
1370 0.04996
1371 0.04994
1372 0.04992
1373 0.0499
1374 0.04989
1375 0.04987
1376 0.04985
1377 0.04983
1378 0.04981
1379 0.0498
1380 0.04978
1381 0.04976
1382 0.04974
1383 0.04973
1384 0.04971
1385 0.04969
1386 0.04967
1387 0.04966
1388 0.04964
1389 0.04962
1390 0.0496
1391 0.04959
1392 0.04957
1393 0.04955
1394 0.04953
1395 0.04952
1396 0.0495
1397 0.04948
1398 0.04946
1399 0.04945
1400 0.04943
1401 0.04941
1402 0.04939
1403 0.04938
1404 0.04936
1405 0.04934
1406 0.04932
1407 0.04931
1408 0.04929
1409 0.04927
1410 0.04926
1411 0.04924
1412 0.04922
1413 0.04921
1414 0.04919
1415 0.04917
1416 0.04915
1417 0.04914
1418 0.04912
1419 0.0491
1420 0.04909
1421 0.04907
1422 0.04905
1423 0.04904
1424 0.04902
1425 0.049
1426 0.04899
1427 0.04897
1428 0.04895
1429 0.04894
1430 0.04892
1431 0.0489
1432 0.04889
1433 0.04887
1434 0.04885
1435 0.04884
1436 0.04882
1437 0.0488
1438 0.04879
1439 0.04877
1440 0.04875
1441 0.04874
1442 0.04872
1443 0.0487
1444 0.04869
1445 0.04867
1446 0.04865
1447 0.04864
1448 0.04862
1449 0.0486
1450 0.04859
1451 0.04857
1452 0.04856
1453 0.04854
1454 0.04852
1455 0.04851
1456 0.04849
1457 0.04847
1458 0.04846
1459 0.04844
1460 0.04843
1461 0.04841
1462 0.04839
1463 0.04838
1464 0.04836
1465 0.04835
1466 0.04833
1467 0.04831
1468 0.0483
1469 0.04828
1470 0.04827
1471 0.04825
1472 0.04823
1473 0.04822
1474 0.0482
1475 0.04819
1476 0.04817
1477 0.04816
1478 0.04814
1479 0.04812
1480 0.04811
1481 0.04809
1482 0.04808
1483 0.04806
1484 0.04805
1485 0.04803
1486 0.04801
1487 0.048
1488 0.04798
1489 0.04797
1490 0.04795
1491 0.04794
1492 0.04792
1493 0.04791
1494 0.04789
1495 0.04787
1496 0.04786
1497 0.04784
1498 0.04783
1499 0.04781
1500 0.0478
1501 0.04778
1502 0.04777
1503 0.04775
1504 0.04774
1505 0.04772
1506 0.04771
1507 0.04769
1508 0.04767
1509 0.04766
1510 0.04764
1511 0.04763
1512 0.04761
1513 0.0476
1514 0.04758
1515 0.04757
1516 0.04755
1517 0.04754
1518 0.04752
1519 0.04751
1520 0.04749
1521 0.04748
1522 0.04746
1523 0.04745
1524 0.04743
1525 0.04742
1526 0.0474
1527 0.04739
1528 0.04737
1529 0.04736
1530 0.04734
1531 0.04733
1532 0.04731
1533 0.0473
1534 0.04728
1535 0.04727
1536 0.04726
1537 0.04724
1538 0.04723
1539 0.04721
1540 0.0472
1541 0.04718
1542 0.04717
1543 0.04715
1544 0.04714
1545 0.04712
1546 0.04711
1547 0.04709
1548 0.04708
1549 0.04707
1550 0.04705
1551 0.04704
1552 0.04702
1553 0.04701
1554 0.04699
1555 0.04698
1556 0.04696
1557 0.04695
1558 0.04694
1559 0.04692
1560 0.04691
1561 0.04689
1562 0.04688
1563 0.04686
1564 0.04685
1565 0.04683
1566 0.04682
1567 0.04681
1568 0.04679
1569 0.04678
1570 0.04676
1571 0.04675
1572 0.04674
1573 0.04672
1574 0.04671
1575 0.04669
1576 0.04668
1577 0.04667
1578 0.04665
1579 0.04664
1580 0.04662
1581 0.04661
1582 0.0466
1583 0.04658
1584 0.04657
1585 0.04655
1586 0.04654
1587 0.04653
1588 0.04651
1589 0.0465
1590 0.04648
1591 0.04647
1592 0.04646
1593 0.04644
1594 0.04643
1595 0.04641
1596 0.0464
1597 0.04639
1598 0.04637
1599 0.04636
1600 0.04635
1601 0.04633
1602 0.04632
1603 0.04631
1604 0.04629
1605 0.04628
1606 0.04626
1607 0.04625
1608 0.04624
1609 0.04622
1610 0.04621
1611 0.0462
1612 0.04618
1613 0.04617
1614 0.04616
1615 0.04614
1616 0.04613
1617 0.04612
1618 0.0461
1619 0.04609
1620 0.04608
1621 0.04606
1622 0.04605
1623 0.04604
1624 0.04602
1625 0.04601
1626 0.046
1627 0.04598
1628 0.04597
1629 0.04596
1630 0.04594
1631 0.04593
1632 0.04592
1633 0.0459
1634 0.04589
1635 0.04588
1636 0.04586
1637 0.04585
1638 0.04584
1639 0.04582
1640 0.04581
1641 0.0458
1642 0.04578
1643 0.04577
1644 0.04576
1645 0.04575
1646 0.04573
1647 0.04572
1648 0.04571
1649 0.04569
1650 0.04568
1651 0.04567
1652 0.04566
1653 0.04564
1654 0.04563
1655 0.04562
1656 0.0456
1657 0.04559
1658 0.04558
1659 0.04557
1660 0.04555
1661 0.04554
1662 0.04553
1663 0.04551
1664 0.0455
1665 0.04549
1666 0.04548
1667 0.04546
1668 0.04545
1669 0.04544
1670 0.04543
1671 0.04541
1672 0.0454
1673 0.04539
1674 0.04537
1675 0.04536
1676 0.04535
1677 0.04534
1678 0.04532
1679 0.04531
1680 0.0453
1681 0.04529
1682 0.04527
1683 0.04526
1684 0.04525
1685 0.04524
1686 0.04522
1687 0.04521
1688 0.0452
1689 0.04519
1690 0.04518
1691 0.04516
1692 0.04515
1693 0.04514
1694 0.04513
1695 0.04511
1696 0.0451
1697 0.04509
1698 0.04508
1699 0.04506
1700 0.04505
1701 0.04504
1702 0.04503
1703 0.04502
1704 0.045
1705 0.04499
1706 0.04498
1707 0.04497
1708 0.04495
1709 0.04494
1710 0.04493
1711 0.04492
1712 0.04491
1713 0.04489
1714 0.04488
1715 0.04487
1716 0.04486
1717 0.04485
1718 0.04483
1719 0.04482
1720 0.04481
1721 0.0448
1722 0.04479
1723 0.04477
1724 0.04476
1725 0.04475
1726 0.04474
1727 0.04473
1728 0.04471
1729 0.0447
1730 0.04469
1731 0.04468
1732 0.04467
1733 0.04466
1734 0.04464
1735 0.04463
1736 0.04462
1737 0.04461
1738 0.0446
1739 0.04459
1740 0.04457
1741 0.04456
1742 0.04455
1743 0.04454
1744 0.04453
1745 0.04452
1746 0.0445
1747 0.04449
1748 0.04448
1749 0.04447
1750 0.04446
1751 0.04445
1752 0.04443
1753 0.04442
1754 0.04441
1755 0.0444
1756 0.04439
1757 0.04438
1758 0.04437
1759 0.04435
1760 0.04434
1761 0.04433
1762 0.04432
1763 0.04431
1764 0.0443
1765 0.04429
1766 0.04427
1767 0.04426
1768 0.04425
1769 0.04424
1770 0.04423
1771 0.04422
1772 0.04421
1773 0.04419
1774 0.04418
1775 0.04417
1776 0.04416
1777 0.04415
1778 0.04414
1779 0.04413
1780 0.04412
1781 0.0441
1782 0.04409
1783 0.04408
1784 0.04407
1785 0.04406
1786 0.04405
1787 0.04404
1788 0.04403
1789 0.04402
1790 0.044
1791 0.04399
1792 0.04398
1793 0.04397
1794 0.04396
1795 0.04395
1796 0.04394
1797 0.04393
1798 0.04392
1799 0.0439
1800 0.04389
1801 0.04388
1802 0.04387
1803 0.04386
1804 0.04385
1805 0.04384
1806 0.04383
1807 0.04382
1808 0.04381
1809 0.0438
1810 0.04378
1811 0.04377
1812 0.04376
1813 0.04375
1814 0.04374
1815 0.04373
1816 0.04372
1817 0.04371
1818 0.0437
1819 0.04369
1820 0.04368
1821 0.04367
1822 0.04366
1823 0.04364
1824 0.04363
1825 0.04362
1826 0.04361
1827 0.0436
1828 0.04359
1829 0.04358
1830 0.04357
1831 0.04356
1832 0.04355
1833 0.04354
1834 0.04353
1835 0.04352
1836 0.04351
1837 0.0435
1838 0.04349
1839 0.04348
1840 0.04346
1841 0.04345
1842 0.04344
1843 0.04343
1844 0.04342
1845 0.04341
1846 0.0434
1847 0.04339
1848 0.04338
1849 0.04337
1850 0.04336
1851 0.04335
1852 0.04334
1853 0.04333
1854 0.04332
1855 0.04331
1856 0.0433
1857 0.04329
1858 0.04328
1859 0.04327
1860 0.04326
1861 0.04325
1862 0.04324
1863 0.04323
1864 0.04322
1865 0.04321
1866 0.0432
1867 0.04318
1868 0.04317
1869 0.04316
1870 0.04315
1871 0.04314
1872 0.04313
1873 0.04312
1874 0.04311
1875 0.0431
1876 0.04309
1877 0.04308
1878 0.04307
1879 0.04306
1880 0.04305
1881 0.04304
1882 0.04303
1883 0.04302
1884 0.04301
1885 0.043
1886 0.04299
1887 0.04298
1888 0.04297
1889 0.04296
1890 0.04295
1891 0.04294
1892 0.04293
1893 0.04292
1894 0.04291
1895 0.0429
1896 0.04289
1897 0.04288
1898 0.04287
1899 0.04286
1900 0.04285
1901 0.04284
1902 0.04283
1903 0.04282
1904 0.04281
1905 0.0428
1906 0.04279
1907 0.04278
1908 0.04277
1909 0.04277
1910 0.04276
1911 0.04275
1912 0.04274
1913 0.04273
1914 0.04272
1915 0.04271
1916 0.0427
1917 0.04269
1918 0.04268
1919 0.04267
1920 0.04266
1921 0.04265
1922 0.04264
1923 0.04263
1924 0.04262
1925 0.04261
1926 0.0426
1927 0.04259
1928 0.04258
1929 0.04257
1930 0.04256
1931 0.04255
1932 0.04254
1933 0.04253
1934 0.04252
1935 0.04251
1936 0.0425
1937 0.0425
1938 0.04249
1939 0.04248
1940 0.04247
1941 0.04246
1942 0.04245
1943 0.04244
1944 0.04243
1945 0.04242
1946 0.04241
1947 0.0424
1948 0.04239
1949 0.04238
1950 0.04237
1951 0.04236
1952 0.04235
1953 0.04234
1954 0.04233
1955 0.04233
1956 0.04232
1957 0.04231
1958 0.0423
1959 0.04229
1960 0.04228
1961 0.04227
1962 0.04226
1963 0.04225
1964 0.04224
1965 0.04223
1966 0.04222
1967 0.04221
1968 0.0422
1969 0.0422
1970 0.04219
1971 0.04218
1972 0.04217
1973 0.04216
1974 0.04215
1975 0.04214
1976 0.04213
1977 0.04212
1978 0.04211
1979 0.0421
1980 0.04209
1981 0.04209
1982 0.04208
1983 0.04207
1984 0.04206
1985 0.04205
1986 0.04204
1987 0.04203
1988 0.04202
1989 0.04201
1990 0.042
1991 0.042
1992 0.04199
1993 0.04198
1994 0.04197
1995 0.04196
1996 0.04195
1997 0.04194
1998 0.04193
1999 0.04192
2000 0.04191
2001 0.04191
2002 0.0419
2003 0.04189
2004 0.04188
2005 0.04187
2006 0.04186
2007 0.04185
2008 0.04184
2009 0.04183
2010 0.04183
2011 0.04182
2012 0.04181
2013 0.0418
2014 0.04179
2015 0.04178
2016 0.04177
2017 0.04176
2018 0.04176
2019 0.04175
2020 0.04174
2021 0.04173
2022 0.04172
2023 0.04171
2024 0.0417
2025 0.04169
2026 0.04169
2027 0.04168
2028 0.04167
2029 0.04166
2030 0.04165
2031 0.04164
2032 0.04163
2033 0.04162
2034 0.04162
2035 0.04161
2036 0.0416
2037 0.04159
2038 0.04158
2039 0.04157
2040 0.04156
2041 0.04156
2042 0.04155
2043 0.04154
2044 0.04153
2045 0.04152
2046 0.04151
2047 0.0415
2048 0.0415
2049 0.04149
2050 0.04148
2051 0.04147
2052 0.04146
2053 0.04145
2054 0.04144
2055 0.04144
2056 0.04143
2057 0.04142
2058 0.04141
2059 0.0414
2060 0.04139
2061 0.04139
2062 0.04138
2063 0.04137
2064 0.04136
2065 0.04135
2066 0.04134
2067 0.04133
2068 0.04133
2069 0.04132
2070 0.04131
2071 0.0413
2072 0.04129
2073 0.04128
2074 0.04128
2075 0.04127
2076 0.04126
2077 0.04125
2078 0.04124
2079 0.04123
2080 0.04123
2081 0.04122
2082 0.04121
2083 0.0412
2084 0.04119
2085 0.04118
2086 0.04118
2087 0.04117
2088 0.04116
2089 0.04115
2090 0.04114
2091 0.04114
2092 0.04113
2093 0.04112
2094 0.04111
2095 0.0411
2096 0.04109
2097 0.04109
2098 0.04108
2099 0.04107
2100 0.04106
2101 0.04105
2102 0.04105
2103 0.04104
2104 0.04103
2105 0.04102
2106 0.04101
2107 0.041
2108 0.041
2109 0.04099
2110 0.04098
2111 0.04097
2112 0.04096
2113 0.04096
2114 0.04095
2115 0.04094
2116 0.04093
2117 0.04092
2118 0.04092
2119 0.04091
2120 0.0409
2121 0.04089
2122 0.04088
2123 0.04088
2124 0.04087
2125 0.04086
2126 0.04085
2127 0.04084
2128 0.04084
2129 0.04083
2130 0.04082
2131 0.04081
2132 0.0408
2133 0.0408
2134 0.04079
2135 0.04078
2136 0.04077
2137 0.04077
2138 0.04076
2139 0.04075
2140 0.04074
2141 0.04073
2142 0.04073
2143 0.04072
2144 0.04071
2145 0.0407
2146 0.04069
2147 0.04069
2148 0.04068
2149 0.04067
2150 0.04066
2151 0.04066
2152 0.04065
2153 0.04064
2154 0.04063
2155 0.04062
2156 0.04062
2157 0.04061
2158 0.0406
2159 0.04059
2160 0.04059
2161 0.04058
2162 0.04057
2163 0.04056
2164 0.04056
2165 0.04055
2166 0.04054
2167 0.04053
2168 0.04052
2169 0.04052
2170 0.04051
2171 0.0405
2172 0.04049
2173 0.04049
2174 0.04048
2175 0.04047
2176 0.04046
2177 0.04046
2178 0.04045
2179 0.04044
2180 0.04043
2181 0.04043
2182 0.04042
2183 0.04041
2184 0.0404
2185 0.0404
2186 0.04039
2187 0.04038
2188 0.04037
2189 0.04037
2190 0.04036
2191 0.04035
2192 0.04034
2193 0.04033
2194 0.04033
2195 0.04032
2196 0.04031
2197 0.04031
2198 0.0403
2199 0.04029
2200 0.04028
2201 0.04028
2202 0.04027
2203 0.04026
2204 0.04025
2205 0.04025
2206 0.04024
2207 0.04023
2208 0.04022
2209 0.04022
2210 0.04021
2211 0.0402
2212 0.04019
2213 0.04019
2214 0.04018
2215 0.04017
2216 0.04016
2217 0.04016
2218 0.04015
2219 0.04014
2220 0.04013
2221 0.04013
2222 0.04012
2223 0.04011
2224 0.04011
2225 0.0401
2226 0.04009
2227 0.04008
2228 0.04008
2229 0.04007
2230 0.04006
2231 0.04005
2232 0.04005
2233 0.04004
2234 0.04003
2235 0.04003
2236 0.04002
2237 0.04001
2238 0.04
2239 0.04
2240 0.03999
2241 0.03998
2242 0.03998
2243 0.03997
2244 0.03996
2245 0.03995
2246 0.03995
2247 0.03994
2248 0.03993
2249 0.03993
2250 0.03992
2251 0.03991
2252 0.0399
2253 0.0399
2254 0.03989
2255 0.03988
2256 0.03988
2257 0.03987
2258 0.03986
2259 0.03985
2260 0.03985
2261 0.03984
2262 0.03983
2263 0.03983
2264 0.03982
2265 0.03981
2266 0.0398
2267 0.0398
2268 0.03979
2269 0.03978
2270 0.03978
2271 0.03977
2272 0.03976
2273 0.03976
2274 0.03975
2275 0.03974
2276 0.03973
2277 0.03973
2278 0.03972
2279 0.03971
2280 0.03971
2281 0.0397
2282 0.03969
2283 0.03969
2284 0.03968
2285 0.03967
2286 0.03967
2287 0.03966
2288 0.03965
2289 0.03964
2290 0.03964
2291 0.03963
2292 0.03962
2293 0.03962
2294 0.03961
2295 0.0396
2296 0.0396
2297 0.03959
2298 0.03958
2299 0.03958
2300 0.03957
2301 0.03956
2302 0.03956
2303 0.03955
2304 0.03954
2305 0.03954
2306 0.03953
2307 0.03952
2308 0.03951
2309 0.03951
2310 0.0395
2311 0.03949
2312 0.03949
2313 0.03948
2314 0.03947
2315 0.03947
2316 0.03946
2317 0.03945
2318 0.03945
2319 0.03944
2320 0.03943
2321 0.03943
2322 0.03942
2323 0.03941
2324 0.03941
2325 0.0394
2326 0.03939
2327 0.03939
2328 0.03938
2329 0.03937
2330 0.03937
2331 0.03936
2332 0.03935
2333 0.03935
2334 0.03934
2335 0.03933
2336 0.03933
2337 0.03932
2338 0.03931
2339 0.03931
2340 0.0393
2341 0.03929
2342 0.03929
2343 0.03928
2344 0.03927
2345 0.03927
2346 0.03926
2347 0.03925
2348 0.03925
2349 0.03924
2350 0.03923
2351 0.03923
2352 0.03922
2353 0.03922
2354 0.03921
2355 0.0392
2356 0.0392
2357 0.03919
2358 0.03918
2359 0.03918
2360 0.03917
2361 0.03916
2362 0.03916
2363 0.03915
2364 0.03914
2365 0.03914
2366 0.03913
2367 0.03912
2368 0.03912
2369 0.03911
2370 0.03911
2371 0.0391
2372 0.03909
2373 0.03909
2374 0.03908
2375 0.03907
2376 0.03907
2377 0.03906
2378 0.03905
2379 0.03905
2380 0.03904
2381 0.03903
2382 0.03903
2383 0.03902
2384 0.03902
2385 0.03901
2386 0.039
2387 0.039
2388 0.03899
2389 0.03898
2390 0.03898
2391 0.03897
2392 0.03896
2393 0.03896
2394 0.03895
2395 0.03895
2396 0.03894
2397 0.03893
2398 0.03893
2399 0.03892
2400 0.03891
2401 0.03891
2402 0.0389
2403 0.0389
2404 0.03889
2405 0.03888
2406 0.03888
2407 0.03887
2408 0.03886
2409 0.03886
2410 0.03885
2411 0.03885
2412 0.03884
2413 0.03883
2414 0.03883
2415 0.03882
2416 0.03881
2417 0.03881
2418 0.0388
2419 0.0388
2420 0.03879
2421 0.03878
2422 0.03878
2423 0.03877
2424 0.03877
2425 0.03876
2426 0.03875
2427 0.03875
2428 0.03874
2429 0.03873
2430 0.03873
2431 0.03872
2432 0.03872
2433 0.03871
2434 0.0387
2435 0.0387
2436 0.03869
2437 0.03869
2438 0.03868
2439 0.03867
2440 0.03867
2441 0.03866
2442 0.03866
2443 0.03865
2444 0.03864
2445 0.03864
2446 0.03863
2447 0.03863
2448 0.03862
2449 0.03861
2450 0.03861
2451 0.0386
2452 0.0386
2453 0.03859
2454 0.03858
2455 0.03858
2456 0.03857
2457 0.03857
2458 0.03856
2459 0.03855
2460 0.03855
2461 0.03854
2462 0.03854
2463 0.03853
2464 0.03852
2465 0.03852
2466 0.03851
2467 0.03851
2468 0.0385
2469 0.03849
2470 0.03849
2471 0.03848
2472 0.03848
2473 0.03847
2474 0.03846
2475 0.03846
2476 0.03845
2477 0.03845
2478 0.03844
2479 0.03843
2480 0.03843
2481 0.03842
2482 0.03842
2483 0.03841
2484 0.03841
2485 0.0384
2486 0.03839
2487 0.03839
2488 0.03838
2489 0.03838
2490 0.03837
2491 0.03836
2492 0.03836
2493 0.03835
2494 0.03835
2495 0.03834
2496 0.03834
2497 0.03833
2498 0.03832
2499 0.03832
2500 0.03831
2501 0.03831
2502 0.0383
2503 0.03829
2504 0.03829
2505 0.03828
2506 0.03828
2507 0.03827
2508 0.03827
2509 0.03826
2510 0.03825
2511 0.03825
2512 0.03824
2513 0.03824
2514 0.03823
2515 0.03823
2516 0.03822
2517 0.03821
2518 0.03821
2519 0.0382
2520 0.0382
2521 0.03819
2522 0.03819
2523 0.03818
2524 0.03817
2525 0.03817
2526 0.03816
2527 0.03816
2528 0.03815
2529 0.03815
2530 0.03814
2531 0.03814
2532 0.03813
2533 0.03812
2534 0.03812
2535 0.03811
2536 0.03811
2537 0.0381
2538 0.0381
2539 0.03809
2540 0.03808
2541 0.03808
2542 0.03807
2543 0.03807
2544 0.03806
2545 0.03806
2546 0.03805
2547 0.03805
2548 0.03804
2549 0.03803
2550 0.03803
2551 0.03802
2552 0.03802
2553 0.03801
2554 0.03801
2555 0.038
2556 0.038
2557 0.03799
2558 0.03799
2559 0.03798
2560 0.03797
2561 0.03797
2562 0.03796
2563 0.03796
2564 0.03795
2565 0.03795
2566 0.03794
2567 0.03794
2568 0.03793
2569 0.03792
2570 0.03792
2571 0.03791
2572 0.03791
2573 0.0379
2574 0.0379
2575 0.03789
2576 0.03789
2577 0.03788
2578 0.03788
2579 0.03787
2580 0.03786
2581 0.03786
2582 0.03785
2583 0.03785
2584 0.03784
2585 0.03784
2586 0.03783
2587 0.03783
2588 0.03782
2589 0.03782
2590 0.03781
2591 0.03781
2592 0.0378
2593 0.03779
2594 0.03779
2595 0.03778
2596 0.03778
2597 0.03777
2598 0.03777
2599 0.03776
2600 0.03776
2601 0.03775
2602 0.03775
2603 0.03774
2604 0.03774
2605 0.03773
2606 0.03773
2607 0.03772
2608 0.03772
2609 0.03771
2610 0.0377
2611 0.0377
2612 0.03769
2613 0.03769
2614 0.03768
2615 0.03768
2616 0.03767
2617 0.03767
2618 0.03766
2619 0.03766
2620 0.03765
2621 0.03765
2622 0.03764
2623 0.03764
2624 0.03763
2625 0.03763
2626 0.03762
2627 0.03762
2628 0.03761
2629 0.0376
2630 0.0376
2631 0.03759
2632 0.03759
2633 0.03758
2634 0.03758
2635 0.03757
2636 0.03757
2637 0.03756
2638 0.03756
2639 0.03755
2640 0.03755
2641 0.03754
2642 0.03754
2643 0.03753
2644 0.03753
2645 0.03752
2646 0.03752
2647 0.03751
2648 0.03751
2649 0.0375
2650 0.0375
2651 0.03749
2652 0.03749
2653 0.03748
2654 0.03748
2655 0.03747
2656 0.03747
2657 0.03746
2658 0.03746
2659 0.03745
2660 0.03745
2661 0.03744
2662 0.03744
2663 0.03743
2664 0.03743
2665 0.03742
2666 0.03742
2667 0.03741
2668 0.03741
2669 0.0374
2670 0.0374
2671 0.03739
2672 0.03738
2673 0.03738
2674 0.03737
2675 0.03737
2676 0.03736
2677 0.03736
2678 0.03735
2679 0.03735
2680 0.03734
2681 0.03734
2682 0.03733
2683 0.03733
2684 0.03732
2685 0.03732
2686 0.03731
2687 0.03731
2688 0.03731
2689 0.0373
2690 0.0373
2691 0.03729
2692 0.03729
2693 0.03728
2694 0.03728
2695 0.03727
2696 0.03727
2697 0.03726
2698 0.03726
2699 0.03725
2700 0.03725
2701 0.03724
2702 0.03724
2703 0.03723
2704 0.03723
2705 0.03722
2706 0.03722
2707 0.03721
2708 0.03721
2709 0.0372
2710 0.0372
2711 0.03719
2712 0.03719
2713 0.03718
2714 0.03718
2715 0.03717
2716 0.03717
2717 0.03716
2718 0.03716
2719 0.03715
2720 0.03715
2721 0.03714
2722 0.03714
2723 0.03713
2724 0.03713
2725 0.03712
2726 0.03712
2727 0.03711
2728 0.03711
2729 0.0371
2730 0.0371
2731 0.0371
2732 0.03709
2733 0.03709
2734 0.03708
2735 0.03708
2736 0.03707
2737 0.03707
2738 0.03706
2739 0.03706
2740 0.03705
2741 0.03705
2742 0.03704
2743 0.03704
2744 0.03703
2745 0.03703
2746 0.03702
2747 0.03702
2748 0.03701
2749 0.03701
2750 0.037
2751 0.037
2752 0.037
2753 0.03699
2754 0.03699
2755 0.03698
2756 0.03698
2757 0.03697
2758 0.03697
2759 0.03696
2760 0.03696
2761 0.03695
2762 0.03695
2763 0.03694
2764 0.03694
2765 0.03693
2766 0.03693
2767 0.03692
2768 0.03692
2769 0.03692
2770 0.03691
2771 0.03691
2772 0.0369
2773 0.0369
2774 0.03689
2775 0.03689
2776 0.03688
2777 0.03688
2778 0.03687
2779 0.03687
2780 0.03686
2781 0.03686
2782 0.03686
2783 0.03685
2784 0.03685
2785 0.03684
2786 0.03684
2787 0.03683
2788 0.03683
2789 0.03682
2790 0.03682
2791 0.03681
2792 0.03681
2793 0.0368
2794 0.0368
2795 0.0368
2796 0.03679
2797 0.03679
2798 0.03678
2799 0.03678
2800 0.03677
2801 0.03677
2802 0.03676
2803 0.03676
2804 0.03675
2805 0.03675
2806 0.03675
2807 0.03674
2808 0.03674
2809 0.03673
2810 0.03673
2811 0.03672
2812 0.03672
2813 0.03671
2814 0.03671
2815 0.03671
2816 0.0367
2817 0.0367
2818 0.03669
2819 0.03669
2820 0.03668
2821 0.03668
2822 0.03667
2823 0.03667
2824 0.03666
2825 0.03666
2826 0.03666
2827 0.03665
2828 0.03665
2829 0.03664
2830 0.03664
2831 0.03663
2832 0.03663
2833 0.03662
2834 0.03662
2835 0.03662
2836 0.03661
2837 0.03661
2838 0.0366
2839 0.0366
2840 0.03659
2841 0.03659
2842 0.03658
2843 0.03658
2844 0.03658
2845 0.03657
2846 0.03657
2847 0.03656
2848 0.03656
2849 0.03655
2850 0.03655
2851 0.03655
2852 0.03654
2853 0.03654
2854 0.03653
2855 0.03653
2856 0.03652
2857 0.03652
2858 0.03651
2859 0.03651
2860 0.03651
2861 0.0365
2862 0.0365
2863 0.03649
2864 0.03649
2865 0.03648
2866 0.03648
2867 0.03648
2868 0.03647
2869 0.03647
2870 0.03646
2871 0.03646
2872 0.03645
2873 0.03645
2874 0.03645
2875 0.03644
2876 0.03644
2877 0.03643
2878 0.03643
2879 0.03642
2880 0.03642
2881 0.03642
2882 0.03641
2883 0.03641
2884 0.0364
2885 0.0364
2886 0.03639
2887 0.03639
2888 0.03639
2889 0.03638
2890 0.03638
2891 0.03637
2892 0.03637
2893 0.03636
2894 0.03636
2895 0.03636
2896 0.03635
2897 0.03635
2898 0.03634
2899 0.03634
2900 0.03634
2901 0.03633
2902 0.03633
2903 0.03632
2904 0.03632
2905 0.03631
2906 0.03631
2907 0.03631
2908 0.0363
2909 0.0363
2910 0.03629
2911 0.03629
2912 0.03628
2913 0.03628
2914 0.03628
2915 0.03627
2916 0.03627
2917 0.03626
2918 0.03626
2919 0.03626
2920 0.03625
2921 0.03625
2922 0.03624
2923 0.03624
2924 0.03624
2925 0.03623
2926 0.03623
2927 0.03622
2928 0.03622
2929 0.03621
2930 0.03621
2931 0.03621
2932 0.0362
2933 0.0362
2934 0.03619
2935 0.03619
2936 0.03619
2937 0.03618
2938 0.03618
2939 0.03617
2940 0.03617
2941 0.03617
2942 0.03616
2943 0.03616
2944 0.03615
2945 0.03615
2946 0.03614
2947 0.03614
2948 0.03614
2949 0.03613
2950 0.03613
2951 0.03612
2952 0.03612
2953 0.03612
2954 0.03611
2955 0.03611
2956 0.0361
2957 0.0361
2958 0.0361
2959 0.03609
2960 0.03609
2961 0.03608
2962 0.03608
2963 0.03608
2964 0.03607
2965 0.03607
2966 0.03606
2967 0.03606
2968 0.03606
2969 0.03605
2970 0.03605
2971 0.03604
2972 0.03604
2973 0.03604
2974 0.03603
2975 0.03603
2976 0.03602
2977 0.03602
2978 0.03602
2979 0.03601
2980 0.03601
2981 0.036
2982 0.036
2983 0.036
2984 0.03599
2985 0.03599
2986 0.03598
2987 0.03598
2988 0.03598
2989 0.03597
2990 0.03597
2991 0.03596
2992 0.03596
2993 0.03596
2994 0.03595
2995 0.03595
2996 0.03595
2997 0.03594
2998 0.03594
2999 0.03593
3000 0.03593
3001 0.03593
3002 0.03592
3003 0.03592
3004 0.03591
3005 0.03591
3006 0.03591
3007 0.0359
3008 0.0359
3009 0.03589
3010 0.03589
3011 0.03589
3012 0.03588
3013 0.03588
3014 0.03588
3015 0.03587
3016 0.03587
3017 0.03586
3018 0.03586
3019 0.03586
3020 0.03585
3021 0.03585
3022 0.03584
3023 0.03584
3024 0.03584
3025 0.03583
3026 0.03583
3027 0.03583
3028 0.03582
3029 0.03582
3030 0.03581
3031 0.03581
3032 0.03581
3033 0.0358
3034 0.0358
3035 0.03579
3036 0.03579
3037 0.03579
3038 0.03578
3039 0.03578
3040 0.03578
3041 0.03577
3042 0.03577
3043 0.03576
3044 0.03576
3045 0.03576
3046 0.03575
3047 0.03575
3048 0.03575
3049 0.03574
3050 0.03574
3051 0.03573
3052 0.03573
3053 0.03573
3054 0.03572
3055 0.03572
3056 0.03572
3057 0.03571
3058 0.03571
3059 0.0357
3060 0.0357
3061 0.0357
3062 0.03569
3063 0.03569
3064 0.03569
3065 0.03568
3066 0.03568
3067 0.03567
3068 0.03567
3069 0.03567
3070 0.03566
3071 0.03566
3072 0.03566
3073 0.03565
3074 0.03565
3075 0.03565
3076 0.03564
3077 0.03564
3078 0.03563
3079 0.03563
3080 0.03563
3081 0.03562
3082 0.03562
3083 0.03562
3084 0.03561
3085 0.03561
3086 0.0356
3087 0.0356
3088 0.0356
3089 0.03559
3090 0.03559
3091 0.03559
3092 0.03558
3093 0.03558
3094 0.03558
3095 0.03557
3096 0.03557
3097 0.03556
3098 0.03556
3099 0.03556
3100 0.03555
3101 0.03555
3102 0.03555
3103 0.03554
3104 0.03554
3105 0.03554
3106 0.03553
3107 0.03553
3108 0.03552
3109 0.03552
3110 0.03552
3111 0.03551
3112 0.03551
3113 0.03551
3114 0.0355
3115 0.0355
3116 0.0355
3117 0.03549
3118 0.03549
3119 0.03549
3120 0.03548
3121 0.03548
3122 0.03547
3123 0.03547
3124 0.03547
3125 0.03546
3126 0.03546
3127 0.03546
3128 0.03545
3129 0.03545
3130 0.03545
3131 0.03544
3132 0.03544
3133 0.03544
3134 0.03543
3135 0.03543
3136 0.03542
3137 0.03542
3138 0.03542
3139 0.03541
3140 0.03541
3141 0.03541
3142 0.0354
3143 0.0354
3144 0.0354
3145 0.03539
3146 0.03539
3147 0.03539
3148 0.03538
3149 0.03538
3150 0.03538
3151 0.03537
3152 0.03537
3153 0.03537
3154 0.03536
3155 0.03536
3156 0.03535
3157 0.03535
3158 0.03535
3159 0.03534
3160 0.03534
3161 0.03534
3162 0.03533
3163 0.03533
3164 0.03533
3165 0.03532
3166 0.03532
3167 0.03532
3168 0.03531
3169 0.03531
3170 0.03531
3171 0.0353
3172 0.0353
3173 0.0353
3174 0.03529
3175 0.03529
3176 0.03529
3177 0.03528
3178 0.03528
3179 0.03528
3180 0.03527
3181 0.03527
3182 0.03527
3183 0.03526
3184 0.03526
3185 0.03526
3186 0.03525
3187 0.03525
3188 0.03524
3189 0.03524
3190 0.03524
3191 0.03523
3192 0.03523
3193 0.03523
3194 0.03522
3195 0.03522
3196 0.03522
3197 0.03521
3198 0.03521
3199 0.03521
3200 0.0352
3201 0.0352
3202 0.0352
3203 0.03519
3204 0.03519
3205 0.03519
3206 0.03518
3207 0.03518
3208 0.03518
3209 0.03517
3210 0.03517
3211 0.03517
3212 0.03516
3213 0.03516
3214 0.03516
3215 0.03515
3216 0.03515
3217 0.03515
3218 0.03514
3219 0.03514
3220 0.03514
3221 0.03513
3222 0.03513
3223 0.03513
3224 0.03512
3225 0.03512
3226 0.03512
3227 0.03511
3228 0.03511
3229 0.03511
3230 0.0351
3231 0.0351
3232 0.0351
3233 0.03509
3234 0.03509
3235 0.03509
3236 0.03508
3237 0.03508
3238 0.03508
3239 0.03507
3240 0.03507
3241 0.03507
3242 0.03507
3243 0.03506
3244 0.03506
3245 0.03506
3246 0.03505
3247 0.03505
3248 0.03505
3249 0.03504
3250 0.03504
3251 0.03504
3252 0.03503
3253 0.03503
3254 0.03503
3255 0.03502
3256 0.03502
3257 0.03502
3258 0.03501
3259 0.03501
3260 0.03501
3261 0.035
3262 0.035
3263 0.035
3264 0.03499
3265 0.03499
3266 0.03499
3267 0.03498
3268 0.03498
3269 0.03498
3270 0.03497
3271 0.03497
3272 0.03497
3273 0.03496
3274 0.03496
3275 0.03496
3276 0.03496
3277 0.03495
3278 0.03495
3279 0.03495
3280 0.03494
3281 0.03494
3282 0.03494
3283 0.03493
3284 0.03493
3285 0.03493
3286 0.03492
3287 0.03492
3288 0.03492
3289 0.03491
3290 0.03491
3291 0.03491
3292 0.0349
3293 0.0349
3294 0.0349
3295 0.0349
3296 0.03489
3297 0.03489
3298 0.03489
3299 0.03488
3300 0.03488
3301 0.03488
3302 0.03487
3303 0.03487
3304 0.03487
3305 0.03486
3306 0.03486
3307 0.03486
3308 0.03485
3309 0.03485
3310 0.03485
3311 0.03485
3312 0.03484
3313 0.03484
3314 0.03484
3315 0.03483
3316 0.03483
3317 0.03483
3318 0.03482
3319 0.03482
3320 0.03482
3321 0.03481
3322 0.03481
3323 0.03481
3324 0.03481
3325 0.0348
3326 0.0348
3327 0.0348
3328 0.03479
3329 0.03479
3330 0.03479
3331 0.03478
3332 0.03478
3333 0.03478
3334 0.03477
3335 0.03477
3336 0.03477
3337 0.03477
3338 0.03476
3339 0.03476
3340 0.03476
3341 0.03475
3342 0.03475
3343 0.03475
3344 0.03474
3345 0.03474
3346 0.03474
3347 0.03473
3348 0.03473
3349 0.03473
3350 0.03473
3351 0.03472
3352 0.03472
3353 0.03472
3354 0.03471
3355 0.03471
3356 0.03471
3357 0.0347
3358 0.0347
3359 0.0347
3360 0.0347
3361 0.03469
3362 0.03469
3363 0.03469
3364 0.03468
3365 0.03468
3366 0.03468
3367 0.03467
3368 0.03467
3369 0.03467
3370 0.03467
3371 0.03466
3372 0.03466
3373 0.03466
3374 0.03465
3375 0.03465
3376 0.03465
3377 0.03464
3378 0.03464
3379 0.03464
3380 0.03464
3381 0.03463
3382 0.03463
3383 0.03463
3384 0.03462
3385 0.03462
3386 0.03462
3387 0.03462
3388 0.03461
3389 0.03461
3390 0.03461
3391 0.0346
3392 0.0346
3393 0.0346
3394 0.03459
3395 0.03459
3396 0.03459
3397 0.03459
3398 0.03458
3399 0.03458
3400 0.03458
3401 0.03457
3402 0.03457
3403 0.03457
3404 0.03457
3405 0.03456
3406 0.03456
3407 0.03456
3408 0.03455
3409 0.03455
3410 0.03455
3411 0.03455
3412 0.03454
3413 0.03454
3414 0.03454
3415 0.03453
3416 0.03453
3417 0.03453
3418 0.03453
3419 0.03452
3420 0.03452
3421 0.03452
3422 0.03451
3423 0.03451
3424 0.03451
3425 0.03451
3426 0.0345
3427 0.0345
3428 0.0345
3429 0.03449
3430 0.03449
3431 0.03449
3432 0.03449
3433 0.03448
3434 0.03448
3435 0.03448
3436 0.03447
3437 0.03447
3438 0.03447
3439 0.03447
3440 0.03446
3441 0.03446
3442 0.03446
3443 0.03445
3444 0.03445
3445 0.03445
3446 0.03445
3447 0.03444
3448 0.03444
3449 0.03444
3450 0.03443
3451 0.03443
3452 0.03443
3453 0.03443
3454 0.03442
3455 0.03442
3456 0.03442
3457 0.03441
3458 0.03441
3459 0.03441
3460 0.03441
3461 0.0344
3462 0.0344
3463 0.0344
3464 0.03439
3465 0.03439
3466 0.03439
3467 0.03439
3468 0.03438
3469 0.03438
3470 0.03438
3471 0.03438
3472 0.03437
3473 0.03437
3474 0.03437
3475 0.03436
3476 0.03436
3477 0.03436
3478 0.03436
3479 0.03435
3480 0.03435
3481 0.03435
3482 0.03435
3483 0.03434
3484 0.03434
3485 0.03434
3486 0.03433
3487 0.03433
3488 0.03433
3489 0.03433
3490 0.03432
3491 0.03432
3492 0.03432
3493 0.03431
3494 0.03431
3495 0.03431
3496 0.03431
3497 0.0343
3498 0.0343
3499 0.0343
3500 0.0343
3501 0.03429
3502 0.03429
3503 0.03429
3504 0.03428
3505 0.03428
3506 0.03428
3507 0.03428
3508 0.03427
3509 0.03427
3510 0.03427
3511 0.03427
3512 0.03426
3513 0.03426
3514 0.03426
3515 0.03426
3516 0.03425
3517 0.03425
3518 0.03425
3519 0.03424
3520 0.03424
3521 0.03424
3522 0.03424
3523 0.03423
3524 0.03423
3525 0.03423
3526 0.03423
3527 0.03422
3528 0.03422
3529 0.03422
3530 0.03422
3531 0.03421
3532 0.03421
3533 0.03421
3534 0.0342
3535 0.0342
3536 0.0342
3537 0.0342
3538 0.03419
3539 0.03419
3540 0.03419
3541 0.03419
3542 0.03418
3543 0.03418
3544 0.03418
3545 0.03418
3546 0.03417
3547 0.03417
3548 0.03417
3549 0.03416
3550 0.03416
3551 0.03416
3552 0.03416
3553 0.03415
3554 0.03415
3555 0.03415
3556 0.03415
3557 0.03414
3558 0.03414
3559 0.03414
3560 0.03414
3561 0.03413
3562 0.03413
3563 0.03413
3564 0.03413
3565 0.03412
3566 0.03412
3567 0.03412
3568 0.03412
3569 0.03411
3570 0.03411
3571 0.03411
3572 0.0341
3573 0.0341
3574 0.0341
3575 0.0341
3576 0.03409
3577 0.03409
3578 0.03409
3579 0.03409
3580 0.03408
3581 0.03408
3582 0.03408
3583 0.03408
3584 0.03407
3585 0.03407
3586 0.03407
3587 0.03407
3588 0.03406
3589 0.03406
3590 0.03406
3591 0.03406
3592 0.03405
3593 0.03405
3594 0.03405
3595 0.03405
3596 0.03404
3597 0.03404
3598 0.03404
3599 0.03404
3600 0.03403
3601 0.03403
3602 0.03403
3603 0.03403
3604 0.03402
3605 0.03402
3606 0.03402
3607 0.03402
3608 0.03401
3609 0.03401
3610 0.03401
3611 0.03401
3612 0.034
3613 0.034
3614 0.034
3615 0.034
3616 0.03399
3617 0.03399
3618 0.03399
3619 0.03399
3620 0.03398
3621 0.03398
3622 0.03398
3623 0.03398
3624 0.03397
3625 0.03397
3626 0.03397
3627 0.03397
3628 0.03396
3629 0.03396
3630 0.03396
3631 0.03396
3632 0.03395
3633 0.03395
3634 0.03395
3635 0.03395
3636 0.03394
3637 0.03394
3638 0.03394
3639 0.03394
3640 0.03393
3641 0.03393
3642 0.03393
3643 0.03393
3644 0.03392
3645 0.03392
3646 0.03392
3647 0.03392
3648 0.03391
3649 0.03391
3650 0.03391
3651 0.03391
3652 0.0339
3653 0.0339
3654 0.0339
3655 0.0339
3656 0.03389
3657 0.03389
3658 0.03389
3659 0.03389
3660 0.03388
3661 0.03388
3662 0.03388
3663 0.03388
3664 0.03387
3665 0.03387
3666 0.03387
3667 0.03387
3668 0.03386
3669 0.03386
3670 0.03386
3671 0.03386
3672 0.03386
3673 0.03385
3674 0.03385
3675 0.03385
3676 0.03385
3677 0.03384
3678 0.03384
3679 0.03384
3680 0.03384
3681 0.03383
3682 0.03383
3683 0.03383
3684 0.03383
3685 0.03382
3686 0.03382
3687 0.03382
3688 0.03382
3689 0.03381
3690 0.03381
3691 0.03381
3692 0.03381
3693 0.03381
3694 0.0338
3695 0.0338
3696 0.0338
3697 0.0338
3698 0.03379
3699 0.03379
3700 0.03379
3701 0.03379
3702 0.03378
3703 0.03378
3704 0.03378
3705 0.03378
3706 0.03377
3707 0.03377
3708 0.03377
3709 0.03377
3710 0.03376
3711 0.03376
3712 0.03376
3713 0.03376
3714 0.03376
3715 0.03375
3716 0.03375
3717 0.03375
3718 0.03375
3719 0.03374
3720 0.03374
3721 0.03374
3722 0.03374
3723 0.03373
3724 0.03373
3725 0.03373
3726 0.03373
3727 0.03373
3728 0.03372
3729 0.03372
3730 0.03372
3731 0.03372
3732 0.03371
3733 0.03371
3734 0.03371
3735 0.03371
3736 0.0337
3737 0.0337
3738 0.0337
3739 0.0337
3740 0.0337
3741 0.03369
3742 0.03369
3743 0.03369
3744 0.03369
3745 0.03368
3746 0.03368
3747 0.03368
3748 0.03368
3749 0.03367
3750 0.03367
3751 0.03367
3752 0.03367
3753 0.03367
3754 0.03366
3755 0.03366
3756 0.03366
3757 0.03366
3758 0.03365
3759 0.03365
3760 0.03365
3761 0.03365
3762 0.03364
3763 0.03364
3764 0.03364
3765 0.03364
3766 0.03364
3767 0.03363
3768 0.03363
3769 0.03363
3770 0.03363
3771 0.03362
3772 0.03362
3773 0.03362
3774 0.03362
3775 0.03362
3776 0.03361
3777 0.03361
3778 0.03361
3779 0.03361
3780 0.0336
3781 0.0336
3782 0.0336
3783 0.0336
3784 0.0336
3785 0.03359
3786 0.03359
3787 0.03359
3788 0.03359
3789 0.03358
3790 0.03358
3791 0.03358
3792 0.03358
3793 0.03358
3794 0.03357
3795 0.03357
3796 0.03357
3797 0.03357
3798 0.03356
3799 0.03356
3800 0.03356
3801 0.03356
3802 0.03356
3803 0.03355
3804 0.03355
3805 0.03355
3806 0.03355
3807 0.03354
3808 0.03354
3809 0.03354
3810 0.03354
3811 0.03354
3812 0.03353
3813 0.03353
3814 0.03353
3815 0.03353
3816 0.03352
3817 0.03352
3818 0.03352
3819 0.03352
3820 0.03352
3821 0.03351
3822 0.03351
3823 0.03351
3824 0.03351
3825 0.03351
3826 0.0335
3827 0.0335
3828 0.0335
3829 0.0335
3830 0.03349
3831 0.03349
3832 0.03349
3833 0.03349
3834 0.03349
3835 0.03348
3836 0.03348
3837 0.03348
3838 0.03348
3839 0.03347
3840 0.03347
3841 0.03347
3842 0.03347
3843 0.03347
3844 0.03346
3845 0.03346
3846 0.03346
3847 0.03346
3848 0.03346
3849 0.03345
3850 0.03345
3851 0.03345
3852 0.03345
3853 0.03344
3854 0.03344
3855 0.03344
3856 0.03344
3857 0.03344
3858 0.03343
3859 0.03343
3860 0.03343
3861 0.03343
3862 0.03343
3863 0.03342
3864 0.03342
3865 0.03342
3866 0.03342
3867 0.03342
3868 0.03341
3869 0.03341
3870 0.03341
3871 0.03341
3872 0.0334
3873 0.0334
3874 0.0334
3875 0.0334
3876 0.0334
3877 0.03339
3878 0.03339
3879 0.03339
3880 0.03339
3881 0.03339
3882 0.03338
3883 0.03338
3884 0.03338
3885 0.03338
3886 0.03338
3887 0.03337
3888 0.03337
3889 0.03337
3890 0.03337
3891 0.03337
3892 0.03336
3893 0.03336
3894 0.03336
3895 0.03336
3896 0.03335
3897 0.03335
3898 0.03335
3899 0.03335
3900 0.03335
3901 0.03334
3902 0.03334
3903 0.03334
3904 0.03334
3905 0.03334
3906 0.03333
3907 0.03333
3908 0.03333
3909 0.03333
3910 0.03333
3911 0.03332
3912 0.03332
3913 0.03332
3914 0.03332
3915 0.03332
3916 0.03331
3917 0.03331
3918 0.03331
3919 0.03331
3920 0.03331
3921 0.0333
3922 0.0333
3923 0.0333
3924 0.0333
3925 0.0333
3926 0.03329
3927 0.03329
3928 0.03329
3929 0.03329
3930 0.03329
3931 0.03328
3932 0.03328
3933 0.03328
3934 0.03328
3935 0.03328
3936 0.03327
3937 0.03327
3938 0.03327
3939 0.03327
3940 0.03327
3941 0.03326
3942 0.03326
3943 0.03326
3944 0.03326
3945 0.03326
3946 0.03325
3947 0.03325
3948 0.03325
3949 0.03325
3950 0.03325
3951 0.03324
3952 0.03324
3953 0.03324
3954 0.03324
3955 0.03324
3956 0.03323
3957 0.03323
3958 0.03323
3959 0.03323
3960 0.03323
3961 0.03322
3962 0.03322
3963 0.03322
3964 0.03322
3965 0.03322
3966 0.03321
3967 0.03321
3968 0.03321
3969 0.03321
3970 0.03321
3971 0.0332
3972 0.0332
3973 0.0332
3974 0.0332
3975 0.0332
3976 0.03319
3977 0.03319
3978 0.03319
3979 0.03319
3980 0.03319
3981 0.03318
3982 0.03318
3983 0.03318
3984 0.03318
3985 0.03318
3986 0.03317
3987 0.03317
3988 0.03317
3989 0.03317
3990 0.03317
3991 0.03316
3992 0.03316
3993 0.03316
3994 0.03316
3995 0.03316
3996 0.03315
3997 0.03315
3998 0.03315
3999 0.03315
4000 0.03315
4001 0.03315
4002 0.03314
4003 0.03314
4004 0.03314
4005 0.03314
4006 0.03314
4007 0.03313
4008 0.03313
4009 0.03313
4010 0.03313
4011 0.03313
4012 0.03312
4013 0.03312
4014 0.03312
4015 0.03312
4016 0.03312
4017 0.03311
4018 0.03311
4019 0.03311
4020 0.03311
4021 0.03311
4022 0.0331
4023 0.0331
4024 0.0331
4025 0.0331
4026 0.0331
4027 0.0331
4028 0.03309
4029 0.03309
4030 0.03309
4031 0.03309
4032 0.03309
4033 0.03308
4034 0.03308
4035 0.03308
4036 0.03308
4037 0.03308
4038 0.03307
4039 0.03307
4040 0.03307
4041 0.03307
4042 0.03307
4043 0.03307
4044 0.03306
4045 0.03306
4046 0.03306
4047 0.03306
4048 0.03306
4049 0.03305
4050 0.03305
4051 0.03305
4052 0.03305
4053 0.03305
4054 0.03304
4055 0.03304
4056 0.03304
4057 0.03304
4058 0.03304
4059 0.03304
4060 0.03303
4061 0.03303
4062 0.03303
4063 0.03303
4064 0.03303
4065 0.03302
4066 0.03302
4067 0.03302
4068 0.03302
4069 0.03302
4070 0.03302
4071 0.03301
4072 0.03301
4073 0.03301
4074 0.03301
4075 0.03301
4076 0.033
4077 0.033
4078 0.033
4079 0.033
4080 0.033
4081 0.033
4082 0.03299
4083 0.03299
4084 0.03299
4085 0.03299
4086 0.03299
4087 0.03298
4088 0.03298
4089 0.03298
4090 0.03298
4091 0.03298
4092 0.03298
4093 0.03297
4094 0.03297
4095 0.03297
4096 0.03297
4097 0.03297
4098 0.03296
4099 0.03296
4100 0.03296
4101 0.03296
4102 0.03296
4103 0.03296
4104 0.03295
4105 0.03295
4106 0.03295
4107 0.03295
4108 0.03295
4109 0.03294
4110 0.03294
4111 0.03294
4112 0.03294
4113 0.03294
4114 0.03294
4115 0.03293
4116 0.03293
4117 0.03293
4118 0.03293
4119 0.03293
4120 0.03292
4121 0.03292
4122 0.03292
4123 0.03292
4124 0.03292
4125 0.03292
4126 0.03291
4127 0.03291
4128 0.03291
4129 0.03291
4130 0.03291
4131 0.03291
4132 0.0329
4133 0.0329
4134 0.0329
4135 0.0329
4136 0.0329
4137 0.03289
4138 0.03289
4139 0.03289
4140 0.03289
4141 0.03289
4142 0.03289
4143 0.03288
4144 0.03288
4145 0.03288
4146 0.03288
4147 0.03288
4148 0.03288
4149 0.03287
4150 0.03287
4151 0.03287
4152 0.03287
4153 0.03287
4154 0.03287
4155 0.03286
4156 0.03286
4157 0.03286
4158 0.03286
4159 0.03286
4160 0.03285
4161 0.03285
4162 0.03285
4163 0.03285
4164 0.03285
4165 0.03285
4166 0.03284
4167 0.03284
4168 0.03284
4169 0.03284
4170 0.03284
4171 0.03284
4172 0.03283
4173 0.03283
4174 0.03283
4175 0.03283
4176 0.03283
4177 0.03283
4178 0.03282
4179 0.03282
4180 0.03282
4181 0.03282
4182 0.03282
4183 0.03282
4184 0.03281
4185 0.03281
4186 0.03281
4187 0.03281
4188 0.03281
4189 0.0328
4190 0.0328
4191 0.0328
4192 0.0328
4193 0.0328
4194 0.0328
4195 0.03279
4196 0.03279
4197 0.03279
4198 0.03279
4199 0.03279
4200 0.03279
4201 0.03278
4202 0.03278
4203 0.03278
4204 0.03278
4205 0.03278
4206 0.03278
4207 0.03277
4208 0.03277
4209 0.03277
4210 0.03277
4211 0.03277
4212 0.03277
4213 0.03276
4214 0.03276
4215 0.03276
4216 0.03276
4217 0.03276
4218 0.03276
4219 0.03275
4220 0.03275
4221 0.03275
4222 0.03275
4223 0.03275
4224 0.03275
4225 0.03274
4226 0.03274
4227 0.03274
4228 0.03274
4229 0.03274
4230 0.03274
4231 0.03273
4232 0.03273
4233 0.03273
4234 0.03273
4235 0.03273
4236 0.03273
4237 0.03272
4238 0.03272
4239 0.03272
4240 0.03272
4241 0.03272
4242 0.03272
4243 0.03271
4244 0.03271
4245 0.03271
4246 0.03271
4247 0.03271
4248 0.03271
4249 0.03271
4250 0.0327
4251 0.0327
4252 0.0327
4253 0.0327
4254 0.0327
4255 0.0327
4256 0.03269
4257 0.03269
4258 0.03269
4259 0.03269
4260 0.03269
4261 0.03269
4262 0.03268
4263 0.03268
4264 0.03268
4265 0.03268
4266 0.03268
4267 0.03268
4268 0.03267
4269 0.03267
4270 0.03267
4271 0.03267
4272 0.03267
4273 0.03267
4274 0.03266
4275 0.03266
4276 0.03266
4277 0.03266
4278 0.03266
4279 0.03266
4280 0.03266
4281 0.03265
4282 0.03265
4283 0.03265
4284 0.03265
4285 0.03265
4286 0.03265
4287 0.03264
4288 0.03264
4289 0.03264
4290 0.03264
4291 0.03264
4292 0.03264
4293 0.03263
4294 0.03263
4295 0.03263
4296 0.03263
4297 0.03263
4298 0.03263
4299 0.03263
4300 0.03262
4301 0.03262
4302 0.03262
4303 0.03262
4304 0.03262
4305 0.03262
4306 0.03261
4307 0.03261
4308 0.03261
4309 0.03261
4310 0.03261
4311 0.03261
4312 0.0326
4313 0.0326
4314 0.0326
4315 0.0326
4316 0.0326
4317 0.0326
4318 0.0326
4319 0.03259
4320 0.03259
4321 0.03259
4322 0.03259
4323 0.03259
4324 0.03259
4325 0.03258
4326 0.03258
4327 0.03258
4328 0.03258
4329 0.03258
4330 0.03258
4331 0.03258
4332 0.03257
4333 0.03257
4334 0.03257
4335 0.03257
4336 0.03257
4337 0.03257
4338 0.03256
4339 0.03256
4340 0.03256
4341 0.03256
4342 0.03256
4343 0.03256
4344 0.03256
4345 0.03255
4346 0.03255
4347 0.03255
4348 0.03255
4349 0.03255
4350 0.03255
4351 0.03254
4352 0.03254
4353 0.03254
4354 0.03254
4355 0.03254
4356 0.03254
4357 0.03254
4358 0.03253
4359 0.03253
4360 0.03253
4361 0.03253
4362 0.03253
4363 0.03253
4364 0.03252
4365 0.03252
4366 0.03252
4367 0.03252
4368 0.03252
4369 0.03252
4370 0.03252
4371 0.03251
4372 0.03251
4373 0.03251
4374 0.03251
4375 0.03251
4376 0.03251
4377 0.03251
4378 0.0325
4379 0.0325
4380 0.0325
4381 0.0325
4382 0.0325
4383 0.0325
4384 0.03249
4385 0.03249
4386 0.03249
4387 0.03249
4388 0.03249
4389 0.03249
4390 0.03249
4391 0.03248
4392 0.03248
4393 0.03248
4394 0.03248
4395 0.03248
4396 0.03248
4397 0.03248
4398 0.03247
4399 0.03247
4400 0.03247
4401 0.03247
4402 0.03247
4403 0.03247
4404 0.03247
4405 0.03246
4406 0.03246
4407 0.03246
4408 0.03246
4409 0.03246
4410 0.03246
4411 0.03246
4412 0.03245
4413 0.03245
4414 0.03245
4415 0.03245
4416 0.03245
4417 0.03245
4418 0.03244
4419 0.03244
4420 0.03244
4421 0.03244
4422 0.03244
4423 0.03244
4424 0.03244
4425 0.03243
4426 0.03243
4427 0.03243
4428 0.03243
4429 0.03243
4430 0.03243
4431 0.03243
4432 0.03242
4433 0.03242
4434 0.03242
4435 0.03242
4436 0.03242
4437 0.03242
4438 0.03242
4439 0.03241
4440 0.03241
4441 0.03241
4442 0.03241
4443 0.03241
4444 0.03241
4445 0.03241
4446 0.0324
4447 0.0324
4448 0.0324
4449 0.0324
4450 0.0324
4451 0.0324
4452 0.0324
4453 0.03239
4454 0.03239
4455 0.03239
4456 0.03239
4457 0.03239
4458 0.03239
4459 0.03239
4460 0.03238
4461 0.03238
4462 0.03238
4463 0.03238
4464 0.03238
4465 0.03238
4466 0.03238
4467 0.03237
4468 0.03237
4469 0.03237
4470 0.03237
4471 0.03237
4472 0.03237
4473 0.03237
4474 0.03236
4475 0.03236
4476 0.03236
4477 0.03236
4478 0.03236
4479 0.03236
4480 0.03236
4481 0.03236
4482 0.03235
4483 0.03235
4484 0.03235
4485 0.03235
4486 0.03235
4487 0.03235
4488 0.03235
4489 0.03234
4490 0.03234
4491 0.03234
4492 0.03234
4493 0.03234
4494 0.03234
4495 0.03234
4496 0.03233
4497 0.03233
4498 0.03233
4499 0.03233
4500 0.03233
4501 0.03233
4502 0.03233
4503 0.03232
4504 0.03232
4505 0.03232
4506 0.03232
4507 0.03232
4508 0.03232
4509 0.03232
4510 0.03232
4511 0.03231
4512 0.03231
4513 0.03231
4514 0.03231
4515 0.03231
4516 0.03231
4517 0.03231
4518 0.0323
4519 0.0323
4520 0.0323
4521 0.0323
4522 0.0323
4523 0.0323
4524 0.0323
4525 0.03229
4526 0.03229
4527 0.03229
4528 0.03229
4529 0.03229
4530 0.03229
4531 0.03229
4532 0.03229
4533 0.03228
4534 0.03228
4535 0.03228
4536 0.03228
4537 0.03228
4538 0.03228
4539 0.03228
4540 0.03227
4541 0.03227
4542 0.03227
4543 0.03227
4544 0.03227
4545 0.03227
4546 0.03227
4547 0.03227
4548 0.03226
4549 0.03226
4550 0.03226
4551 0.03226
4552 0.03226
4553 0.03226
4554 0.03226
4555 0.03225
4556 0.03225
4557 0.03225
4558 0.03225
4559 0.03225
4560 0.03225
4561 0.03225
4562 0.03225
4563 0.03224
4564 0.03224
4565 0.03224
4566 0.03224
4567 0.03224
4568 0.03224
4569 0.03224
4570 0.03223
4571 0.03223
4572 0.03223
4573 0.03223
4574 0.03223
4575 0.03223
4576 0.03223
4577 0.03223
4578 0.03222
4579 0.03222
4580 0.03222
4581 0.03222
4582 0.03222
4583 0.03222
4584 0.03222
4585 0.03222
4586 0.03221
4587 0.03221
4588 0.03221
4589 0.03221
4590 0.03221
4591 0.03221
4592 0.03221
4593 0.0322
4594 0.0322
4595 0.0322
4596 0.0322
4597 0.0322
4598 0.0322
4599 0.0322
4600 0.0322
4601 0.03219
4602 0.03219
4603 0.03219
4604 0.03219
4605 0.03219
4606 0.03219
4607 0.03219
4608 0.03219
4609 0.03218
4610 0.03218
4611 0.03218
4612 0.03218
4613 0.03218
4614 0.03218
4615 0.03218
4616 0.03218
4617 0.03217
4618 0.03217
4619 0.03217
4620 0.03217
4621 0.03217
4622 0.03217
4623 0.03217
4624 0.03217
4625 0.03216
4626 0.03216
4627 0.03216
4628 0.03216
4629 0.03216
4630 0.03216
4631 0.03216
4632 0.03216
4633 0.03215
4634 0.03215
4635 0.03215
4636 0.03215
4637 0.03215
4638 0.03215
4639 0.03215
4640 0.03215
4641 0.03214
4642 0.03214
4643 0.03214
4644 0.03214
4645 0.03214
4646 0.03214
4647 0.03214
4648 0.03214
4649 0.03213
4650 0.03213
4651 0.03213
4652 0.03213
4653 0.03213
4654 0.03213
4655 0.03213
4656 0.03213
4657 0.03212
4658 0.03212
4659 0.03212
4660 0.03212
4661 0.03212
4662 0.03212
4663 0.03212
4664 0.03212
4665 0.03211
4666 0.03211
4667 0.03211
4668 0.03211
4669 0.03211
4670 0.03211
4671 0.03211
4672 0.03211
4673 0.0321
4674 0.0321
4675 0.0321
4676 0.0321
4677 0.0321
4678 0.0321
4679 0.0321
4680 0.0321
4681 0.03209
4682 0.03209
4683 0.03209
4684 0.03209
4685 0.03209
4686 0.03209
4687 0.03209
4688 0.03209
4689 0.03208
4690 0.03208
4691 0.03208
4692 0.03208
4693 0.03208
4694 0.03208
4695 0.03208
4696 0.03208
4697 0.03208
4698 0.03207
4699 0.03207
4700 0.03207
4701 0.03207
4702 0.03207
4703 0.03207
4704 0.03207
4705 0.03207
4706 0.03206
4707 0.03206
4708 0.03206
4709 0.03206
4710 0.03206
4711 0.03206
4712 0.03206
4713 0.03206
4714 0.03205
4715 0.03205
4716 0.03205
4717 0.03205
4718 0.03205
4719 0.03205
4720 0.03205
4721 0.03205
4722 0.03205
4723 0.03204
4724 0.03204
4725 0.03204
4726 0.03204
4727 0.03204
4728 0.03204
4729 0.03204
4730 0.03204
4731 0.03203
4732 0.03203
4733 0.03203
4734 0.03203
4735 0.03203
4736 0.03203
4737 0.03203
4738 0.03203
4739 0.03203
4740 0.03202
4741 0.03202
4742 0.03202
4743 0.03202
4744 0.03202
4745 0.03202
4746 0.03202
4747 0.03202
4748 0.03201
4749 0.03201
4750 0.03201
4751 0.03201
4752 0.03201
4753 0.03201
4754 0.03201
4755 0.03201
4756 0.03201
4757 0.032
4758 0.032
4759 0.032
4760 0.032
4761 0.032
4762 0.032
4763 0.032
4764 0.032
4765 0.032
4766 0.03199
4767 0.03199
4768 0.03199
4769 0.03199
4770 0.03199
4771 0.03199
4772 0.03199
4773 0.03199
4774 0.03198
4775 0.03198
4776 0.03198
4777 0.03198
4778 0.03198
4779 0.03198
4780 0.03198
4781 0.03198
4782 0.03198
4783 0.03197
4784 0.03197
4785 0.03197
4786 0.03197
4787 0.03197
4788 0.03197
4789 0.03197
4790 0.03197
4791 0.03197
4792 0.03196
4793 0.03196
4794 0.03196
4795 0.03196
4796 0.03196
4797 0.03196
4798 0.03196
4799 0.03196
4800 0.03196
4801 0.03195
4802 0.03195
4803 0.03195
4804 0.03195
4805 0.03195
4806 0.03195
4807 0.03195
4808 0.03195
4809 0.03195
4810 0.03194
4811 0.03194
4812 0.03194
4813 0.03194
4814 0.03194
4815 0.03194
4816 0.03194
4817 0.03194
4818 0.03194
4819 0.03193
4820 0.03193
4821 0.03193
4822 0.03193
4823 0.03193
4824 0.03193
4825 0.03193
4826 0.03193
4827 0.03193
4828 0.03192
4829 0.03192
4830 0.03192
4831 0.03192
4832 0.03192
4833 0.03192
4834 0.03192
4835 0.03192
4836 0.03192
4837 0.03191
4838 0.03191
4839 0.03191
4840 0.03191
4841 0.03191
4842 0.03191
4843 0.03191
4844 0.03191
4845 0.03191
4846 0.0319
4847 0.0319
4848 0.0319
4849 0.0319
4850 0.0319
4851 0.0319
4852 0.0319
4853 0.0319
4854 0.0319
4855 0.0319
4856 0.03189
4857 0.03189
4858 0.03189
4859 0.03189
4860 0.03189
4861 0.03189
4862 0.03189
4863 0.03189
4864 0.03189
4865 0.03188
4866 0.03188
4867 0.03188
4868 0.03188
4869 0.03188
4870 0.03188
4871 0.03188
4872 0.03188
4873 0.03188
4874 0.03187
4875 0.03187
4876 0.03187
4877 0.03187
4878 0.03187
4879 0.03187
4880 0.03187
4881 0.03187
4882 0.03187
4883 0.03187
4884 0.03186
4885 0.03186
4886 0.03186
4887 0.03186
4888 0.03186
4889 0.03186
4890 0.03186
4891 0.03186
4892 0.03186
4893 0.03185
4894 0.03185
4895 0.03185
4896 0.03185
4897 0.03185
4898 0.03185
4899 0.03185
4900 0.03185
4901 0.03185
4902 0.03185
4903 0.03184
4904 0.03184
4905 0.03184
4906 0.03184
4907 0.03184
4908 0.03184
4909 0.03184
4910 0.03184
4911 0.03184
4912 0.03183
4913 0.03183
4914 0.03183
4915 0.03183
4916 0.03183
4917 0.03183
4918 0.03183
4919 0.03183
4920 0.03183
4921 0.03183
4922 0.03182
4923 0.03182
4924 0.03182
4925 0.03182
4926 0.03182
4927 0.03182
4928 0.03182
4929 0.03182
4930 0.03182
4931 0.03182
4932 0.03181
4933 0.03181
4934 0.03181
4935 0.03181
4936 0.03181
4937 0.03181
4938 0.03181
4939 0.03181
4940 0.03181
4941 0.03181
4942 0.0318
4943 0.0318
4944 0.0318
4945 0.0318
4946 0.0318
4947 0.0318
4948 0.0318
4949 0.0318
4950 0.0318
4951 0.03179
4952 0.03179
4953 0.03179
4954 0.03179
4955 0.03179
4956 0.03179
4957 0.03179
4958 0.03179
4959 0.03179
4960 0.03179
4961 0.03178
4962 0.03178
4963 0.03178
4964 0.03178
4965 0.03178
4966 0.03178
4967 0.03178
4968 0.03178
4969 0.03178
4970 0.03178
4971 0.03177
4972 0.03177
4973 0.03177
4974 0.03177
4975 0.03177
4976 0.03177
4977 0.03177
4978 0.03177
4979 0.03177
4980 0.03177
4981 0.03177
4982 0.03176
4983 0.03176
4984 0.03176
4985 0.03176
4986 0.03176
4987 0.03176
4988 0.03176
4989 0.03176
4990 0.03176
4991 0.03176
4992 0.03175
4993 0.03175
4994 0.03175
4995 0.03175
4996 0.03175
4997 0.03175
4998 0.03175
4999 0.03175
