50 2.8127057415e-06
51 3.2419142509e-06
52 3.68902309795e-06
53 4.14854965958e-06
54 4.62010083742e-06
55 5.09527314271e-06
56 5.57622249533e-06
57 6.04934392488e-06
58 6.51881103322e-06
59 6.97770208769e-06
60 7.41878373073e-06
61 7.8510263625e-06
62 8.26963770874e-06
63 8.66071683064e-06
64 9.03704496642e-06
65 9.39502669687e-06
66 9.73111391488e-06
67 1.0041863247e-05
68 1.03347477171e-05
69 1.06075224366e-05
70 1.0858039881e-05
71 1.10842777019e-05
72 1.12961183999e-05
73 1.14804871787e-05
74 1.16479196565e-05
75 1.17974779883e-05
76 1.19283040913e-05
77 1.20371216294e-05
78 1.21332988942e-05
79 1.22151448385e-05
80 1.22809831755e-05
81 1.23330214162e-05
82 1.23722767703e-05
83 1.23998271055e-05
84 1.24155074385e-05
85 1.24191892699e-05
86 1.24146567727e-05
87 1.23992601668e-05
88 1.23755404101e-05
89 1.23434730076e-05
90 1.23043337313e-05
91 1.22581231736e-05
92 1.22061273072e-05
93 1.21470947638e-05
94 1.20835842764e-05
95 1.20143609523e-05
96 1.1941956105e-05
97 1.18639091043e-05
98 1.17827365395e-05
99 1.1698459795e-05
100 1.16111055418e-05
101 1.15219044237e-05
102 1.14296752736e-05
103 1.13344590933e-05
104 1.1238640198e-05
105 1.11410482898e-05
106 1.10417054574e-05
107 1.09417752733e-05
108 1.08401263234e-05
109 1.07379063878e-05
110 1.06351165062e-05
111 1.05317597886e-05
112 1.04289263059e-05
113 1.03244422661e-05
114 1.02215389693e-05
115 1.01170042766e-05
116 1.00140080064e-05
117 9.91043697695e-06
118 9.80732649381e-06
119 9.70466074161e-06
120 9.60242532557e-06
121 9.50060720994e-06
122 9.39919465898e-06
123 9.29914454862e-06
124 9.19945935782e-06
125 9.1001310353e-06
126 9.00208906566e-06
127 8.90437062897e-06
128 8.80788712779e-06
129 8.71169831037e-06
130 8.61669762202e-06
131 8.52285344768e-06
132 8.43013543459e-06
133 8.33764704235e-06
134 8.2471044999e-06
135 8.15675543137e-06
136 8.0674410979e-06
137 7.97913639351e-06
138 7.89263819795e-06
139 7.80627235317e-06
140 7.72084667721e-06
141 7.63713418558e-06
142 7.55430258416e-06
143 7.47233238466e-06
144 7.3912048605e-06
145 7.31090201657e-06
146 7.23215883525e-06
147 7.15344595828e-06
148 7.07698014325e-06
149 7.00051378769e-06
150 6.92549690036e-06
151 6.8511796213e-06
152 6.77825380977e-06
153 6.70598663812e-06
154 6.63505629215e-06
155 6.56474643277e-06
156 6.49504622274e-06
157 6.42661372437e-06
158 6.35875630393e-06
159 6.29211903274e-06
160 6.22667226657e-06
161 6.1617462907e-06
162 6.09796741471e-06
163 6.03468050641e-06
164 5.97249963406e-06
165 5.91078383096e-06
166 5.85013518423e-06
167 5.79052878338e-06
168 5.73134425436e-06
169 5.6731663559e-06
170 5.61538785527e-06
171 5.55916041813e-06
172 5.50329970414e-06
173 5.44780168199e-06
174 5.3937844954e-06
175 5.34009997997e-06
176 5.28674491266e-06
177 5.23480514459e-06
178 5.18316720348e-06
179 5.13236239965e-06
180 5.08184400018e-06
181 5.03265673589e-06
182 4.98373123537e-06
183 4.93557919321e-06
184 4.88767572292e-06
185 4.84102648108e-06
186 4.7946037824e-06
187 4.74890062664e-06
188 4.70390200128e-06
189 4.65959328582e-06
190 4.61548014059e-06
191 4.57203778113e-06
192 4.52925248736e-06
193 4.4871108903e-06
194 4.44559996127e-06
195 4.40424887789e-06
196 4.36396569948e-06
197 4.3238262243e-06
198 4.28427662563e-06
199 4.24530524991e-06
200 4.20646318399e-06
201 4.16861837384e-06
202 4.13088877783e-06
203 4.09370122384e-06
204 4.05746725557e-06
205 4.02132889972e-06
206 3.98528747133e-06
207 3.95016597572e-06
208 3.91553667556e-06
209 3.88098661445e-06
210 3.8469174771e-06
211 3.81371692814e-06
212 3.78057944872e-06
213 3.74789661135e-06
214 3.71566004295e-06
215 3.68347842169e-06
216 3.65211330068e-06
217 3.62117042109e-06
218 3.59026870538e-06
219 3.56015071712e-06
220 3.53006536204e-06
221 3.50037883307e-06
222 3.47108403981e-06
223 3.44217404943e-06
224 3.41364208242e-06
225 3.38548150857e-06
226 3.357685843e-06
227 3.32990238218e-06
228 3.30282045819e-06
229 3.27574406e-06
230 3.24935144593e-06
231 3.22295806158e-06
232 3.19689884146e-06
233 3.17149796487e-06
234 3.14608754466e-06
235 3.12099467341e-06
236 3.09621403338e-06
237 3.07174041809e-06
238 3.04725177195e-06
239 3.02337950117e-06
240 2.99979924546e-06
241 2.97650621682e-06
242 2.95318855257e-06
243 2.93045836864e-06
244 2.90769915762e-06
245 2.88551369978e-06
246 2.86329507671e-06
247 2.84134141364e-06
248 2.81994176294e-06
249 2.79850318656e-06
250 2.77731715963e-06
251 2.75637969944e-06
252 2.73568690175e-06
253 2.71523493893e-06
254 2.69502005813e-06
255 2.67503857957e-06
256 2.65528689481e-06
257 2.63576146513e-06
258 2.61645881987e-06
259 2.5971054225e-06
260 2.57824016102e-06
261 2.55958764288e-06
262 2.540880371e-06
263 2.5226456572e-06
264 2.50435372206e-06
265 2.48652435374e-06
266 2.46863544543e-06
267 2.45119942583e-06
268 2.43370168868e-06
269 2.4166474627e-06
270 2.3995294753e-06
271 2.3825980908e-06
272 2.36585058907e-06
273 2.34952865351e-06
274 2.33313924923e-06
275 2.3169258784e-06
276 2.30088601233e-06
277 2.28501716768e-06
278 2.26931690548e-06
279 2.25378283024e-06
280 2.23841258896e-06
281 2.22320387025e-06
282 2.20815440346e-06
283 2.19326195782e-06
284 2.17852434155e-06
285 2.16371434982e-06
286 2.14928147042e-06
287 2.13499705581e-06
288 2.12085906261e-06
289 2.10686548256e-06
290 2.09279666719e-06
291 2.07908745159e-06
292 2.0655168136e-06
293 2.05186946114e-06
294 2.03857176946e-06
295 2.02519646913e-06
296 2.0121644205e-06
297 1.99905393629e-06
298 1.98628047058e-06
299 1.97342780615e-06
300 1.96090609664e-06
301 1.94830448587e-06
302 1.93602793007e-06
303 1.92367082799e-06
304 1.91143422901e-06
305 1.89951411303e-06
306 1.88751258897e-06
307 1.87562694754e-06
308 1.86404955504e-06
309 1.85239000647e-06
310 1.84084194006e-06
311 1.82959420922e-06
312 1.81826367959e-06
313 1.80704043915e-06
314 1.79592313069e-06
315 1.78491041838e-06
316 1.77400098747e-06
317 1.76337693427e-06
318 1.75266909034e-06
319 1.74206071612e-06
320 1.73155057696e-06
321 1.72113745736e-06
322 1.71082016059e-06
323 1.70059750836e-06
324 1.69046834047e-06
325 1.68043151448e-06
326 1.6704859054e-06
327 1.66063040532e-06
328 1.65086392319e-06
329 1.64118538442e-06
330 1.63159373062e-06
331 1.62208791933e-06
332 1.6126669237e-06
333 1.60316298738e-06
334 1.59395929901e-06
335 1.58475444447e-06
336 1.57564720925e-06
337 1.56660376685e-06
338 1.55763965585e-06
339 1.54875394641e-06
340 1.53994572236e-06
341 1.53121408085e-06
342 1.52254229702e-06
343 1.51396125368e-06
344 1.50543850427e-06
345 1.49698903003e-06
346 1.4886274716e-06
347 1.4803219485e-06
348 1.47207190218e-06
349 1.46390723199e-06
350 1.45581174747e-06
351 1.44778466533e-06
352 1.43981023864e-06
353 1.43190284507e-06
354 1.42407654283e-06
355 1.41630088711e-06
356 1.40859003858e-06
357 1.40094327566e-06
358 1.3933453954e-06
359 1.38582475718e-06
360 1.37836609876e-06
361 1.37095447917e-06
362 1.36361781875e-06
363 1.35632701184e-06
364 1.34909566039e-06
365 1.34192311678e-06
366 1.33482262476e-06
367 1.32775190645e-06
368 1.32075198796e-06
369 1.31380837348e-06
370 1.30692045803e-06
371 1.30007412342e-06
372 1.29329589391e-06
373 1.28655821536e-06
374 1.27988734536e-06
375 1.27325602519e-06
376 1.26667707577e-06
377 1.2601499447e-06
378 1.25367408684e-06
379 1.24724896422e-06
380 1.2408740459e-06
381 1.23454880791e-06
382 1.22825995871e-06
383 1.2220326014e-06
384 1.2158407473e-06
385 1.20970925333e-06
386 1.20361240109e-06
387 1.19757480491e-06
388 1.19157101232e-06
389 1.18561306773e-06
390 1.17970050355e-06
391 1.17383285814e-06
392 1.16800967572e-06
393 1.1622305063e-06
394 1.15649490557e-06
395 1.15079046617e-06
396 1.14514075098e-06
397 1.13953330439e-06
398 1.13395591044e-06
399 1.12843179659e-06
400 1.1229370205e-06
401 1.11748296764e-06
402 1.11208080092e-06
403 1.10670693455e-06
404 1.10137259762e-06
405 1.0960774018e-06
406 1.09082096358e-06
407 1.08560290408e-06
408 1.0804228491e-06
409 1.07528042896e-06
410 1.07017527848e-06
411 1.06509595955e-06
412 1.06006432284e-06
413 1.0550688862e-06
414 1.05009838038e-06
415 1.04517435569e-06
416 1.0402746804e-06
417 1.0354099393e-06
418 1.03059051818e-06
419 1.02579460177e-06
420 1.02103263397e-06
421 1.01630429389e-06
422 1.01160926442e-06
423 1.00695770478e-06
424 1.00232831196e-06
425 9.97720924366e-07
426 9.93156040241e-07
427 9.88622936202e-07
428 9.84121316784e-07
429 9.79650889951e-07
430 9.75201224642e-07
431 9.70792366216e-07
432 9.66413844068e-07
433 9.62055373736e-07
434 9.57736735929e-07
435 9.53437691262e-07
436 9.49177846846e-07
437 9.44937148138e-07
438 9.40725247089e-07
439 9.36551622922e-07
440 9.32396493613e-07
441 9.28269387764e-07
442 9.24170053017e-07
443 9.20098239853e-07
444 9.16053701552e-07
445 9.12036194155e-07
446 9.08045476433e-07
447 9.04081309842e-07
448 9.00143458493e-07
449 8.96231689113e-07
450 8.92345771016e-07
451 8.8847623564e-07
452 8.84641378084e-07
453 8.80831694639e-07
454 8.77037843159e-07
455 8.73277887383e-07
456 8.69542450604e-07
457 8.65822314483e-07
458 8.62135315768e-07
459 8.58463273871e-07
460 8.54814986203e-07
461 8.51199100235e-07
462 8.47597670321e-07
463 8.44019386027e-07
464 8.40472789818e-07
465 8.36940166346e-07
466 8.33430099283e-07
467 8.29942396329e-07
468 8.2647686723e-07
469 8.23033323759e-07
470 8.1961157968e-07
471 8.16211450729e-07
472 8.12832754588e-07
473 8.09475310861e-07
474 8.06138941046e-07
475 8.02823468517e-07
476 7.99528718493e-07
477 7.96254518024e-07
478 7.92992448621e-07
479 7.89758869223e-07
480 7.86545331043e-07
481 7.83343521224e-07
482 7.80169602588e-07
483 7.77015232475e-07
484 7.73872201617e-07
485 7.70756480239e-07
486 7.67651845972e-07
487 7.64574142501e-07
488 7.61507279661e-07
489 7.58466976102e-07
490 7.55437272215e-07
491 7.52425937669e-07
492 7.49440618071e-07
493 7.46465546702e-07
494 7.43508403287e-07
495 7.40569043592e-07
496 7.37647324833e-07
497 7.34750747174e-07
498 7.3186385762e-07
499 7.28994189351e-07
500 7.26141605208e-07
501 7.23305969395e-07
502 7.20487147465e-07
503 7.17685006304e-07
504 7.14899414113e-07
505 7.12130240395e-07
506 7.09377355939e-07
507 7.06640632803e-07
508 7.03919944302e-07
509 7.01207872253e-07
510 6.98518905876e-07
511 6.95845601297e-07
512 6.93187836708e-07
513 6.90538309716e-07
514 6.87911291722e-07
515 6.8529945518e-07
516 6.82695582733e-07
517 6.80113785608e-07
518 6.77546821688e-07
519 6.74987557137e-07
520 6.72449945698e-07
521 6.69919861833e-07
522 6.67411155718e-07
523 6.64909809052e-07
524 6.62429569599e-07
525 6.5995652505e-07
526 6.57497483766e-07
527 6.55059152596e-07
528 6.52627776006e-07
529 6.50216850599e-07
530 6.47812723814e-07
531 6.4542208121e-07
532 6.43044821822e-07
533 6.40687508858e-07
534 6.38336692323e-07
535 6.35998961869e-07
536 6.33674220243e-07
537 6.31362371096e-07
538 6.29063318971e-07
539 6.2678348792e-07
540 6.24509723347e-07
541 6.22248474819e-07
542 6.1999965035e-07
543 6.17763158802e-07
544 6.15538909871e-07
545 6.13326814079e-07
546 6.11126782767e-07
547 6.0893872808e-07
548 6.06756252567e-07
549 6.04591913273e-07
550 6.02439291686e-07
551 6.00298303099e-07
552 5.98168863571e-07
553 5.96050889918e-07
554 5.93944299702e-07
555 5.91842855934e-07
556 5.89758809914e-07
557 5.87685904318e-07
558 5.85617969074e-07
559 5.83567127803e-07
560 5.815271904e-07
561 5.79492052611e-07
562 5.77473712378e-07
563 5.7546604571e-07
564 5.73463013095e-07
565 5.71476488755e-07
566 5.69494490869e-07
567 5.67528812205e-07
568 5.65567554571e-07
569 5.63622430122e-07
570 5.61681623407e-07
571 5.59756766793e-07
572 5.57836126696e-07
573 5.55931256515e-07
574 5.54030503665e-07
575 5.52145343386e-07
576 5.50264203241e-07
577 5.48392777708e-07
578 5.46536683849e-07
579 5.4468446794e-07
580 5.42841767554e-07
581 5.41014144029e-07
582 5.39190260502e-07
583 5.37375698489e-07
584 5.35570394392e-07
585 5.33779836512e-07
586 5.31992841025e-07
587 5.3021491598e-07
588 5.28445999913e-07
589 5.2668603188e-07
590 5.24934951452e-07
591 5.23198140017e-07
592 5.21464637517e-07
593 5.19739844464e-07
594 5.18023702438e-07
595 5.16316153507e-07
596 5.14617140225e-07
597 5.12926605625e-07
598 5.11244493216e-07
599 5.09570746975e-07
