50 0.000182304914058
51 0.000223200148732
52 0.000268120579355
53 0.000317703707224
54 0.000371333108593
55 0.000428102093066
56 0.00048768720386
57 0.000549938309223
58 0.000613845259682
59 0.000679430237267
60 0.000745703205505
61 0.000813001698406
62 0.000878903033238
63 0.000945494137329
64 0.00101033459294
65 0.00107431092279
66 0.00113670668555
67 0.00119678441749
68 0.00125603834984
69 0.00131168725425
70 0.00136518439765
71 0.00141606107092
72 0.00146411754537
73 0.00150973919488
74 0.00155231151972
75 0.00159233987125
76 0.00162926517167
77 0.00166370411649
78 0.0016954523617
79 0.00172462518787
80 0.00175105811167
81 0.00177491571959
82 0.00179671197992
83 0.00181570431342
84 0.00183276835508
85 0.0018478355696
86 0.00186051193971
87 0.00187140421291
88 0.00188047026647
89 0.00188767340757
90 0.00189332033662
91 0.00189738786312
92 0.00189985692171
93 0.00190105179943
94 0.00190096176243
95 0.00189957891027
96 0.0018968982214
97 0.0018932553145
98 0.00188864837337
99 0.00188307732248
100 0.00187687864092
101 0.00186938480792
102 0.00186160107379
103 0.001852863791
104 0.00184350945864
105 0.00183386907544
106 0.00182329124175
107 0.00181243381173
108 0.00180097583282
109 0.00178924351924
110 0.00177723816595
111 0.00176496144623
112 0.00175210280177
113 0.0017389818712
114 0.0017259094353
115 0.00171227056451
116 0.00169868213105
117 0.00168484004756
118 0.00167104651402
119 0.00165700280673
120 0.00164300661595
121 0.00162876462742
122 0.00161428191017
123 0.00160013464523
124 0.00158574717067
125 0.00157140545242
126 0.00155710760748
127 0.00154285191138
128 0.00152836410774
129 0.00151419066924
130 0.00150005509222
131 0.00148595622927
132 0.00147163050157
133 0.00145760464557
134 0.00144361282099
135 0.00142990944807
136 0.00141598135516
137 0.00140233582678
138 0.00138871747569
139 0.00137512608685
140 0.00136180446461
141 0.00134850486836
142 0.00133522737026
143 0.00132220798746
144 0.00130920641582
145 0.00129622298051
146 0.00128348703465
147 0.00127099224088
148 0.0012585079282
149 0.00124603471706
150 0.00123379338004
151 0.00122177811426
152 0.00120976745763
153 0.00119776227688
154 0.00118618664816
155 0.00117440044598
156 0.00116303328977
157 0.00115166309464
158 0.00114029097773
159 0.00112932096995
160 0.00111834342971
161 0.00110735959682
162 0.00109676200518
163 0.00108615300867
164 0.00107553395196
165 0.00106528624118
166 0.00105502380674
167 0.00104493448233
168 0.00103482969575
169 0.0010248937604
170 0.00101512286806
171 0.00100551331818
172 0.000996061514177
173 0.000986587937006
174 0.000977268505096
175 0.000968099833612
176 0.000958907546481
177 0.000950032194291
178 0.000941130056876
179 0.000932369113596
180 0.000923746343119
181 0.000915095537482
182 0.00090674186035
183 0.000898357463205
184 0.000890102832351
185 0.000881975259545
186 0.000873972107306
187 0.000866090806708
188 0.000858175743031
189 0.000850380344913
190 0.000842702174575
191 0.000835138856378
192 0.000827688074937
193 0.000820347573285
194 0.00081297010431
195 0.000805844887518
196 0.000798680996889
197 0.000791621383768
198 0.000784804000876
199 0.000777806864865
200 0.000771048020303
201 0.000764385572797
202 0.000757817670352
203 0.000751208477948
204 0.00074482542529
205 0.000738399865562
206 0.000732064097437
207 0.000725816432879
208 0.000719655223536
209 0.000713578859626
210 0.000707585768853
211 0.000701674415366
212 0.000695719171375
213 0.000689967851785
214 0.000684171789712
215 0.000678574718414
216 0.000672932129131
217 0.000667364712209
218 0.000661989210155
219 0.000656567163361
220 0.000651216353682
221 0.000645935523022
222 0.000640609146199
223 0.000635465527379
224 0.000630388265216
225 0.000625376208624
226 0.000620317556964
227 0.000615433428896
228 0.000610502266029
229 0.000605741709535
230 0.000600933727588
231 0.00059629257028
232 0.00059160364271
233 0.000586973162096
234 0.000582400150492
235 0.000577883650398
236 0.000573422724253
237 0.000569016453938
238 0.000564663940289
239 0.000560364302632
240 0.000556116678328
241 0.000551920222331
242 0.000547774106755
243 0.000543580537044
244 0.00053953340731
245 0.000535534224654
246 0.000531487400114
247 0.000527582534036
248 0.000523629938715
249 0.000519816423835
250 0.000515955118183
251 0.000512230105083
252 0.000508457263797
253 0.000504727962118
254 0.000501130920343
255 0.000497486040247
256 0.000493882725454
257 0.000490320340511
258 0.000486798262101
259 0.000483315878768
260 0.000479872590644
261 0.000476467809187
262 0.000473100956928
263 0.000469771467218
264 0.000466478783985
265 0.000463222361502
266 0.000460001664152
267 0.000456816166207
268 0.000453665351607
269 0.000450548713749
270 0.000447385934508
271 0.000444336711146
272 0.000441320193571
273 0.000438335911064
274 0.000435305735908
275 0.000432385066177
276 0.000429495263945
277 0.000426559786321
278 0.000423730918051
279 0.000420856534112
280 0.000418086888698
281 0.000415271896232
282 0.000412559822338
283 0.000409802578233
284 0.000407146481805
285 0.000404445399604
286 0.000401772058969
287 0.000399197289065
288 0.000396577826998
289 0.000393984986903
290 0.000391488241941
291 0.000388947112308
292 0.000386431541196
293 0.000384009685731
294 0.000381543765289
295 0.000379102392709
296 0.000376685240852
297 0.000374291988021
298 0.000371988674719
299 0.000369641857464
300 0.000367318009848
301 0.000365016830845
302 0.000362738024356
303 0.000360481299113
304 0.000358246368587
305 0.000356032950894
306 0.000353840768704
307 0.000351669549153
308 0.00034951902376
309 0.000347388928339
310 0.000345279002918
311 0.000343188991659
312 0.000341118642778
313 0.000339067708471
314 0.000337035944835
315 0.000335023111795
316 0.000333028973037
317 0.000330994241289
318 0.000329037145998
319 0.000327098054671
320 0.000325176745372
321 0.000323272999583
322 0.000321386602141
323 0.00031946034437
324 0.000317608341682
325 0.0003157730584
326 0.000313954292219
327 0.000312096160971
328 0.000310310152913
329 0.000308540070337
330 0.000306785722885
331 0.000304992507525
332 0.000303269378003
333 0.000301561426683
334 0.000299831029077
335 0.000298137151881
336 0.000296452811315
337 0.000294783181856
338 0.000293128091508
339 0.000291487370783
340 0.000289860852665
341 0.000288248372563
342 0.000286649768267
343 0.000285064879914
344 0.000283488492457
345 0.000281930593347
346 0.000280380941954
347 0.000278844444161
348 0.000277325897979
349 0.000275815234239
350 0.000274317282337
351 0.000272831899086
352 0.000271354102316
353 0.000269893460897
354 0.000268444970314
355 0.000267003731855
356 0.000265579164272
357 0.00026416163428
358 0.000262760462482
359 0.000261366120204
360 0.00025998319331
361 0.00025861155672
362 0.000257251087065
363 0.000255901662663
364 0.000254563163486
365 0.000253235471137
366 0.000251913974638
367 0.00025060757045
368 0.00024930717955
369 0.000248021608097
370 0.000246741872747
371 0.000245476690745
372 0.000244217172855
373 0.000242967614192
374 0.000241727909373
375 0.000240497954407
376 0.000239277646675
377 0.000238066884908
378 0.000236865569165
379 0.000235673600813
380 0.000234486699226
381 0.00023331315582
382 0.00023214452989
383 0.000230989031438
384 0.000229838305451
385 0.000228700481728
386 0.000227567289597
387 0.000226442740071
388 0.000225326744953
389 0.000224219217171
390 0.000223124051259
391 0.000222033181887
392 0.000220946583637
393 0.00021987207638
394 0.00021880561738
395 0.000217747125962
396 0.000216696522462
397 0.000215649880985
398 0.000214614836763
399 0.00021358363688
400 0.000212563844491
401 0.000211547782027
402 0.000210542941598
403 0.000209541719846
404 0.000208547818326
405 0.000207561165434
406 0.000206585375894
407 0.000205612991591
408 0.000204647646432
409 0.000203689272239
410 0.000202737801656
411 0.000201793168143
412 0.000200851722733
413 0.000199920583542
414 0.000198996086443
415 0.000198078168032
416 0.000197163248239
417 0.000196258316157
418 0.000195359776937
419 0.000194464100869
420 0.000193578182573
421 0.000192695040131
422 0.000191818084156
423 0.000190950663207
424 0.000190085891509
425 0.000189227134503
426 0.000188374336227
427 0.000187530786889
428 0.000186689725776
429 0.000185854459478
430 0.00018502493458
431 0.000184201098283
432 0.000183382898395
433 0.000182570283322
434 0.000181763202061
435 0.000180958375864
436 0.00018016222574
437 0.000179371459782
438 0.000178586029269
439 0.000177802714002
440 0.000177027824236
441 0.000176258126934
442 0.00017549044476
443 0.000174731006776
444 0.000173973519329
445 0.000173224158202
446 0.000172476684697
447 0.000171734158245
448 0.00017099958566
449 0.000170266809349
450 0.000169538850247
451 0.000168815665994
452 0.000168100213578
453 0.000167386441068
454 0.000166677319182
455 0.000165972807385
456 0.000165272865584
457 0.000164577454123
458 0.000163886533774
459 0.000163200065735
460 0.000162518011623
461 0.000161840333469
462 0.000161166993709
463 0.000160497955187
464 0.000159830329743
465 0.00015916979559
466 0.00015851345349
467 0.000157858451626
468 0.000157210398781
469 0.000156566432254
470 0.000155923735864
471 0.00015528785025
472 0.0001546531895
473 0.000154025249492
474 0.000153398490214
475 0.000152778363333
476 0.000152159374153
477 0.000151546930671
478 0.00015093558294
479 0.000150328013943
480 0.000149726863545
481 0.000149126747919
482 0.000148530318344
483 0.000147940183766
484 0.000147351025246
485 0.000146765462924
486 0.000146183467438
487 0.000145605009727
488 0.000145030061026
489 0.000144458592862
490 0.000143890577049
491 0.000143325985689
492 0.000142764791165
493 0.000142206966137
494 0.000141652483542
495 0.000141101316588
496 0.00014055343875
497 0.00014000882377
498 0.000139467445652
499 0.000138926800183
500 0.000138391828375
501 0.000137860016926
502 0.000137331340854
503 0.000136803334836
504 0.000136280864891
505 0.000135761456802
506 0.000135242673811
507 0.000134729326804
508 0.000134218970279
509 0.000133709195531
510 0.000133204759263
511 0.000132700876767
512 0.000132202269113
513 0.000131704187906
514 0.000131211318989
515 0.000130718949861
516 0.000130229408222
517 0.000129744986986
518 0.000129261026756
519 0.000128782126997
520 0.000128303663171
521 0.000127827920422
522 0.000127354878053
523 0.000126886779204
524 0.000126419067947
525 0.0001259539962
526 0.00012549154404
527 0.000125031691732
528 0.000124576642155
529 0.000124121922976
530 0.000123669745596
531 0.000123220091012
532 0.000122772940396
533 0.000122328275098
534 0.000121886076639
535 0.000121446326715
536 0.00012100900719
537 0.000120574100095
538 0.000120141587628
539 0.000119711452152
540 0.000119283676192
541 0.000118858242433
542 0.000118433020855
543 0.000118012227695
544 0.000117593725696
545 0.000117177498171
546 0.000116763528581
547 0.000116351800539
548 0.000115940229414
549 0.000115532943167
550 0.000115127850153
551 0.000114722887897
552 0.000114322141237
553 0.000113923540793
554 0.000113525045881
555 0.000113130698905
556 0.000112738452382
557 0.000112346287067
558 0.000111958203598
559 0.000111570185605
560 0.000111186206224
561 0.000110802276966
562 0.00011042234375
563 0.00011004244567
564 0.000109666501717
565 0.000109290578271
566 0.000108918567675
567 0.00010854656331
568 0.000108178431144
569 0.000107810291275
570 0.000107444066749
571 0.000107081654559
572 0.000106719214391
573 0.000106358649968
574 0.000106001839364
575 0.000105644981232
576 0.000105289960268
577 0.000104936763824
578 0.000104587245178
579 0.000104237654023
580 0.000103889850123
581 0.000103543821255
582 0.000103199555306
583 0.000102858875248
584 0.000102518093121
585 0.000102179038211
586 0.00010184169881
587 0.000101506063309
588 0.000101172120196
589 0.000100839858057
590 0.000100509265575
591 0.000100180331527
592 9.98530447857e-05
593 9.9527394315e-05
594 9.92033691729e-05
595 9.88809585087e-05
596 9.85601515619e-05
597 9.82409376618e-05
598 9.79233062265e-05
599 9.7607246762e-05
