0.00209651859039
0.00201540820637
0.00193891000372
0.00186668119915
0.00179841023871
0.00173381344837
0.00167263209584
0.00161462980708
0.00155959028942
0.0015073153204
0.00145762296756
0.00141034600935
0.00136533053161
0.00132243467771
0.00128152753345
0.00124248813034
0.00120520455312
0.00116957313929
0.00113549775995
0.00110288917268
0.00107166443824
0.00104174639418
0.00101306317892
0.000985547800917
0.000959137748208
0.000933774633861
0.000909403873791
0.000885974393518
0.000863438360958
0.000841750942638
0.000820870081027
0.000800756290905
0.000781372472942
0.000762683742847
0.000744657274609
0.000727262156532
0.000710469258873
0.000694251112028
0.000678581794325
0.000663436828564
0.000648793086524
0.000634628700758
0.000620922983046
0.00060765634892
0.000594810247778
0.000582367098097
0.00057031022733
0.000558623816111
0.000547292846415
0.000536303053346
0.000525640880282
0.000515293437107
0.000505248461276
0.000495494281523
0.000486019783981
0.000476814380549
0.000467867979336
0.000459170957019
0.000450714132986
0.000442488745125
0.000434486427144
0.000426699187312
0.00041911938852
0.000411739729567
0.000404553227593
0.000397553201569
0.000390733256778
0.000384087270222
0.000377609376887
0.00037129395681
0.000365135622897
0.000359129209445
0.000353269761311
0.0003475525237
0.000341972932526
0.000336526605306
0.000331209332558
0.000326017069676
0.000320945929238
0.000315992173737
0.000311152208694
0.000306422576146
0.000301799948467
0.000297281122522
0.00029286301412
0.000288542652751
0.000284317176599
0.000280183827803
0.00027613994796
0.000272182973851
0.000268310433382
0.000264519941725
0.000260809197647
0.00025717598002
0.000253618144496
0.000250133620347
0.000246720407453
0.000243376573431
0.000240100250903
0.000236889634887
0.000233742980317
0.000230658599667
0.000227634860695
0.000224670184277
0.000221763042354
0.000218911955958
0.000216115493336
0.000213372268147
0.000210680937752
0.000208040201565
0.000205448799486
0.0002029055104
0.000200409150731
0.000197958573076
0.000195552664879
0.000193190347171
0.000190870573362
0.000188592328082
0.000186354626068
0.000184156511101
0.000181997054983
0.000179875356563
0.000177790540787
0.000175741757806
0.000173728182104
0.000171749011669
0.000169803467196
0.000167890791317
0.000166010247864
0.000164161121164
0.000162342715356
0.000160554353739
0.000158795378137
0.000157065148301
0.000155363041319
0.000153688451063
0.000152040787644
0.000150419476893
0.000148823959865
0.000147253692353
0.000145708144427
0.000144186799984
0.00014268915632
0.000141214723715
0.00013976302503
0.000138333595323
0.000136925981476
0.000135539741838
0.000134174445875
0.00013282967384
0.000131505016447
0.000130200074561
0.000128914458898
0.000127647789733
0.000126399696623
0.000125169818131
0.000123957801569
0.000122763302745
0.000121585985714
0.000120425522548
0.000119281593103
0.0001181538848
0.000117042092413
0.00011594591786
0.000114865070004
0.000113799264461
0.000112748223411
0.000111711675418
0.000110689355256
0.000109681003738
0.000108686367549
0.000107705199093
0.000106737256334
0.000105782302651
0.000104840106687
0.000103910442215
0.000102993088001
0.000102087827669
0.000101194449579
0.000100312746696
9.94425164789e-05
9.85835607559e-05
9.7735685617e-05
9.68987013029e-05
9.60724220984e-05
9.52566662303e-05
9.44512557668e-05
9.36560165207e-05
9.28707779553e-05
9.20953730929e-05
9.13296384262e-05
9.05734138318e-05
8.98265424868e-05
8.90888707873e-05
8.83602482696e-05
8.76405275336e-05
8.69295641677e-05
8.62272166771e-05
8.55333464128e-05
8.48478175037e-05
8.41704967896e-05
8.3501253757e-05
8.28399604757e-05
8.21864915384e-05
8.15407240006e-05
8.0902537323e-05
8.02718133155e-05
7.96484360819e-05
7.90322919673e-05
7.84232695061e-05
7.78212593714e-05
7.72261543259e-05
7.66378491747e-05
7.60562407181e-05
7.54812277069e-05
7.49127107981e-05
7.43505925119e-05
7.37947771902e-05
7.32451709555e-05
7.27016816719e-05
7.21642189058e-05
7.16326938887e-05
7.11070194804e-05
7.05871101335e-05
7.00728818581e-05
6.95642521885e-05
6.90611401497e-05
6.85634662256e-05
6.80711523269e-05
6.75841217611e-05
6.71022992026e-05
6.6625610663e-05
6.61539834635e-05
6.56873462065e-05
6.5225628749e-05
6.47687621762e-05
6.43166787755e-05
6.38693120119e-05
6.3426596503e-05
6.29884679955e-05
6.25548633417e-05
6.21257204768e-05
6.17009783967e-05
6.12805771363e-05
6.08644577483e-05
6.04525622828e-05
6.00448337666e-05
5.96412161841e-05
5.92416544576e-05
5.88460944287e-05
5.845448284e-05
5.80667673171e-05
5.76828963511e-05
5.73028192815e-05
5.69264862795e-05
5.65538483316e-05
5.61848572238e-05
5.58194655257e-05
5.54576265757e-05
5.50992944658e-05
5.4744424027e-05
5.43929708152e-05
5.40448910975e-05
5.3700141838e-05
5.3358680685e-05
5.30204659581e-05
5.26854566347e-05
5.23536123386e-05
5.2024893327e-05
5.16992604792e-05
5.13766752844e-05
5.10570998308e-05
5.07404967942e-05
5.04268294272e-05
5.01160615485e-05
4.98081575325e-05
4.9503082299e-05
4.92008013034e-05
4.89012805266e-05
4.86044864657e-05
4.83103861248e-05
4.80189470053e-05
4.77301370972e-05
4.74439248705e-05
4.71602792663e-05
4.68791696887e-05
4.66005659959e-05
4.6324438493e-05
4.60507579235e-05
4.57794954617e-05
4.5510622705e-05
4.52441116668e-05
4.49799347688e-05
4.47180648341e-05
4.44584750803e-05
4.42011391125e-05
4.39460309164e-05
4.36931248521e-05
4.34423956476e-05
4.31938183923e-05
4.29473685308e-05
4.2703021857e-05
4.24607545083e-05
4.22205429592e-05
4.19823640162e-05
4.17461948119e-05
4.15120127995e-05
4.12797957477e-05
4.10495217351e-05
4.08211691449e-05
4.05947166605e-05
4.03701432598e-05
4.01474282106e-05
3.99265510661e-05
3.97074916596e-05
3.94902301005e-05
3.92747467694e-05
3.90610223138e-05
3.88490376438e-05
3.86387739276e-05
3.84302125878e-05
3.82233352967e-05
3.80181239728e-05
3.78145607765e-05
3.76126281064e-05
3.74123085954e-05
3.7213585107e-05
3.70164407317e-05
3.68208587833e-05
3.66268227954e-05
3.6434316518e-05
3.6243323914e-05
3.6053829156e-05
3.58658166227e-05
3.56792708962e-05
3.54941767584e-05
3.53105191879e-05
3.51282833575e-05
3.49474546303e-05
3.47680185577e-05
3.45899608758e-05
3.4413267503e-05
3.4237924537e-05
3.4063918252e-05
3.38912350965e-05
3.371986169e-05
3.35497848207e-05
3.33809914431e-05
3.32134686753e-05
3.30472037966e-05
3.28821842452e-05
3.27183976155e-05
3.25558316562e-05
3.23944742677e-05
3.22343134999e-05
3.20753375502e-05
3.19175347609e-05
3.17608936175e-05
3.16054027464e-05
3.14510509128e-05
3.12978270189e-05
3.11457201014e-05
3.09947193302e-05
3.08448140059e-05
3.06959935584e-05
3.05482475445e-05
3.04015656466e-05
3.02559376705e-05
3.01113535438e-05
2.99678033142e-05
2.98252771476e-05
2.96837653268e-05
2.95432582493e-05
2.94037464261e-05
2.92652204798e-05
2.91276711436e-05
2.89910892588e-05
2.8855465774e-05
2.87207917437e-05
2.85870583261e-05
2.84542567822e-05
2.83223784745e-05
2.81914148649e-05
2.80613575143e-05
2.79321980803e-05
2.78039283163e-05
2.76765400704e-05
2.75500252836e-05
2.74243759889e-05
2.729958431e-05
2.71756424597e-05
2.70525427395e-05
2.69302775373e-05
2.68088393271e-05
2.66882206677e-05
2.65684142011e-05
2.64494126518e-05
2.63312088257e-05
2.62137956087e-05
2.6097165966e-05
2.59813129408e-05
2.58662296532e-05
2.57519092995e-05
2.5638345151e-05
2.5525530553e-05
2.54134589236e-05
2.53021237534e-05
2.51915186038e-05
2.50816371066e-05
2.49724729627e-05
2.48640199417e-05
2.47562718803e-05
2.46492226821e-05
2.45428663164e-05
2.44371968174e-05
2.43322082833e-05
2.42278948757e-05
2.41242508185e-05
2.40212703973e-05
2.39189479586e-05
2.38172779088e-05
2.37162547138e-05
2.3615872898e-05
2.35161270436e-05
2.34170117899e-05
2.33185218324e-05
2.32206519226e-05
2.31233968667e-05
2.30267515252e-05
2.29307108122e-05
2.28352696948e-05
2.27404231922e-05
2.26461663753e-05
2.25524943661e-05
2.24594023367e-05
2.2366885509e-05
2.22749391541e-05
2.21835585915e-05
2.20927391886e-05
2.20024763602e-05
2.19127655677e-05
2.18236023188e-05
2.17349821668e-05
2.16469007098e-05
2.15593535908e-05
2.14723364965e-05
2.13858451571e-05
2.12998753457e-05
2.12144228777e-05
2.11294836107e-05
2.10450534433e-05
2.09611283152e-05
2.08777042064e-05
2.0794777137e-05
2.07123431663e-05
2.06303983927e-05
2.05489389531e-05
2.04679610225e-05
2.03874608133e-05
2.03074345754e-05
2.02278785952e-05
2.01487891955e-05
2.00701627348e-05
1.99919956073e-05
1.99142842421e-05
1.98370251029e-05
1.97602146877e-05
1.96838495283e-05
1.960792619e-05
1.95324412711e-05
1.94573914026e-05
1.93827732477e-05
1.93085835018e-05
1.92348188915e-05
1.91614761748e-05
1.90885521406e-05
1.90160436082e-05
1.8943947427e-05
1.88722604763e-05
1.88009796649e-05
1.87301019306e-05
1.865962424e-05
1.85895435884e-05
1.8519856999e-05
1.84505615231e-05
1.83816542392e-05
1.83131322533e-05
1.82449926982e-05
1.81772327334e-05
1.81098495447e-05
1.80428403438e-05
1.79762023683e-05
1.79099328812e-05
1.78440291707e-05
1.77784885499e-05
1.77133083564e-05
1.76484859525e-05
1.75840187241e-05
1.75199040814e-05
1.74561394578e-05
1.73927223102e-05
1.73296501185e-05
1.72669203855e-05
1.72045306364e-05
1.71424784187e-05
1.70807613022e-05
1.70193768784e-05
1.69583227603e-05
1.68975965825e-05
1.68371960004e-05
1.67771186906e-05
1.67173623504e-05
1.66579246974e-05
1.65988034694e-05
1.65399964246e-05
1.64815013405e-05
1.64233160147e-05
1.6365438264e-05
1.63078659242e-05
1.62505968504e-05
1.61936289165e-05
1.61369600147e-05
1.6080588056e-05
1.60245109692e-05
1.59687267014e-05
1.59132332176e-05
1.58580285002e-05
1.58031105492e-05
1.57484773819e-05
1.56941270326e-05
1.56400575527e-05
1.55862670102e-05
1.55327534897e-05
1.54795150924e-05
1.54265499355e-05
1.53738561524e-05
1.53214318924e-05
1.52692753205e-05
1.52173846173e-05
1.51657579789e-05
1.51143936167e-05
1.5063289757e-05
1.50124446414e-05
1.49618565259e-05
1.49115236816e-05
1.48614443938e-05
1.48116169624e-05
1.47620397012e-05
1.47127109385e-05
1.46636290162e-05
