50 2.97913628886e-06
51 3.44339341741e-06
52 3.92403038103e-06
53 4.42758039422e-06
54 4.93574232522e-06
55 5.45340521584e-06
56 5.9781230492e-06
57 6.49488555814e-06
58 7.0081569e-06
59 7.51022722911e-06
60 8.00153991858e-06
61 8.47534518669e-06
62 8.9342799412e-06
63 9.36289782459e-06
64 9.78566567644e-06
65 1.01781329982e-05
66 1.05462919221e-05
67 1.08978767169e-05
68 1.12182760696e-05
69 1.15284793411e-05
70 1.18018271616e-05
71 1.20480082233e-05
72 1.22910843831e-05
73 1.24905590203e-05
74 1.26844991841e-05
75 1.28450331155e-05
76 1.29983565196e-05
77 1.31286551897e-05
78 1.32393157378e-05
79 1.33325477437e-05
80 1.34107174355e-05
81 1.34720120971e-05
82 1.35204127772e-05
83 1.35542360817e-05
84 1.35747215759e-05
85 1.35846089475e-05
86 1.35823392647e-05
87 1.35692773347e-05
88 1.35468136514e-05
89 1.35163540239e-05
90 1.34764402067e-05
91 1.34285118169e-05
92 1.33740075743e-05
93 1.3312939901e-05
94 1.32453342672e-05
95 1.31726317075e-05
96 1.30948583033e-05
97 1.30120492822e-05
98 1.29256251675e-05
99 1.28356099614e-05
100 1.27420337638e-05
101 1.26449326682e-05
102 1.25456844232e-05
103 1.24443039432e-05
104 1.23394960636e-05
105 1.22339224955e-05
106 1.21262844981e-05
107 1.20178914358e-05
108 1.19074733701e-05
109 1.17975783594e-05
110 1.16856854286e-05
111 1.15730679594e-05
112 1.14609538781e-05
113 1.1348108612e-05
114 1.123454384e-05
115 1.11214573251e-05
116 1.10088283015e-05
117 1.08954776225e-05
118 1.0783720174e-05
119 1.06712319065e-05
120 1.05591586933e-05
121 1.04486001835e-05
122 1.03384089928e-05
123 1.02285752365e-05
124 1.01190903277e-05
125 1.00110127592e-05
126 9.9032474705e-06
127 9.79683257031e-06
128 9.69069847295e-06
129 9.58586303042e-06
130 9.48229110527e-06
131 9.37895034123e-06
132 9.27781643644e-06
133 9.17687168411e-06
134 9.07708455702e-06
135 8.97842609547e-06
136 8.87992299886e-06
137 8.78344984697e-06
138 8.68802512826e-06
139 8.59362423835e-06
140 8.50022355152e-06
141 8.40780038087e-06
142 8.3172184234e-06
143 8.22667615094e-06
144 8.13791508442e-06
145 8.05003072888e-06
146 7.9630048295e-06
147 7.87765853932e-06
148 7.79311825715e-06
149 7.70936807985e-06
150 7.62720475629e-06
151 7.54578419671e-06
152 7.46509257392e-06
153 7.38590294322e-06
154 7.30739945527e-06
155 7.23033987716e-06
156 7.15392659878e-06
157 7.07890243619e-06
158 7.00448746147e-06
159 6.93140986644e-06
160 6.85890687729e-06
161 6.78769237834e-06
162 6.71773542972e-06
163 6.64829816e-06
164 6.57937325338e-06
165 6.51234027646e-06
166 6.44509114669e-06
167 6.37967848619e-06
168 6.31471012275e-06
169 6.25084618319e-06
170 6.18740253667e-06
171 6.12502656945e-06
172 6.06369403921e-06
173 6.0027422689e-06
174 5.94343293613e-06
175 5.88384525919e-06
176 5.82585553855e-06
177 5.7681955673e-06
178 5.71147078544e-06
179 5.6556607475e-06
180 5.60074556778e-06
181 5.54611539863e-06
182 5.49235330958e-06
183 5.43944071725e-06
184 5.38678599809e-06
185 5.33495606413e-06
186 5.28449610945e-06
187 5.23370143996e-06
188 5.18424332686e-06
189 5.13554312472e-06
190 5.08704356947e-06
191 5.03928116021e-06
192 4.992240822e-06
193 4.94590786567e-06
194 4.89974629623e-06
195 4.85479030716e-06
196 4.80998763739e-06
197 4.76584649655e-06
198 4.72235375079e-06
199 4.67949659247e-06
200 4.63676885149e-06
201 4.59515013304e-06
202 4.55364554876e-06
203 4.51273699195e-06
204 4.47241296275e-06
205 4.43266223879e-06
206 4.39347386713e-06
207 4.35483715657e-06
208 4.31628211511e-06
209 4.27826615474e-06
210 4.24123067353e-06
211 4.20425882336e-06
212 4.16779646082e-06
213 4.13183415954e-06
214 4.09636271121e-06
215 4.06094075194e-06
216 4.02642790154e-06
217 3.99195445625e-06
218 3.95836564342e-06
219 3.92480673983e-06
220 3.89169460683e-06
221 3.85943213481e-06
222 3.82718635397e-06
223 3.79536398411e-06
224 3.76355686246e-06
225 3.73256240254e-06
226 3.70196942289e-06
227 3.67177094533e-06
228 3.64157242746e-06
229 3.61176121352e-06
230 3.58271205612e-06
231 3.55365253239e-06
232 3.52496080994e-06
233 3.49700293374e-06
234 3.46902525202e-06
235 3.4413970866e-06
236 3.41411258502e-06
237 3.38716601731e-06
238 3.3601940162e-06
239 3.33390939945e-06
240 3.3079461969e-06
241 3.28194971338e-06
242 3.25661633636e-06
243 3.23124482695e-06
244 3.20652091899e-06
245 3.18175431108e-06
246 3.15762033406e-06
247 3.13343935768e-06
248 3.10954548309e-06
249 3.08593414655e-06
250 3.06292694616e-06
251 3.03986489959e-06
252 3.01707226366e-06
253 2.99454482396e-06
254 2.97227844845e-06
255 2.94995500789e-06
256 2.92820100068e-06
257 2.90669611017e-06
258 2.88543651542e-06
259 2.86441846869e-06
260 2.84333556816e-06
261 2.82279184623e-06
262 2.80218048357e-06
263 2.78209683538e-06
264 2.76194293042e-06
265 2.74230563748e-06
266 2.72259563353e-06
267 2.70339148617e-06
268 2.68411232678e-06
269 2.66504485881e-06
270 2.64646770859e-06
271 2.62781236865e-06
272 2.60935958568e-06
273 2.59110641807e-06
274 2.57332392562e-06
275 2.55545947431e-06
276 2.53778614938e-06
277 2.52030121549e-06
278 2.50300198622e-06
279 2.48588582297e-06
280 2.46895013399e-06
281 2.45219237335e-06
282 2.43561003998e-06
283 2.41894313655e-06
284 2.40270605804e-06
285 2.38663714554e-06
286 2.37073406843e-06
287 2.35499453647e-06
288 2.3391672525e-06
289 2.32374973881e-06
290 2.30848911663e-06
291 2.29313910341e-06
292 2.27818748217e-06
293 2.26338643438e-06
294 2.24849453789e-06
295 2.23399012639e-06
296 2.21939399161e-06
297 2.20517830634e-06
298 2.19087009392e-06
299 2.17693548723e-06
300 2.16290761664e-06
301 2.14924669291e-06
302 2.1354918322e-06
303 2.12187152702e-06
304 2.108608494e-06
305 2.09525063174e-06
306 2.08202214953e-06
307 2.06914164662e-06
308 2.05616554799e-06
309 2.04331390113e-06
310 2.03058511139e-06
311 2.018192459e-06
312 2.0057033716e-06
313 1.99333252114e-06
314 1.98107841197e-06
315 1.96893957209e-06
316 1.95691455265e-06
317 1.94520900721e-06
318 1.93340611619e-06
319 1.92171284552e-06
320 1.91012783467e-06
321 1.89864974416e-06
322 1.88727725525e-06
323 1.87600906949e-06
324 1.86484390836e-06
325 1.85378051294e-06
326 1.8428176435e-06
327 1.83195407918e-06
328 1.82118861764e-06
329 1.81052007472e-06
330 1.79994728411e-06
331 1.78927859718e-06
332 1.77897074293e-06
333 1.76864138368e-06
334 1.75842243341e-06
335 1.74827525592e-06
336 1.73823611467e-06
337 1.72826683708e-06
338 1.71838499568e-06
339 1.70858956574e-06
340 1.69886145106e-06
341 1.68923593204e-06
342 1.67969383834e-06
343 1.67021642217e-06
344 1.6608207126e-06
345 1.65150576849e-06
346 1.64227066223e-06
347 1.63311447951e-06
348 1.62403631912e-06
349 1.61503529268e-06
350 1.60609342565e-06
351 1.59724414654e-06
352 1.58845249943e-06
353 1.57973474165e-06
354 1.57109004358e-06
355 1.56251758721e-06
356 1.55401656598e-06
357 1.54558618457e-06
358 1.53722565873e-06
359 1.52891793789e-06
360 1.52069490128e-06
361 1.51252332863e-06
362 1.50443476951e-06
363 1.49639637189e-06
364 1.48842351467e-06
365 1.48051548397e-06
366 1.47267157567e-06
367 1.46489109515e-06
368 1.45717335722e-06
369 1.44950225423e-06
370 1.44190806356e-06
371 1.43435934364e-06
372 1.42688606587e-06
373 1.41945712734e-06
374 1.41208716472e-06
375 1.40477555265e-06
376 1.39752167404e-06
377 1.39032491993e-06
378 1.38318468942e-06
379 1.37610038948e-06
380 1.36907143485e-06
381 1.36209724794e-06
382 1.35516283134e-06
383 1.34829655014e-06
384 1.34146906645e-06
385 1.33469425772e-06
386 1.32798571902e-06
387 1.32131456787e-06
388 1.31469448478e-06
389 1.30812494758e-06
390 1.30160544082e-06
391 1.29513545558e-06
392 1.28871448942e-06
393 1.28234204626e-06
394 1.27600405174e-06
395 1.26972725817e-06
396 1.26348408485e-06
397 1.25730102861e-06
398 1.25115078622e-06
399 1.24505960264e-06
400 1.23900044785e-06
401 1.23298619191e-06
402 1.22702945354e-06
403 1.22110360474e-06
404 1.21522133867e-06
405 1.20938222724e-06
406 1.20358584761e-06
407 1.19783178209e-06
408 1.19210692674e-06
409 1.18643631714e-06
410 1.1808067985e-06
411 1.17520546168e-06
412 1.16965699572e-06
413 1.16414844151e-06
414 1.1586670802e-06
415 1.15322498401e-06
416 1.14783399725e-06
417 1.1424692519e-06
418 1.13714265869e-06
419 1.13185385531e-06
420 1.1266144777e-06
421 1.12140012859e-06
422 1.11622250825e-06
423 1.11108127119e-06
424 1.10597607595e-06
425 1.1008948648e-06
426 1.09586079845e-06
427 1.09086177301e-06
428 1.08589746274e-06
429 1.08096754564e-06
430 1.07606024756e-06
431 1.07119821752e-06
432 1.06635828391e-06
433 1.06156289567e-06
434 1.0567890942e-06
435 1.05205913099e-06
436 1.04735025743e-06
437 1.04267342969e-06
438 1.03802835657e-06
439 1.03342575207e-06
440 1.02884327897e-06
441 1.02429170685e-06
442 1.01977075746e-06
443 1.01528015568e-06
444 1.01081962946e-06
445 1.00638890982e-06
446 1.00198773077e-06
447 9.97615829287e-07
448 9.93262370851e-07
449 9.88948293027e-07
450 9.84662720798e-07
451 9.80405402615e-07
452 9.76165697296e-07
453 9.71964188343e-07
454 9.67790194988e-07
455 9.63633217574e-07
456 9.59513579885e-07
457 9.55410571902e-07
458 9.51334218874e-07
459 9.4729437453e-07
460 9.43270597483e-07
461 9.39272789554e-07
462 9.35310684309e-07
463 9.3136410366e-07
464 9.27442828245e-07
465 9.23546641412e-07
466 9.19675328826e-07
467 9.1582867844e-07
468 9.12006480463e-07
469 9.08208527336e-07
470 9.04434613699e-07
471 9.00684536366e-07
472 8.96958094294e-07
473 8.93255088562e-07
474 8.89575322336e-07
475 8.85918600851e-07
476 8.82284731378e-07
477 8.78664168822e-07
478 8.75075471428e-07
479 8.71509059608e-07
480 8.67955508164e-07
481 8.64433152441e-07
482 8.60923367808e-07
483 8.57444343176e-07
484 8.53986698469e-07
485 8.5054120323e-07
486 8.47116811576e-07
487 8.43722333229e-07
488 8.40339596793e-07
489 8.36986362299e-07
490 8.33644605673e-07
491 8.30323107634e-07
492 8.27021704211e-07
493 8.23749002742e-07
494 8.20487268525e-07
495 8.17245147087e-07
496 8.14022480966e-07
497 8.10819114281e-07
498 8.07634892711e-07
499 8.04469663474e-07
500 8.01323275315e-07
501 7.98204076178e-07
502 7.95086424708e-07
503 7.91995667199e-07
504 7.88923160609e-07
505 7.85868761031e-07
506 7.8283232597e-07
507 7.79813714337e-07
508 7.76812786424e-07
509 7.73829403893e-07
510 7.70855223132e-07
511 7.67906553133e-07
512 7.64975021367e-07
513 7.620523819e-07
514 7.59154759667e-07
515 7.56273880272e-07
516 7.53401593708e-07
517 7.50553843963e-07
518 7.4771449275e-07
519 7.44899365066e-07
520 7.42092445795e-07
521 7.39309442278e-07
522 7.36534461136e-07
523 7.33783093368e-07
524 7.31039565917e-07
525 7.28319354738e-07
526 7.25606805705e-07
527 7.22909584817e-07
528 7.2023524407e-07
529 7.17568305258e-07
530 7.14916351094e-07
531 7.12279269173e-07
532 7.09664503239e-07
533 7.07056805025e-07
534 7.04463648263e-07
535 7.01884924689e-07
536 6.99320527045e-07
537 6.96770349071e-07
538 6.94241676393e-07
539 6.9171959605e-07
540 6.89211422605e-07
541 6.86717053668e-07
542 6.84236387792e-07
543 6.81769324462e-07
544 6.79315764084e-07
545 6.76875607973e-07
546 6.74441578161e-07
547 6.72027963825e-07
548 6.69627462934e-07
549 6.67239980351e-07
550 6.64865421801e-07
551 6.62503693862e-07
552 6.60154703958e-07
553 6.57811357205e-07
554 6.55487593702e-07
555 6.53176295338e-07
556 6.50870443577e-07
557 6.48583832757e-07
558 6.46309421459e-07
559 6.44047122762e-07
560 6.41790017949e-07
561 6.39551710614e-07
562 6.37318474639e-07
563 6.35103819664e-07
564 6.32900853888e-07
565 6.30702780378e-07
566 6.28522969742e-07
567 6.26347934989e-07
568 6.24190955187e-07
569 6.22038637246e-07
570 6.19904169638e-07
571 6.17774252175e-07
572 6.15655429326e-07
573 6.13554155842e-07
574 6.11457269122e-07
575 6.09377735125e-07
576 6.07302481725e-07
577 6.05237944055e-07
578 6.03184048247e-07
579 6.0114712088e-07
580 5.99114268087e-07
581 5.97091839451e-07
582 5.95086098897e-07
583 5.93084283786e-07
584 5.91092680676e-07
585 5.89111220015e-07
586 5.87139832844e-07
587 5.85184680663e-07
588 5.83233215152e-07
589 5.81291619845e-07
590 5.79359828091e-07
591 5.77437773799e-07
592 5.75525391433e-07
593 5.73622616013e-07
594 5.71729383099e-07
595 5.69845628795e-07
596 5.67971289739e-07
597 5.66106303095e-07
598 5.64250606555e-07
599 5.62404138328e-07
