50 2.21602893799e-05
51 2.67923959712e-05
52 3.193579121e-05
53 3.77407474621e-05
54 4.42231030795e-05
55 5.13764258799e-05
56 5.92704099752e-05
57 6.79992152489e-05
58 7.75498545443e-05
59 8.80313309843e-05
60 9.94150528087e-05
61 0.000111834660245
62 0.000125030641003
63 0.000139352405991
64 0.000154491356449
65 0.000170603243606
66 0.000187590204225
67 0.000205323509753
68 0.000224043428276
69 0.000243230453091
70 0.0002630940447
71 0.000283493672812
72 0.000304324469648
73 0.000325596068153
74 0.000347102067643
75 0.00036887212633
76 0.000390693924117
77 0.000412626166738
78 0.00043453574833
79 0.000456366319185
80 0.000477988423674
81 0.000499359540017
82 0.000520544110826
83 0.000541249787865
84 0.000561656100129
85 0.000581675657542
86 0.000601114792867
87 0.000620099724457
88 0.000638557796486
89 0.0006564183073
90 0.000673733074238
91 0.000690445311675
92 0.000706500509605
93 0.000721975453563
94 0.000736828743003
95 0.000751021120837
96 0.000764515589809
97 0.000777416198608
98 0.000789697279394
99 0.000801334948292
100 0.000812452068059
101 0.000822740398914
102 0.000832621589595
103 0.000841788591682
104 0.00085037776836
105 0.000858533038249
106 0.000865941382167
107 0.000872903363761
108 0.000879259804597
109 0.000885163720118
110 0.000890614190892
111 0.000895610841903
112 0.000899993251845
113 0.000903921225246
114 0.0009075580538
115 0.000910582363913
116 0.000913320688029
117 0.000915613676326
118 0.000917627997096
119 0.000919203891155
120 0.000920509134255
121 0.000921383772282
122 0.000921831927131
123 0.000922187071648
124 0.000922124922586
125 0.00092181468041
126 0.000921261068168
127 0.00092046879815
128 0.000919278555476
129 0.000918023275591
130 0.000916543427001
131 0.000914843656247
132 0.000912765737543
133 0.000910640358467
134 0.000908308906431
135 0.000905937543578
136 0.000903207105971
137 0.000900444783819
138 0.000897493353163
139 0.000894357171665
140 0.000891199549083
141 0.000887864601306
142 0.000884356521207
143 0.000880836606944
144 0.000877150536915
145 0.000873302350692
146 0.00086945116401
147 0.000865598831708
148 0.000861593385817
149 0.000857438626042
150 0.000853290549603
151 0.000849150627393
152 0.000844869506627
153 0.000840450776041
154 0.000836196313676
155 0.000831659763516
156 0.000827289682288
157 0.000822791102762
158 0.000818167352432
159 0.000813712032005
160 0.000809134804148
161 0.000804438847043
162 0.000799912692213
163 0.000795270736954
164 0.000790516024895
165 0.000785931968015
166 0.000781237785834
167 0.000776574929133
168 0.000771806065451
169 0.000767070894544
170 0.000762369694725
171 0.000757702710069
172 0.000753070152275
173 0.000748338686901
174 0.000743643633317
175 0.000738985097262
176 0.000734232159909
177 0.000729647692091
178 0.000724970556834
179 0.000720331743604
180 0.000715731222786
181 0.000711042084383
182 0.000706518791095
183 0.000701908352582
184 0.000697337509778
185 0.000692806127625
186 0.000688314057251
187 0.000683861136877
188 0.000679325990109
189 0.000674831216859
190 0.000670376600549
191 0.000665961915036
192 0.000661586925321
193 0.000657251388215
194 0.000652838576184
195 0.000648581944563
196 0.000644249041845
197 0.000639956053932
198 0.00063581610428
199 0.000631488633794
200 0.00062731359605
201 0.000623177262971
202 0.000619079322618
203 0.00061490975042
204 0.000610888365759
205 0.000606796153001
206 0.000602742479979
207 0.000598727003485
208 0.000594749379241
209 0.000590809262181
210 0.000586906306708
211 0.000583040166937
212 0.00057910717499
213 0.000575314305665
214 0.000571455251804
215 0.000567734245907
216 0.000563947699796
217 0.00056019720806
218 0.000556581695197
219 0.000552901574729
220 0.000549256436904
221 0.000545645925587
222 0.000541972989868
223 0.000538431302485
224 0.000534923178624
225 0.000531448270156
226 0.00052791204326
227 0.000524503138352
228 0.000521033451684
229 0.000517689162519
230 0.000514284615118
231 0.000511003574383
232 0.000507662786753
233 0.000504353663815
234 0.000501075863542
235 0.000497829046877
236 0.000494612877773
237 0.000491427023214
238 0.000488271153243
239 0.000485144940982
240 0.000482048062648
241 0.000478980197565
242 0.000475941028179
243 0.000472845876837
244 0.000469863690776
245 0.000466909261591
246 0.000463899517269
247 0.000461000207385
248 0.000458046021423
249 0.000455200616945
250 0.000452300768867
251 0.000449508081546
252 0.000446661376878
253 0.000443841055647
254 0.000441125514041
255 0.000438356588264
256 0.000435613179509
257 0.000432895003889
258 0.000430201780733
259 0.00042753323256
260 0.000424889085061
261 0.000422269067074
262 0.000419672910561
263 0.000417100350586
264 0.000414551125291
265 0.000412024975867
266 0.000409521646532
267 0.000407040884505
268 0.000404582439979
269 0.000402146066094
270 0.000399660213167
271 0.000397267678505
272 0.000394896487507
273 0.000392546404875
274 0.000390147589576
275 0.000387839440789
276 0.000385551707564
277 0.000383215793913
278 0.000380968622862
279 0.000378673637928
280 0.000376466139619
281 0.000374211190461
282 0.000372042496923
283 0.000369826712133
284 0.000367695976384
285 0.000365518505619
286 0.000363360071978
287 0.000361284914697
288 0.000359163554707
289 0.000357060618024
290 0.000355039237291
291 0.000352972178832
292 0.000350922952103
293 0.000348953611438
294 0.000346939110882
295 0.000344941871929
296 0.000342961708157
297 0.000340998435435
298 0.000339112364144
299 0.000337181985803
300 0.000335267962505
301 0.000333370118972
302 0.000331488282084
303 0.000329622280842
304 0.00032777194635
305 0.000325937111784
306 0.000324117612367
307 0.00032231328534
308 0.000320523969942
309 0.00031874950738
310 0.000316989740805
311 0.000315244515287
312 0.00031351367779
313 0.00031179707715
314 0.000310094564047
315 0.000308405990984
316 0.000306731212262
317 0.00030501566431
318 0.00030336833816
319 0.00030173437743
320 0.000300113643409
321 0.000298505999069
322 0.000296911309047
323 0.000295276757547
324 0.000293707856526
325 0.000292151511247
326 0.000290607592805
327 0.000289024407294
328 0.000287505233053
329 0.000285998106034
330 0.000284502903454
331 0.000282969017833
332 0.000281497564201
333 0.000280037673378
334 0.000278554440338
335 0.000277102674133
336 0.000275657358218
337 0.000274223346831
338 0.000272800526134
339 0.000271388783644
340 0.000269988008221
341 0.000268598090049
342 0.000267218920616
343 0.000265850392699
344 0.000264487681843
345 0.000263140144397
346 0.000261798263653
347 0.000260466655327
348 0.000259149841038
349 0.000257838450633
350 0.000256537031682
351 0.000255245486154
352 0.000253959186497
353 0.000252687121004
354 0.000251424641515
355 0.000250167191489
356 0.000248923626731
357 0.000247684951777
358 0.000246459935676
359 0.000245239673319
360 0.00024402849476
361 0.000242826312338
362 0.00024163303941
363 0.00024044859033
364 0.000239272880444
365 0.000238105826071
366 0.000236943117388
367 0.000235793147348
368 0.000234647401205
369 0.000233514191562
370 0.000232385087131
371 0.00023126832132
372 0.000230155545063
373 0.000229050827394
374 0.000227954092433
375 0.000226865265163
376 0.000225784271412
377 0.000224711037851
378 0.000223645491977
379 0.000222587562103
380 0.000221533225163
381 0.000220490334056
382 0.000219450933519
383 0.000218422803455
384 0.000217398064182
385 0.000216384423621
386 0.000215374076588
387 0.000214370835606
388 0.000213374635516
389 0.000212385411881
390 0.000211406872444
391 0.000210431393853
392 0.000209458965994
393 0.000208497017953
394 0.00020754173471
395 0.000206593055977
396 0.000205650922127
397 0.000204711622098
398 0.000203782418313
399 0.000202855965318
400 0.000201939460364
401 0.000201025625234
402 0.000200121592884
403 0.000199220151405
404 0.000198324832172
405 0.000197435580823
406 0.000196555850111
407 0.00019567855814
408 0.000194807174569
409 0.00019394164734
410 0.000193081924951
411 0.000192227956452
412 0.000191376277254
413 0.000190533680888
414 0.000189696688701
415 0.000188865251879
416 0.000188035967536
417 0.000187215511708
418 0.000186400467793
419 0.0001855874781
420 0.000184783132514
421 0.000183980777635
422 0.000183183678774
423 0.000182395044709
424 0.000181608308958
425 0.000180826695366
426 0.000180050160209
427 0.000179281858581
428 0.000178515337272
429 0.00017775376603
430 0.000176997102923
431 0.00017624530645
432 0.000175498335538
433 0.00017475614954
434 0.000174018708224
435 0.00017328288038
436 0.000172554822377
437 0.000171831390742
438 0.000171112546871
439 0.000170395212673
440 0.000169685442744
441 0.000168980147024
442 0.000168276286381
443 0.000167579840709
444 0.000166884781866
445 0.00016619704068
446 0.000165510639237
447 0.000164828519336
448 0.000164153574354
449 0.000163479900583
450 0.000162810404193
451 0.000162145051132
452 0.000161486688585
453 0.000160829509658
454 0.000160176374001
455 0.000159527248895
456 0.00015888210195
457 0.000158240901094
458 0.000157603614572
459 0.000156970210942
460 0.000156340659074
461 0.000155714928142
462 0.000155092987621
463 0.000154474807289
464 0.000153857612373
465 0.000153246873821
466 0.000152639806479
467 0.000152033668982
468 0.000151433867862
469 0.000150837651549
470 0.000150242311473
471 0.000149653190888
472 0.000149064911851
473 0.000148482776017
474 0.000147901447864
475 0.000147326187935
476 0.000146751702616
477 0.000146183211822
478 0.00014561546335
479 0.000145051049221
480 0.000144492521355
481 0.000143934688793
482 0.000143380113952
483 0.000142831319843
484 0.000142283175672
485 0.000141738214756
486 0.000141196412724
487 0.00014065774543
488 0.000140122188958
489 0.000139589719614
490 0.000139060313929
491 0.00013853394865
492 0.000138010600744
493 0.000137490247392
494 0.000136972865986
495 0.000136458434129
496 0.000135946929631
497 0.000135438330509
498 0.000134932614983
499 0.000134427363266
500 0.00013392735931
501 0.000133430174753
502 0.000132935788607
503 0.000132441817292
504 0.000131952974488
505 0.000131466868225
506 0.000130981141546
507 0.000130500456427
508 0.000130022447658
509 0.000129544784452
510 0.000129072077938
511 0.000128599694966
512 0.000128132213201
513 0.000127665033471
514 0.000127202700342
515 0.000126740648242
516 0.000126281136125
517 0.000125826390272
518 0.000125371894852
519 0.000124922113215
520 0.000124472562207
521 0.000124025460689
522 0.000123580791027
523 0.000123140732552
524 0.000122700866471
525 0.000122263380314
526 0.000121828257063
527 0.000121395479848
528 0.000120967189985
529 0.000120539047191
530 0.000120113200752
531 0.000119689634385
532 0.000119268331948
533 0.00011884927744
534 0.000118432455001
535 0.000118017848906
536 0.000117605443571
537 0.000117195223543
538 0.000116787173507
539 0.000116381278277
540 0.0001159775228
541 0.000115575892153
542 0.000115174316812
543 0.000114776898657
544 0.00011438156129
545 0.000113988290295
546 0.000113597071378
547 0.000113207890367
548 0.000112818720508
549 0.00011243358015
550 0.000112050435869
551 0.000111667281809
552 0.00011128809548
553 0.000110910864456
554 0.00011053360345
555 0.000110160249761
556 0.000109788811631
557 0.000109417324023
558 0.000109049684633
559 0.000108681983148
560 0.000108318091176
561 0.000107954124785
562 0.000107593929761
563 0.000107233648286
564 0.00010687710058
565 0.000106520454674
566 0.000106167505479
567 0.000105814446611
568 0.000105465047926
569 0.000105115528364
570 0.000104767763905
571 0.000104423605777
572 0.000104079310462
573 0.000103736735555
574 0.000103397714267
575 0.000103058540058
576 0.000102721052407
577 0.000102385240206
578 0.000102052913042
579 0.000101720412839
580 0.000101389555327
581 0.000101060329753
582 0.00010073272545
583 0.000100408523113
584 0.000100084123916
585 9.97613145377e-05
586 9.94400846523e-05
587 9.91204240175e-05
588 9.8802322473e-05
589 9.84857699399e-05
590 9.817075642e-05
591 9.78572719949e-05
592 9.75453068256e-05
593 9.72348511511e-05
594 9.69258952883e-05
595 9.6618429631e-05
596 9.63124446491e-05
597 9.60079308879e-05
598 9.57048789677e-05
599 9.54032795827e-05
