0.00943433365674
0.00906933692865
0.00872509501674
0.00840006539616
0.0080928460742
0.00780216051768
0.00752684443129
0.00726583413186
0.00701815630238
0.00678291894178
0.00655930335403
0.00634655704209
0.00614398739223
0.00595095604968
0.00576687390052
0.00559119658653
0.00542342048904
0.0052630791268
0.00510973991979
0.00496300127704
0.00482248997208
0.00468785877382
0.00455878430512
0.00443496510413
0.00431611986694
0.00420198585237
0.00409231743206
0.00398688477083
0.00388547262431
0.00378787924187
0.00369391536462
0.00360340330907
0.00351617612824
0.00343207684281
0.00335095773574
0.0032726797044
0.00319711166493
0.00312413000412
0.00305361807446
0.00298546572854
0.00291956888936
0.00285582915341
0.00279415342371
0.00273445357014
0.002676646115
0.00262065194144
0.00256639602298
0.0025138071725
0.00246281780887
0.00241336374006
0.00236538396127
0.00231882046698
0.00227361807574
0.00222972426686
0.00218708902792
0.00214566471247
0.00210540590701
0.00206626930658
0.00202821359844
0.00199119935306
0.00195518892215
0.0019201463429
0.00188603724834
0.00185282878305
0.00182048952417
0.00178898940706
0.0017582996555
0.001728392716
0.00169924219599
0.00167082280564
0.00164311030304
0.0016160814425
0.0015897139259
0.00156398635665
0.00153887819637
0.00151436972388
0.00149044199651
0.00146707681354
0.00144425668157
0.00142196478182
0.00140018493912
0.00137890159266
0.0013580997681
0.00133776505135
0.00131788356354
0.00129844193738
0.0012794272947
0.00126082722511
0.00124262976582
0.00122482338233
0.00120739695022
0.00119033973776
0.00117364138941
0.00115729191009
0.00114128165023
0.00112560129156
0.00111024183354
0.00109519458044
0.00108045112906
0.00106600335699
0.00105184341143
0.0010379636985
0.00102435687313
0.00101101582925
0.000997933690593
0.000985103801813
0.000972519720011
0.000960175206662
0.000948064219882
0.000936180907041
0.000924519597689
0.000913074796798
0.00090184117829
0.000890813578842
0.000879986991954
0.000869356562268
0.00085891758013
0.000848665476369
0.000838595817305
0.000828704299953
0.000818986747426
0.000809439104532
0.00080005743354
0.000790837910125
0.000781776819466
0.000772870552512
0.000764115602384
0.000755508560925
0.000747046115386
0.000738725045236
0.000730542219103
0.000722494591825
0.000714579201617
0.000706793167353
0.000699133685937
0.000691598029785
0.000684183544396
0.000676887646018
0.000669707819392
0.000662641615588
0.000655686649919
0.000648840599926
0.000642101203441
0.000635466256718
0.000628933612635
0.000622501178952
0.000616166916642
0.00060992883827
0.000603785006438
0.000597733532281
0.000591772574011
0.000585900335524
0.00058011506504
0.000574415053799
0.000568798634802
0.000563264181589
0.000557810107063
0.000552434862353
0.000547136935714
0.000541914851465
0.000536767168961
0.000531692481599
0.000526689415857
0.000521756630368
0.000516892815016
0.000512096690072
0.000507367005348
0.000502702539382
0.000498102098654
0.000493564516819
0.00048908865397
0.000484673395918
0.000480317653505
0.000476020361928
0.00047178048009
0.000467596989967
0.000463468896004
0.000459395224512
0.000455375023104
0.000451407360134
0.000447491324155
0.000443626023401
0.000439810585277
0.000436044155863
0.000432325899443
0.000428654998036
0.00042503065095
0.000421452074343
0.000417918500799
0.000414429178918
0.000410983372918
0.000407580362243
0.00040421944119
0.000400899918543
0.000397621117213
0.000394382373901
0.000391183038755
0.000388022475047
0.000384900058858
0.000381815178767
0.000378767235553
0.000375755641906
0.000372779822141
0.000369839211923
0.000366933258003
0.000364061417954
0.00036122315992
0.000358417962368
0.000355645313853
0.000352904712778
0.000350195667171
0.000347517694467
0.000344870321286
0.000342253083232
0.000339665524681
0.000337107198592
0.000334577666304
0.000332076497356
0.0003296032693
0.000327157567524
0.000324738985076
0.000322347122499
0.000319981587662
0.000317641995601
0.000315327968361
0.000313039134848
0.000310775130674
0.000308535598015
0.000306320185471
0.000304128547925
0.000301960346412
0.000299815247984
0.000297692925586
0.000295593057929
0.000293515329371
0.000291459429793
0.00028942505449
0.000287411904054
0.000285419684263
0.00028344810598
0.000281496885038
0.000279565742145
0.000277654402785
0.000275762597113
0.000273890059867
0.000272036530273
0.00027020175195
0.000268385472828
0.000266587445059
0.000264807424929
0.00026304517278
0.000261300452927
0.00025957303358
0.000257862686767
0.000256169188258
0.000254492317492
0.000252831857507
0.000251187594866
0.000249559319591
0.000247946825096
0.000246349908121
0.000244768368669
0.000243202009939
0.000241650638271
0.000240114063083
0.000238592096811
0.000237084554856
0.000235591255524
0.000234112019972
0.000232646672156
0.00023119503878
0.000229756949238
0.000228332235574
0.000226920732422
0.000225522276968
0.000224136708896
0.000222763870346
0.000221403605865
0.00022005576237
0.000218720189096
0.000217396737562
0.000216085261524
0.000214785616937
0.000213497661917
0.000212221256699
0.000210956263599
0.000209702546982
0.000208459973219
0.000207228410656
0.000206007729578
0.000204797802173
0.000203598502501
0.000202409706459
0.000201231291754
0.000200063137861
0.000198905126006
0.000197757139124
0.000196619061834
0.000195490780414
0.000194372182765
0.000193263158389
0.000192163598357
0.000191073395287
0.000189992443316
0.000188920638073
0.000187857876653
0.000186804057598
0.000185759080865
0.000184722847808
0.000183695261152
0.000182676224972
0.000181665644669
0.000180663426948
0.000179669479797
0.000178683712468
0.000177706035452
0.000176736360462
0.000175774600412
0.000174820669397
0.000173874482674
0.000172935956645
0.000172005008835
0.000171081557877
0.000170165523494
0.000169256826479
0.000168355388679
0.000167461132981
0.000166573983292
0.000165693864525
0.000164820702579
0.000163954424331
0.000163094957613
0.000162242231202
0.000161396174802
0.000160556719033
0.000159723795413
0.000158897336346
0.000158077275109
0.000157263545836
0.00015645608351
0.000155654823941
0.000154859703763
0.000154070660416
0.000153287632134
0.000152510557934
0.000151739377605
0.000150974031693
0.000150214461494
0.000149460609039
0.000148712417085
0.000147969829103
0.00014723278927
0.000146501242453
0.000145775134205
0.00014505441075
0.000144339018976
0.000143628906424
0.000142924021279
0.000142224312359
0.000141529729108
0.000140840221585
0.000140155740456
0.000139476236986
0.000138801663027
0.000138131971013
0.00013746711395
0.00013680704541
0.000136151719517
0.000135501090947
0.000134855114914
0.000134213747164
0.000133576943971
0.000132944662122
0.000132316858917
0.000131693492159
0.000131074520146
0.000130459901664
0.000129849595983
0.000129243562847
0.000128641762467
0.00012804415552
0.000127450703135
0.000126861366892
0.000126276108814
0.000125694891361
0.000125117677423
0.000124544430317
0.000123975113776
0.00012340969195
0.000122848129395
0.000122290391069
0.000121736442328
0.000121186248918
0.000120639776972
0.000120096993005
0.000119557863905
0.000119022356933
0.000118490439716
0.000117962080239
0.000117437246847
0.000116915908233
0.000116398033439
0.000115883591848
0.00011537255318
0.000114864887488
0.000114360565156
0.00011385955689
0.000113361833717
0.00011286736698
0.000112376128332
0.000111888089737
0.000111403223461
0.000110921502069
0.000110442898424
0.000109967385678
0.000109494937275
0.000109025526941
0.000108559128683
0.000108095716788
0.000107635265814
0.00010717775059
0.000106723146212
0.000106271428041
0.000105822571696
0.000105376553054
0.000104933348246
0.000104492933652
0.0001040552859
0.000103620381863
0.000103188198655
0.000102758713626
0.000102331904365
0.000101907748689
0.000101486224647
0.000101067310515
0.000100650984791
0.000100237226194
9.98260136619e-05
9.94173263489e-05
9.9011143621e-05
9.86074450549e-05
9.82062104348e-05
9.78074197505e-05
9.74110531942e-05
9.70170911587e-05
9.66255142343e-05
9.62363032068e-05
9.58494390554e-05
9.54649029498e-05
9.50826762481e-05
9.47027404948e-05
9.43250774184e-05
9.3949668929e-05
9.35764971165e-05
9.32055442483e-05
9.28367927671e-05
9.24702252889e-05
9.2105824601e-05
9.17435736599e-05
9.13834555895e-05
9.10254536786e-05
9.06695513798e-05
9.03157323068e-05
8.9963980233e-05
8.96142790894e-05
8.9266612963e-05
8.89209660945e-05
8.85773228773e-05
8.8235667855e-05
8.78959857199e-05
8.75582613116e-05
8.72224796148e-05
8.68886257579e-05
8.65566850116e-05
8.62266427866e-05
8.58984846327e-05
8.55721962368e-05
8.52477634215e-05
8.49251721435e-05
8.4604408492e-05
8.42854586876e-05
8.39683090801e-05
8.36529461479e-05
8.33393564957e-05
8.30275268538e-05
8.27174440763e-05
8.24090951398e-05
8.2102467142e-05
8.17975473004e-05
8.1494322951e-05
8.11927815469e-05
8.08929106572e-05
8.05946979653e-05
8.02981312681e-05
8.00031984744e-05
7.9709887604e-05
7.94181867862e-05
7.91280842586e-05
7.88395683663e-05
7.85526275601e-05
7.82672503959e-05
7.79834255334e-05
7.77011417347e-05
7.74203878636e-05
7.71411528843e-05
7.68634258601e-05
7.65871959529e-05
7.63124524215e-05
7.6039184621e-05
7.57673820017e-05
7.54970341078e-05
7.52281305768e-05
7.49606611381e-05
7.46946156124e-05
7.44299839105e-05
7.41667560324e-05
7.39049220663e-05
7.36444721878e-05
7.33853966589e-05
7.3127685827e-05
7.28713301242e-05
7.26163200663e-05
7.23626462518e-05
7.21102993613e-05
7.18592701565e-05
7.16095494793e-05
7.13611282509e-05
7.11139974713e-05
7.08681482184e-05
7.06235716466e-05
7.0380258987e-05
7.01382015458e-05
6.98973907038e-05
6.96578179159e-05
6.94194747099e-05
6.91823526859e-05
6.89464435158e-05
6.87117389422e-05
6.84782307779e-05
6.82459109053e-05
6.80147712752e-05
6.77848039067e-05
6.75560008862e-05
6.73283543667e-05
6.71018565673e-05
6.68764997723e-05
6.66522763306e-05
6.64291786555e-05
6.62071992232e-05
6.5986330573e-05
