0.1 0.13733939
0.2 0.248024289942
0.3 0.336582105696
0.4 0.406786877995
0.5 0.461784210375
0.6 0.504195492964
0.7 0.536204853065
0.8 0.5596316949
0.9 0.575991216595
1.0 0.586544896739
1.1 0.592342612707
1.2 0.594257777495
1.3 0.593016652024
1.4 0.589222798142
1.5 0.583377477608
1.6 0.575896668898
1.7 0.567125262347
1.8 0.557348901248
1.9 0.546803859041
2.0 0.535685278085
2.1 0.524154041561
2.2 0.512342505038
2.3 0.500359276738
2.4 0.488293204153
2.5 0.476216698598
2.6 0.464188507427
2.7 0.452256025499
2.8 0.44045722227
2.9 0.428822248247
3.0 0.417374773981
3.1 0.406133105938
3.2 0.395111116277
3.3 0.384319017387
3.4 0.373764006955
3.5 0.363450805043
3.6 0.353382101104
3.7 0.343558925888
3.8 0.333980960714
3.9 0.324646794523
4.0 0.315554137377
4.1 0.306699997669
4.2 0.298080829059
4.3 0.289692652206
4.4 0.281531155469
4.5 0.27359177811
4.6 0.265869778905
4.7 0.258360292614
4.8 0.251058376335
4.9 0.243959047453
5.0 0.237057314578
5.1 0.230348202676
5.2 0.223826773357
5.3 0.217488141152
5.4 0.211327486455
5.5 0.20534006571
5.6 0.199521219309
5.7 0.193866377593
5.8 0.188371065309
5.9 0.183030904761
6.0 0.177841617919
6.1 0.172799027657
6.2 0.167899058276
6.3 0.163137735461
6.4 0.158511185761
6.5 0.154015635697
6.6 0.149647410573
6.7 0.145402933036
6.8 0.141278721466
6.9 0.13727138821
7.0 0.133377637711
7.1 0.129594264563
7.2 0.125918151504
7.3 0.12234626738
7.4 0.118875665086
7.5 0.115503479505
7.6 0.112226925448
7.7 0.109043295614
7.8 0.105949958564
7.9 0.102944356725
8.0 0.100024004428
8.1 0.0971864859702
8.2 0.0944294537277
8.3 0.0917506262949
8.4 0.0891477866706
8.5 0.0866187804835
8.6 0.0841615142588
8.7 0.0817739537277
8.8 0.0794541221777
8.9 0.0772000988461
9.0 0.0750100173532
9.1 0.0728820641776
9.2 0.0708144771713
9.3 0.068805544115
9.4 0.0668536013112
9.5 0.0649570322171
9.6 0.0631142661136
9.7 0.0613237768111
9.8 0.0595840813918
9.9 0.0578937389858
