0.1 0.438617337081
0.2 0.651117868726
0.3 0.746023571851
0.4 0.780058952513
0.5 0.782863002259
0.6 0.769911795062
0.7 0.749276070977
0.8 0.72515494813
0.9 0.699723775451
1.0 0.674100399568
1.1 0.648850424856
1.2 0.624251400147
1.3 0.600430941979
1.4 0.577438936497
1.5 0.555285270119
1.6 0.533959535139
1.7 0.513441310426
1.8 0.49370551449
1.9 0.474725182609
2.0 0.456472897783
2.1 0.438921518545
2.2 0.422044539863
2.3 0.405816262941
2.4 0.390211865802
2.5 0.375207422703
2.6 0.360779897443
2.7 0.346907123696
2.8 0.333567779151
2.9 0.320741357034
3.0 0.308408136826
3.1 0.296549155114
3.2 0.285146177048
3.3 0.274181668626
3.4 0.263638769893
3.5 0.253501269111
3.6 0.243753577873
3.7 0.234380707156
3.8 0.225368244285
3.9 0.216702330779
4.0 0.208369641044
4.1 0.20035736188
4.2 0.192653172786
4.3 0.185245227009
4.4 0.178122133331
4.5 0.17127293855
4.6 0.164687110642
4.7 0.15835452256
4.8 0.152265436666
4.9 0.146410489757
5.0 0.140780678663
5.1 0.135367346409
5.2 0.130162168899
5.3 0.125157142116
5.4 0.120344569818
5.5 0.115717051699
5.6 0.11126747201
5.7 0.106988988622
5.8 0.102875022498
5.9 0.0989192475813
6.0 0.0951155810657
6.1 0.0914581740427
6.2 0.0879414025075
6.3 0.0845598587106
6.4 0.0813083428428
6.5 0.0781818550391
6.6 0.0751755876906
6.7 0.0722849180517
6.8 0.0695054011316
6.9 0.0668327628594
7.0 0.064262893512
7.1 0.061791841394
7.2 0.0594158067617
7.3 0.0571311359802
7.4 0.0549343159049
7.5 0.0528219684793
7.6 0.0507908455411
7.7 0.0488378238269
7.8 0.0469599001697
7.9 0.0451541868811
8.0 0.0434179073109
8.1 0.0417483915771
8.2 0.0401430724607
8.3 0.038599481458
8.4 0.037115244985
8.5 0.0356880807271
8.6 0.0343157941299
8.7 0.0329962750243
8.8 0.0317274943824
8.9 0.0305075011964
9.0 0.0293344194797
9.1 0.028206445381
9.2 0.0271218444116
9.3 0.0260789487775
9.4 0.0250761548152
9.5 0.0241119205257
9.6 0.0231847632032
9.7 0.0222932571554
9.8 0.0214360315108
9.9 0.0206117681114
