0.1 0.497390448003
0.2 0.709144309981
0.3 0.78904931055
0.4 0.808460784798
0.5 0.800472544398
0.6 0.780419609197
0.7 0.755394911819
0.8 0.728666624064
0.9 0.70172850842
1.0 0.675251593219
1.1 0.649525877008
1.2 0.624665321285
1.3 0.600702970173
1.4 0.57763507157
1.5 0.555441527511
1.6 0.534095358394
1.7 0.513567068865
1.8 0.493826648248
1.9 0.474844474001
2.0 0.456591706961
2.1 0.43904045162
2.2 0.422163808218
2.3 0.405935875485
2.4 0.390331731304
2.5 0.375327403906
2.6 0.360899839442
2.7 0.347026868601
2.8 0.333687173497
2.9 0.320860255343
3.0 0.308526403163
3.1 0.29666666359
3.2 0.285262811792
3.3 0.274297323478
3.4 0.263753347985
3.5 0.253614682384
3.6 0.243865746584
3.7 0.234491559391
3.8 0.225477715489
3.9 0.216810363299
4.0 0.208476183696
4.1 0.200462369544
4.2 0.19275660601
4.3 0.185347051643
4.4 0.178222320179
4.5 0.171371463039
4.6 0.164783952506
4.7 0.158449665552
4.8 0.152358868274
4.9 0.146502200941
5.0 0.140870663609
5.1 0.135455602293
5.2 0.130248695665
5.3 0.125241942269
5.4 0.120427648226
5.5 0.115798415406
5.6 0.111347130066
5.7 0.107066951914
5.8 0.102951303597
5.9 0.0989938605974
6.0 0.0951885415102
6.1 0.0915294986998
6.2 0.0880111093134
6.3 0.0846279666404
6.4 0.0813748718037
6.5 0.0782468257711
6.6 0.0752390216728
6.7 0.0723468374146
6.8 0.0695658285758
6.9 0.0668917215786
7.0 0.0643204071217
7.1 0.0618479338649
7.2 0.0594705023573
7.3 0.0571844591989
7.4 0.054986291426
7.5 0.0528726211131
7.6 0.0508402001822
7.7 0.048885905411
7.8 0.0470067336337
7.9 0.0451997971263
8.0 0.0434623191685
8.1 0.0417916297772
8.2 0.0401851616032
8.3 0.038640445986
8.4 0.0371551091604
8.5 0.0357268686087
8.6 0.0343535295529
8.7 0.0330329815822
8.8 0.03176319541
8.9 0.0305422197552
9.0 0.029368178344
9.1 0.0282392670263
9.2 0.0271537510036
9.3 0.026109962163
9.4 0.0251062965136
9.5 0.0241412117219
9.6 0.0232132247417
9.7 0.022320909535
9.8 0.0214628948805
9.9 0.0206378622667
