100 0.377590977795
101 0.386472276021
102 0.395374483681
103 0.404271004041
104 0.413310355834
105 0.422391661188
106 0.431493290976
107 0.440692527242
108 0.449871104912
109 0.459110996567
110 0.468395799562
111 0.477707532799
112 0.48714998003
113 0.496459945094
114 0.505999418228
115 0.515359545003
116 0.524929066706
117 0.534414692593
118 0.543941462808
119 0.553495162685
120 0.563060450439
121 0.572620846148
122 0.582158729875
123 0.591837435295
124 0.60146684142
125 0.611026144555
126 0.620693713603
127 0.630258633342
128 0.639909856809
129 0.649422242985
130 0.658995704359
131 0.668622994518
132 0.678296318454
133 0.687761263122
134 0.697493995769
135 0.706985842408
136 0.716472462985
137 0.72594290001
138 0.735666957365
139 0.745077170828
140 0.754435061621
141 0.764030909981
142 0.773562619134
143 0.783016115349
144 0.792376810561
145 0.801629631014
146 0.811101007032
147 0.82009871582
148 0.829655974962
149 0.838706320813
150 0.847956204974
151 0.857030191783
152 0.866300390094
153 0.875374588624
154 0.884640807871
155 0.893689703064
156 0.902501799112
157 0.911489318319
158 0.920217007375
159 0.929113363862
160 0.938183327084
161 0.946965494583
162 0.955913546803
163 0.964548204258
164 0.973340190961
165 0.981792355996
166 0.990392515293
167 0.99914459219
168 1.00752451822
169 1.01604611822
170 1.02416728922
171 1.03297380994
172 1.04136879486
173 1.04932839134
174 1.05799226398
175 1.06620885305
176 1.07395389593
177 1.08242111464
178 1.09040421073
179 1.09850586034
180 1.10609217091
181 1.1144293598
182 1.12223783309
183 1.13015642853
184 1.1375142475
185 1.14565052921
186 1.15321200857
187 1.16087389425
188 1.16863820104
189 1.17650699795
190 1.18375329983
191 1.19108934877
192 1.19851682392
193 1.20603744651
194 1.21365298125
195 1.22059002876
196 1.22839091887
197 1.23549783059
198 1.24268739108
199 1.2499610518
200 1.2564987912
201 1.26393538823
202 1.27062039144
203 1.27737642349
204 1.28506277114
205 1.29197355476
206 1.29808220857
207 1.3051339969
208 1.31226276193
209 1.31856507257
210 1.32492815279
211 1.33227522571
212 1.33877152881
213 1.34533143918
214 1.35195589667
215 1.3576866597
216 1.3644335454
217 1.37124776757
218 1.37714344106
219 1.38408542068
220 1.39009213688
221 1.39615116441
222 1.40226319056
223 1.4084289147
224 1.41464904852
225 1.42092431635
226 1.42725545538
227 1.43257523905
228 1.43901076467
229 1.44441860793
230 1.4509611266
231 1.45645923778
232 1.46199912808
233 1.46870210503
234 1.47433560894
235 1.48001245017
236 1.48573313152
237 1.49149816356
238 1.49614316743
239 1.50198933952
240 1.50788133476
241 1.51381969476
242 1.51860481841
243 1.52462802419
244 1.52948174557
245 1.53559163129
246 1.54051543907
247 1.54547088333
248 1.55170931814
249 1.55673707598
250 1.56179748109
251 1.56689085315
252 1.57201751598
253 1.57717779766
254 1.58237203059
255 1.58760055155
256 1.59286370176
257 1.59816182699
258 1.60349527762
259 1.60751954257
260 1.61291566606
261 1.61834810294
262 1.62244725146
263 1.62794412251
264 1.63209201877
265 1.63765447925
266 1.64185200028
267 1.64748123318
268 1.6517292771
269 1.65742649391
270 1.66172598056
271 1.66604779873
272 1.67039212333
273 1.67621890787
274 1.68061644353
275 1.68503708193
276 1.68948100605
277 1.69394840083
278 1.69843945315
279 1.70295435187
280 1.70749328786
281 1.71205645402
282 1.71664404534
283 1.72125625885
284 1.72589329375
285 1.72899944411
286 1.73367829182
287 1.73838250269
288 1.7431122839
289 1.74786784491
290 1.7510535263
291 1.75585252102
292 1.76067786539
293 1.76391037449
294 1.76878011646
295 1.7720424189
296 1.77695717542
297 1.78024968654
298 1.78521008597
299 1.78853322882
300 1.79353991127
301 1.79689411679
302 1.8019477343
303 1.80533344151
304 1.80873187115
305 1.81385231459
306 1.81728287453
307 1.82072641178
308 1.82591501808
309 1.82939133098
310 1.83288088288
311 1.83813902473
312 1.84166201495
313 1.84519851286
314 1.84874859659
315 1.85231234485
316 1.85588983698
317 1.86128088164
318 1.86489309083
319 1.86851932631
320 1.8721596702
321 1.87581420526
322 1.8794830149
323 1.88316618318
324 1.88686379481
325 1.89057593517
326 1.89430269031
327 1.89804414696
328 1.90180039253
329 1.90557151512
330 1.90935760352
331 1.91315874724
332 1.91697503649
333 1.91888993767
334 1.92330599816
335 1.92677668707
336 1.93045367243
337 1.93395019213
338 1.93745938259
339 1.94098131301
340 1.94451605313
341 1.94806367315
342 1.95142620439
343 1.95499907108
344 1.95838557289
345 1.96178381013
346 1.96539468797
347 1.96881728052
348 1.9720495497
349 1.97549534603
350 1.97895318863
351 1.98242314095
352 1.98570020947
353 1.9889881141
354 1.99249332903
355 1.99580375475
356 1.99912518315
357 2.00245766934
358 2.00559208222
359 2.00894615055
360 2.01231144074
361 2.01547675559
362 2.01886394892
363 2.02204989737
364 2.02524590227
365 2.02845201148
366 2.03188293497
367 2.03489473572
368 2.03813144798
369 2.04137845899
370 2.04463581815
371 2.04768551511
372 2.05096302134
373 2.05403160858
374 2.05732944996
375 2.06041710415
376 2.06351402667
377 2.06662025944
378 2.06973584466
379 2.07286082478
380 2.07599524248
381 2.07913914074
382 2.08206711816
383 2.08522942204
384 2.08817456454
385 2.09135543667
386 2.09431789617
387 2.0975175011
388 2.10049743132
389 2.10348582843
390 2.1064827287
391 2.10948816859
392 2.11250218479
393 2.11552481417
394 2.11855609383
395 2.12136202606
396 2.12441004537
397 2.12746682461
398 2.13029639112
399 2.13337012267
400 2.13621540165
401 2.13906826903
402 2.14216735053
403 2.14503612582
404 2.14791258409
405 2.15079675635
406 2.15368867379
407 2.15658836775
408 2.15949586975
409 2.16241121146
410 2.16533442476
411 2.16802109769
412 2.17095948729
413 2.17390584237
414 2.17661380989
415 2.17957552269
416 2.18229762225
417 2.18502651961
418 2.18801115646
419 2.19075435082
420 2.19350442249
421 2.19626139745
422 2.19902530182
423 2.20204828185
424 2.20482676052
425 2.20735885456
426 2.2101507404
427 2.21294968821
428 2.21575572493
429 2.2185688776
430 2.22113260542
431 2.22395941818
432 2.22679342637
433 2.22937618149
434 2.23222400265
435 2.23481936001
436 2.23768109569
437 2.24028914809
438 2.24290327835
439 2.24578574198
440 2.24841270592
441 2.25104581423
442 2.25368508856
443 2.25633055068
444 2.25898222244
445 2.26164012582
446 2.26430428288
447 2.26697471579
448 2.26965144682
449 2.27233449835
450 2.27502389288
451 2.27744990858
452 2.28015141661
453 2.28285933343
454 2.2853020742
455 2.28802223044
456 2.2907488622
457 2.29320850221
458 2.29594750104
459 2.2984183084
460 2.30089443195
461 2.30365181009
462 2.30613921397
463 2.30863198791
464 2.31140793155
465 2.3139121003
466 2.31642169373
467 2.31893672953
468 2.32145722549
469 2.32398319948
470 2.32651466943
471 2.32905165335
472 2.33159416935
473 2.33414223559
474 2.33669587034
475 2.33925509191
476 2.34181991872
477 2.34439036927
478 2.34668006799
479 2.34926119141
480 2.35184799244
481 2.3541522689
482 2.35674984524
483 2.35935315375
484 2.36167214811
485 2.36428633567
486 2.36661502975
487 2.36924016488
488 2.37157861988
489 2.37421477172
490 2.37656304934
491 2.37891597062
492 2.38156845004
493 2.38393128564
494 2.38629880833
495 2.38867103212
496 2.39104797107
497 2.39372755866
498 2.39611456478
499 2.39850633036
