100 0.636364373592
101 0.637921740396
102 0.639341128893
103 0.640763500412
104 0.642046666367
105 0.643474726843
106 0.644763006692
107 0.645910664011
108 0.647203530122
109 0.648355253623
110 0.649508895738
111 0.650664464209
112 0.651821966602
113 0.652836829856
114 0.653853161498
115 0.654870967412
116 0.655890253333
117 0.656911024862
118 0.657933287469
119 0.658811148799
120 0.659690091923
121 0.660716406513
122 0.661597720002
123 0.662333453561
124 0.663216764851
125 0.664101177935
126 0.664839469684
127 0.665725901896
128 0.666465861049
129 0.66720657681
130 0.66809596422
131 0.668838365035
132 0.669581530675
133 0.670177059841
134 0.670921598495
135 0.671666909256
136 0.672264130406
137 0.673010827718
138 0.673609143206
139 0.674357235462
140 0.674956652888
141 0.675556557884
142 0.676306674707
143 0.676907692242
144 0.67750920227
145 0.678111206315
146 0.678713705865
147 0.679316702377
148 0.679769677775
149 0.68037353921
150 0.680977901659
151 0.681582766452
152 0.682037115193
153 0.682642854878
154 0.683097846928
155 0.683704466061
156 0.684160105508
157 0.684767608449
158 0.685223899193
159 0.68568046665
160 0.686289235896
161 0.686746460102
162 0.687203963543
163 0.687661747
164 0.688119811236
165 0.688730619835
166 0.68918934905
167 0.689648361304
168 0.690107657296
169 0.690567237711
170 0.691027103221
171 0.691334183436
172 0.691794519485
173 0.692255142493
174 0.692716053079
175 0.693177251851
176 0.693638739405
177 0.69394686862
178 0.694408833486
179 0.69487108879
180 0.695179715261
181 0.695642450914
182 0.696105478571
183 0.696414606324
184 0.696878117198
185 0.697187558504
186 0.69765155438
187 0.698115844674
188 0.698425793403
189 0.69873586644
190 0.699200837431
191 0.699511228526
192 0.699976689513
193 0.700287400053
194 0.700753352591
195 0.701064383912
196 0.701375541776
197 0.701842182899
198 0.702153663422
199 0.702465271345
200 0.702777006934
201 0.703244536482
202 0.703556597056
203 0.703868786095
204 0.704181103843
205 0.704649526797
206 0.704962171702
207 0.70527494606
208 0.705587850099
209 0.705900884044
210 0.706214048117
211 0.706527342535
212 0.706840767511
213 0.707310887178
214 0.707624643179
215 0.707938530391
216 0.708252549011
217 0.708566699238
218 0.708880981266
219 0.709195395284
220 0.709509941481
221 0.709824620042
222 0.710139431149
223 0.710454374982
224 0.710612123971
225 0.710927264158
226 0.711242537563
227 0.711557944356
228 0.711873484704
229 0.712189158772
230 0.712504966723
231 0.712820908717
232 0.713136984913
233 0.713295274919
234 0.713611550094
235 0.713927959903
236 0.714244504496
237 0.714561184023
238 0.714719763339
239 0.715036643138
240 0.715353658275
241 0.715670808891
242 0.715829614599
243 0.716146966451
244 0.716464454167
245 0.716782077883
246 0.716941111581
247 0.717258937444
248 0.717576899674
249 0.717736096572
250 0.718054261591
251 0.718372563332
252 0.718531924217
253 0.718850429365
254 0.719169071578
255 0.719328597203
256 0.719647443421
257 0.719966427035
258 0.720126118121
259 0.720445306315
260 0.720605096335
261 0.720924489468
262 0.721244020519
263 0.721403977123
264 0.721723713657
265 0.721883769896
266 0.722203712251
267 0.722363868389
268 0.722684016895
269 0.722844273187
270 0.723164628168
271 0.723485121935
272 0.723645546637
273 0.723966247376
274 0.724126772854
275 0.724447680874
276 0.724608307361
277 0.724768966695
278 0.725090150687
279 0.725250911357
280 0.72557230335
281 0.725733165577
282 0.726054765859
283 0.726215729856
284 0.72653753871
285 0.726698604686
286 0.726859703933
287 0.72718179055
288 0.727342992069
289 0.727665287922
290 0.727826591911
291 0.727987929383
292 0.728310503919
293 0.728471944137
294 0.728794728545
295 0.728956271697
296 0.729117848532
297 0.729440912502
298 0.729602592532
299 0.729764306359
300 0.73008765039
301 0.730249467664
302 0.730411318844
303 0.730734943422
304 0.730896898296
305 0.73105888718
306 0.731382792781
307 0.731544885597
308 0.731707012526
309 0.732031199613
310 0.732193430706
311 0.732355696008
312 0.73251799555
313 0.732842534731
314 0.733004938728
315 0.733167377058
316 0.733329849749
317 0.733654741755
318 0.733817319182
319 0.73397993106
320 0.734142577417
321 0.73446782296
322 0.734630574323
323 0.734793360251
324 0.734956180769
325 0.735281780543
326 0.73544470633
327 0.735607666791
328 0.73577066195
329 0.735933691832
330 0.736259717311
331 0.736422852771
332 0.736586023033
333 0.736749228121
334 0.736912468058
335 0.737238920219
336 0.737402266032
337 0.737565646769
338 0.737729062454
339 0.737892513108
340 0.738055998754
341 0.738382949715
342 0.738546541574
343 0.738710168497
344 0.738873830505
345 0.739037527619
346 0.739201259859
347 0.739365027246
348 0.739528829801
349 0.739856423646
350 0.740020332834
351 0.740184277259
352 0.740348256938
353 0.740512271893
354 0.740692717875
355 0.74087320679
356 0.74105373866
357 0.741234313507
358 0.741414931351
359 0.741595592214
360 0.741759876421
361 0.741940619388
362 0.742121405436
363 0.742302234586
364 0.742466671531
365 0.742647582945
366 0.742812094553
367 0.742993088309
368 0.743157674655
369 0.743338750828
370 0.743503411984
371 0.743684570651
372 0.743849306688
373 0.744030547922
374 0.744195358912
375 0.744360205581
376 0.744525087945
377 0.744706490521
378 0.744871447974
379 0.745036441171
380 0.74520147013
381 0.745366534865
382 0.745531635393
383 0.745696771729
384 0.74586194389
385 0.74602715189
386 0.746192395745
387 0.74635767547
388 0.74652299108
389 0.746671814258
390 0.746837198027
391 0.747002617726
392 0.747168073369
393 0.747317022368
394 0.747482546284
395 0.747648106187
396 0.74779714887
397 0.74796277713
398 0.74812844142
399 0.748277577905
400 0.748443310633
401 0.748592508618
402 0.748758309838
403 0.748907569373
404 0.74905685805
405 0.749222760271
406 0.749372110572
407 0.749521490051
408 0.749687493388
409 0.749836934563
410 0.74998640495
411 0.750135904562
412 0.750285433409
413 0.750451603072
414 0.750601193732
415 0.750750813661
416 0.75090046287
417 0.75105014137
418 0.751199849172
419 0.751349586286
420 0.751499352723
421 0.751649148495
422 0.751798973611
423 0.751948828082
424 0.752082063916
425 0.752231973813
426 0.752381913095
427 0.752531881774
428 0.752681879859
429 0.752815243139
430 0.752965296749
431 0.753115379794
432 0.753248818474
433 0.753398957101
434 0.753549125194
435 0.753682639353
436 0.753832863085
437 0.753966426624
438 0.754116706031
439 0.754250318984
440 0.754400654102
441 0.754534316504
442 0.75468470737
443 0.754818419253
444 0.75495215441
445 0.755102627301
446 0.755236411989
447 0.755370219975
448 0.755520774969
449 0.755654632535
450 0.755788513422
451 0.755939150594
452 0.756073081109
453 0.756207034968
454 0.756341012178
455 0.756475012748
456 0.756609036684
457 0.756743083993
458 0.756893908761
459 0.757028005806
460 0.757162126247
461 0.757296270092
462 0.757430437346
463 0.757564628018
464 0.757698842114
465 0.757816304788
466 0.757950562784
467 0.758084844226
468 0.758219149119
469 0.758353477471
470 0.758487829289
471 0.75862220458
472 0.758739808066
473 0.758874227349
474 0.759008670125
475 0.7591431364
476 0.759260819371
477 0.75939532969
478 0.759529863528
479 0.759647605524
480 0.759782183442
481 0.7599167849
482 0.760034585973
483 0.760169231548
484 0.760287071167
485 0.760421760884
486 0.760539639069
487 0.760674372953
488 0.760792289727
489 0.760927067801
490 0.761045023186
491 0.761179845473
492 0.76129783949
493 0.761432706014
494 0.761550738686
495 0.761668789386
496 0.761803720817
497 0.761921810203
498 0.762039917633
499 0.76217491402
