100 0.22
101 0.223
102 0.226
103 0.229
104 0.233
105 0.236
106 0.239
107 0.242
108 0.245
109 0.248
110 0.251
111 0.254
112 0.257
113 0.26
114 0.263
115 0.266
116 0.269
117 0.271
118 0.274
119 0.277
120 0.28
121 0.282
122 0.285
123 0.288
124 0.29
125 0.293
126 0.296
127 0.298
128 0.301
129 0.303
130 0.305
131 0.308
132 0.31
133 0.313
134 0.315
135 0.317
136 0.32
137 0.322
138 0.324
139 0.326
140 0.328
141 0.331
142 0.333
143 0.335
144 0.337
145 0.339
146 0.341
147 0.343
148 0.345
149 0.347
150 0.349
151 0.351
152 0.353
153 0.354
154 0.356
155 0.358
156 0.36
157 0.362
158 0.363
159 0.365
160 0.367
161 0.368
162 0.37
163 0.372
164 0.373
165 0.375
166 0.377
167 0.378
168 0.38
169 0.381
170 0.383
171 0.384
172 0.386
173 0.387
174 0.389
175 0.39
176 0.392
177 0.393
178 0.394
179 0.396
180 0.397
181 0.398
182 0.4
183 0.401
184 0.402
185 0.403
186 0.405
187 0.406
188 0.407
189 0.408
190 0.41
191 0.411
192 0.412
193 0.413
194 0.414
195 0.415
196 0.417
197 0.418
198 0.419
199 0.42
200 0.421
201 0.422
202 0.423
203 0.424
204 0.425
205 0.426
206 0.427
207 0.428
208 0.429
209 0.43
210 0.431
211 0.432
212 0.433
213 0.434
214 0.435
215 0.436
216 0.437
217 0.437
218 0.438
219 0.439
220 0.44
221 0.441
222 0.442
223 0.443
224 0.444
225 0.444
226 0.445
227 0.446
228 0.447
229 0.448
230 0.448
231 0.449
232 0.45
233 0.451
234 0.452
235 0.452
236 0.453
237 0.454
238 0.454
239 0.455
240 0.456
241 0.457
242 0.457
243 0.458
244 0.459
245 0.459
246 0.46
247 0.461
248 0.461
249 0.462
250 0.463
251 0.464
252 0.464
253 0.465
254 0.465
255 0.466
256 0.467
257 0.467
258 0.468
259 0.469
260 0.469
261 0.47
262 0.47
263 0.471
264 0.471
265 0.472
266 0.473
267 0.473
268 0.474
269 0.474
270 0.475
271 0.476
272 0.476
273 0.477
274 0.477
275 0.478
276 0.478
277 0.479
278 0.479
279 0.48
280 0.48
281 0.481
282 0.482
283 0.482
284 0.482
285 0.483
286 0.483
287 0.484
288 0.484
289 0.485
290 0.485
291 0.486
292 0.486
293 0.487
294 0.487
295 0.488
296 0.488
297 0.489
298 0.489
299 0.49
300 0.49
301 0.491
302 0.491
303 0.491
304 0.492
305 0.492
306 0.493
307 0.493
308 0.494
309 0.494
310 0.494
311 0.495
312 0.495
313 0.496
314 0.496
315 0.497
316 0.497
317 0.498
318 0.498
319 0.498
320 0.499
321 0.499
322 0.499
323 0.5
324 0.5
325 0.501
326 0.501
327 0.501
328 0.502
329 0.502
330 0.503
331 0.503
332 0.503
333 0.504
334 0.504
335 0.504
336 0.505
337 0.505
338 0.506
339 0.506
340 0.506
341 0.507
342 0.507
343 0.507
344 0.508
345 0.508
346 0.508
347 0.509
348 0.509
349 0.509
350 0.51
351 0.51
352 0.511
353 0.511
354 0.511
355 0.512
356 0.512
357 0.512
358 0.513
359 0.513
360 0.513
361 0.514
362 0.514
363 0.514
364 0.514
365 0.515
366 0.515
367 0.515
368 0.516
369 0.516
370 0.516
371 0.517
372 0.517
373 0.517
374 0.518
375 0.518
376 0.518
377 0.519
378 0.519
379 0.519
380 0.519
381 0.52
382 0.52
383 0.52
384 0.521
385 0.521
386 0.521
387 0.522
388 0.522
389 0.522
390 0.522
391 0.523
392 0.523
393 0.523
394 0.524
395 0.524
396 0.524
397 0.524
398 0.525
399 0.525
400 0.525
401 0.526
402 0.526
403 0.526
404 0.526
405 0.527
406 0.527
407 0.527
408 0.527
409 0.528
410 0.528
411 0.528
412 0.529
413 0.529
414 0.529
415 0.529
416 0.53
417 0.53
418 0.53
419 0.53
420 0.531
421 0.531
422 0.531
423 0.531
424 0.532
425 0.532
426 0.532
427 0.532
428 0.533
429 0.533
430 0.533
431 0.533
432 0.534
433 0.534
434 0.534
435 0.534
436 0.535
437 0.535
438 0.535
439 0.535
440 0.536
441 0.536
442 0.536
443 0.536
444 0.537
445 0.537
446 0.537
447 0.537
448 0.538
449 0.538
450 0.538
451 0.538
452 0.539
453 0.539
454 0.539
455 0.539
456 0.539
457 0.54
458 0.54
459 0.54
460 0.54
461 0.541
462 0.541
463 0.541
464 0.541
465 0.542
466 0.542
467 0.542
468 0.542
469 0.542
470 0.543
471 0.543
472 0.543
473 0.543
474 0.544
475 0.544
476 0.544
477 0.544
478 0.544
479 0.545
480 0.545
481 0.545
482 0.545
483 0.545
484 0.546
485 0.546
486 0.546
487 0.546
488 0.547
489 0.547
490 0.547
491 0.547
492 0.547
493 0.548
494 0.548
495 0.548
496 0.548
497 0.548
498 0.549
499 0.549
