50 0.000247128876737
51 0.000325807411644
52 0.00042003396469
53 0.000532928907111
54 0.000663327263992
55 0.000813844990348
56 0.000985836005209
57 0.00117712594796
58 0.00138990201161
59 0.00162288754246
60 0.00187684980931
61 0.00214984656599
62 0.00244295866988
63 0.00274955001897
64 0.00307982156175
65 0.00342231668606
66 0.00377867379385
67 0.00415218823972
68 0.00453355860019
69 0.00493416555361
70 0.00533596248648
71 0.00574288664064
72 0.00617097606164
73 0.00658873509743
74 0.00702354507546
75 0.0074512498566
76 0.00789238060786
77 0.00833162689016
78 0.00877006193557
79 0.00920800051268
80 0.00964620767569
81 0.0100810807478
82 0.0105153794574
83 0.0109456306564
84 0.0113716634973
85 0.0117954184423
86 0.0122134809773
87 0.0126261722668
88 0.013034053164
89 0.0134379239598
90 0.0138344022166
91 0.0142243860425
92 0.0146090159034
93 0.0149872755682
94 0.0153581435576
95 0.0157231094629
96 0.0160813253412
97 0.016431943146
98 0.0167767981712
99 0.0171152129514
100 0.0174465116671
101 0.0177700223583
102 0.0180879687903
103 0.0183998415232
104 0.0187021456915
105 0.0190003075963
106 0.0192908908825
107 0.0195765329499
108 0.0198537126392
109 0.0201283841322
110 0.0203938184596
111 0.0206528517973
112 0.0209084932314
113 0.0211571559399
114 0.0213985171972
115 0.0216357174674
116 0.0218685582238
117 0.0220933129134
118 0.022316811756
119 0.0225317694709
120 0.0227415298379
121 0.0229495761049
122 0.0231521265788
123 0.0233490027607
124 0.0235400300668
125 0.0237288288611
126 0.0239115001378
127 0.0240917283054
128 0.0242655600087
129 0.0244367414884
130 0.0246051991617
131 0.024766902999
132 0.0249296695438
133 0.0250854888454
134 0.0252382495179
135 0.0253878839786
136 0.025530246531
137 0.0256734073813
138 0.0258132465781
139 0.0259497012275
140 0.0260827097242
141 0.0262122117985
142 0.0263423568577
143 0.0264646903879
144 0.0265875920332
145 0.026706797233
146 0.0268222512419
147 0.0269382043607
148 0.0270503366575
149 0.0271585963262
150 0.0272672892669
151 0.0273720437219
152 0.0274728110263
153 0.027573949295
154 0.0276710386285
155 0.0277684698187
156 0.0278617923257
157 0.027955428465
158 0.0280448982905
159 0.0281346544594
160 0.0282201888799
161 0.0283059833404
162 0.0283920386316
163 0.0284738060156
164 0.0285512469804
165 0.0286334728749
166 0.0287067613376
167 0.0287848358772
168 0.0288585117592
169 0.0289323762175
170 0.0290017958418
171 0.0290713820299
172 0.0291411351813
173 0.0292063891141
174 0.0292764661982
175 0.0293373356641
176 0.0294030289364
177 0.0294641615423
178 0.0295254212505
179 0.0295868083254
180 0.0296483230317
181 0.0297052193495
182 0.0297622248535
183 0.0298193397533
184 0.0298717913587
185 0.0299243352254
186 0.0299817612216
187 0.0300297003921
188 0.0300825220175
189 0.0301354365551
190 0.0301836214439
191 0.0302318833777
192 0.0302802224796
193 0.0303286388731
194 0.0303722798136
195 0.0304208434017
196 0.0304646170185
197 0.0305084536228
198 0.030552353305
199 0.0305963161561
200 0.03063544735
201 0.030679529768
202 0.030718767388
203 0.0307580551911
204 0.0307973932413
205 0.0308367816029
206 0.0308762203403
207 0.030915709518
208 0.0309503039758
209 0.0309849371446
210 0.0310245653657
211 0.0310592816324
212 0.0310940367464
213 0.031128830751
214 0.0311636636898
215 0.031193551516
216 0.0312284568768
217 0.0312584068433
218 0.0312933847765
219 0.0313233970126
220 0.0313534380321
221 0.0313885223042
222 0.0314186257823
223 0.0314487581313
224 0.0314738904959
225 0.0315040758464
226 0.0315342901461
227 0.0315645334226
228 0.0315897583076
229 0.0316150033504
230 0.0316453240338
231 0.0316706134804
232 0.0316959231362
233 0.0317263214233
234 0.0317516755956
235 0.0317770500281
236 0.0318024447367
237 0.0318278597375
238 0.0318482063552
239 0.0318736579211
240 0.0318991298233
241 0.031919521992
242 0.0319450305384
243 0.0319654520408
244 0.0319909972819
245 0.0320114481574
246 0.0320370301427
247 0.0320575104303
248 0.032078003801
249 0.0320985102621
250 0.0321241617835
251 0.0321446977269
252 0.0321652467835
253 0.0321858089597
254 0.032206384262
255 0.0322218243092
256 0.0322424225908
257 0.0322630340143
258 0.0322836585851
259 0.0323042963083
260 0.0323197831498
261 0.0323404438912
262 0.032355947979
263 0.0323766317474
264 0.0323921530824
265 0.0324128598834
266 0.0324283984631
267 0.0324491282987
268 0.0324646841166
269 0.0324802473065
270 0.0325010100297
271 0.032516590438
272 0.0325321782035
273 0.0325477733196
274 0.0325685787389
275 0.0325841910267
276 0.0325998106409
277 0.0326154375713
278 0.0326310718069
279 0.0326467133353
280 0.0326623621431
281 0.0326780182158
282 0.0326936815376
283 0.0327041266421
284 0.032719801905
285 0.0327354843606
286 0.0327511739875
287 0.0327668707627
288 0.0327773375146
289 0.0327930460012
290 0.0328087615561
291 0.032819240307
292 0.0328349673937
293 0.0328507014517
294 0.0328611918996
295 0.032876937274
296 0.0328874347653
297 0.0329031912895
298 0.0329136956453
299 0.0329294631336
300 0.0329399741548
301 0.0329557524005
302 0.0329662698667
303 0.0329767896253
304 0.0329925823083
305 0.0330031081369
306 0.0330136360556
307 0.0330294425758
308 0.0330399761325
309 0.0330505115474
310 0.0330610487362
311 0.0330768717727
312 0.0330874139247
313 0.0330979575745
314 0.0331085026222
315 0.0331190489637
316 0.0331295964907
317 0.0331454402068
318 0.0331559914481
319 0.0331665435238
320 0.0331770963078
321 0.0331876496691
322 0.033198203472
323 0.033208757576
324 0.0332193118353
325 0.0332298660993
326 0.0332404202121
327 0.0332509740126
328 0.033261527334
329 0.0332720800045
330 0.0332826318465
331 0.033287863958
332 0.0333005399619
333 0.0333100228014
334 0.0333200357443
335 0.0333295140577
336 0.0333395223672
337 0.0333489953051
338 0.0333584651459
339 0.033367931659
340 0.0333768613517
341 0.0333863203409
342 0.0333957752725
343 0.0334046921903
344 0.0334136042386
345 0.0334225111486
346 0.0334314126448
347 0.0334403084452
348 0.0334491982612
349 0.0334580817974
350 0.0334664240654
351 0.0334752939875
352 0.0334836217424
353 0.0334919416946
354 0.0335002535153
355 0.0335085568691
356 0.0335168514135
357 0.0335251367994
358 0.033533412671
359 0.033541142785
360 0.0335493984006
361 0.0335571072578
362 0.0335653411125
363 0.0335730271814
364 0.0335807012039
365 0.0335883627768
366 0.0335960114907
367 0.0336036469293
368 0.0336112686697
369 0.033618339169
370 0.0336259320968
371 0.0336329726713
372 0.0336405350174
373 0.0336475438732
374 0.0336545361251
375 0.0336615113059
376 0.033668468942
377 0.0336754085539
378 0.0336823296558
379 0.033689231756
380 0.0336961143568
381 0.0337029769548
382 0.0337092804739
383 0.0337161014234
384 0.0337223620497
385 0.0337286003944
386 0.0337353549012
387 0.0337415471844
388 0.0337477155781
389 0.0337538595359
390 0.0337599785068
391 0.0337660719345
392 0.0337721392582
393 0.0337781799121
394 0.0337836535712
395 0.0337896390747
396 0.0337950562478
397 0.0338009842864
398 0.0338063426441
399 0.0338122108699
