50 1.1016934462e-35
51 3.16763667672e-34
52 7.51302712386e-33
53 1.49113991114e-31
54 2.50905796007e-30
55 3.62213529074e-29
56 4.53394734597e-28
57 4.9718707497e-27
58 4.81883961188e-26
59 4.16018784135e-25
60 3.22630548705e-24
61 2.26225412329e-23
62 1.44380620351e-22
63 8.43581770958e-22
64 4.53646087287e-21
65 2.25731742251e-20
66 1.04367516159e-19
67 4.50633080085e-19
68 1.82345807594e-18
69 6.94301682818e-18
70 2.49497131093e-17
71 8.49182938199e-17
72 2.74555554227e-16
73 8.45937355848e-16
74 2.48792663699e-15
75 7.01075834155e-15
76 1.89443645212e-14
77 4.92374005247e-14
78 1.23327858932e-13
79 2.9824643917e-13
80 6.97564554064e-13
81 1.57968044997e-12
82 3.47236682765e-12
83 7.41189154355e-12
84 1.53995650971e-11
85 3.1166513603e-11
86 6.15153398576e-11
87 1.18543967594e-10
88 2.23393243855e-10
89 4.11865296799e-10
90 7.43605609643e-10
91 1.31661773889e-09
92 2.28810737047e-09
93 3.90167345075e-09
94 6.54405714641e-09
95 1.07853853457e-08
96 1.75088669685e-08
97 2.79830948229e-08
98 4.40566750167e-08
99 6.8408832749e-08
100 1.04818785258e-07
101 1.58570576414e-07
102 2.3682083788e-07
103 3.49540509149e-07
104 5.09787348375e-07
105 7.35886546537e-07
106 1.05053915245e-06
107 1.48374842869e-06
108 2.07661040357e-06
109 2.87748618566e-06
110 3.95141752836e-06
111 5.37918330185e-06
112 7.26171950566e-06
113 9.71795800388e-06
114 1.2903924998e-05
115 1.70058658061e-05
116 2.22494612464e-05
117 2.8906330389e-05
118 3.73012519372e-05
119 4.778879124e-05
120 6.0838552255e-05
121 7.70301231353e-05
122 9.68916746525e-05
123 0.000121098143748
124 0.000150616313801
125 0.000186328698274
126 0.000229162128651
127 0.000280618949866
128 0.000341731527849
129 0.000414195934997
130 0.00050008038699
131 0.000600697501961
132 0.000718469862871
133 0.000855174895174
134 0.00101449108293
135 0.00119878762461
136 0.00141021368373
137 0.00165397722949
138 0.00193159805483
139 0.00224957379139
140 0.00260923704463
141 0.00301650102743
142 0.00347871702282
143 0.00399653742095
144 0.00457765644174
145 0.00522797663697
146 0.00595374952954
147 0.00676157870104
148 0.00765289207725
149 0.00864532548031
150 0.00974167035586
151 0.0109499373988
152 0.0122695228403
153 0.0137259601258
154 0.0153090714388
155 0.0170493839464
156 0.0189325591025
157 0.020994959966
158 0.0232171051265
159 0.0256231020937
160 0.0282443568362
161 0.0310515498919
162 0.0340745502405
163 0.0373243688502
164 0.0408121919922
165 0.0445829601485
166 0.0485840605062
167 0.0528578151449
168 0.0574159384592
169 0.0622702267313
170 0.0674325386006
171 0.0728590728025
172 0.0786685794066
173 0.0848215787871
174 0.0913299722489
175 0.0982056261527
176 0.105460353087
177 0.113018350134
178 0.121059906512
179 0.12951511646
180 0.138287601265
181 0.147596669163
182 0.15735278262
183 0.167435542976
184 0.178109629256
185 0.189113629461
186 0.200746137132
187 0.212877422178
188 0.225338763555
189 0.238296869936
190 0.251959838371
191 0.265946525626
192 0.280677242545
193 0.295723755031
194 0.311554139411
195 0.327689242599
196 0.344371709521
197 0.361898651525
198 0.37970751957
199 0.398080412594
200 0.417022036335
201 0.43689108347
202 0.456999817677
203 0.477689860307
204 0.498964546895
205 0.521252732632
206 0.543724441009
207 0.566789317434
208 0.590449358265
209 0.614706233015
210 0.639561289017
211 0.665015556509
212 0.691069754118
213 0.718319422641
214 0.745598045097
215 0.773477521994
216 0.801957389673
217 0.831036904944
218 0.860715052326
219 0.890990551502
220 0.921861864927
221 0.953327205602
222 0.985384544967
223 1.0180316209
224 1.05037880153
225 1.08416758324
226 1.11853740047
227 1.15348513778
228 1.18900748718
229 1.22510095629
230 1.26176187651
231 1.2989864112
232 1.3367705637
233 1.37393286499
234 1.41278828966
235 1.45218987057
236 1.49213305115
237 1.5326131541
238 1.57226764475
239 1.61376886506
240 1.65579174095
241 1.69833118713
242 1.73987041744
243 1.78338691252
244 1.82740366453
245 1.87191529196
246 1.91524219228
247 1.96068447535
248 2.00660459526
249 2.05119610114
250 2.09801078955
251 2.1452859256
252 2.19108367489
253 2.23921676786
254 2.28779271734
255 2.33473785246
256 2.38413490687
257 2.43395715912
258 2.48199073364
259 2.5325972538
260 2.58130868202
261 2.63267470765
262 2.68443649294
263 2.734138479
264 2.78662345578
265 2.83693799658
266 2.89012194208
267 2.94102326257
268 2.99488226087
269 3.04634494588
270 3.10085543108
271 3.15571031232
272 3.20799326082
273 3.26346546971
274 3.31624841791
275 3.37231541725
276 3.42557449216
277 3.47903700934
278 3.53592604971
279 3.58982952281
280 3.64725868025
281 3.70158055756
282 3.75952903712
283 3.81424732543
284 3.87269487123
285 3.92778815001
286 3.98303388147
287 4.04216249174
288 4.09775189266
289 4.15733096754
290 4.21324410062
291 4.26928393868
292 4.32947289511
293 4.38580741744
294 4.44640185058
295 4.50301263551
296 4.55972632372
297 4.62086496182
298 4.67782816047
299 4.73488087746
300 4.79652675773
301 4.85380360726
302 4.91115728836
303 4.97327543534
304 5.03082923059
305 5.08844785905
306 5.15100526151
307 5.20880132425
308 5.26665089763
309 5.32961647683
310 5.38762211697
311 5.44567060594
312 5.50375848289
313 5.56719964683
314 5.62541694777
315 5.6836638319
316 5.74193712198
317 5.80580550078
318 5.86418378044
319 5.9225794842
320 5.98098970635
321 6.04524115557
322 6.10373404983
323 6.16223326706
324 6.22073616032
325 6.28533058241
326 6.34389585033
327 6.40245734715
328 6.46101267151
329 6.51955948185
330 6.58451314968
331 6.64309956078
332 6.70167089253
333 6.76022503222
334 6.81875992273
335 6.8840226034
336 6.94257712808
337 7.00110665839
338 7.05960934944
339 7.11808340774
340 7.1765270903
341 7.2420878528
342 7.30053056716
343 7.35893806533
344 7.41730879707
345 7.47564125863
346 7.53393399203
347 7.59218558416
348 7.6503946661
349 7.71624541569
350 7.77443121745
351 7.83257074429
352 7.89066279528
353 7.94870620984
354 8.00750222202
355 8.06626079152
356 8.12498090337
357 8.18366157981
358 8.24230187965
359 8.30090089756
360 8.35861456613
361 8.41712159906
362 8.4755848319
363 8.5340034963
364 8.59150638981
365 8.64982685548
366 8.70721655914
367 8.76543609525
368 8.82270996545
369 8.88082608548
370 8.93798171839
371 8.99599217065
372 9.05302739286
373 9.11093015125
374 9.16784301068
375 9.22469062863
376 9.2814725885
377 9.33914773757
378 9.39580404338
379 9.45239359781
380 9.50891608213
381 9.56537120082
382 9.62175868109
383 9.67807827239
384 9.73432974593
385 9.79051289424
386 9.84662753068
387 9.90267348905
388 9.95865062308
389 10.0135173586
390 10.0693495857
391 10.1251126581
392 10.1808065049
393 10.2353622178
394 10.2909105485
395 10.3463895401
396 10.4007097693
397 10.4560431501
398 10.5113072285
399 10.5653920074
400 10.6205106706
401 10.6744364651
402 10.7294099907
403 10.7831771137
404 10.8368616791
405 10.8916147706
406 10.9451413371
407 10.9985857351
408 11.0531196201
409 11.1064069262
410 11.1596125656
411 11.2127367278
412 11.2657796138
413 11.3199470959
414 11.3728348709
415 11.4256420419
416 11.4783688524
417 11.5310155558
418 11.5835824154
419 11.6360697038
420 11.6884777031
421 11.7408067042
422 11.7930570068
423 11.8452289192
424 11.8960420989
425 11.9480513424
426 11.9999831645
427 12.0518379057
428 12.1036159134
429 12.1540028859
430 12.205621629
431 12.2571647194
432 12.30729754
433 12.3586835743
434 12.4099950966
435 12.4598771356
436 12.5110339247
437 12.5607485277
438 12.6117521881
439 12.6613009665
440 12.7121531462
441 12.7615377534
442 12.8122401418
443 12.8614622708
444 12.9106004941
445 12.9610779767
446 13.0100563266
447 13.0589520882
448 13.1092086584
449 13.1579472269
450 13.2066045599
451 13.2566443204
452 13.3051472091
453 13.3535702473
454 13.4019139022
455 13.4501786443
456 13.4983649467
457 13.5464732855
458 13.5960143046
459 13.6439748305
460 13.6918588405
461 13.7396668211
462 13.787399261
463 13.8350566512
464 13.8826394849
465 13.9285912942
466 13.9760198024
467 14.0233752416
468 14.0706581125
469 14.1178689174
470 14.1650081606
471 14.2120763474
472 14.2574704005
473 14.3043912711
474 14.3512426064
475 14.3980249173
476 14.4431085682
477 14.4897476258
478 14.536319194
479 14.581173774
480 14.6276051559
481 14.6739705918
482 14.7186006879
483 14.764829019
484 14.8093098869
485 14.8554031713
486 14.8997368586
487 14.9456971583
488 14.9898857156
489 15.0357150958
490 15.0797605757
491 15.125461104
492 15.1693655607
493 15.2149393061
494 15.2587047944
495 15.3023983607
496 15.3477824015
497 15.3913400782
498 15.4348273679
499 15.4800263468
500 15.5233808231
501 15.566666445
502 15.6098837218
503 15.6548408809
504 15.6979294361
505 15.7409511745
506 15.7839066037
507 15.8267962307
508 15.869620562
509 15.9142269443
510 15.9569286622
511 15.9995666031
512 16.042141271
513 16.0846531692
514 16.1271028
515 16.1694906653
516 16.211817266
517 16.2540831023
518 16.2962886735
519 16.3384344781
520 16.3805210138
521 16.4225487773
522 16.4645182645
523 16.5064299703
524 16.5463402763
525 16.5881313858
526 16.6298661889
527 16.6715451767
528 16.7131688393
529 16.7547376657
530 16.7942693493
531 16.835723428
532 16.8771241269
533 16.9184719307
534 16.9577588242
535 16.9989957334
536 17.0401811909
537 17.0792879804
538 17.1203654069
539 17.1613928145
540 17.2003237536
541 17.2412459726
542 17.2821195949
543 17.3208789031
544 17.3616501571
545 17.4002953378
546 17.4409660883
547 17.4794989873
548 17.5200710891
549 17.5584935415
550 17.5989688391
551 17.6372826694
552 17.6776629968
553 17.7158700184
554 17.7561571994
555 17.7942592149
556 17.8323063332
557 17.8724538636
558 17.9103986557
559 17.9504575478
560 17.9883017886
561 18.0260933413
562 18.0660192824
563 18.1037129218
564 18.1413551809
565 18.1789464919
566 18.2186990977
567 18.2561959706
568 18.2936431859
569 18.3310411697
570 18.3706273935
571 18.4079343693
572 18.4451933868
573 18.4824048664
574 18.5195692272
575 18.5589554302
576 18.5960330046
577 18.6330647118
578 18.6700509648
579 18.7069921753
580 18.7438887536
581 18.7807411084
582 18.8175496472
583 18.8543147758
584 18.8910368986
585 18.9277164186
586 18.9643537374
587 19.0009492552
588 19.0375033705
589 19.0740164808
590 19.1104889818
591 19.1469212679
592 19.1833137322
593 19.2196667664
594 19.2559807604
595 19.2922561033
596 19.3284931824
597 19.3646923836
598 19.3984419502
599 19.4345602527
600 19.4706418223
601 19.5066870394
602 19.5426962832
603 19.5786699312
604 19.6121589831
605 19.648056244
606 19.683919029
607 19.7197477103
608 19.7530685772
609 19.7888238204
610 19.8245460633
611 19.8577431733
612 19.8933941584
613 19.9290132344
614 19.9646007642
615 19.9976397833
616 20.0331589272
617 20.0661181514
618 20.1015703244
619 20.1369927348
620 20.1698377542
621 20.2051953009
622 20.2379639934
623 20.2732580646
624 20.3085241241
625 20.3411837701
626 20.3763884219
627 20.4089751404
628 20.4441197465
629 20.4766348772
630 20.5117207893
631 20.544165661
632 20.5791942207
633 20.6115701517
634 20.6465426905
635 20.6788509886
636 20.7111230533
637 20.7460107906
638 20.7782171611
639 20.8130521565
640 20.8451941147
641 20.877301431
642 20.912056483
643 20.9441012872
644 20.978806815
645 21.010790364
646 21.0427408305
647 21.0773711815
648 21.1092622554
649 21.1411211667
650 21.1729482181
651 21.2074805137
652 21.2392506192
653 21.2709897698
654 21.3026982637
655 21.3371374144
656 21.3687913702
657 21.4004155598
658 21.4320102762
659 21.4663611186
660 21.4979036673
661 21.5294176191
662 21.5609032627
663 21.5923608852
664 21.6237907728
665 21.658014734
666 21.6893959354
667 21.7207502574
668 21.7520779816
669 21.7833793884
670 21.814654757
671 21.8459043655
672 21.8771284911
673 21.9083274097
674 21.9395013959
675 21.9735324984
676 22.0046634165
677 22.035770225
678 22.0668531943
679 22.0979125938
680 22.128948692
681 22.1599617562
682 22.1909520526
683 22.2219198466
684 22.2528654022
685 22.2837889826
686 22.3117430706
687 22.3426174558
688 22.3734706442
689 22.4043028947
690 22.4351144653
691 22.4659056133
692 22.4966765947
693 22.5274276646
694 22.5581590772
695 22.5888710856
696 22.619563942
697 22.6472242952
698 22.6778735131
699 22.7085043245
700 22.7391169777
701 22.7697117202
702 22.8002887985
703 22.8277990596
704 22.8583354257
705 22.8888548559
706 22.9193575932
707 22.9498438796
708 22.9772347233
709 23.0076826824
710 23.0381149052
711 23.0685316301
712 23.0958300676
713 23.1262103382
714 23.1565758149
715 23.1838060156
716 23.2141364213
717 23.2444527291
718 23.2716167201
719 23.3018993243
720 23.3321685191
721 23.3624245344
722 23.389505146
723 23.4197292604
724 23.4467668157
725 23.4769599149
726 23.507140959
727 23.5341182407
728 23.5642695911
729 23.5944095528
730 23.6213284929
731 23.6514400678
732 23.6783193732
733 23.7084034209
734 23.7352439282
735 23.7653013014
736 23.7953488085
737 23.8221353861
738 23.8521574925
739 23.8789073386
740 23.9089048817
741 23.9356188101
742 23.9655926213
743 23.9922714394
744 24.0222223438
745 24.0488668527
746 24.0787956698
747 24.1054066645
748 24.1353142078
749 24.1618924771
750 24.1884519368
751 24.218325881
752 24.2448537828
753 24.2747084552
754 24.3012055729
755 24.3310417672
756 24.3575088688
757 24.3839584925
758 24.4137652211
759 24.4401859652
760 24.4665897898
761 24.4963687874
762 24.5227448562
763 24.552508482
764 24.5788575404
765 24.6051905969
766 24.6349293492
767 24.6612364982
768 24.6875281867
769 24.7172437524
770 24.7435106242
771 24.7697625706
772 24.7959997673
773 24.8256848279
774 24.8518986402
775 24.87809823
776 24.9077639663
777 24.9339412349
778 24.9601048021
779 24.9862548391
780 25.0158951428
781 25.0420242549
782 25.0681403503
783 25.0942435972
784 25.1203341636
785 25.1499450083
786 25.1760163646
787 25.2020755446
788 25.2281227134
789 25.2541580357
790 25.2837437697
791 25.3097615668
792 25.3357680126
793 25.3617632693
794 25.3877474986
795 25.4137208616
796 25.4396835188
797 25.4692385779
798 25.4951860151
799 25.5211232294
800 25.5470503791
801 25.5729676216
802 25.5988751142
803 25.6247730132
804 25.6506614747
805 25.6765406539
806 25.7060662897
807 25.7319331295
808 25.7577911553
809 25.7836405202
810 25.8094813769
811 25.8353138776
812 25.8611381739
813 25.8869544169
814 25.9127627572
815 25.9385633448
816 25.9643563293
817 25.9901418597
818 26.0159200846
819 26.0416911519
820 26.0674552092
821 26.0932124035
822 26.1189628814
823 26.1447067889
824 26.1704442715
825 26.1961754744
826 26.2219005421
827 26.2476196187
828 26.273332848
829 26.299040373
830 26.3247423366
831 26.3466376058
832 26.3723229696
833 26.3980031912
834 26.4236784115
835 26.4493487708
836 26.4750144092
837 26.5006754661
838 26.5263320807
839 26.5519843916
840 26.5776325369
841 26.5994171918
842 26.6250514562
843 26.6506819608
844 26.676308842
845 26.701932236
846 26.7275522783
847 26.749274902
848 26.7748826472
849 26.8004874387
850 26.8260894105
851 26.8516886962
852 26.877285429
853 26.8989505931
854 26.9245365815
855 26.9501204075
856 26.9757022026
857 26.99732992
858 27.0229019855
859 27.048472406
860 27.0740413115
861 27.0996088317
862 27.121193711
863 27.1467527547
864 27.172310793
865 27.1938694437
866 27.2194197434
867 27.2449694142
868 27.2705185833
869 27.292045561
870 27.3175879683
871 27.3431302459
872 27.3646334593
873 27.390169697
874 27.4157061739
875 27.4412430147
876 27.4627178116
877 27.4882495686
878 27.5137820542
879 27.5352354932
880 27.5607636015
881 27.5822016992
882 27.6077258936
883 27.6332514152
884 27.6546698326
885 27.6801921362
886 27.7057161235
887 27.7271158564
888 27.7526373157
889 27.7740234636
890 27.7995428472
891 27.8250644999
892 27.8464335972
893 27.8719538542
894 27.8933104395
895 27.9188297465
896 27.9443519001
897 27.9656930426
898 27.9912149166
899 28.012544603
