50 0.0155954845176
51 0.0163293777028
52 0.0170810719986
53 0.0178500449782
54 0.0186387366286
55 0.0194447706374
56 0.0202717890284
57 0.0211141855915
58 0.0219763872455
59 0.022856199787
60 0.0237508698499
61 0.0246671399981
62 0.0256034422689
63 0.0265518688287
64 0.0275212957781
65 0.0285101244189
66 0.0295163594904
67 0.0305375717262
68 0.0315793790501
69 0.0326402122515
70 0.0337181504526
71 0.0348108911057
72 0.0359269002937
73 0.0370533484093
74 0.0381994440222
75 0.0393636589716
76 0.0405441721296
77 0.0417357827358
78 0.0429484744424
79 0.0441794565058
80 0.0454253040632
81 0.0466877144765
82 0.0479669304588
83 0.0492633989975
84 0.0505755121549
85 0.0519014245749
86 0.0532466987397
87 0.0546048343834
88 0.0559793396534
89 0.0573686899077
90 0.0587742944899
91 0.0601946930624
92 0.061631698854
93 0.0630803476705
94 0.0645462265718
95 0.0660241950356
96 0.0675207531979
97 0.0690262616391
98 0.0705476600411
99 0.0720837712772
100 0.0736332824371
101 0.0751999618269
102 0.076777441628
103 0.0783639898505
104 0.0799695697251
105 0.0815874467348
106 0.0832162124762
107 0.0848610217302
108 0.0865140543024
109 0.088180765193
110 0.0898600849671
111 0.0915508460682
112 0.0932598875492
113 0.0949699270452
114 0.0967047478462
115 0.0984375454955
116 0.10019380644
117 0.101954334931
118 0.103727325682
119 0.105511855482
120 0.107306928281
121 0.109111473607
122 0.110924345277
123 0.112756204687
124 0.114594644305
125 0.116438304957
126 0.118298826775
127 0.12016243533
128 0.122041464744
129 0.123921193534
130 0.125814677635
131 0.12772144105
132 0.129640970371
133 0.131556567696
134 0.133499458909
135 0.135436233911
136 0.137382339323
137 0.139337034425
138 0.141318114629
139 0.143288107976
140 0.14526422321
141 0.147265684772
142 0.149272473145
143 0.151283611647
144 0.153298079548
145 0.15531481245
146 0.157355605471
147 0.159374071645
148 0.161439477525
149 0.163480158464
150 0.165543590402
151 0.167604417018
152 0.169687791904
153 0.171767095593
154 0.17386867747
155 0.175964615883
156 0.178053435726
157 0.180163327096
158 0.182264348004
159 0.18438595728
160 0.186528569574
161 0.188660172286
162 0.19081221213
163 0.192951238912
164 0.195110059151
165 0.197253757392
166 0.199416527453
167 0.20159871931
168 0.203763172959
169 0.205946236461
170 0.208109207767
171 0.210329700253
172 0.212529196416
173 0.214705653914
174 0.216941340944
175 0.219152992401
176 0.221338475473
177 0.223584846068
178 0.225803959483
179 0.228039874801
180 0.230245724842
181 0.232515172116
182 0.234753357014
183 0.237007647511
184 0.23922769677
185 0.241514026312
186 0.243764810804
187 0.246030850602
188 0.248312362137
189 0.250609566564
190 0.252866659366
191 0.255138017385
192 0.257423830139
193 0.259724291071
194 0.262039597636
195 0.264309197149
196 0.266653805558
197 0.268951137487
198 0.271262115335
199 0.273586910564
200 0.2758600207
201 0.278211949355
202 0.280510511792
203 0.282821526341
204 0.285214873842
205 0.287552264528
206 0.289830732355
207 0.292193018521
208 0.294568502035
209 0.296882320038
210 0.299207485949
211 0.301621263418
212 0.30397056824
213 0.306331599834
214 0.30870448432
215 0.311007792767
216 0.313403631116
217 0.315811699204
218 0.3181471792
219 0.320578930906
220 0.322936043587
221 0.325303568704
222 0.327681606644
223 0.330070259412
224 0.332469630654
225 0.334879825681
226 0.337300951496
227 0.339637645155
228 0.342079722066
229 0.344435163748
230 0.346898583121
231 0.3492731168
232 0.351656723578
233 0.354152262521
234 0.356555484293
235 0.358968027015
236 0.361389971515
237 0.363821399818
238 0.366153302323
239 0.368602647111
240 0.37106171544
241 0.373530594108
242 0.375895086329
243 0.37838249498
244 0.380763058196
245 0.383269303404
246 0.385666197176
247 0.388070703853
248 0.390605085505
249 0.393026313636
250 0.395455335756
251 0.397892209911
252 0.400336994944
253 0.402789750494
254 0.40525053701
255 0.407719415756
256 0.410196448816
257 0.412681699108
258 0.415175230385
259 0.417539611945
260 0.420048432938
261 0.422565717867
262 0.424949729543
263 0.427482638659
264 0.429879508001
265 0.432428262904
266 0.434838166237
267 0.437402994096
268 0.439826112458
269 0.442407246098
270 0.444843765312
271 0.447286324813
272 0.449734961465
273 0.452347790334
274 0.454810190035
275 0.457278791537
276 0.459753633691
277 0.462234755833
278 0.464722197782
279 0.467215999844
280 0.469716202817
281 0.472222847992
282 0.474735977156
283 0.477255632598
284 0.479781857109
285 0.482137899558
286 0.484675755367
287 0.487220299273
288 0.489771576009
289 0.492329630827
290 0.49470959202
291 0.49727964288
292 0.499856597818
293 0.502250648721
294 0.504839819479
295 0.507242885919
296 0.509844415164
297 0.512256597673
298 0.514870631216
299 0.51729203286
300 0.519918719685
301 0.522349446081
302 0.524988938381
303 0.52742909772
304 0.52987319591
305 0.532531253988
306 0.534984941773
307 0.537442632925
308 0.540119578934
309 0.542587021807
310 0.545058535012
311 0.547754701076
312 0.550236133662
313 0.552721706018
314 0.555211438551
315 0.557705351905
316 0.56020346696
317 0.562937085664
318 0.565445449553
319 0.567958089405
320 0.57047502712
321 0.572996284839
322 0.575521884944
323 0.578051850062
324 0.580586203059
325 0.583124967048
326 0.585668165384
327 0.588215821669
328 0.590767959749
329 0.593324603716
330 0.59588577791
331 0.598451506917
332 0.601021815573
333 0.603335682815
334 0.605992142177
335 0.608521992361
336 0.611082415692
337 0.613620270295
338 0.616162061581
339 0.618707809555
340 0.621257534425
341 0.623811256605
342 0.62634115069
343 0.628902731045
344 0.631440129329
345 0.633981209701
346 0.636554626824
347 0.639103325815
348 0.641626727499
349 0.644182721296
350 0.646742490637
351 0.649306054768
352 0.651843589225
353 0.654384550206
354 0.656959203096
355 0.659507271399
356 0.662058817972
357 0.664613860071
358 0.667141345088
359 0.669703222798
360 0.672268647775
361 0.674805945093
362 0.67737830762
363 0.679922158866
364 0.682469207077
365 0.68501946781
366 0.68760569845
367 0.690129689807
368 0.692689682925
369 0.695252952272
370 0.697819514146
371 0.700355577887
372 0.702928557422
373 0.70547064061
374 0.708050100764
375 0.710598263016
376 0.71314937923
377 0.715703463759
378 0.718260531082
379 0.720820595812
380 0.723383672694
381 0.725949776601
382 0.728482718897
383 0.731054698703
384 0.733593103342
385 0.736171016198
386 0.73871493702
387 0.741298841082
388 0.743848332893
389 0.746400518871
390 0.748955412133
391 0.751513025909
392 0.754073373548
393 0.75663646851
394 0.759202324373
395 0.761731825314
396 0.764303013176
397 0.766877002393
398 0.76941398676
399 0.771993387036
400 0.774535346422
401 0.777079696706
402 0.779667195172
403 0.782216594626
404 0.784768421137
405 0.787322686657
406 0.789879403237
407 0.792438583028
408 0.795000238279
409 0.797564381339
410 0.800131024659
411 0.802657311004
412 0.805228751901
413 0.807802730051
414 0.810335669433
415 0.812914517225
416 0.815451869224
417 0.817991324675
418 0.82057744471
419 0.823121379755
420 0.825667450798
421 0.828215668567
422 0.830766043872
423 0.833364359341
424 0.835919328196
425 0.838430224391
426 0.84098933965
427 0.843550667773
428 0.846114220079
429 0.848680007971
430 0.85120053871
431 0.853770580277
432 0.856342891221
433 0.858869226768
434 0.861445856975
435 0.863976030791
436 0.866557024179
437 0.869091076932
438 0.871626958804
439 0.874214451018
440 0.876754273085
441 0.879295953927
442 0.881839503285
443 0.884384930974
444 0.886932246877
445 0.889481460951
446 0.89203258322
447 0.894585623783
448 0.897140592805
449 0.899697500525
450 0.902256357249
451 0.904764304416
452 0.907326826507
453 0.909891328051
454 0.912404164084
455 0.914972389857
456 0.917542626143
457 0.92006043374
458 0.922634454316
459 0.925155535687
460 0.927678136243
461 0.930257772707
462 0.932783701728
463 0.935311176297
464 0.937896517958
465 0.940427376786
466 0.942959808062
467 0.945493820595
468 0.94802942325
469 0.95056662495
470 0.953105434674
471 0.955645861462
472 0.958187914407
473 0.960731602663
474 0.963276935439
475 0.965823922002
476 0.968372571675
477 0.970922893841
478 0.973414767224
479 0.975968183617
480 0.978523300115
481 0.981019164659
482 0.983577428546
483 0.986137420644
484 0.988637350549
485 0.99120054416
486 0.993703134268
487 0.996269565433
488 0.998774848662
489 1.00134455384
490 1.00385256351
491 1.00636180907
492 1.00893634939
493 1.01144837129
494 1.01396165305
495 1.01647620247
496 1.01899202741
497 1.0215746122
498 1.02409329746
499 1.02661328291
500 1.02913457657
501 1.03165718654
502 1.03418112094
503 1.03670638796
504 1.03923299582
505 1.04176095277
506 1.04429026715
507 1.04682094729
508 1.0493530016
509 1.05181748215
510 1.05435201483
511 1.05688794632
512 1.0594252852
513 1.06189390816
514 1.06443378906
515 1.06697510249
516 1.06944683791
517 1.07199074158
518 1.07453610332
519 1.07701101804
520 1.07955901897
521 1.08203599321
522 1.08458666583
523 1.08706572904
524 1.08961910617
525 1.09210028814
526 1.09458239229
527 1.0971397337
528 1.09962400105
529 1.10218412956
530 1.10467059062
531 1.1071580097
532 1.10964639375
533 1.1122118841
534 1.11470252222
535 1.1171941472
536 1.11968676615
537 1.1221803862
538 1.12467501453
539 1.12724863506
540 1.12974560935
541 1.13224361443
542 1.13474265761
543 1.13724274624
544 1.1397438877
545 1.14224608939
546 1.14474935877
547 1.14725370331
548 1.14967835625
549 1.15218455893
550 1.15469185863
551 1.15720026294
552 1.15970977952
553 1.16222041603
554 1.1647321802
555 1.16716209904
556 1.16967582147
557 1.17219069407
558 1.17462279453
559 1.17713966835
560 1.17965771514
561 1.18209205638
562 1.1846121479
563 1.18713343547
564 1.18957007741
565 1.19209345376
566 1.19453155859
567 1.19705705285
568 1.1994966468
569 1.20202428835
570 1.20446539786
571 1.20699521629
572 1.20943786804
573 1.21196989318
574 1.21441411405
575 1.21694837596
576 1.21939419304
577 1.22184065755
578 1.22437816261
579 1.22682626364
580 1.22927503129
581 1.23181584596
582 1.2342662909
583 1.23671742185
584 1.2391692451
585 1.24171446285
586 1.24416801796
587 1.24662228507
588 1.24907727055
589 1.2515329808
590 1.25398942225
591 1.25654129425
592 1.25899955017
593 1.26145855741
594 1.26391832249
595 1.26637885195
596 1.26884015236
597 1.27130223028
598 1.27376509235
599 1.27622874517
600 1.27869319542
601 1.28115844976
602 1.2836245149
603 1.28609139756
604 1.28855910448
605 1.29102764243
606 1.2934970182
607 1.29586713355
608 1.29833786082
609 1.30080944567
610 1.30328189496
611 1.3057552156
612 1.30822941452
613 1.31060233267
614 1.3130779599
615 1.31555448555
616 1.31803191661
617 1.32040671157
618 1.32288562252
619 1.32536545927
620 1.32774164043
621 1.33022299579
622 1.33270529753
623 1.33508291788
624 1.33756677732
625 1.34005160391
626 1.34243071693
627 1.34491714067
628 1.34729716533
629 1.34978521219
630 1.35227426096
631 1.35465586788
632 1.35714657982
633 1.35952915741
634 1.36202155889
635 1.36440513076
636 1.36689924831
637 1.36928383819
638 1.3717796985
639 1.37416533026
640 1.37655131774
641 1.3790496578
642 1.38143672254
643 1.38393687194
644 1.38632503815
645 1.3887135883
646 1.39121631611
647 1.39360600361
648 1.39599609207
649 1.39850145766
650 1.40089271963
651 1.40328439968
652 1.40567650334
653 1.40818535295
654 1.41057867834
655 1.41297244466
656 1.41536665749
657 1.41787909657
658 1.42027457986
659 1.42267052716
660 1.42506694412
661 1.4274638364
662 1.42986120967
663 1.43237903984
664 1.43477775686
665 1.43717697265
666 1.43957669291
667 1.44197692341
668 1.44437766989
669 1.44677893812
670 1.44918073389
671 1.451583063
672 1.45398593125
673 1.45638934448
674 1.45879330853
675 1.46119782924
676 1.46360291249
677 1.46600856416
678 1.46841479013
679 1.47082159632
680 1.47322898866
681 1.47563697307
682 1.47804555551
683 1.48045474194
684 1.48286453834
685 1.48527495069
686 1.487685985
687 1.48996873469
688 1.49238064968
689 1.494793204
690 1.49720640372
691 1.49962025491
692 1.50203476366
693 1.5043187502
694 1.50673420684
695 1.50915033865
696 1.51156715175
697 1.51398465229
698 1.5162697517
699 1.51868825661
700 1.52110746677
701 1.52352738836
702 1.52581339867
703 1.52823436996
704 1.53065607065
705 1.53294272686
706 1.53536551114
707 1.53778904286
708 1.54007639102
709 1.54250104045
710 1.54492645549
711 1.54721454192
712 1.54964110897
713 1.55192958961
714 1.55435733119
715 1.55678586865
716 1.55907516475
717 1.56150491139
718 1.56379465241
719 1.56622563097
720 1.56851583707
721 1.57094807037
722 1.57338114226
723 1.57567227277
724 1.57810663451
725 1.58039828147
726 1.58283395611
727 1.58512613997
728 1.58741840965
729 1.58985589188
730 1.59214872864
731 1.59458758101
732 1.59688100546
733 1.59932125131
734 1.60161528414
735 1.60405694688
736 1.60635160885
737 1.60864640016
738 1.61109002394
739 1.61338547504
740 1.61568106992
741 1.61812670573
742 1.62042299122
743 1.62271943501
744 1.62516713408
745 1.62746429945
746 1.62976163772
747 1.63221145154
748 1.6345095425
749 1.63680782104
750 1.63925980136
751 1.64155886385
752 1.64385812865
753 1.6461576005
754 1.64861240767
755 1.65091270497
756 1.65321322414
757 1.65551396995
758 1.65797169508
759 1.66027330809
760 1.66257516266
761 1.66487726358
762 1.66717961565
763 1.66964100848
764 1.67194427998
765 1.67424781765
766 1.67655162633
767 1.67885571085
768 1.68116007604
769 1.68346472676
770 1.68593131804
771 1.68823696143
772 1.69054290553
773 1.6928491552
774 1.69515571534
775 1.69746259083
776 1.69976978656
777 1.70207730743
778 1.70438515835
779 1.70669334423
780 1.70900186999
781 1.71131074056
782 1.71361996086
783 1.71592953585
784 1.71823947047
785 1.72054976966
786 1.72286043839
787 1.72517148162
788 1.72748290433
789 1.7297947115
790 1.7321069081
791 1.73441949914
792 1.73673248961
793 1.73904588451
794 1.74135968886
795 1.74367390768
796 1.74598854599
797 1.74830360881
798 1.7506191012
799 1.75293502818
800 1.75525139482
801 1.75756820617
802 1.75971048207
803 1.76202777081
804 1.76434551881
805 1.76666373116
806 1.76898241295
807 1.77130156927
808 1.77362120522
809 1.77576337491
810 1.77808355376
811 1.78040422692
812 1.78272539952
813 1.78504707669
814 1.78718918667
815 1.78951145351
816 1.79183423969
817 1.79415755036
818 1.79648139069
819 1.79862354766
820 1.8009480247
821 1.80327304624
822 1.80559861747
823 1.8077408093
824 1.81006705482
825 1.81239386495
826 1.8147212449
827 1.81686353967
828 1.81919163165
829 1.82152030843
830 1.82366262442
831 1.82599204132
832 1.82832205807
833 1.83065267991
834 1.83279521812
835 1.8351266181
836 1.83745863828
837 1.83960128655
838 1.84193411317
839 1.84407671996
840 1.84641037152
841 1.84874466832
842 1.85088744809
843 1.85322259828
844 1.85555840896
845 1.85770139991
846 1.8600380925
847 1.86218110815
848 1.8645187013
849 1.8668569802
850 1.86900027039
851 1.87133947853
852 1.87348283487
853 1.87582299098
854 1.87796642991
855 1.88030755276
856 1.88264939679
857 1.88479319912
858 1.88713603877
859 1.88927996538
860 1.8916238195
861 1.89376788693
862 1.89611277441
863 1.8982569992
864 1.90060293898
865 1.9027473377
866 1.90509434874
867 1.907238938
868 1.9095870393
869 1.91173183571
870 1.91408104631
871 1.91622606653
872 1.9185764055
873 1.9207216662
874 1.92307315265
875 1.92521867054
876 1.92736410964
877 1.92971711541
878 1.93186283626
879 1.93421703674
880 1.9363630561
881 1.93871847052
882 1.94086480519
883 1.94301108831
884 1.9453681196
885 1.94751474271
886 1.94987303548
887 1.95202001543
888 1.95416696329
889 1.95652694269
890 1.95867427217
891 1.96082158116
892 1.96318328879
893 1.96533100423
894 1.96747871081
895 1.96984218837
896 1.97199032627
897 1.97413846697
898 1.97650375626
899 1.97865235321
900 1.98080096462
901 1.98316810753
902 1.98531720018
903 1.98746631899
904 1.98983535753
905 1.9919849826
906 1.99413464554
907 1.99650562183
908 1.99865581611
909 2.00080606
910 2.00295635725
911 2.00532981661
912 2.00748067834
913 2.00963160519
914 2.01178260092
915 2.01415861679
916 2.01631021022
917 2.01846188432
918 2.02061364285
919 2.02299228888
920 2.02514467843
921 2.02729716422
922 2.02944975002
923 2.03160243962
924 2.03398435033
925 2.03613771241
926 2.03829119013
927 2.04044478727
928 2.04259850761
929 2.04498379713
930 2.04713823155
931 2.04929280106
932 2.05144750944
933 2.05360236049
934 2.055757358
935 2.05814675024
936 2.06030251167
937 2.06245843149
938 2.0646145135
939 2.06677076149
940 2.06892717928
941 2.07108377068
942 2.07347806997
943 2.07563548346
944 2.07779308253
945 2.07995087098
946 2.08210885262
947 2.08426703129
948 2.08642541079
949 2.08858399495
950 2.09074278759
951 2.09290179255
952 2.09530326232
953 2.09746317239
954 2.0996233068
955 2.10178366938
956 2.10394426397
957 2.1061050944
958 2.10826616452
959 2.11042747815
960 2.11258903914
961 2.11475085134
962 2.1169129186
963 2.11907524475
964 2.12123783364
965 2.12340068914
966 2.12556381508
967 2.12772721533
968 2.12989089373
969 2.13205485415
970 2.13421910045
971 2.13638363649
972 2.13854846612
973 2.14071359321
974 2.14287902164
975 2.14504475527
976 2.14721079796
977 2.14937715359
978 2.15154382604
979 2.15371081918
980 2.15587813688
981 2.15804578303
982 2.16021376151
983 2.16238207619
984 2.16455073097
985 2.16671972973
986 2.16888907636
987 2.17105877475
988 2.17322882879
989 2.17539924237
990 2.17757001939
991 2.17974116375
992 2.18191267935
993 2.18408457009
994 2.1859944107
995 2.18816657058
996 2.19033911673
997 2.19251205304
998 2.19468538343
999 2.19685911182
