50 11.4906753354
51 11.7204888421
52 11.9503023489
53 12.1801158556
54 12.4099293623
55 12.639742869
56 12.8695563757
57 13.0993698824
58 13.3291833891
59 13.5589968958
60 13.7888104025
61 14.0186239092
62 14.2484374159
63 14.4782509227
64 14.7080644294
65 14.9378779361
66 15.1676914428
67 15.3975049495
68 15.6273184562
69 15.8571319629
70 16.0869454696
71 16.3167589763
72 16.546572483
73 16.7763859897
74 17.0061994964
75 17.2360130032
76 17.4658265099
77 17.6956400166
78 17.9254535233
79 18.15526703
80 18.3850805367
81 18.6148940434
82 18.8447075501
83 19.0745210568
84 19.3043345635
85 19.5341480702
86 19.763961577
87 19.9937750837
88 20.2235885904
89 20.4534020971
90 20.6832156038
91 20.9130291105
92 21.1428426172
93 21.3726561239
94 21.6024696306
95 21.8322831373
96 22.062096644
97 22.2919101507
98 22.5217236575
99 22.7515371642
100 22.9813506709
101 23.2111641776
102 23.4409776843
103 23.670791191
104 23.9006046977
105 24.1304182044
106 24.3602317111
107 24.5900452178
108 24.8198587245
109 25.0496722313
110 25.279485738
111 25.5092992447
112 25.7391127514
113 25.9689262581
114 26.1987397648
115 26.4285532715
116 26.6583667782
117 26.8881802849
118 27.1179937916
119 27.3478072983
120 27.5776208051
121 27.8074343118
122 28.0372478185
123 28.2670613252
124 28.4968748319
125 28.7266883386
126 28.9565018453
127 29.186315352
128 29.4161288587
129 29.6459423654
130 29.8757558721
131 30.1055693788
132 30.3353828856
133 30.5651963923
134 30.795009899
135 31.0248234057
136 31.2546369124
137 31.4844504191
138 31.7142639258
139 31.9440774325
140 32.1738909392
141 32.4037044459
142 32.6335179526
143 32.8633314594
144 33.0931449661
145 33.3229584728
146 33.5527719795
147 33.7825854862
148 34.0123989929
149 34.2422124996
150 34.4720260063
151 34.701839513
152 34.9316530197
153 35.1614665264
154 35.3912800331
155 35.6210935399
156 35.8509070466
157 36.0807205533
158 36.31053406
159 36.5403475667
160 36.7701610734
161 36.9999745801
162 37.2297880868
163 37.4596015935
164 37.6894151002
165 37.9192286069
166 38.1490421137
167 38.3788556204
168 38.6086691271
169 38.8384826338
170 39.0682961405
171 39.2981096472
172 39.5279231539
173 39.7577366606
174 39.9875501673
175 40.217363674
176 40.4471771807
177 40.6769906874
178 40.9068041942
179 41.1366177009
180 41.3664312076
181 41.5962447143
182 41.826058221
183 42.0558717277
184 42.2856852344
185 42.5154987411
186 42.7453122478
187 42.9751257545
188 43.2049392612
189 43.434752768
190 43.6645662747
191 43.8943797814
192 44.1241932881
193 44.3540067948
194 44.5838203015
195 44.8136338082
196 45.0434473149
197 45.2732608216
198 45.5030743283
199 45.732887835
200 45.9627013418
201 46.1925148485
202 46.4223283552
203 46.6521418619
204 46.8819553686
205 47.1117688753
206 47.341582382
207 47.5713958887
208 47.8012093954
209 48.0310229021
210 48.2608364088
211 48.4906499155
212 48.7204634223
213 48.950276929
214 49.1800904357
215 49.4099039424
216 49.6397174491
217 49.8695309558
218 50.0993444625
219 50.3291579692
220 50.5589714759
221 50.7887849826
222 51.0185984893
223 51.2484119961
224 51.4782255028
225 51.7080390095
226 51.9378525162
227 52.1676660229
228 52.3974795296
229 52.6272930363
230 52.857106543
231 53.0869200497
232 53.3167335564
233 53.5465470631
234 53.7763605698
235 54.0061740766
236 54.2359875833
237 54.46580109
238 54.6956145967
239 54.9254281034
240 55.1552416101
241 55.3850551168
242 55.6148686235
243 55.8446821302
244 56.0744956369
245 56.3043091436
246 56.5341226504
247 56.7639361571
248 56.9937496638
249 57.2235631705
250 57.4533766772
251 57.6831901839
252 57.9130036906
253 58.1428171973
254 58.372630704
255 58.6024442107
256 58.8322577174
257 59.0620712241
258 59.2918847309
259 59.5216982376
260 59.7515117443
261 59.981325251
262 60.2111387577
263 60.4409522644
264 60.6707657711
265 60.9005792778
266 61.1303927845
267 61.3602062912
268 61.5900197979
269 61.8198333047
270 62.0496468114
271 62.2794603181
272 62.5092738248
273 62.7390873315
274 62.9689008382
275 63.1987143449
276 63.4285278516
277 63.6583413583
278 63.888154865
279 64.1179683717
280 64.3477818785
281 64.5775953852
282 64.8074088919
283 65.0372223986
284 65.2670359053
285 65.496849412
286 65.7266629187
287 65.9564764254
288 66.1862899321
289 66.4161034388
290 66.6459169455
291 66.8757304522
292 67.105543959
293 67.3353574657
294 67.5651709724
295 67.7949844791
296 68.0247979858
297 68.2546114925
298 68.4844249992
299 68.7142385059
