50 0.0202286639693
51 0.0211999140754
52 0.0221953626784
53 0.0232142368302
54 0.0242601617954
55 0.0253296131985
56 0.0264280090264
57 0.0275470153757
58 0.0286932202037
59 0.0298633601892
60 0.0310533301945
61 0.0322731836079
62 0.0335205900933
63 0.0347837447497
64 0.036075898939
65 0.037394670366
66 0.0387370786212
67 0.0400994881687
68 0.0414903042093
69 0.0429071824301
70 0.0443472473844
71 0.0458070467971
72 0.0472992704095
73 0.0488046830008
74 0.0503370908556
75 0.0518942033969
76 0.0534732869014
77 0.0550665278522
78 0.0566889176037
79 0.0583362668246
80 0.0600034278448
81 0.0616929498053
82 0.0634051967542
83 0.0651408405051
84 0.0668974611525
85 0.0686722791576
86 0.0704736655947
87 0.0722918338521
88 0.0741320637153
89 0.0759920575783
90 0.077873937003
91 0.0797755004664
92 0.0816994792477
93 0.0836383891386
94 0.0856006504351
95 0.0875785112751
96 0.089581772314
97 0.0915958939843
98 0.0936313411502
99 0.095686337284
100 0.0977589001336
101 0.0998547151206
102 0.101964171291
103 0.104084651553
104 0.10623119357
105 0.108393630935
106 0.110569835544
107 0.112767589213
108 0.114975082531
109 0.117200551249
110 0.119442379553
111 0.121698803122
112 0.123980150969
113 0.126260318184
114 0.128575228516
115 0.130884391714
116 0.13322630703
117 0.135571976018
118 0.1379337776
119 0.140310316722
120 0.142700088246
121 0.145101474603
122 0.147512743913
123 0.149950003573
124 0.152394507967
125 0.154844203702
126 0.15731667701
127 0.159791117664
128 0.162286160217
129 0.164779564616
130 0.167291055598
131 0.169819914183
132 0.172365364958
133 0.174902185432
134 0.177477544319
135 0.180040976364
136 0.182615815097
137 0.185200942833
138 0.187823235131
139 0.190426102312
140 0.193035536133
141 0.195680566069
142 0.19833096279
143 0.200985253949
144 0.203641901257
145 0.206299301135
146 0.208990355156
147 0.211645047736
148 0.214367926993
149 0.217050834724
150 0.219765422813
151 0.222473429989
152 0.225212810569
153 0.227943404534
154 0.23070496382
155 0.233455371671
156 0.236192411425
157 0.238958600944
158 0.241708790388
159 0.244487402403
160 0.247295058138
161 0.250083500949
162 0.252900136492
163 0.255694552394
164 0.258516194013
165 0.261312453304
166 0.264134855287
167 0.266983923211
168 0.269803687726
169 0.272648900761
170 0.275461285852
171 0.278357706291
172 0.281219944515
173 0.284044945674
174 0.286956534384
175 0.289829394458
176 0.292660338945
177 0.295580345761
178 0.29845681
179 0.301356013546
180 0.304207482816
181 0.307152055678
182 0.310047107789
183 0.312963858566
184 0.315826647762
185 0.31878653758
186 0.321690523055
187 0.324614939148
188 0.327560107644
189 0.330526357316
190 0.333429904425
191 0.336352408978
192 0.339294152452
193 0.342255422105
194 0.345236511109
195 0.348146582583
196 0.351166730667
197 0.354113531122
198 0.357078369495
199 0.360061500067
200 0.362964745152
201 0.365983716442
202 0.368920312251
203 0.371873178537
204 0.374946975415
205 0.377934561243
206 0.38083154809
207 0.383851663753
208 0.386889153531
209 0.38983199133
210 0.392789471607
211 0.395877163714
212 0.398866059725
213 0.401870158851
214 0.404889647626
215 0.407802813707
216 0.41085197406
217 0.413917081134
218 0.416871429274
219 0.419967286448
220 0.422949365904
221 0.425944718627
222 0.428953493077
223 0.431975840025
224 0.435011912597
225 0.438061866302
226 0.441125859071
227 0.444061687877
228 0.447152423152
229 0.450111765843
230 0.453229821297
231 0.456213186452
232 0.459207872882
233 0.462367068515
234 0.465386549854
235 0.468417718723
236 0.471460694536
237 0.474515598403
238 0.477420250896
239 0.480497477612
240 0.483586986263
241 0.486688904696
242 0.489633479927
243 0.492758626923
244 0.495722848455
245 0.498871676113
246 0.501855928224
247 0.504849395276
248 0.50803357817
249 0.511047653903
250 0.514071212893
251 0.517104341204
252 0.520147125999
253 0.523199655547
254 0.526262019235
255 0.529334307578
256 0.532416612232
257 0.535509026004
258 0.538611642863
259 0.541520941023
260 0.544642122438
261 0.547773776725
262 0.550706147352
263 0.553856860593
264 0.556804294045
265 0.559974393512
266 0.562937152774
267 0.566126973376
268 0.569105327833
269 0.572315212257
270 0.575309437797
271 0.578310652149
272 0.581318910728
273 0.584567610615
274 0.587592278006
275 0.59062417538
276 0.59366336082
277 0.596709893059
278 0.599763831477
279 0.60282523611
280 0.605894167649
281 0.608970687451
282 0.612054857538
283 0.615146740603
284 0.618246400017
285 0.621093672593
286 0.624206728307
287 0.627327737182
288 0.630456765191
289 0.633593879004
290 0.636467287161
291 0.639618341173
292 0.642777667113
293 0.645666418527
294 0.648840011632
295 0.651738470087
296 0.654926542682
297 0.657834862238
298 0.661037630791
299 0.66395596879
300 0.667173653959
301 0.670102171052
302 0.673334997729
303 0.676273857903
304 0.679216792758
305 0.682471425865
306 0.68542494175
307 0.688382632401
308 0.69165954835
309 0.694628065041
310 0.697600859714
311 0.700900547993
312 0.703884420862
313 0.70687267809
314 0.709865351398
315 0.712862472806
316 0.715864074635
317 0.719207940421
318 0.722221115439
319 0.725238883403
320 0.728261277927
321 0.731288332927
322 0.734320082625
323 0.737356561548
324 0.740397804533
325 0.743443846721
326 0.746494723563
327 0.74955047082
328 0.752611124561
329 0.755676721168
330 0.758747297336
331 0.761822890072
332 0.764903536697
333 0.767609598886
334 0.770812399913
335 0.773829494657
336 0.776889464078
337 0.779915068022
338 0.782944838742
339 0.785978806911
340 0.789017003451
341 0.792059459539
342 0.79506579993
343 0.798116591978
344 0.801130778799
345 0.804148795132
346 0.807212179797
347 0.810238218325
348 0.813226105249
349 0.816259724799
350 0.819297317572
351 0.822338912989
352 0.825341346742
353 0.828347275632
354 0.831400482553
355 0.834413763496
356 0.83743061967
357 0.840451077744
358 0.843430266267
359 0.846457720257
360 0.849488856012
361 0.852477938428
362 0.855516227628
363 0.85851193688
364 0.86151085287
365 0.86451299989
366 0.867565617692
367 0.870527085073
368 0.873539072702
369 0.876554390293
370 0.87957306302
371 0.882546428272
372 0.885571587821
373 0.888550895567
374 0.891582639501
375 0.894567982876
376 0.897556230252
377 0.900547404143
378 0.903541527215
379 0.906538622288
380 0.909538712336
381 0.912541820484
382 0.915495980992
383 0.918504888269
384 0.921464285265
385 0.924479080931
386 0.92744379933
387 0.930464573802
388 0.933434699636
389 0.93640740812
390 0.939382719961
391 0.942360655996
392 0.945341237196
393 0.948324484662
394 0.951310419627
395 0.954243065024
396 0.957234123348
397 0.960227932416
398 0.963167572066
399 0.966166628465
400 0.969110925688
401 0.972057424182
402 0.975064346057
403 0.978015619443
404 0.980969151525
405 0.983924961285
406 0.986883067817
407 0.989843490324
408 0.992806248122
409 0.995771360634
410 0.998738847399
411 1.00164763566
412 1.00461960306
413 1.00759400278
414 1.01050878681
415 1.01348778072
416 1.01640654474
417 1.01932716367
418 1.02231302454
419 1.02523773023
420 1.02816434297
421 1.03109287996
422 1.03402335848
423 1.03702081699
424 1.03995556257
425 1.04282661754
426 1.04576503694
427 1.04870548569
428 1.05164798163
429 1.05459254269
430 1.05747182951
431 1.06042023527
432 1.06337075932
433 1.06625505001
434 1.06920952248
435 1.07209711998
436 1.0750556101
437 1.07794657955
438 1.08083909094
439 1.08380356441
440 1.08669954555
441 1.08959711625
442 1.0924962922
443 1.09539708913
444 1.09829952287
445 1.10120360933
446 1.10410936446
447 1.10701680432
448 1.10992594501
449 1.11283680274
450 1.11574939375
451 1.11858918488
452 1.12150493906
453 1.12442247464
454 1.12726620931
455 1.13018700167
456 1.13310962418
457 1.13595743574
458 1.13888340985
459 1.14173389818
460 1.14458557238
461 1.14751651133
462 1.15037095023
463 1.15322661771
464 1.15616266209
465 1.15902118331
466 1.16188097636
467 1.16474205544
468 1.1676044348
469 1.17046812875
470 1.17333315166
471 1.17619951796
472 1.17906724211
473 1.18193633867
474 1.18480682222
475 1.18767870742
476 1.19055200896
477 1.19342674162
478 1.19621873051
479 1.199096001
480 1.20197474615
481 1.2047696949
482 1.20765106239
483 1.21053394861
484 1.21333197712
485 1.21621757111
486 1.21901759931
487 1.22190595788
488 1.22470803874
489 1.22759921906
490 1.23040340594
491 1.23320848241
492 1.23610381224
493 1.23891107449
494 1.24171926496
495 1.2445283963
496 1.2473384812
497 1.25024075295
498 1.25305315705
499 1.255866554
500 1.25868095666
501 1.26149637794
502 1.26431283078
503 1.26713032816
504 1.26994888312
505 1.27276850872
506 1.27558921808
507 1.27841102435
508 1.28123394071
509 1.28396220991
510 1.28678700068
511 1.28961294037
512 1.29244004235
513 1.29517101756
514 1.29800009488
515 1.30083037378
516 1.3035634104
517 1.30639574065
518 1.30922931213
519 1.31196451757
520 1.31480021707
521 1.31753680204
522 1.32037468039
523 1.32311269211
524 1.32595280043
525 1.32869228639
526 1.33143233538
527 1.33427568402
528 1.33701727806
529 1.3398629847
530 1.34260617192
531 1.34534997963
532 1.34809441908
533 1.35094459012
534 1.35369071794
535 1.35643751224
536 1.35918498436
537 1.36193314569
538 1.36468200763
539 1.36753904868
540 1.3702897427
541 1.3730411726
542 1.3757933499
543 1.37854628616
544 1.38129999295
545 1.38405448187
546 1.38680976455
547 1.38956585264
548 1.39221168937
549 1.39496901866
550 1.39772718758
551 1.40048620789
552 1.4032460914
553 1.40600684992
554 1.40876849529
555 1.41141713852
556 1.41418018212
557 1.41694414734
558 1.41959392942
559 1.4223593599
560 1.425125747
561 1.42777676226
562 1.43054468209
563 1.43331359375
564 1.43596593711
565 1.43873644941
566 1.44138959816
567 1.44416175597
568 1.44681575163
569 1.44958960005
570 1.45224448431
571 1.45502006859
572 1.4576758833
573 1.46045324889
574 1.46311003606
575 1.46588922859
576 1.46854703041
577 1.47120515132
578 1.4739869545
579 1.47664615278
580 1.47930570036
581 1.48209021504
582 1.48475090307
583 1.48741197078
584 1.49007342806
585 1.49286156997
586 1.49552425177
587 1.49818735374
588 1.50085088583
589 1.50351485802
590 1.50617928031
591 1.50897297761
592 1.51163875078
593 1.51430500495
594 1.51697175019
595 1.51963899658
596 1.52230675421
597 1.5249750332
598 1.52764384367
599 1.53031319577
600 1.53298309965
601 1.5356535655
602 1.53832460351
603 1.54099622387
604 1.54366843683
605 1.54634125262
606 1.54901468149
607 1.55155308883
608 1.55422734064
609 1.55690223555
610 1.55957778387
611 1.56225399594
612 1.5649308821
613 1.56747021677
614 1.57014804309
615 1.57282657379
616 1.57550581927
617 1.5780458189
618 1.5807260827
619 1.58340709174
620 1.58594758221
621 1.58862966807
622 1.59131252973
623 1.59385359296
624 1.59653759017
625 1.5992223939
626 1.6017641121
627 1.60445011034
628 1.60699216998
629 1.60967940162
630 1.61236749094
631 1.61491034249
632 1.61759972456
633 1.62014300789
634 1.62283372184
635 1.62537747293
636 1.628069558
637 1.63061381293
638 1.63330730844
639 1.63585210335
640 1.63839696586
641 1.64109241987
642 1.64363787597
643 1.64633483831
644 1.64888092437
645 1.65142712123
646 1.65412618715
647 1.65667306788
648 1.65922008528
649 1.66192134175
650 1.6644690971
651 1.66701701508
652 1.66956510412
653 1.67226925953
654 1.67481815838
655 1.67736725435
656 1.6799165559
657 1.68262376374
658 1.68517394725
659 1.6877243625
660 1.69027501798
661 1.69282592219
662 1.69537708364
663 1.69808891866
664 1.70064107003
665 1.70319350495
666 1.70574623195
667 1.70829925957
668 1.71085259636
669 1.71340625089
670 1.71596023172
671 1.71851454743
672 1.72106920658
673 1.72362421778
674 1.72617958961
675 1.72873533068
676 1.7312914496
677 1.73384795498
678 1.73640485544
679 1.73896215962
680 1.74151987615
681 1.74407801368
682 1.74663658085
683 1.74919558634
684 1.7517550388
685 1.7543149469
686 1.75687531933
687 1.75926475136
688 1.76182561033
689 1.76438695893
690 1.76694880586
691 1.76951115983
692 1.77207402958
693 1.77446322575
694 1.77702668042
695 1.77959067628
696 1.78215522206
697 1.78472032652
698 1.78710946533
699 1.78967523677
700 1.79224159241
701 1.79480854101
702 1.79719768422
703 1.79976536535
704 1.80233366502
705 1.80472278103
706 1.80729186212
707 1.80986158739
708 1.81225074421
709 1.81482129988
710 1.81739252542
711 1.81978179116
712 1.82235389618
713 1.82474312292
714 1.82731613968
715 1.82988986895
716 1.8322793177
717 1.83485400794
718 1.8372434921
719 1.83981917565
720 1.84220872476
721 1.84478543401
722 1.84736291557
723 1.84975284504
724 1.85233140174
725 1.85472147078
726 1.8573011351
727 1.85969137334
728 1.86208147822
729 1.86466261492
730 1.86705293284
731 1.86963525773
732 1.87202581837
733 1.87460936408
734 1.87700019715
735 1.87958499632
736 1.88197613156
737 1.88436719703
738 1.88695368404
739 1.88934509565
740 1.89173645852
741 1.89432470462
742 1.89671645764
743 1.89910818297
744 1.90169825954
745 1.90409041908
746 1.90648257199
747 1.9090745505
748 1.91146718172
749 1.91385982739
750 1.91645377941
751 1.91884694754
752 1.92124015121
753 1.92363339724
754 1.92622991876
755 1.92862374572
756 1.93101763616
757 1.9334115969
758 1.93601081344
759 1.93840541367
760 1.94080010532
761 1.94319489525
762 1.94558979028
763 1.9481924206
764 1.95058802805
765 1.95298376176
766 1.95537962857
767 1.95777563532
768 1.96017178886
769 1.96256809603
770 1.96517561989
771 1.9675727412
772 1.96997003733
773 1.97236751513
774 1.97476518144
775 1.97716304313
776 1.97956110704
777 1.98195938002
778 1.98435786893
779 1.98675658062
780 1.98915552196
781 1.99155469979
782 1.99395412098
783 1.99635379239
784 1.99875372087
785 2.00115391329
786 2.0035543765
787 2.00595511738
788 2.00835614279
789 2.0107574596
790 2.01315907466
791 2.01556099486
792 2.01796322706
793 2.02036577812
794 2.02276865493
795 2.02517186436
796 2.02757541327
797 2.02997930856
798 2.03238355708
799 2.03478816574
800 2.03719314139
801 2.03959849093
802 2.04177727211
803 2.04418288213
804 2.04658888599
805 2.04899529058
806 2.05140210276
807 2.05380932945
808 2.05621697752
809 2.0583945883
810 2.0608025871
811 2.06321102724
812 2.06561991563
813 2.06802925916
814 2.07020608314
815 2.0726158415
816 2.07502607497
817 2.07743679047
818 2.07984799488
819 2.08202418112
820 2.08443586448
821 2.08684805674
822 2.08926076482
823 2.09143645504
824 2.09384969309
825 2.09626346696
826 2.09867778356
827 2.10085307218
828 2.1032679698
829 2.10568343015
830 2.10785836223
831 2.11027444155
832 2.11269110363
833 2.11510835538
834 2.11728305042
835 2.11970097221
836 2.12211950369
837 2.1242939646
838 2.12671320407
839 2.12888737994
840 2.13130735226
841 2.13372796743
842 2.13590199559
843 2.13832338157
844 2.14074543044
845 2.14291936304
846 2.14534222069
847 2.14751595916
848 2.14993965045
849 2.1523640378
850 2.154537767
851 2.15696302596
852 2.15913661763
853 2.16156277306
854 2.16373624961
855 2.16616332635
856 2.16859114551
857 2.1707647331
858 2.17319351157
859 2.17536704056
860 2.17779680319
861 2.17997029595
862 2.18240106759
863 2.18457454648
864 2.18700635201
865 2.18917983939
866 2.19161270366
867 2.19378622185
868 2.19622016972
869 2.19839374107
870 2.20082879741
871 2.20300244422
872 2.2054386339
873 2.20761237849
874 2.21004972637
875 2.21222359104
876 2.21439727726
877 2.21683612903
878 2.2190099682
879 2.22145003963
880 2.22362405402
881 2.22606536997
882 2.22823958185
883 2.23041365205
884 2.23285659884
885 2.23503089934
886 2.23747515212
887 2.23964970517
888 2.24182414268
889 2.24427011665
890 2.24644483949
891 2.24861946236
892 2.2510672113
893 2.25324215223
894 2.25541700875
895 2.25786658644
896 2.26004179376
897 2.26221693218
898 2.2646683924
899 2.26684391432
900 2.26901938287
901 2.27147277939
902 2.27364866412
903 2.27582451098
904 2.27827989759
905 2.28045619328
906 2.28263246658
907 2.28508989707
908 2.28726665185
909 2.28944339971
910 2.29162014561
911 2.29408018984
912 2.29625746032
913 2.2984347443
914 2.30061204674
915 2.30307479832
916 2.3052526684
917 2.30743057237
918 2.30960851519
919 2.31207406776
920 2.31425262123
921 2.31643122897
922 2.31860989592
923 2.32078862704
924 2.3232576637
925 2.32543705889
926 2.32761653363
927 2.32979609286
928 2.33197574153
929 2.33444840669
930 2.3366287728
931 2.33880924371
932 2.34098982434
933 2.34317051965
934 2.34535133455
935 2.34782842376
936 2.35001001982
937 2.35219175082
938 2.35437362167
939 2.35655563729
940 2.35873780261
941 2.36092012255
942 2.36340253214
943 2.36558570729
944 2.36776905236
945 2.36995257226
946 2.3721362719
947 2.3743201562
948 2.37650423006
949 2.37868849838
950 2.38087296607
951 2.38305763804
952 2.38554786728
953 2.38773349952
954 2.38991935131
955 2.39210542752
956 2.39429173306
957 2.39647827283
958 2.3986650517
959 2.40085207458
960 2.40303934634
961 2.40522687189
962 2.40741465609
963 2.40960270385
964 2.41179102002
965 2.41397960951
966 2.41616847718
967 2.41835762792
968 2.4205470666
969 2.42273679809
970 2.42492682727
971 2.42711715901
972 2.42930779818
973 2.43149874965
974 2.43369001829
975 2.43588160896
976 2.43807352653
977 2.44026577586
978 2.44245836182
979 2.44465128926
980 2.44684456305
981 2.44903818805
982 2.45123216911
983 2.45342651109
984 2.45562121884
985 2.45781629723
986 2.46001175109
987 2.4622075853
988 2.46440380469
989 2.46660041412
990 2.46879741844
991 2.47099482249
992 2.47319263112
993 2.47539084918
994 2.47726107201
995 2.47945956132
996 2.48165847395
997 2.48385781477
998 2.48605758859
999 2.48825780027
