13.8832081128
50 8.60489661305e-06
51 1.62442720036e-05
52 2.92419711764e-05
53 5.03799139302e-05
54 8.36810824443e-05
55 0.000134005526471
56 0.000208408787525
57 0.000313638098254
58 0.000460078345905
59 0.000657852638739
60 0.000916901342731
61 0.00125482316164
62 0.00168620635417
63 0.00221680036973
64 0.00287208729392
65 0.00366712305695
66 0.00461436139649
67 0.00572212518469
68 0.00701853474062
69 0.00851490689768
70 0.0102178288967
71 0.0121278403219
72 0.014290174162
73 0.0166547885899
74 0.0192695323338
75 0.0221326892509
76 0.0252364716975
77 0.0285455583963
78 0.0321240285434
79 0.0359538279554
80 0.0400060847062
81 0.0442883440978
82 0.0487970728664
83 0.0535300273469
84 0.0584656438894
85 0.0635775495372
86 0.0689098576923
87 0.0743904569548
88 0.0800438417589
89 0.0858447186495
90 0.091797847875
91 0.0978779332772
92 0.104094727403
93 0.110384030214
94 0.116797558605
95 0.123268808091
96 0.129861660276
97 0.136458553264
98 0.143129457605
99 0.149853122086
100 0.156606983909
101 0.163426779673
102 0.17023308686
103 0.177000064351
104 0.183834882618
105 0.190655504196
106 0.197441178944
107 0.204244921918
108 0.21097540177
109 0.217689547778
110 0.224371946551
111 0.231006809172
112 0.237664556989
113 0.24415813781
114 0.250737667407
115 0.257119575855
116 0.263567786491
117 0.269882592965
118 0.276147383016
119 0.282351770695
120 0.288485266534
121 0.294537306092
122 0.300497279411
123 0.306466130095
124 0.312325903671
125 0.318065904596
126 0.323793376046
127 0.329383932785
128 0.334948939459
129 0.340359930427
130 0.345732338806
131 0.351061614631
132 0.356343184408
133 0.361440833233
134 0.36661132572
135 0.371585019537
136 0.376489009991
137 0.381318784075
138 0.386210442
139 0.390880041292
140 0.395462016881
141 0.400097630388
142 0.404640157653
143 0.409085215146
144 0.413428477059
145 0.417665682237
146 0.421946236192
147 0.425960298098
148 0.430169050941
149 0.434103089808
150 0.438073015294
151 0.441918227599
152 0.445797088849
153 0.449546188024
154 0.453326699651
155 0.45697247634
156 0.460479760018
157 0.46401381716
158 0.467404641024
159 0.470820074227
160 0.474260280975
161 0.4775515326
162 0.480865409151
163 0.484025798403
164 0.487206705859
165 0.490229735782
166 0.493271227093
167 0.496331268112
168 0.499228162745
169 0.502141592173
170 0.504887778037
171 0.50783339773
172 0.510609809628
173 0.513214025512
174 0.516018812921
175 0.518649499629
176 0.521103235487
177 0.523758564428
178 0.526235106305
179 0.52872260854
180 0.531027712677
181 0.533536218763
182 0.535860555586
183 0.538194062476
184 0.540339970833
185 0.542690896396
186 0.544852528
187 0.547021575602
188 0.549197999191
189 0.551381756286
190 0.553371311268
191 0.555366581316
192 0.557367509549
193 0.559374036722
194 0.561386101244
195 0.56319857166
196 0.565220780785
197 0.567041860297
198 0.56886680203
199 0.570695528191
200 0.572319571626
201 0.574154957064
202 0.575784231804
203 0.57741569436
204 0.579260090883
205 0.580896251141
206 0.58232229549
207 0.583961587778
208 0.585602599239
209 0.587031489742
210 0.588460783206
211 0.590105160225
212 0.591535473539
213 0.59296588135
214 0.594396278853
215 0.595609696441
216 0.597039235327
217 0.598468444847
218 0.599678872362
219 0.601106579887
220 0.602314329511
221 0.60352035843
222 0.604724558731
223 0.605926822407
224 0.607127041434
225 0.608325107838
226 0.609520913769
227 0.610492071257
228 0.611682600248
229 0.612647482855
230 0.61383231071
231 0.61479050049
232 0.615745014896
233 0.616920290641
234 0.617867495788
235 0.618810722679
236 0.619749872552
237 0.620684847612
238 0.621389304995
239 0.622315304191
240 0.623236843144
241 0.624153828478
242 0.624838666669
243 0.625745939354
244 0.626420310577
245 0.627317519434
246 0.627981085581
247 0.628639006368
248 0.629520325396
249 0.630166958229
250 0.630807714339
251 0.631442520552
252 0.632071305365
253 0.632693998967
254 0.633310533262
255 0.633920841886
256 0.634524860223
257 0.635122525421
258 0.635713776405
259 0.636066966758
260 0.636645002914
261 0.637216454789
262 0.637549142132
263 0.638107062692
264 0.638425799984
265 0.638969998286
266 0.639274612076
267 0.63980491196
268 0.640095243694
269 0.640611483748
270 0.640887389703
271 0.641155984647
272 0.641417240825
273 0.641904758204
274 0.642151350554
275 0.642390529135
276 0.642622273446
277 0.642846564767
278 0.643063386142
279 0.643272722362
280 0.643474559948
281 0.643668887135
282 0.643855693849
283 0.64403497169
284 0.644206713911
285 0.644136393182
286 0.644292993509
287 0.644442050427
288 0.644583563587
289 0.644717534182
290 0.644609271018
291 0.64472812294
292 0.644839447642
293 0.644708522479
294 0.644804780585
295 0.644658828323
296 0.644740070516
297 0.644579158219
298 0.644645446
299 0.644469651292
300 0.644521056558
301 0.644330467192
302 0.644367071814
303 0.644161785236
304 0.643949228236
305 0.643963803542
306 0.643736715371
307 0.643502448685
308 0.643495238588
309 0.643246626075
310 0.642990936186
311 0.642962212705
312 0.642692380174
313 0.64241557991
314 0.642131851068
315 0.641841233629
316 0.641543768379
317 0.641472961717
318 0.641161812966
319 0.640843940869
320 0.640519389179
321 0.640188202326
322 0.639850425389
323 0.639506104074
324 0.639155284688
325 0.638798014118
326 0.638434339803
327 0.638064309715
328 0.637687972335
329 0.637305376629
330 0.636916572027
331 0.636521608402
332 0.636120536045
333 0.635482038046
334 0.635138407419
335 0.634673213457
336 0.634225268834
337 0.633748436802
338 0.633265874502
339 0.632777635822
340 0.632283774896
341 0.631784346083
342 0.631256424855
343 0.630746042748
344 0.630207316314
345 0.629663280318
346 0.629136891647
347 0.628582383854
348 0.627999873523
349 0.627435158355
350 0.626865413616
351 0.626290695526
352 0.625688283989
353 0.625081055027
354 0.624491797411
355 0.62387508157
356 0.623253718522
357 0.622627765006
358 0.621974636573
359 0.621339695244
360 0.620700333473
361 0.62003403724
362 0.619386027468
363 0.61871124417
364 0.618032314419
365 0.617349294669
366 0.616684688943
367 0.61597121023
368 0.615276257667
369 0.614577439337
370 0.613874810857
371 0.613146107945
372 0.61243605108
373 0.611700082789
374 0.610982818092
375 0.610239804614
376 0.609493364117
377 0.608743551059
378 0.607990419642
379 0.607234023806
380 0.606474417221
381 0.605711653287
382 0.604923764768
383 0.604154873194
384 0.603361019412
385 0.602586210789
386 0.601786601569
387 0.601006084078
388 0.600200926779
389 0.599393087117
390 0.59858261607
391 0.59776956429
392 0.596953982092
393 0.596135919455
394 0.595315426018
395 0.594470911275
396 0.59364573382
397 0.592818272491
398 0.591967026889
399 0.591135172481
400 0.590279690733
401 0.58942217769
402 0.588584105097
403 0.587722638837
404 0.586859281205
405 0.585994078122
406 0.585127075138
407 0.584258317424
408 0.583387849777
409 0.582515716617
410 0.581641961985
411 0.580745489421
412 0.579868654373
413 0.578990327755
414 0.578089508658
415 0.577208358162
416 0.576304864105
417 0.575400111439
418 0.574515053839
419 0.573607873941
420 0.572699557631
421 0.571790144885
422 0.570879675292
423 0.569988935834
424 0.569076436558
425 0.568142315556
426 0.567228006782
427 0.566312833347
428 0.565396832543
429 0.564480041279
430 0.563541982252
431 0.562623752713
432 0.5617048412
433 0.560764870377
434 0.559844734238
435 0.558903676243
436 0.557982454171
437 0.55704044628
438 0.556098031142
439 0.555175450496
440 0.554232285813
441 0.553288812417
442 0.552345062422
443 0.551401067578
444 0.550456859273
445 0.549512468531
446 0.548567926021
447 0.547623262052
448 0.546678506579
449 0.545733689203
450 0.544788839176
451 0.543824189369
452 0.542879394791
453 0.541934653227
454 0.540970300406
455 0.540025782512
456 0.539081400209
457 0.53811759206
458 0.537173595523
459 0.536210295269
460 0.535247305412
461 0.534304100206
462 0.533341772276
463 0.532379830266
464 0.531437643106
465 0.530476511188
466 0.529515837806
467 0.528555646526
468 0.5275959606
469 0.526636802967
470 0.525678196259
471 0.524720162802
472 0.523762724615
473 0.522805903418
474 0.521849720633
475 0.520894197382
476 0.519939354496
477 0.518985212513
478 0.51801293527
479 0.517060290232
480 0.516108405957
481 0.515138550068
482 0.514188279822
483 0.513238827661
484 0.512271564743
485 0.511323838674
486 0.510358407776
487 0.509412479763
488 0.508448951643
489 0.507504891516
490 0.506543334814
491 0.505582806392
492 0.504641691582
493 0.50368323361
494 0.50272585223
495 0.50176956303
496 0.50081438135
497 0.499878517889
498 0.498925561607
499 0.497973757449
