7.93326177873
50 0.00128545314552
51 0.00184682741628
52 0.00258245195987
53 0.0035219234099
54 0.00470412367472
55 0.00615361187491
56 0.00791667766758
57 0.00999572951713
58 0.0124380787389
59 0.0152531717342
60 0.0184346873953
61 0.0220489716306
62 0.0260986681152
63 0.030508616207
64 0.0353678573746
65 0.0406609397301
66 0.0463584394348
67 0.0524159219108
68 0.0588958406228
69 0.0657647555367
70 0.0729775335598
71 0.0804771744992
72 0.0883787065552
73 0.0964518218489
74 0.104825001367
75 0.113451717624
76 0.12227822701
77 0.131189302384
78 0.140340143636
79 0.149661235118
80 0.159070759787
81 0.168579898474
82 0.17817469987
83 0.187845807544
84 0.197547821875
85 0.207232704667
86 0.216985523855
87 0.226677788008
88 0.236359821031
89 0.245994189457
90 0.255595342367
91 0.265129428861
92 0.274618775302
93 0.283974584376
94 0.293282668556
95 0.302454932255
96 0.311589637999
97 0.320532977773
98 0.329390083995
99 0.338139905496
100 0.34676116023
101 0.355306327884
102 0.363683477928
103 0.371871028675
104 0.380005575349
105 0.387994974638
106 0.39582274718
107 0.403556426033
108 0.41109890004
109 0.418520990635
110 0.425811181967
111 0.432958003086
112 0.44004158988
113 0.446869005756
114 0.453707898249
115 0.460268241061
116 0.466826265246
117 0.473182280524
118 0.4794252771
119 0.485548537628
120 0.49154540795
121 0.497409309041
122 0.503133748944
123 0.508818170464
124 0.514352735378
125 0.519731185933
126 0.525056606282
127 0.530215918574
128 0.535314525014
129 0.54023731829
130 0.545091948293
131 0.549875774698
132 0.554586178054
133 0.559104244503
134 0.563659091276
135 0.568014651325
136 0.57228478265
137 0.576467060263
138 0.580679876387
139 0.584680153423
140 0.588585512521
141 0.592516931161
142 0.596350517433
143 0.600084037631
144 0.603715306214
145 0.607242187896
146 0.610789641493
147 0.614102243659
148 0.617561225166
149 0.620781330072
150 0.624018182489
151 0.627141396135
152 0.630280190203
153 0.633302886343
154 0.636340016654
155 0.639258653901
156 0.6420570305
157 0.64486757368
158 0.64755561211
159 0.650254753382
160 0.652965032578
161 0.655550105756
162 0.658145276142
163 0.660613137999
164 0.66309008768
165 0.665437707571
166 0.66779343912
167 0.670157291207
168 0.672389390745
169 0.674628663368
170 0.676734324331
171 0.678987471058
172 0.681106089025
173 0.683088846496
174 0.685219499982
175 0.687213407893
176 0.689069306802
177 0.691073457562
178 0.692938748003
179 0.694808498799
180 0.696537775755
181 0.698415960764
182 0.700152849937
183 0.701893305719
184 0.703490936092
185 0.705238030694
186 0.706841509409
187 0.708447669409
188 0.710056456345
189 0.71166781346
190 0.713133327012
191 0.714600648712
192 0.716069713261
193 0.717540452995
194 0.719012797898
195 0.720336822862
196 0.721811851926
197 0.723137826543
198 0.724464519569
199 0.725791848926
200 0.726968498394
201 0.72829656941
202 0.729473264775
203 0.73064972603
204 0.731978103032
205 0.733154061673
206 0.734176772394
207 0.735351355432
208 0.736525224642
209 0.73754484737
210 0.738563097156
211 0.739733725561
212 0.740749129409
213 0.741762846195
214 0.742774768845
215 0.743630091994
216 0.744637891199
217 0.745643569148
218 0.746491722499
219 0.747492615915
220 0.748335377462
221 0.749175188013
222 0.750011935653
223 0.750845508084
224 0.751675792706
225 0.752502676695
226 0.753326047085
227 0.753988939344
228 0.754804773791
229 0.755459599129
230 0.756267449314
231 0.756913763619
232 0.757555589943
233 0.758350545077
234 0.758983200666
235 0.759611042158
236 0.76023396247
237 0.76085185529
238 0.761306241932
239 0.761913637933
240 0.7625156939
241 0.763112307273
242 0.763544537907
243 0.764129841101
244 0.764550354136
245 0.765123955535
246 0.765532369397
247 0.765934552191
248 0.766489832012
249 0.766879365521
250 0.767262401575
251 0.76763885497
252 0.768008642153
253 0.768371681247
254 0.768727892097
255 0.769077196295
256 0.769419517211
257 0.769754780024
258 0.770082911746
259 0.770243609603
260 0.770557202427
261 0.770863457954
262 0.77100192147
263 0.771293247509
264 0.77141657189
265 0.771692728616
266 0.771800688285
267 0.772061451755
268 0.772153837183
269 0.772398999477
270 0.772475617293
271 0.772544276727
272 0.772604937178
273 0.772818293463
274 0.772862851537
275 0.772899299356
276 0.77292760444
277 0.772947736325
278 0.772959666553
279 0.772963368666
280 0.772958818191
281 0.772945992627
282 0.772924871435
283 0.772895436022
284 0.772857669723
285 0.772650826132
286 0.772596367061
287 0.772533540265
288 0.772462336628
289 0.772382748874
290 0.772134147493
291 0.772037796994
292 0.771933053118
293 0.771659390511
294 0.771537886506
295 0.771247556129
296 0.771109312143
297 0.770802347802
298 0.770647397313
299 0.770323845929
300 0.770152235334
301 0.769812156512
302 0.769623944704
303 0.769267410307
304 0.76890271672
305 0.768689761941
306 0.768308744273
307 0.767919642067
308 0.767682147809
309 0.767276878039
310 0.766863610482
311 0.766601816731
312 0.766172561598
313 0.765735406748
314 0.765290387797
315 0.764837541496
316 0.764376905705
317 0.764067431713
318 0.763591235748
319 0.763107368634
320 0.762615872381
321 0.762116789964
322 0.761610165295
323 0.761096043193
324 0.760574469358
325 0.760045490342
326 0.759509153523
327 0.758965507077
328 0.758414599953
329 0.757856481841
330 0.757291203153
331 0.756718814993
332 0.756139369129
333 0.755395776754
334 0.754849598672
335 0.754218007388
336 0.753595299325
337 0.752950166886
338 0.752298354296
339 0.751639918113
340 0.750974915359
341 0.750303403495
342 0.749609848112
343 0.748925506292
344 0.748219266928
345 0.747506781696
346 0.746803643895
347 0.746078831286
348 0.745332449403
349 0.744595580751
350 0.743852767628
351 0.743104071065
352 0.742334111363
353 0.741558422834
354 0.740792475967
355 0.740005499397
356 0.739212980142
357 0.738414980534
358 0.737596220624
359 0.736787464492
360 0.735973415612
361 0.735138845333
362 0.734314415963
363 0.733469625316
364 0.732619827619
365 0.73176508582
366 0.730920666029
367 0.730041021526
368 0.729171824706
369 0.728297935108
370 0.727419415378
371 0.726521216069
372 0.725633642076
373 0.724726550682
374 0.723830172046
375 0.722914438011
376 0.721994485389
377 0.721070376153
378 0.720142172096
379 0.719209934819
380 0.718273725723
381 0.717333605999
382 0.716374735684
383 0.715426997103
384 0.714460669075
385 0.713505553966
386 0.712532009874
387 0.711569758563
388 0.710589237984
389 0.709605328553
390 0.708618089404
391 0.707627579376
392 0.706633857009
393 0.705636980537
394 0.704637007884
395 0.703619361052
396 0.702613389459
397 0.701604493592
398 0.700578157729
399 0.699563603946
400 0.69853176502
401 0.697497269056
402 0.696474658148
403 0.69543499235
404 0.694392834606
405 0.693348239236
406 0.69230126019
407 0.691251951045
408 0.690200365003
409 0.689146554884
410 0.68809057313
411 0.687018181517
412 0.685958034324
413 0.684895870543
414 0.683817517358
415 0.682751494846
416 0.681669428248
417 0.680585591083
418 0.679514166659
419 0.678426913586
420 0.677338036945
421 0.67624758494
422 0.675155605366
423 0.674076166394
424 0.67298125067
425 0.671870973093
426 0.670773353061
427 0.669674438327
428 0.668574274236
429 0.667472905726
430 0.666356516829
431 0.665252895609
432 0.664148202347
433 0.663028689069
434 0.661922004232
435 0.660800631118
436 0.659692124712
437 0.658569060209
438 0.657445223844
439 0.656334308259
440 0.655209027064
441 0.654083095477
442 0.65295655318
443 0.65182943945
444 0.65070179316
445 0.649573652782
446 0.648445056385
447 0.647316041639
448 0.646186645816
449 0.64505690579
450 0.64392685804
451 0.642783168504
452 0.641652636688
453 0.640521904233
454 0.639377706744
455 0.638246700892
456 0.637115597986
457 0.635971203329
458 0.634840030731
459 0.633695680087
460 0.632551412464
461 0.631420393617
462 0.630276364572
463 0.629132514136
464 0.628001935836
465 0.626858511806
466 0.625715358627
467 0.624572506311
468 0.623429984509
469 0.622287822508
470 0.62114604924
471 0.620004693276
472 0.618863782838
473 0.617723345792
474 0.616583409659
475 0.615444001608
476 0.614305148468
477 0.613166876724
478 0.612016482345
479 0.610879475141
480 0.609743126745
481 0.608594803295
482 0.607459871214
483 0.606325672358
484 0.605179642922
485 0.604047006228
486 0.602902633648
487 0.601771653108
488 0.600629030036
489 0.599499797106
490 0.598359013671
491 0.597219194932
492 0.596092761166
493 0.594954912602
494 0.593818092601
495 0.592682321844
496 0.591547620716
497 0.590426290133
498 0.589293764682
499 0.588162368279
