15.8665235575
50 1.0
51 1.0
52 1.0
53 1.0
54 1.0
55 1.0
56 1.0
57 1.0
58 1.0
59 1.0
60 1.0
61 1.0
62 1.0
63 1.0
64 1.0
65 1.0
66 1.0
67 1.0
68 1.0
69 1.0
70 1.0
71 1.0
72 1.0
73 1.0
74 1.0
75 1.0
76 1.0
77 1.0
78 1.0
79 1.0
80 1.0
81 1.0
82 1.0
83 1.0
84 1.0
85 1.0
86 1.0
87 1.0
88 1.0
89 1.0
90 1.0
91 1.0
92 1.0
93 1.0
94 1.0
95 1.0
96 1.0
97 1.0
98 1.0
99 0.999999999999
100 0.999999999999
101 0.999999999998
102 0.999999999996
103 0.999999999994
104 0.99999999999
105 0.999999999983
106 0.999999999973
107 0.999999999958
108 0.999999999935
109 0.9999999999
110 0.999999999849
111 0.999999999773
112 0.999999999663
113 0.999999999505
114 0.99999999928
115 0.999999998964
116 0.999999998522
117 0.999999997911
118 0.999999997073
119 0.999999995933
120 0.999999994396
121 0.999999992338
122 0.999999989605
123 0.999999986
124 0.999999981281
125 0.999999975144
126 0.999999967216
127 0.99999995704
128 0.99999994406
129 0.999999927602
130 0.999999906857
131 0.999999880853
132 0.999999848437
133 0.999999808241
134 0.999999758654
135 0.999999697788
136 0.999999623438
137 0.999999533042
138 0.999999423639
139 0.999999291816
140 0.999999133662
141 0.999998944708
142 0.99999871987
143 0.999998453386
144 0.99999813875
145 0.999997768642
146 0.999997334854
147 0.999996828216
148 0.999996238515
149 0.999995554415
150 0.999994763369
151 0.999993851535
152 0.999992803687
153 0.999991603126
154 0.999990231583
155 0.999988669135
156 0.999986894104
157 0.999984882969
158 0.999982610271
159 0.999980048522
160 0.999977168113
161 0.999973937228
162 0.999970321751
163 0.999966285186
164 0.999961788572
165 0.999956790408
166 0.999951246572
167 0.999945110257
168 0.999938331897
169 0.999930859112
170 0.999922636645
171 0.999913606316
172 0.999903706971
173 0.999892874446
174 0.999881041532
175 0.999868137946
176 0.999854090311
177 0.999838822145
178 0.999822253845
179 0.999804302695
180 0.999784882867
181 0.999763905436
182 0.999741278399
183 0.999716906701
184 0.99969069227
185 0.999662534058
186 0.999632328084
187 0.999599967492
188 0.999565342608
189 0.999528341008
190 0.999488847586
191 0.999446744636
192 0.999401911933
193 0.999354226822
194 0.99930356431
195 0.999249797168
196 0.99919279603
197 0.999132429502
198 0.99906856427
199 0.999001065221
200 0.998929795554
201 0.998854616904
202 0.998775389465
203 0.998691972117
204 0.998604222551
205 0.998511997404
206 0.998415152382
207 0.998313542403
208 0.998207021721
209 0.998095444063
210 0.997978662765
211 0.997856530904
212 0.997728901433
213 0.997595627312
214 0.997456561643
215 0.9973115578
216 0.997160469562
217 0.997003151236
218 0.99683945779
219 0.996669244976
220 0.996492369453
221 0.996308688905
222 0.996118062166
223 0.99592034933
224 0.995715411866
225 0.99550311273
226 0.995283316468
227 0.995055889325
228 0.994820699342
229 0.994577616457
230 0.994326512595
231 0.994067261762
232 0.993799740134
233 0.993523826135
234 0.99323940052
235 0.992946346455
236 0.992644549582
237 0.992333898096
238 0.992014282805
239 0.991685597193
240 0.991347737479
241 0.991000602671
242 0.990644094616
243 0.990278118046
244 0.989902580623
245 0.989517392979
246 0.989122468751
247 0.988717724615
248 0.988303080311
249 0.987878458678
250 0.987443785666
251 0.986998990363
252 0.986544005008
253 0.986078765006
254 0.985603208933
255 0.985117278551
256 0.984620918803
257 0.984114077824
258 0.983596706931
259 0.983068760623
260 0.982530196575
261 0.981980975626
262 0.981421061769
263 0.980850422138
264 0.98026902699
265 0.979676849687
266 0.979073866677
267 0.978460057469
268 0.977835404611
269 0.977199893663
270 0.97655351317
271 0.975896254629
272 0.975228112462
273 0.974549083983
274 0.973859169359
275 0.973158371582
276 0.972446696426
277 0.971724152414
278 0.970990750774
279 0.970246505403
280 0.969491432825
281 0.968725552149
282 0.967948885026
283 0.967161455604
284 0.966363290488
285 0.96555441869
286 0.964734871588
287 0.963904682878
288 0.963063888527
289 0.962212526727
290 0.961350637851
291 0.960478264397
292 0.959595450951
293 0.958702244131
294 0.957798692544
295 0.956884846733
296 0.955960759135
297 0.955026484027
298 0.954082077483
299 0.95312759732
300 0.952163103055
301 0.951188655856
302 0.950204318493
303 0.949210155292
304 0.948206232087
305 0.947192616171
306 0.946169376255
307 0.945136582416
308 0.944094306053
309 0.943042619844
310 0.941981597695
311 0.940911314701
312 0.939831847099
313 0.938743272224
314 0.937645668465
315 0.936539115226
316 0.935423692876
317 0.934299482716
318 0.933166566932
319 0.932025028555
320 0.930874951421
321 0.929716420134
322 0.928549520023
323 0.927374337104
324 0.926190958046
325 0.924999470128
326 0.923799961208
327 0.922592519682
328 0.921377234451
329 0.920154194888
330 0.918923490799
331 0.917685212394
332 0.916439450251
333 0.915186295284
334 0.913925838715
335 0.912658172039
336 0.911383386992
337 0.910101575529
338 0.908812829785
339 0.907517242053
340 0.906214904757
341 0.904905910417
342 0.903590351631
343 0.902268321045
344 0.900939911327
345 0.899605215144
346 0.898264325135
347 0.896917333892
348 0.895564333932
349 0.894205417678
350 0.892840677437
351 0.891470205374
352 0.890094093498
353 0.888712433639
354 0.887325317427
355 0.885932836273
356 0.884535081355
357 0.883132143593
358 0.881724113638
359 0.880311081851
360 0.878893138288
361 0.877470372685
362 0.876042874441
363 0.874610732604
364 0.873174035856
365 0.871732872499
366 0.870287330445
367 0.868837497196
368 0.867383459838
369 0.865925305026
370 0.864463118972
371 0.862996987436
372 0.861526995713
373 0.860053228622
374 0.8585757705
375 0.857094705188
376 0.855610116024
377 0.854122085835
378 0.852630696927
379 0.851136031076
380 0.849638169524
381 0.848137192968
382 0.846633181555
383 0.845126214875
384 0.843616371955
385 0.842103731252
386 0.840588370648
387 0.839070367445
388 0.837549798359
389 0.836026739517
390 0.834501266451
391 0.832973454094
392 0.831443376777
393 0.829911108224
394 0.828376721551
395 0.826840289259
396 0.825301883236
397 0.823761574752
398 0.822219434454
399 0.82067553237
400 0.819129937901
401 0.817582719824
402 0.816033946288
403 0.814483684812
404 0.812932002287
405 0.811378964973
406 0.809824638498
407 0.808269087861
408 0.806712377426
409 0.805154570927
410 0.803595731466
411 0.802035921511
412 0.800475202903
413 0.798913636849
414 0.797351283928
415 0.795788204089
416 0.794224456652
417 0.792660100312
418 0.791095193138
419 0.789529792574
420 0.787963955442
421 0.786397737942
422 0.784831195657
423 0.78326438355
424 0.781697355971
425 0.780130166655
426 0.778562868727
427 0.776995514703
428 0.775428156493
429 0.773860845402
430 0.772293632135
431 0.770726566799
432 0.769159698903
433 0.767593077365
434 0.766026750513
435 0.764460766085
436 0.762895171239
437 0.761330012549
438 0.759765336012
439 0.758201187051
440 0.756637610517
441 0.755074650693
442 0.753512351299
443 0.751950755491
444 0.75038990587
445 0.748829844481
446 0.747270612819
447 0.745712251833
448 0.744154801928
449 0.742598302969
450 0.741042794286
451 0.739488314675
452 0.737934902406
453 0.736382595224
454 0.734831430352
455 0.733281444496
456 0.731732673852
457 0.730185154104
458 0.728638920431
459 0.727094007512
460 0.725550449529
461 0.724008280168
462 0.72246753263
463 0.720928239627
464 0.719390433391
465 0.717854145676
466 0.716319407764
467 0.714786250468
468 0.713254704132
469 0.711724798644
470 0.710196563431
471 0.708670027468
472 0.707145219281
473 0.70562216695
474 0.704100898115
475 0.702581439978
476 0.701063819309
477 0.699548062446
478 0.698034195306
479 0.696522243382
480 0.69501223175
481 0.693504185074
482 0.691998127609
483 0.690494083202
484 0.688992075303
485 0.68749212696
486 0.685994260832
487 0.684498499184
488 0.683004863898
489 0.681513376475
490 0.680024058035
491 0.678536929327
492 0.677052010728
493 0.675569322248
494 0.674088883535
495 0.672610713879
496 0.671134832214
497 0.669661257122
498 0.668190006838
499 0.666721099254
