50 2.32104678514e-05
51 3.99441958941e-05
52 6.6009810664e-05
53 0.000105075945313
54 0.000162124308501
55 0.000242461607293
56 0.000353669682557
57 0.000501600194664
58 0.000696037388085
59 0.000944979635385
60 0.00125524164319
61 0.00164156178798
62 0.00211354809831
63 0.00267077341344
64 0.00333305099228
65 0.00410796634065
66 0.00500025093624
67 0.0060108615945
68 0.00715841149718
69 0.00844562113707
70 0.00987146328638
71 0.0114305328861
72 0.0131535028348
73 0.0149951692378
74 0.0169883548146
75 0.0191267542007
76 0.021400367578
77 0.0237804567506
78 0.0263100790187
79 0.0289728764766
80 0.0317462973111
81 0.0346335927024
82 0.0376305454056
83 0.0407340396688
84 0.0439287102516
85 0.0471968946149
86 0.0505660346208
87 0.0539900677082
88 0.0574843132923
89 0.0610330852457
90 0.0646393978114
91 0.0682881394675
92 0.0719854559463
93 0.0756937881019
94 0.0794442960436
95 0.0831987311403
96 0.0869947782281
97 0.0907655760938
98 0.0945522030238
99 0.0983432680671
100 0.102126893318
101 0.105923812983
102 0.109690645227
103 0.113414367906
104 0.117154793313
105 0.120867641473
106 0.124542630122
107 0.128209296732
108 0.131819300405
109 0.135404153369
110 0.13895637263
111 0.14246836811
112 0.145978006648
113 0.149387550476
114 0.152829038319
115 0.156154804602
116 0.159503169665
117 0.162770905509
118 0.166001967397
119 0.169191555692
120 0.172334855296
121 0.175427047477
122 0.178463321914
123 0.181495506712
124 0.184464061639
125 0.187364210788
126 0.190250579434
127 0.193060894535
128 0.195851594848
129 0.198558681011
130 0.201240371356
131 0.203894635762
132 0.206519442527
133 0.209047527857
134 0.211606531891
135 0.214063211771
136 0.216480823618
137 0.218857404209
138 0.221260028925
139 0.22354943908
140 0.225792021515
141 0.22805703561
142 0.230272841974
143 0.232437564571
144 0.234549356762
145 0.236606403865
146 0.238681382664
147 0.240624242093
148 0.242658482277
149 0.24455712427
150 0.246470464075
151 0.248321112759
152 0.250185469713
153 0.251984988531
154 0.253797229706
155 0.25554252307
156 0.257219294582
157 0.258906789274
158 0.260523758027
159 0.262150502132
160 0.263787056837
161 0.265350653933
162 0.266923121313
163 0.268420721573
164 0.269926270802
165 0.271355105431
166 0.272790989845
167 0.274233926704
168 0.275597917288
169 0.276968079291
170 0.278257574985
171 0.27963962364
172 0.280940146948
173 0.282157910244
174 0.283468579507
175 0.284695655684
176 0.285837963933
177 0.287073481511
178 0.28822342815
179 0.289376964732
180 0.290443422932
181 0.291603668474
182 0.292676062133
183 0.293751193662
184 0.294737046781
185 0.295817183849
186 0.296807304091
187 0.297799330176
188 0.298793211392
189 0.299788895986
190 0.300692500497
191 0.301597207895
192 0.30250296225
193 0.303409706803
194 0.304317384003
195 0.30513071991
196 0.306039803109
197 0.306853888373
198 0.307668130636
199 0.308482468688
200 0.30920035529
201 0.310014445435
202 0.310731481804
203 0.311447887528
204 0.312261010203
205 0.312976189645
206 0.313592693624
207 0.314305948916
208 0.315018259142
209 0.315631069017
210 0.316242395502
211 0.316951050276
212 0.317559415103
213 0.318166111829
214 0.318771079572
215 0.319274628556
216 0.319875769467
217 0.320475001487
218 0.320972106383
219 0.321567157479
220 0.322059625588
221 0.322549614023
222 0.323037067824
223 0.323521932708
224 0.324004155097
225 0.324483682148
226 0.324960461778
227 0.325332922982
228 0.325803907718
229 0.326170213513
230 0.32663520845
231 0.326995171259
232 0.32735183888
233 0.327807428201
234 0.328157486404
235 0.328504122091
236 0.328847295169
237 0.329186966572
238 0.329420303098
239 0.329752754361
240 0.330081594127
241 0.330406787542
242 0.330625129683
243 0.330942830971
244 0.33115345295
245 0.331463540313
246 0.331666329524
247 0.331865131881
248 0.33216354267
249 0.33235436124
250 0.332541124322
251 0.332723811688
252 0.332902404219
253 0.333076883903
254 0.33324723383
255 0.333413438184
256 0.333575482236
257 0.333733352341
258 0.333887035922
259 0.333932318331
260 0.334077550069
261 0.334218565222
262 0.334251052815
263 0.334383569346
264 0.334407497133
265 0.334531494981
266 0.33454685224
267 0.334662319313
268 0.334669103195
269 0.334776035162
270 0.334774250471
271 0.334768186571
272 0.334757848761
273 0.334847699415
274 0.334828827335
275 0.334805701183
276 0.334778329719
277 0.334746722525
278 0.334710889993
279 0.334670843304
280 0.334626594412
281 0.334578156031
282 0.334525541615
283 0.334468765341
284 0.334407842092
285 0.334238488765
286 0.334169340543
287 0.33409609535
288 0.334018770727
289 0.333937384833
290 0.333747810873
291 0.333658387234
292 0.333564961627
293 0.333363528883
294 0.33326219294
295 0.333052990556
296 0.332943835326
297 0.332726961187
298 0.332610081631
299 0.332385637344
300 0.332261132075
301 0.332029222711
302 0.331897193745
303 0.331657927585
304 0.33141506246
305 0.331271968384
306 0.331021915493
307 0.330768351336
308 0.330614441734
309 0.330353864654
310 0.330089866676
311 0.32992539947
312 0.329654568452
313 0.329380409194
314 0.329102953372
315 0.328822232855
316 0.328538279695
317 0.328353556441
318 0.328063144217
319 0.327769595492
320 0.327472942931
321 0.32717321932
322 0.326870457558
323 0.326564690641
324 0.326255951653
325 0.325944273756
326 0.325629690178
327 0.325312234207
328 0.324991939174
329 0.324668838449
330 0.32434296543
331 0.324014353533
332 0.323683036182
333 0.323248177639
334 0.322941880609
335 0.322582591713
336 0.322230828893
337 0.3218665077
338 0.321499726628
339 0.321130519381
340 0.320758919599
341 0.320384960852
342 0.319998692516
343 0.31962012804
344 0.319229344774
345 0.31883636026
346 0.318451143339
347 0.31805384378
348 0.317644531858
349 0.317243074389
350 0.316839581082
351 0.316434084635
352 0.316016757729
353 0.315597518509
354 0.315186233073
355 0.314763253192
356 0.314338457786
357 0.313911878809
358 0.313473767513
359 0.313043729994
360 0.312612003788
361 0.312168880325
362 0.311733883884
363 0.311287579678
364 0.31083973836
365 0.310390390566
366 0.309949236995
367 0.309487297083
368 0.309033611653
369 0.308578540257
370 0.308122112503
371 0.307654758809
372 0.307195720634
373 0.306725843687
374 0.306264311106
375 0.305792026199
376 0.305318587375
377 0.304844022824
378 0.304368360507
379 0.303891628155
380 0.30341385327
381 0.302935063125
382 0.3024458483
383 0.301965123517
384 0.301474057785
385 0.300991504772
386 0.300498693713
387 0.300014416994
388 0.299519964292
389 0.299024736781
390 0.298528759694
391 0.298032058022
392 0.297534656517
393 0.297036579692
394 0.296537851819
395 0.296029260677
396 0.295529318172
397 0.295028796021
398 0.294518528421
399 0.294016932341
400 0.293505668346
401 0.292993948204
402 0.292490919896
403 0.291978338449
404 0.291465367346
405 0.29095202828
406 0.290438342706
407 0.289924331841
408 0.289410016669
409 0.288895417939
410 0.288380556166
411 0.287856470369
412 0.2873411592
413 0.286825645145
414 0.286301015063
415 0.28578516987
416 0.285260279617
417 0.284735295954
418 0.284219105065
419 0.283693974035
420 0.283168804982
421 0.282643615918
422 0.282118424637
423 0.281602034553
424 0.28107687494
425 0.280543012084
426 0.280017985438
427 0.279493042238
428 0.278968198969
429 0.278443471902
430 0.277910206163
431 0.277385775831
432 0.276861509246
433 0.276328800249
434 0.275804923598
435 0.275272667731
436 0.274749241082
437 0.274217497571
438 0.273686040234
439 0.273163405832
440 0.272632546667
441 0.272102015677
442 0.271571826469
443 0.271041992453
444 0.27051252685
445 0.26998344269
446 0.269454752814
447 0.268926469875
448 0.268398606343
449 0.267871174503
450 0.267344186456
451 0.266809329544
452 0.266283281085
453 0.265757711636
454 0.265224357457
455 0.264699796388
456 0.26417574796
457 0.263643997224
458 0.263121022842
459 0.262590400244
460 0.262060365566
461 0.26153908885
462 0.261010243796
463 0.260482016638
464 0.259962527741
465 0.259435548759
466 0.258909216201
467 0.258383539255
468 0.257858526957
469 0.257334188186
470 0.256810531672
471 0.256287565994
472 0.255765299585
473 0.255243740727
474 0.25472289756
475 0.25420277808
476 0.25368339014
477 0.253164741452
478 0.25263895713
479 0.252121825663
480 0.251605455733
481 0.251082020622
482 0.250567211188
483 0.250053184362
484 0.249532161387
485 0.249019735942
486 0.24850035967
487 0.247989561559
488 0.247471857334
489 0.246962711504
490 0.246446703675
491 0.245931560907
492 0.245424946037
493 0.244911534348
494 0.244399004486
495 0.2438873618
496 0.243376611522
497 0.242874336333
498 0.242365370241
499 0.241857311612
500 0.241350165237
501 0.240843935798
502 0.24033862787
503 0.239834245926
504 0.239330794332
505 0.238828277353
506 0.238326699154
507 0.237826063798
508 0.237326375251
509 0.236820248474
510 0.236322480582
511 0.235825670786
512 0.235329822667
513 0.23482761298
514 0.234333714004
515 0.233840786873
516 0.233341554435
517 0.232850595878
518 0.232360618529
519 0.231864391063
520 0.231376400144
521 0.230882195384
522 0.23039620193
523 0.229904030457
524 0.229420044847
525 0.228929916593
526 0.228440821103
527 0.22795987283
528 0.227472834243
529 0.226993916971
530 0.22650894367
531 0.22602501352
532 0.225542128364
533 0.225067311964
534 0.224586507039
535 0.224106752244
536 0.223628049143
537 0.223150399231
538 0.222673803937
539 0.222205197318
540 0.22173070048
541 0.221257262188
542 0.220784883614
543 0.220313565867
544 0.219843309995
545 0.219374116985
546 0.218905987766
547 0.218438923206
548 0.217966123467
549 0.21750120511
550 0.217037353642
551 0.216574569708
552 0.216112853895
553 0.215652206739
554 0.21519262872
555 0.214727420668
556 0.214269996433
557 0.213813642436
558 0.213351702279
559 0.212897503714
560 0.212444376039
561 0.21198570533
562 0.211534733855
563 0.211084833493
564 0.210629432495
565 0.210181688262
566 0.209728471324
567 0.209282882702
568 0.208831848995
569 0.208388415123
570 0.207939563481
571 0.20749828316
572 0.207051612086
573 0.206612483794
574 0.206167991473
575 0.205731013375
576 0.205288697682
577 0.204847476296
578 0.204413726148
579 0.203974677611
580 0.203536721277
581 0.203106193179
582 0.202670405275
583 0.202235707158
584 0.201802097946
585 0.201375859552
586 0.200944411909
587 0.200514050362
588 0.200084773901
589 0.199656581485
590 0.199229472045
591 0.198809647245
592 0.198384687169
593 0.197960806719
594 0.197538004708
595 0.197116279927
596 0.196695631136
597 0.19627605707
598 0.195857556438
599 0.195440127926
