7.93326177873
50 0.00127517252465
51 0.00183340025495
52 0.00256535016687
53 0.00350063715378
54 0.00467813485324
55 0.00612247841191
56 0.00787994967667
57 0.00995312185345
58 0.0123892991356
59 0.0151980470078
60 0.0183731807636
61 0.0219809854059
62 0.0260242100223
63 0.0304279248099
64 0.0352810503574
65 0.0405682235497
66 0.046260106863
67 0.0523123467089
68 0.0587873235154
69 0.0656516520772
70 0.072860247702
71 0.0803561509435
72 0.0882542699465
73 0.0963244731814
74 0.104695107092
75 0.113319656501
76 0.122144384792
77 0.131054095064
78 0.140203870098
79 0.149524206459
80 0.158933294466
81 0.168442279537
82 0.178037188088
83 0.18770864118
84 0.197411227841
85 0.207096896821
86 0.21685067242
87 0.226544071156
88 0.236227385158
89 0.245863169074
90 0.25546585231
91 0.265001572931
92 0.274492639979
93 0.283850251723
94 0.293160199467
95 0.302334383577
96 0.311471049549
97 0.320416388801
98 0.329275519144
99 0.338027383055
100 0.346650692208
101 0.355197919359
102 0.363577129725
103 0.371766735717
104 0.379903328273
105 0.387894760175
106 0.395724548041
107 0.403460223099
108 0.411004669271
109 0.418428707263
110 0.425720818973
111 0.432869531295
112 0.439954981998
113 0.446784225025
114 0.45362491882
115 0.460187022555
116 0.466746780243
117 0.473104490852
118 0.479349148813
119 0.485474036163
120 0.491472498169
121 0.497337955266
122 0.503063914998
123 0.508749826526
124 0.514285844752
125 0.519665711484
126 0.524992517819
127 0.530153178472
128 0.535253102896
129 0.540177175992
130 0.545033055139
131 0.549818099923
132 0.55452969073
133 0.559048905193
134 0.563604876628
135 0.567961520937
136 0.572232703839
137 0.576415999668
138 0.580629808476
139 0.584631034419
140 0.588537306071
141 0.592469608339
142 0.596304038991
143 0.600038362476
144 0.603670391145
145 0.607197987335
146 0.610746116049
147 0.614059333199
148 0.617518892751
149 0.620739508483
150 0.623976818001
151 0.627100421659
152 0.630239542302
153 0.633262487404
154 0.636299791586
155 0.639218512596
156 0.642016875957
157 0.644827309492
158 0.647515125619
159 0.650213931048
160 0.652923751164
161 0.655508224542
162 0.658102651004
163 0.660569606609
164 0.663045482478
165 0.665391842183
166 0.667746119975
167 0.670108310301
168 0.672338520579
169 0.674575665968
170 0.676678942073
171 0.678929435977
172 0.681045109693
173 0.683024615143
174 0.685151692267
175 0.687141678681
176 0.688993293332
177 0.69099277326
178 0.692852989597
179 0.694717239
180 0.696440571335
181 0.698312333112
182 0.700042311814
183 0.701775339075
184 0.703365011568
185 0.705103569455
186 0.706697935771
187 0.708294369101
188 0.709892789379
189 0.711493113827
190 0.712946928838
191 0.714401838556
192 0.715857751424
193 0.717314573383
194 0.718772207917
195 0.720080744777
196 0.72153940206
197 0.722848181337
198 0.724156788049
199 0.725465114234
200 0.726621878667
201 0.727929040165
202 0.729083902496
203 0.730237521967
204 0.731541944515
205 0.732692966348
206 0.733689750236
207 0.734837218038
208 0.735982845931
209 0.736973187408
210 0.737960998757
211 0.739099889591
212 0.740082472781
213 0.741062151661
214 0.742038800382
215 0.742857746046
216 0.743827753401
217 0.744794351224
218 0.745602295213
219 0.746561492875
220 0.747361417198
221 0.748157060621
222 0.748948298757
223 0.749735007592
224 0.750517063569
225 0.751294343682
226 0.752066725561
227 0.752677499733
228 0.753439562577
229 0.754039494896
230 0.754790763374
231 0.755379387046
232 0.75596212359
233 0.756696251442
234 0.757266997798
235 0.757831523976
236 0.758389722239
237 0.758941486396
238 0.759328741637
239 0.759867213557
240 0.76039894403
241 0.760923833618
242 0.761283408273
243 0.761794218923
244 0.762139348641
245 0.762635710938
246 0.762966040237
247 0.763288807594
248 0.763762790471
249 0.764070256646
250 0.76436992244
251 0.764661713273
252 0.764945556794
253 0.765221382897
254 0.765489123743
255 0.765748713772
256 0.766000089717
257 0.766243190617
258 0.766477957822
259 0.766544865653
260 0.766762753565
261 0.766972147538
262 0.767013431665
263 0.767205652169
264 0.767229628116
265 0.767404503606
266 0.767411016379
267 0.767568393939
268 0.767557307172
269 0.76769705238
270 0.767668248165
271 0.767630550681
272 0.767583939126
273 0.767688067758
274 0.767623561121
275 0.767550089533
276 0.767467641044
277 0.767376205868
278 0.76727577635
279 0.767166346949
280 0.767047914209
281 0.76692047673
282 0.766784035144
283 0.766638592087
284 0.766484152165
285 0.766161334362
286 0.765988958213
287 0.765807612436
288 0.765617309233
289 0.765418062627
290 0.765050732223
291 0.764833693213
292 0.76460776532
293 0.764213987571
294 0.76397039724
295 0.763559142135
296 0.763297993691
297 0.762869379158
298 0.762590789449
299 0.762144945614
300 0.76184904346
301 0.76138611209
302 0.761073037731
303 0.760593171677
304 0.760104949721
305 0.759766438868
306 0.759261532812
307 0.758748404314
308 0.75838483642
309 0.757855296182
310 0.757317677348
311 0.756929463356
312 0.756375725081
313 0.755814061524
314 0.755244526285
315 0.754667173876
316 0.754082059691
317 0.753645989534
318 0.75304539637
319 0.75243721099
320 0.751821492004
321 0.751198298745
322 0.750567691238
323 0.749929730175
324 0.749284476879
325 0.748631993282
326 0.747972341888
327 0.747305585755
328 0.74663178846
329 0.745951014072
330 0.745263327129
331 0.74456879261
332 0.743867475907
333 0.74300487501
334 0.742336662695
335 0.741584648722
336 0.740841590571
337 0.740076720211
338 0.739305531567
339 0.738528093014
340 0.737744473142
341 0.736954740729
342 0.736143652146
343 0.735341918322
344 0.73451900057
345 0.733690281157
346 0.732871074029
347 0.7320309432
348 0.731170010983
349 0.730318783192
350 0.729462103044
351 0.72860004044
352 0.727717527985
353 0.726829809401
354 0.725952055005
355 0.725054115675
356 0.724151180126
357 0.72324331816
358 0.722315574568
359 0.721398087741
360 0.720475883185
361 0.719534063096
362 0.718602649913
363 0.717651798316
364 0.71669654423
365 0.715736956337
366 0.714787971056
367 0.713805052684
368 0.712832873076
369 0.711856631942
370 0.710876396686
371 0.709877468303
372 0.708889466412
373 0.707882946302
374 0.70688744414
375 0.705873597717
376 0.70485619743
377 0.703835308707
378 0.702810996623
379 0.701783325896
380 0.700752360878
381 0.69971816555
382 0.698666270624
383 0.697625826741
384 0.696567853024
385 0.695521412142
386 0.694457609847
387 0.693405420319
388 0.692336036407
389 0.69126396441
390 0.690189264868
391 0.689111997896
392 0.688032223171
393 0.686949999938
394 0.685865387
395 0.684764199036
396 0.683675003986
397 0.68258359302
398 0.681475847878
399 0.680380198465
400 0.679268373507
401 0.678154604049
402 0.677053028373
403 0.675935512122
404 0.674816215854
405 0.673695193474
406 0.672572498419
407 0.671448183653
408 0.670322301669
409 0.669194904488
410 0.66806604366
411 0.666921897742
412 0.665790285908
413 0.664657362257
414 0.663509374915
415 0.662373999732
416 0.661223706316
417 0.660072344492
418 0.658933668141
419 0.657780288507
420 0.656625982493
421 0.655470796497
422 0.654314776445
423 0.653171553984
424 0.65201397763
425 0.650842164134
426 0.649683257685
427 0.648523739745
428 0.647363653423
429 0.646203041363
430 0.645028528664
431 0.643867015373
432 0.642705101513
433 0.641529483593
434 0.64036691473
435 0.639190770699
436 0.638027706423
437 0.636851194079
438 0.635674567863
439 0.634511063896
440 0.63333429931
441 0.632157533817
442 0.630980804186
443 0.629804146746
444 0.62862759739
445 0.627451191576
446 0.626274964331
447 0.625098950251
448 0.623923183507
449 0.622747697843
450 0.621572526584
451 0.620384798193
452 0.619210378474
453 0.618036370623
454 0.616849975391
455 0.615676910261
456 0.614504350761
457 0.613319569867
458 0.612148136943
459 0.610964591303
460 0.60978171964
461 0.608612210069
462 0.607430747874
463 0.606250044983
464 0.605082714935
465 0.603903588745
466 0.602725303736
467 0.60154788644
468 0.600371363017
469 0.599195759259
470 0.598021100592
471 0.596847412078
472 0.59567471842
473 0.594503043964
474 0.593332412701
475 0.592162848275
476 0.590994373977
477 0.589827012758
478 0.58864854295
479 0.587483499606
480 0.586319636126
481 0.585144802718
482 0.583983387597
483 0.582823216129
484 0.581652210196
485 0.580494611657
486 0.579326267292
487 0.578171321508
488 0.577005717164
489 0.57585350145
490 0.574690713093
491 0.573529372532
492 0.57238140346
493 0.571222988244
494 0.570066074111
495 0.568910678226
496 0.567756817466
497 0.566616294144
498 0.565465529177
499 0.564316348285
