50 0.0259919251134
51 0.0272697602634
52 0.0285805150822
53 0.0299230453109
54 0.031302757919
55 0.0327144122772
56 0.0341661027262
57 0.0356453946068
58 0.0371621347965
59 0.0387114516192
60 0.0402871944818
61 0.0419044306997
62 0.0435596851542
63 0.0452352371346
64 0.0469509826993
65 0.0487033555724
66 0.0504878782687
67 0.0522990739791
68 0.0541496020458
69 0.0560359400038
70 0.0579537545079
71 0.0598978306732
72 0.0618873317209
73 0.0638932000965
74 0.065936293068
75 0.0680131520444
76 0.0701196403061
77 0.0722439188564
78 0.0744086861243
79 0.0766076022092
80 0.0788328624867
81 0.081088327737
82 0.0833745485304
83 0.0856925437
84 0.0880386374159
85 0.0904086022993
86 0.0928151543909
87 0.0952434183181
88 0.0977014150687
89 0.100185647652
90 0.102699340308
91 0.105239140419
92 0.107809202655
93 0.110398128135
94 0.113018735063
95 0.115659212804
96 0.118334490411
97 0.121022407815
98 0.123738909141
99 0.126481284539
100 0.129246508553
101 0.13204324997
102 0.134856846881
103 0.137683300144
104 0.140545550841
105 0.143428085228
106 0.146327651487
107 0.149256124994
108 0.15219547577
109 0.155158273506
110 0.158142049449
111 0.161144107389
112 0.164180219868
113 0.167210517108
114 0.17028986349
115 0.1733564138
116 0.176468972126
117 0.179583242319
118 0.182718132446
119 0.185871510769
120 0.189041077327
121 0.192224360456
122 0.195418714072
123 0.198648745677
124 0.201885817329
125 0.20512679257
126 0.208398538108
127 0.211669263717
128 0.214967436968
129 0.218259086092
130 0.221574343027
131 0.224912109834
132 0.228271202591
133 0.231613102677
134 0.235009847691
135 0.238384372746
136 0.241772314559
137 0.245171969212
138 0.248624367857
139 0.252043120556
140 0.255467914633
141 0.258943058999
142 0.262422415116
143 0.265903741772
144 0.269384698466
145 0.272862846617
146 0.276388381395
147 0.279854508912
148 0.283420691436
149 0.286921983468
150 0.290467656691
151 0.293999378533
152 0.297575010949
153 0.30113334419
154 0.304734964443
155 0.30831569852
156 0.311872189032
157 0.315469211031
158 0.319038004396
159 0.32264622493
160 0.326294808689
161 0.329910301275
162 0.333564866512
163 0.337181795765
164 0.340836333409
165 0.344448459919
166 0.348096557534
167 0.351781412359
168 0.355417941266
169 0.35908938961
170 0.3627072038
171 0.36644895102
172 0.370135022957
173 0.373760826012
174 0.3775143921
175 0.381205445168
176 0.384829200491
177 0.388584427511
178 0.392269913712
179 0.395986232496
180 0.399626527098
181 0.403404341927
182 0.407103455491
183 0.410831838169
184 0.414474876108
185 0.418261406229
186 0.421959687185
187 0.425685338546
188 0.429438839473
189 0.433220679477
190 0.436904121881
191 0.440612736638
192 0.444346942158
193 0.448107165354
194 0.451893841845
195 0.455569742201
196 0.459408459645
197 0.463132936778
198 0.466881217611
199 0.470653679245
200 0.474302198427
201 0.478121916859
202 0.481814004477
203 0.485527278542
204 0.489419456913
205 0.493178326245
206 0.49679739914
207 0.500598627114
208 0.50442267441
209 0.508100942496
210 0.511798000809
211 0.515687666512
212 0.519425445148
213 0.523182842265
214 0.526960133233
215 0.530574461168
216 0.534389911652
217 0.538226077707
218 0.54189276541
219 0.545768681254
220 0.549470689356
221 0.553189492875
222 0.556925310806
223 0.560678365401
224 0.564448882222
225 0.568237090193
226 0.572043221659
227 0.575654400415
228 0.57949442827
229 0.583134797353
230 0.587009571279
231 0.590679880276
232 0.594364159969
233 0.598291293911
234 0.602006650285
235 0.605736516646
236 0.609481068761
237 0.613240484727
238 0.616772823955
239 0.62055974736
240 0.624362054788
241 0.628179933628
242 0.631760466641
243 0.635607184238
244 0.639211380802
245 0.643087600636
246 0.646716027459
247 0.650355422246
248 0.654275667503
249 0.657940143776
250 0.661615983997
251 0.665303315267
252 0.669002266145
253 0.672712966668
254 0.676435548366
255 0.680170144276
256 0.683916888962
257 0.68767591853
258 0.691447370645
259 0.694929716037
260 0.698723376501
261 0.702529854905
262 0.706038698476
263 0.709868111868
264 0.713394189634
265 0.717247018378
266 0.720790721044
267 0.724667455573
268 0.728229182118
269 0.732130323133
270 0.735710480961
271 0.739298517813
272 0.742894516741
273 0.746842616871
274 0.750457840865
275 0.754081302344
276 0.757713087745
277 0.76135328432
278 0.765001980144
279 0.768659264117
280 0.772325225977
281 0.7759999563
282 0.77968354651
283 0.783376088886
284 0.787077676566
285 0.790406304912
286 0.79412294681
287 0.797848894773
288 0.801584245239
289 0.805329095542
290 0.808685061809
291 0.812445771887
292 0.816216254301
293 0.819588215837
294 0.823375040701
295 0.826756967119
296 0.830560447892
297 0.833952574368
298 0.837773029615
299 0.841175595224
300 0.845013348683
301 0.848426596434
302 0.852281977087
303 0.855706153964
304 0.859134283804
305 0.863014853116
306 0.866454271167
307 0.869897796708
308 0.873804251738
309 0.877259432922
310 0.880718879744
311 0.884651933565
312 0.888123411941
313 0.891599317771
314 0.895079700045
315 0.898564608095
316 0.90205409159
317 0.906038494601
318 0.909540746179
319 0.913047742129
320 0.916559533602
321 0.92007617209
322 0.923597709432
323 0.927124197815
324 0.930655689774
325 0.934192238195
326 0.937733896316
327 0.941280717725
328 0.944832756366
329 0.948390066541
330 0.951952702905
331 0.955520720476
332 0.959094174629
333 0.962125146204
334 0.965871321925
335 0.96934770719
336 0.97288414094
337 0.976369249095
338 0.979858605636
339 0.983352256986
340 0.986850249841
341 0.990352631175
342 0.993801321391
343 0.997312243298
344 1.00076881671
345 1.00422921131
346 1.00775309791
347 1.01122164184
348 1.01463375391
349 1.01810986619
350 1.02159001735
351 1.02507425165
352 1.0285007027
353 1.03193055863
354 1.03542653098
355 1.03886369935
356 1.04230439449
357 1.04574865693
358 1.0491323143
359 1.05258344418
360 1.05603826246
361 1.05943143269
362 1.06289335747
363 1.06629293407
364 1.06969557732
365 1.07310132442
366 1.07657754326
367 1.07992227983
368 1.08333756343
369 1.08675610143
370 1.09017793194
371 1.09353378855
372 1.09696191744
373 1.10032335286
374 1.10375792809
375 1.10712508463
376 1.11049495649
377 1.11386757818
378 1.11724298434
379 1.12062120979
380 1.12400228947
381 1.12738625849
382 1.13069944317
383 1.13408888794
384 1.13740680928
385 1.14080186574
386 1.14412465418
387 1.14752545939
388 1.15085324645
389 1.15418337895
390 1.15751588868
391 1.16085080756
392 1.1641881676
393 1.16752800098
394 1.17087033997
395 1.17413619563
396 1.17748322578
397 1.1808328576
398 1.1841048577
399 1.1874593694
400 1.19073548053
401 1.194013486
402 1.19737534085
403 1.20065763717
404 1.20394191608
405 1.20722820675
406 1.21051653843
407 1.21380694048
408 1.21709944233
409 1.22039407354
410 1.22369086375
411 1.22690412663
412 1.23020489594
413 1.23350791233
414 1.236726214
415 1.24003338222
416 1.24325504162
417 1.2464782102
418 1.24979160389
419 1.25301829402
420 1.25624657362
421 1.25947646916
422 1.26270800719
423 1.26603205325
424 1.26926738731
425 1.27241274291
426 1.27565111797
427 1.27889126941
428 1.28213322425
429 1.28537700957
430 1.28852878249
431 1.29177586983
432 1.29502486796
433 1.2981806237
434 1.30143308109
435 1.30459147446
436 1.30784749571
437 1.31100862638
438 1.31417094604
439 1.3174322848
440 1.32059749092
441 1.323763959
442 1.32693171306
443 1.33010077718
444 1.3332711755
445 1.3364429322
446 1.33961607153
447 1.34279061778
448 1.34596659531
449 1.34914402852
450 1.35232294189
451 1.35540022877
452 1.35858172402
453 1.36176477185
454 1.36484492304
455 1.36803069428
456 1.37121809099
457 1.37430131021
458 1.37749157275
459 1.38057680338
460 1.38366285121
461 1.38685735825
462 1.38994555123
463 1.39303462673
464 1.39623358853
465 1.3993249437
466 1.40241724706
467 1.40551052018
468 1.4086047847
469 1.41170006227
470 1.41479637459
471 1.41789374339
472 1.42099219043
473 1.42409173752
474 1.42719240651
475 1.43029421926
476 1.43339719771
477 1.4365013638
478 1.43949134808
479 1.44259748874
480 1.44570488191
481 1.44869677452
482 1.45180626877
483 1.45491708071
484 1.45791106329
485 1.4610241034
486 1.46401942912
487 1.46713478166
488 1.47013153036
489 1.47324927983
490 1.4762475316
491 1.47924633509
492 1.48236759785
493 1.4853680238
494 1.48836905967
495 1.49137072454
496 1.49437303754
497 1.49750024832
498 1.50050438231
499 1.50350922296
500 1.50651478948
501 1.5095211011
502 1.51252817705
503 1.51553603661
504 1.51854469907
505 1.52155418373
506 1.52456450992
507 1.52757569701
508 1.53058776437
509 1.53347082171
510 1.5364842274
511 1.5394985705
512 1.54251387047
513 1.54539833258
514 1.54841511996
515 1.55143292158
516 1.55431850923
517 1.55733790991
518 1.56035838237
519 1.56324525539
520 1.56626743888
521 1.5691551019
522 1.5721790705
523 1.57506759353
524 1.57809342147
525 1.58098287462
526 1.58387258286
527 1.58690108973
528 1.58979183248
529 1.5928223837
530 1.59571423131
531 1.59860641901
532 1.60149896346
533 1.60453332185
534 1.6074271102
535 1.61032130625
536 1.61321592672
537 1.61611098828
538 1.61900650765
539 1.62204686609
540 1.62494383757
541 1.62784131802
542 1.63073932418
543 1.63363787279
544 1.63653698062
545 1.63943666445
546 1.64233694105
547 1.64523782722
548 1.64799056246
549 1.65089222287
550 1.65379454226
551 1.65669753746
552 1.65960122529
553 1.66250562261
554 1.66541074627
555 1.66816437652
556 1.67107050113
557 1.67397740165
558 1.67673137786
559 1.67963937559
560 1.68254819889
561 1.68530265846
562 1.68821267533
563 1.69112356751
564 1.69387864791
565 1.69679083014
566 1.69954624029
567 1.70245977629
568 1.70521557619
569 1.70813052972
570 1.7108867794
571 1.71380321428
572 1.71655997378
573 1.71947795385
574 1.72223528324
575 1.72515487241
576 1.72791283178
577 1.73067088298
578 1.73359274346
579 1.73635151392
580 1.73911041954
581 1.74203469228
582 1.74479440647
583 1.74755429917
584 1.75031438453
585 1.75324191588
586 1.75600292834
587 1.75876417682
588 1.76152567547
589 1.76428743845
590 1.76704947993
591 1.76998209604
592 1.77274524162
593 1.77550870905
594 1.77827251249
595 1.78103666612
596 1.78380118409
597 1.78656608057
598 1.78933136972
599 1.79209706569
600 1.79486318266
601 1.79762973479
602 1.80039673623
603 1.80316420116
604 1.80593214374
605 1.80870057812
606 1.81146951849
607 1.81406051628
608 1.81682999209
609 1.81960001545
610 1.82237060053
611 1.8251417615
612 1.82791351252
613 1.83050431454
614 1.83327676371
615 1.83604984451
616 1.83882357109
617 1.84141433901
618 1.8441888716
619 1.84696409153
620 1.84955484575
621 1.8523309521
622 1.85510778736
623 1.8576986421
624 1.86047644414
625 1.86325501667
626 1.86584608605
627 1.86862570572
628 1.87121681571
629 1.87399753548
630 1.87677909467
631 1.8793706085
632 1.88215334811
633 1.8847450273
634 1.88752900025
635 1.89012089434
636 1.89290615353
637 1.89549831204
638 1.89828491038
639 1.90087738275
640 1.90346977724
641 1.90625820883
642 1.90885099054
643 1.91164089255
644 1.91423411089
645 1.91682731074
646 1.91961924049
647 1.92221295019
648 1.92480667684
649 1.92760075043
650 1.93019506008
651 1.93278942205
652 1.93538384789
653 1.93818077356
654 1.94077587929
655 1.9433710842
656 1.94596639981
657 1.9487663812
658 1.95136247344
659 1.95395871164
660 1.95655510729
661 1.95915167187
662 1.96174841687
663 1.96455307839
664 1.96715074407
665 1.96974862533
666 1.97234673364
667 1.97494508045
668 1.9775436772
669 1.98014253533
670 1.98274166628
671 1.98534108148
672 1.98794079235
673 1.99054081032
674 1.99314114679
675 1.99574181319
676 1.9983428209
677 2.00094418133
678 2.00354590588
679 2.00614800593
680 2.00875049287
681 2.01135337809
682 2.01395667294
683 2.01656038882
684 2.01916453708
685 2.02176912908
686 2.02437417619
687 2.02675913695
688 2.0293645837
689 2.03197051877
690 2.03457695351
691 2.03718389924
692 2.03979136731
693 2.04217558643
694 2.04478358365
695 2.04739213632
696 2.05000125577
697 2.05261095331
698 2.05499475305
699 2.05760508709
700 2.06021603227
701 2.0628275999
702 2.06521114663
703 2.06782343613
704 2.07043638107
705 2.0728197175
706 2.07543344784
707 2.07804786657
708 2.08043108231
709 2.08304634986
710 2.08566233874
711 2.08804552317
712 2.09066242419
713 2.09304546698
714 2.09566332175
715 2.09828195236
716 2.10066511173
717 2.10328475926
718 2.10566787432
719 2.10828858029
720 2.1106716896
721 2.11329349549
722 2.11591615314
723 2.11829958478
724 2.12092340531
725 2.12330692801
726 2.12593195279
727 2.12831560491
728 2.13069907569
729 2.13332569511
730 2.13570935208
731 2.13833727816
732 2.14072115953
733 2.14335043351
734 2.14573457743
735 2.14836524052
736 2.15074968509
737 2.15313403088
738 2.15576656174
739 2.15815126456
740 2.16053589575
741 2.16317038432
742 2.16555542879
743 2.16794042873
744 2.17057696481
745 2.17296243414
746 2.17534788597
747 2.17798655923
748 2.18037253644
749 2.18275852311
750 2.18539942309
751 2.18778599103
752 2.19017259531
753 2.19255924467
754 2.19520305276
755 2.19759035723
756 2.19997773359
757 2.20236519053
758 2.20501206309
759 2.2074002488
760 2.2097885418
761 2.21217695078
762 2.2145654844
763 2.21721625509
764 2.21960560889
765 2.22199511393
766 2.22438477887
767 2.22677461233
768 2.22916462293
769 2.23155481928
770 2.23421120681
771 2.23660235022
772 2.23899370584
773 2.24138528229
774 2.24377708812
775 2.24616913192
776 2.24856142225
777 2.25095396768
778 2.25334677674
779 2.255739858
780 2.25813321998
781 2.26052687121
782 2.26292082022
783 2.26531507553
784 2.26770964565
785 2.27010453908
786 2.27249976432
787 2.27489532986
788 2.27729124419
789 2.27968751579
790 2.28208415312
791 2.28448116465
792 2.28687855885
793 2.28927634417
794 2.29167452905
795 2.29407312195
796 2.29647213128
797 2.2988715655
798 2.30127143301
799 2.30367174225
800 2.30607250161
801 2.30847371953
802 2.31059147515
803 2.3129930632
804 2.31539513425
805 2.31779769669
806 2.32020075888
807 2.32260432921
808 2.32500841605
809 2.32712515068
810 2.32952971847
811 2.33193482708
812 2.33434048488
813 2.33674670019
814 2.33886278476
815 2.3412695594
816 2.34367691579
817 2.34608486226
818 2.34849340713
819 2.35060902559
820 2.35301820782
821 2.35542801261
822 2.35783844824
823 2.35995372341
824 2.36236485834
825 2.36477664821
826 2.3671891013
827 2.36930414895
828 2.37171736308
829 2.37413126445
830 2.3762460885
831 2.37866079674
832 2.38107621621
833 2.38349235516
834 2.38560715257
835 2.3880241598
836 2.39044191043
837 2.39255663341
838 2.39497529791
839 2.39708983341
840 2.39950944163
841 2.40192983276
842 2.40404439884
843 2.4064657791
844 2.40888796609
845 2.41100262577
846 2.41342584721
847 2.41554042973
848 2.4179647153
849 2.42038984691
850 2.42250462715
851 2.42493086805
852 2.42704563945
853 2.4294730192
854 2.4315878088
855 2.43401635691
856 2.43644580577
857 2.43856093762
858 2.44099159979
859 2.44310681766
860 2.44553872257
861 2.44765405328
862 2.4500872303
863 2.45220270063
864 2.45463717909
865 2.45675281573
866 2.45918862494
867 2.46130445456
868 2.46374162376
869 2.46585767296
870 2.46829623139
871 2.47041252672
872 2.47285250356
873 2.47496907151
874 2.47741049591
875 2.47952736293
876 2.48164411976
877 2.48408745649
878 2.4862045514
879 2.48864940762
880 2.49076686692
881 2.49321327166
882 2.49533112163
883 2.4974489052
884 2.49989737074
885 2.50201558371
886 2.50446566941
887 2.50658433792
888 2.50870297103
889 2.51115522285
890 2.51327435006
891 2.51539346027
892 2.51784794079
893 2.51996758354
894 2.52208722766
895 2.52454399931
896 2.5266642143
897 2.52878444895
898 2.53124357406
899 2.5333644178
900 2.53548529945
901 2.53794684024
902 2.5400683691
903 2.54218995403
904 2.54465397263
905 2.5467762428
906 2.54889858716
907 2.55136514557
908 2.5534882131
909 2.55561137289
910 2.55773463077
911 2.56020445381
912 2.56232848486
913 2.56445263199
914 2.56657690102
915 2.56905009634
916 2.57117518837
917 2.57330042021
918 2.57542579764
919 2.57790247266
920 2.58002872277
921 2.58215513632
922 2.58428171906
923 2.58640847676
924 2.5888894859
925 2.59101717781
926 2.59314506243
927 2.5952731455
928 2.59740143273
929 2.59988694095
930 2.60201622368
931 2.60414572826
932 2.60627546038
933 2.60840542574
934 2.61053563003
935 2.61302661951
936 2.61515789227
937 2.61728942153
938 2.61942121297
939 2.62155327224
940 2.62368560499
941 2.62581821688
942 2.62831578384
943 2.6304495487
944 2.63258361017
945 2.63471797388
946 2.63685264544
947 2.63898763048
948 2.64112293459
949 2.6432585634
950 2.64539452248
951 2.64753081745
952 2.65003803329
953 2.65217560061
954 2.65431352115
955 2.65645180049
956 2.65859044418
957 2.66072945779
958 2.66286884689
959 2.66500861702
960 2.66714877374
961 2.66928932259
962 2.67143026911
963 2.67357161883
964 2.67571337728
965 2.67785554998
966 2.67999814247
967 2.68214116024
968 2.68428460882
969 2.68642849371
970 2.6885728204
971 2.69071759441
972 2.69286282121
973 2.69500850631
974 2.69715465517
975 2.69930127329
976 2.70144836614
977 2.70359593918
978 2.70574399789
979 2.70789254773
980 2.71004159416
981 2.71219114262
982 2.71434119858
983 2.71649176748
984 2.71864285476
985 2.72079446586
986 2.72294660621
987 2.72509928125
988 2.7272524964
989 2.72940625709
990 2.73156056874
991 2.73371543675
992 2.73587086656
993 2.73802686355
994 2.73978780307
995 2.74194434047
996 2.74410146059
997 2.74625916884
998 2.74841747061
999 2.75057637128
