50 2.99796451502e-08
51 7.40928218424e-08
52 1.71146284615e-07
53 3.71414487656e-07
54 7.65185781813e-07
55 1.49655137437e-06
56 2.80769363932e-06
57 5.02669835232e-06
58 8.6777595362e-06
59 1.44452173048e-05
60 2.31863415127e-05
61 3.62617467616e-05
62 5.52552510441e-05
63 8.16109445533e-05
64 0.000118056506372
65 0.000167262323166
66 0.000232098854386
67 0.000315438387423
68 0.000422066708013
69 0.00055599726624
70 0.000721089582691
71 0.000920726817721
72 0.00116347137204
73 0.00144745681876
74 0.00178212789761
75 0.00217147812318
76 0.00261851692521
77 0.00312166994815
78 0.00369451060757
79 0.00433849753647
80 0.00505252489942
81 0.00584138600568
82 0.00670791450347
83 0.0076550694259
84 0.00868161957651
85 0.0097845841226
86 0.0109761868948
87 0.0122426786662
88 0.0135915475849
89 0.0150185799575
90 0.0165265486747
91 0.0181104315035
92 0.0197740030639
93 0.021500756024
94 0.0233054700339
95 0.0251698814313
96 0.0271128584911
97 0.029099706797
98 0.0311510545447
99 0.0332604198988
100 0.0354204061304
101 0.0376422879682
102 0.039899671805
103 0.0421826120087
104 0.0445266594441
105 0.0469033029536
106 0.0493041422305
107 0.0517470848119
108 0.0541982217259
109 0.0566769781069
110 0.059176712728
111 0.0616903858844
112 0.0642439848524
113 0.0667642727516
114 0.0693473613974
115 0.071880721427
116 0.0744678954097
117 0.077027931159
118 0.0795931551357
119 0.0821583184291
120 0.0847180003839
121 0.0872666259604
122 0.0897984844595
123 0.0923557620478
124 0.0948871317324
125 0.0973865487739
126 0.0998998414024
127 0.102371473836
128 0.10484972115
129 0.107276337381
130 0.109702054714
131 0.112124302216
132 0.114540456984
133 0.116887051435
134 0.119281720635
135 0.121598920826
136 0.123896692539
137 0.126172257006
138 0.128489615878
139 0.130713523987
140 0.1329067941
141 0.135136865483
142 0.137332923921
143 0.139492114802
144 0.141611595831
145 0.143688543186
146 0.145795951895
147 0.14778049701
148 0.149869967179
149 0.151830993663
150 0.153817679466
151 0.155749349529
152 0.157705277259
153 0.159602752161
154 0.161523056239
155 0.163381483554
156 0.165175378625
157 0.166988968993
158 0.168734705821
159 0.170498691193
160 0.172281115598
161 0.17399167228
162 0.175719210202
163 0.177371640322
164 0.17903960612
165 0.180629301518
166 0.182233107379
167 0.183851148357
168 0.185387123772
169 0.186935924981
170 0.188399664981
171 0.1899736188
172 0.191461127189
173 0.192859959477
174 0.194370046606
175 0.195790107748
176 0.197118001829
177 0.198558109913
178 0.199904744556
179 0.201260493292
180 0.202520078062
181 0.20389352014
182 0.205169535567
183 0.206453509121
184 0.207637488279
185 0.208936843476
186 0.210134995367
187 0.211339979128
188 0.21255183033
189 0.2137705845
190 0.214884508108
191 0.216004182358
192 0.217129632617
193 0.218260884097
194 0.219397961844
195 0.220426239274
196 0.221574446743
197 0.22261276269
198 0.223655854493
199 0.224703737812
200 0.2256390652
201 0.226696027631
202 0.22763942103
203 0.22858661596
204 0.229657010408
205 0.230612326838
206 0.231451082005
207 0.2324135533
208 0.233379859383
209 0.234228175429
210 0.235079387765
211 0.236056213148
212 0.236913661699
213 0.237774005063
214 0.238637241376
215 0.23937885895
216 0.240247422005
217 0.241118868218
218 0.241867390158
219 0.242744135154
220 0.243497097956
221 0.244252073437
222 0.245009052256
223 0.245768024612
224 0.246528980238
225 0.247291908402
226 0.248056797908
227 0.248694282436
228 0.249462659514
229 0.250102873241
230 0.250874683754
231 0.251517567548
232 0.252161595634
233 0.252938244979
234 0.253584847196
235 0.254232542846
236 0.254881313958
237 0.255531142157
238 0.25604882866
239 0.256700375444
240 0.257352921326
241 0.2580064464
242 0.25852646167
243 0.25918154321
244 0.259702461169
245 0.260359013526
246 0.260880746003
247 0.261402716185
248 0.262061137353
249 0.262583785138
250 0.263106600691
251 0.263629560168
252 0.264152639494
253 0.264675814374
254 0.265199060309
255 0.2657223526
256 0.266245666366
257 0.266768976548
258 0.267292257927
259 0.26767625728
260 0.26819913283
261 0.268721903105
262 0.269104571593
263 0.269626782354
264 0.270008369527
265 0.270529917546
266 0.270910320856
267 0.271431102445
268 0.271810219083
269 0.272330130274
270 0.27270785735
271 0.273084753078
272 0.273460792206
273 0.273978381263
274 0.274352826342
275 0.274726338976
276 0.2750988942
277 0.275470467149
278 0.275841033067
279 0.276210567323
280 0.276579045412
281 0.27694644297
282 0.277312735782
283 0.277677899789
284 0.278041911102
285 0.278260013169
286 0.278621460126
287 0.278981684434
288 0.279340662965
289 0.279698372797
290 0.279909200588
291 0.280264120517
292 0.280617704993
293 0.280823865625
294 0.281174531022
295 0.281377442084
296 0.281725105367
297 0.281924688182
298 0.282269268509
299 0.282465446716
300 0.282806865522
301 0.282999565159
302 0.283337746235
303 0.283526895808
304 0.283714195625
305 0.284047295922
306 0.284230944156
307 0.284412694784
308 0.284740559461
309 0.284918562925
310 0.285094623979
311 0.28541710703
312 0.285589331426
313 0.285759571717
314 0.285927815047
315 0.28609404892
316 0.286258261195
317 0.286569417449
318 0.28672963483
319 0.28688779527
320 0.287043888057
321 0.287197902837
322 0.287349829615
323 0.287499658752
324 0.28764738097
325 0.287792987346
326 0.287936469313
327 0.288077818659
328 0.288217027529
329 0.288354088415
330 0.288488994165
331 0.288621737974
332 0.288752313385
333 0.288730535368
334 0.288901755539
335 0.288995688215
336 0.289102441636
337 0.289191950527
338 0.289279239333
339 0.289364304668
340 0.289447143476
341 0.289527753031
342 0.289591071804
343 0.28966721201
344 0.289726050693
345 0.289782645884
346 0.289852068719
347 0.289904177604
348 0.289938964245
349 0.289986580738
350 0.290031952896
351 0.29007508145
352 0.290100881784
353 0.290124437615
354 0.290160838858
355 0.290179912788
356 0.290196748769
357 0.290211349575
358 0.290208627006
359 0.290218766323
360 0.290226680492
361 0.290217281646
362 0.290220757057
363 0.2902069285
364 0.290190892576
365 0.290172654431
366 0.290167307756
367 0.290129593241
368 0.290104781647
369 0.290077790726
370 0.290048626757
371 0.290002215724
372 0.289968727083
373 0.289918009474
374 0.289880224227
375 0.289825229358
376 0.289768108822
377 0.289708870636
378 0.289647522996
379 0.289584074277
380 0.289518533031
381 0.289450907978
382 0.289366160573
383 0.289294398461
384 0.289205540713
385 0.289129678795
386 0.289036748998
387 0.28895682574
388 0.288859863364
389 0.288760902422
390 0.288659953299
391 0.288557026508
392 0.288452132685
393 0.28834528259
394 0.288236487099
395 0.288110775053
396 0.287998127709
397 0.287883568365
398 0.287752144831
399 0.287633801671
400 0.287498630514
401 0.287361606749
402 0.28723767832
403 0.287096978025
404 0.286954461196
405 0.286810140045
406 0.28666402686
407 0.286516133999
408 0.286366473886
409 0.286215059009
410 0.286061901917
411 0.285892148439
412 0.285735552934
413 0.285577253283
414 0.285402420935
415 0.285240759727
416 0.285062609236
417 0.28488282392
418 0.28471622182
419 0.284533196914
420 0.284348576738
421 0.284162374564
422 0.283974603685
423 0.283800034637
424 0.283609156394
425 0.283402012084
426 0.283208099737
427 0.283012685438
428 0.282815782576
429 0.282617404549
430 0.282402879426
431 0.282201601745
432 0.281998889186
433 0.28178010221
434 0.281574570797
435 0.281353014046
436 0.28114471765
437 0.280920445251
438 0.280694841162
439 0.280482503657
440 0.280254264993
441 0.280024735207
442 0.279793927806
443 0.279561856273
444 0.279328534068
445 0.279093974624
446 0.278858191349
447 0.27862119762
448 0.278383006783
449 0.278143632154
450 0.277903087015
451 0.277646946597
452 0.277404112771
453 0.277160148127
454 0.276900666589
455 0.276654492472
456 0.276407226876
457 0.276144522922
458 0.275895126323
459 0.27563034405
460 0.275364549026
461 0.275112059695
462 0.274844264158
463 0.27457549463
464 0.274320028216
465 0.274049335079
466 0.273777706243
467 0.27350515438
468 0.273231692104
469 0.272957331976
470 0.272682086496
471 0.272405968107
472 0.272128989194
473 0.27185116208
474 0.27157249903
475 0.271293012245
476 0.271012713867
477 0.270731615973
478 0.27043566756
479 0.270153021317
480 0.269869611454
481 0.269571431714
482 0.269286544828
483 0.269000929631
484 0.268700624954
485 0.268413602873
486 0.26811194501
487 0.267823562154
488 0.267520597083
489 0.267230899016
490 0.266926672162
491 0.2666218392
492 0.266330260123
493 0.266024232494
494 0.265717632046
495 0.26541046974
496 0.265102756466
497 0.264808272716
498 0.264499473834
499 0.264190156193
500 0.263880330396
501 0.26357000697
502 0.263259196369
503 0.262947908975
504 0.262636155097
505 0.26232394497
506 0.262011288754
507 0.261698196539
508 0.261384678339
509 0.26105716877
510 0.260742844698
511 0.260428124265
512 0.260113017193
513 0.259784024008
514 0.25946818895
515 0.259151995994
516 0.258821995472
517 0.258505131403
518 0.258187937515
519 0.257857014101
520 0.257539204649
521 0.257207717649
522 0.256889328943
523 0.256557314429
524 0.256238382192
525 0.255905875652
526 0.255573144874
527 0.255253471357
528 0.254920300696
529 0.254600170421
530 0.254266593902
531 0.253932835712
532 0.253598904149
533 0.253277977553
534 0.252943706472
535 0.252609286476
536 0.252274725577
537 0.251940031714
538 0.251605212758
539 0.2512833429
540 0.250948279658
541 0.250613114501
542 0.250277855016
543 0.249942508722
544 0.249607083069
545 0.249271585434
546 0.24893602313
547 0.248600403399
548 0.248251823984
549 0.247916128309
550 0.247580396527
551 0.24724463561
552 0.246908852461
553 0.246573053918
554 0.246237246752
555 0.245888651125
556 0.245552864224
557 0.245217088618
558 0.244868597318
559 0.244532881223
560 0.244197195756
561 0.24384886676
562 0.243513278883
563 0.243177740388
564 0.242829629932
565 0.242494225959
566 0.242146297622
567 0.241811052163
568 0.241463329667
569 0.241128266216
570 0.240780772791
571 0.240445914352
572 0.240098672736
573 0.239764041831
574 0.239417074278
575 0.239082692948
576 0.238736021237
577 0.238389514474
578 0.238055556487
579 0.237709377341
580 0.237363378756
581 0.237029891053
582 0.236684250818
583 0.236338806241
584 0.235993562237
585 0.235660777706
586 0.235315931438
587 0.234971300166
588 0.234626888582
589 0.234282701327
590 0.233938742985
591 0.233607165344
592 0.233263660508
593 0.232920398032
594 0.232577382289
595 0.232234617599
596 0.231892108232
597 0.231549858404
598 0.231207872282
599 0.230866153981
