50 0.0601320997979
51 0.0635920531024
52 0.0671681044758
53 0.0708556371304
54 0.0746804329464
55 0.0786189828328
56 0.0827105152544
57 0.0868964604224
58 0.0912247559742
59 0.0956724903496
60 0.100209290664
61 0.104910829529
62 0.109761114152
63 0.114669885681
64 0.11973930488
65 0.124952078704
66 0.130285349585
67 0.135710025132
68 0.141293927006
69 0.147019085688
70 0.152862396636
71 0.158795068971
72 0.164923464954
73 0.171086029044
74 0.177399108028
75 0.183843757469
76 0.190396543729
77 0.196988785212
78 0.203751212388
79 0.210647756518
80 0.21763273168
81 0.224728558804
82 0.231938457295
83 0.239268536782
84 0.24669669357
85 0.254196992117
86 0.261846372992
87 0.269554150072
88 0.27736893991
89 0.285269015018
90 0.293274059798
91 0.301363047356
92 0.30956168837
93 0.317798188218
94 0.326152725626
95 0.334550474308
96 0.343085777257
97 0.351617383232
98 0.360246377622
99 0.368955270472
100 0.377724335217
101 0.38660923076
102 0.395515026584
103 0.404415106474
104 0.413458094723
105 0.422543041401
106 0.431648301531
107 0.440851212422
108 0.450033423649
109 0.459276966557
110 0.468565426487
111 0.477880809113
112 0.487326973378
113 0.496640531714
114 0.506183737453
115 0.515547438321
116 0.525120658791
117 0.534609894073
118 0.544140275433
119 0.553697577749
120 0.563266447939
121 0.572830393955
122 0.582371782915
123 0.592054068044
124 0.601686989165
125 0.611249727371
126 0.620920782154
127 0.630489083995
128 0.64014372423
129 0.64965939735
130 0.659236162092
131 0.668866766774
132 0.678543410737
133 0.688011495795
134 0.697747536019
135 0.707242487538
136 0.716732182033
137 0.726205654286
138 0.735932903495
139 0.74534605515
140 0.754706820263
141 0.764305688284
142 0.773840344839
143 0.783296706568
144 0.792660175511
145 0.801915667804
146 0.811389846997
147 0.820389997606
148 0.829950072247
149 0.839002850487
150 0.848255285174
151 0.857331675655
152 0.866604393147
153 0.875680950982
154 0.884949641906
155 0.894000835264
156 0.902815043951
157 0.91180477732
158 0.92053448083
159 0.929432948754
160 0.938505122979
161 0.947289284633
162 0.956239425538
163 0.96487593961
164 0.973669872043
165 0.982123735414
166 0.990725676436
167 0.999479620288
168 1.00786114741
169 1.01638442766
170 1.02450699752
171 1.03331535669
172 1.04171189228
173 1.04967273912
174 1.05833831058
175 1.06655629156
176 1.07430240713
177 1.082771155
178 1.09075545436
179 1.09885837192
180 1.10644560915
181 1.11478419368
182 1.12259371454
183 1.13051341719
184 1.13787198019
185 1.14600948634
186 1.15357182022
187 1.16123461467
188 1.16899988509
189 1.17686970112
190 1.18411663054
191 1.19145335585
192 1.19888155656
193 1.20640295439
194 1.21401931445
195 1.22095677188
196 1.22875858492
197 1.23586599758
198 1.24305610333
199 1.25033035392
200 1.25686824481
201 1.26430551816
202 1.27099075328
203 1.27774705624
204 1.28543420989
205 1.29234534597
206 1.29845388944
207 1.30550610616
208 1.31263533941
209 1.31893764686
210 1.32530075808
211 1.33264841281
212 1.33914481805
213 1.34570486492
214 1.35232949333
215 1.35805993411
216 1.36480705683
217 1.37162155063
218 1.37751699483
219 1.38445931243
220 1.3904658606
221 1.39652474964
222 1.40263666682
223 1.40880231144
224 1.41502239518
225 1.42129764234
226 1.42762879012
227 1.43294805584
228 1.43938364646
229 1.44479102398
230 1.45133366372
231 1.45683136102
232 1.46237086248
233 1.46907404302
234 1.47470720948
235 1.48038373804
236 1.48610413138
237 1.4918689
238 1.49651308867
239 1.50235904437
240 1.50825084755
241 1.51418903975
242 1.51897343691
243 1.52499652117
244 1.5298495593
245 1.53595936941
246 1.54088253668
247 1.54583736117
248 1.55207578752
249 1.55710296759
250 1.56216281529
251 1.56725565014
252 1.57238179584
253 1.57754158035
254 1.58273533596
255 1.58796339931
256 1.59322611154
257 1.5985238183
258 1.60385686987
259 1.60788015141
260 1.61327591298
261 1.61870800703
262 1.62280622523
263 1.62830278988
264 1.6324497905
265 1.63801198057
266 1.64220864007
267 1.64783763813
268 1.65208485408
269 1.65778187126
270 1.66208056301
271 1.6664016025
272 1.67074516453
273 1.67657181687
274 1.68096862204
275 1.68538854563
276 1.68983177051
277 1.69429848149
278 1.69878886532
279 1.70330311074
280 1.70784140851
281 1.71240395141
282 1.7169909343
283 1.72160255412
284 1.72623900996
285 1.72934397539
286 1.7340222723
287 1.73872594665
288 1.74345520556
289 1.74821025837
290 1.75139482316
291 1.75619333681
292 1.76101821392
293 1.76424964622
294 1.76911894742
295 1.77238019922
296 1.77729454102
297 1.78058602718
298 1.78554603756
299 1.78886818063
300 1.79387449931
301 1.79722772975
302 1.80228100841
303 1.80566576479
304 1.80906325588
305 1.8141833966
306 1.81761304158
307 1.82105567578
308 1.82624401471
309 1.82971944754
310 1.83320813091
311 1.83846604
312 1.84198818408
313 1.84552384712
314 1.84907310711
315 1.85263604269
316 1.85621273306
317 1.86160361064
318 1.86521503934
319 1.86884050498
320 1.87248008957
321 1.8761338758
322 1.87980194697
323 1.88348438705
324 1.88718128066
325 1.89089271309
326 1.89461877031
327 1.89835953895
328 1.90211510634
329 1.9058855605
330 1.90967099014
331 1.91347148469
332 1.91728713428
333 1.91920078392
334 1.92361640974
335 1.92708636289
336 1.93076268378
337 1.93425848611
338 1.9377669683
339 1.94128819947
340 1.94482224926
341 1.94836918783
342 1.95173098453
343 1.95530318727
344 1.95868897196
345 1.9620865007
346 1.96569674031
347 1.96911864134
348 1.97235016572
349 1.97579528728
350 1.97925246336
351 1.98272175733
352 1.98599811409
353 1.98928531507
354 1.99278989582
355 1.99609963387
356 1.99942038249
357 2.00275219674
358 2.00588588417
359 2.00923929606
360 2.01260393745
361 2.01576854991
362 2.01915510955
363 2.02234037067
364 2.02553569571
365 2.02874113244
366 2.03217145174
367 2.03518253365
368 2.03841859525
369 2.04166496275
370 2.04492168549
371 2.04797069229
372 2.05124757612
373 2.05431548723
374 2.05761272003
375 2.06069971186
376 2.06379597883
377 2.06690156284
378 2.07001650599
379 2.07314085071
380 2.07627463961
381 2.0794179156
382 2.08234521701
383 2.0855069116
384 2.08845139107
385 2.09163166665
386 2.09459347586
387 2.0977924968
388 2.10077178925
389 2.10375955483
390 2.10675582971
391 2.10976065036
392 2.11277405335
393 2.11579607555
394 2.11882675399
395 2.12163203135
396 2.12467946127
397 2.12773565696
398 2.13056458624
399 2.13363774577
400 2.1364823991
401 2.13933464656
402 2.14243317303
403 2.14530133968
404 2.1481771949
405 2.15106076967
406 2.15395209512
407 2.15685120255
408 2.15975812344
409 2.16267288944
410 2.16559553233
411 2.16828158143
412 2.17121941124
413 2.17416521172
414 2.17687257123
415 2.17983373978
416 2.18255524171
417 2.18528354658
418 2.18826765442
419 2.1910102664
420 2.19375976074
421 2.19651616336
422 2.19927950033
423 2.20230197598
424 2.20507989699
425 2.20761138023
426 2.2104027181
427 2.21320112273
428 2.21600662096
429 2.21881923984
430 2.22138238081
431 2.22420866911
432 2.22704215742
433 2.22962433965
434 2.23247165003
435 2.23506644365
436 2.23792767753
437 2.24053517521
438 2.24314875523
439 2.24603073028
440 2.24865715278
441 2.25128972403
442 2.25392846564
443 2.25657339937
444 2.25922454703
445 2.26188193055
446 2.26454557196
447 2.26721549341
448 2.26989171714
449 2.2725742655
450 2.27526316095
451 2.27768862509
452 2.28038964218
453 2.28309707208
454 2.28553927351
455 2.2882589508
456 2.2909851075
457 2.29344422015
458 2.29618275173
459 2.29865303954
460 2.30112864748
461 2.30388556988
462 2.3063724658
463 2.30886473562
464 2.31164023476
465 2.31414390691
466 2.31665300746
467 2.3191675541
468 2.3216875646
469 2.32421305679
470 2.32674404856
471 2.32928055791
472 2.33182260293
473 2.33437020176
474 2.33692337262
475 2.3394821338
476 2.34204650372
477 2.34461650083
478 2.34690569448
479 2.34948637133
480 2.3520727292
481 2.35437651094
482 2.35697365086
483 2.35957652629
484 2.36189503607
485 2.36450879713
486 2.3668370133
487 2.36946172847
488 2.37179971215
489 2.37443545043
490 2.3767832632
491 2.3791357229
492 2.38178779824
493 2.3841501786
494 2.38651724922
495 2.38888902408
496 2.39126551721
497 2.39394471617
498 2.39633128262
499 2.3987226116
500 2.40111871738
501 2.40351961431
502 2.40592531677
503 2.40833583922
504 2.41075119613
505 2.41317140211
506 2.41559647174
507 2.41802641972
508 2.42046126082
509 2.42259578487
510 2.42503984037
511 2.42748883169
512 2.42994277376
513 2.43209405849
514 2.43455732377
515 2.43702558321
516 2.43918943121
517 2.44166709568
518 2.44414979819
519 2.44632631989
520 2.44881851019
521 2.45100335741
522 2.45350509003
523 2.45569831069
524 2.45820964053
525 2.46041128285
526 2.46261687187
527 2.46514237789
528 2.46735645997
529 2.46989170055
530 2.4721143249
531 2.47434095258
532 2.47657159434
533 2.47912581532
534 2.4813650955
535 2.48360842412
536 2.48585581214
537 2.4881072706
538 2.49036281057
539 2.49294556972
540 2.49520989333
541 2.4974783335
542 2.49975090148
543 2.5020276086
544 2.50430846611
545 2.50659348538
546 2.50888267787
547 2.511176055
548 2.51314515858
549 2.51544633762
550 2.51775173423
551 2.52006136002
552 2.52237522662
553 2.52469334579
554 2.52701572917
555 2.5290097586
556 2.53134009259
557 2.53367472461
558 2.53567927968
559 2.53802192534
560 2.54036890318
561 2.5423840675
562 2.54473912271
563 2.54709854457
564 2.54912440262
565 2.55149196625
566 2.55352482095
567 2.55590056859
568 2.55794045625
569 2.56032443038
570 2.56237138757
571 2.56476363104
572 2.56681769459
573 2.56921825048
574 2.57127945749
575 2.57368836926
576 2.57575675701
577 2.57782847164
578 2.58024967452
579 2.58232862497
580 2.58441092781
581 2.58684451613
582 2.5889341104
583 2.59102708286
584 2.59312344169
585 2.59557347198
586 2.59767719631
587 2.59978433315
588 2.60189489088
589 2.60400887776
590 2.60612630219
591 2.60860097414
592 2.6107258755
593 2.61285424107
594 2.61498607937
595 2.61712139884
596 2.61926020811
597 2.6214025157
598 2.62354833016
599 2.62569766018
600 2.62785051437
601 2.63000690145
602 2.63216683007
603 2.63433030898
604 2.63649734694
605 2.63866795277
606 2.64084213526
607 2.64265670438
608 2.64483746711
609 2.64702183162
610 2.64920980692
611 2.65140140192
612 2.65359662564
613 2.65542876875
614 2.65763066852
615 2.65983622265
616 2.66204544021
617 2.66388927136
618 2.66610522901
619 2.6683248761
620 2.67017741827
621 2.67240385323
622 2.67463400385
623 2.67649531896
624 2.67873230574
625 2.68097303464
626 2.68284318514
627 2.68509079896
628 2.68696670008
629 2.68922123062
630 2.69147954742
631 2.69336438814
632 2.69562967114
633 2.69752033045
634 2.69979261199
635 2.70168911682
636 2.70396842936
637 2.7058708069
638 2.70815718317
639 2.71006546077
640 2.71197642924
641 2.71427313872
642 2.71619004732
643 2.71849390163
644 2.72041677803
645 2.72234237629
646 2.72465668269
647 2.72658828948
648 2.72852263665
649 2.73084746649
650 2.73278786324
651 2.73473101915
652 2.73667694008
653 2.73901569123
654 2.74096771616
655 2.74292252511
656 2.74488012406
657 2.74723292187
658 2.74919667987
659 2.75116324707
660 2.75313262946
661 2.75510483306
662 2.75707986405
663 2.75945363
664 2.76143490258
665 2.76341902198
666 2.76540599444
667 2.76739582601
668 2.76938852297
669 2.77138409143
670 2.77338253765
671 2.77538386786
672 2.77738808828
673 2.77939520523
674 2.78140522495
675 2.78341815375
676 2.78543399795
677 2.78745276389
678 2.78947445795
679 2.7914990865
680 2.79352665589
681 2.7955571726
682 2.79759064304
683 2.79962707363
684 2.80166647089
685 2.80370884124
686 2.80575419126
687 2.80739263204
688 2.80944336183
689 2.8114970896
690 2.8135538219
691 2.81561356535
692 2.81767632654
693 2.81932872361
694 2.8213969335
695 2.82346817978
696 2.82554246916
697 2.82761980834
698 2.82928389074
699 2.83136673654
700 2.83345265101
701 2.83554164099
702 2.83721506245
703 2.83930960548
704 2.84140724308
705 2.84308759639
706 2.84519082159
707 2.84729716065
708 2.84898448891
709 2.85109645038
710 2.85321154519
711 2.85490589199
712 2.8570266443
713 2.85872552614
714 2.86085195874
715 2.86298155693
716 2.86468752957
717 2.86682284367
718 2.86853339819
719 2.87067445115
720 2.87238960599
721 2.87453642107
722 2.87668644743
723 2.87840879536
724 2.88056462008
725 2.88229161602
726 2.88445326261
727 2.88618492548
728 2.88791866858
729 2.89008876625
730 2.89182720368
731 2.89400318121
732 2.89574633195
733 2.89792821329
734 2.89967609664
735 2.9018639058
736 2.90361654102
737 2.90537129442
738 2.90756770874
739 2.9093272421
740 2.9110889061
741 2.91329397648
742 2.91506044873
743 2.91682906434
744 2.91904284204
745 2.92081629438
746 2.92259190274
747 2.92481443949
748 2.92659491334
749 2.92837755606
750 2.9306089039
751 2.93239644108
752 2.93418616005
753 2.93597806477
754 2.93822101417
755 2.94001785162
756 2.94181688789
757 2.943618127
758 2.9458727686
759 2.94767897911
760 2.94948740563
761 2.95129805235
762 2.95311092329
763 2.95538013493
764 2.95719802544
765 2.95901815359
766 2.9608405235
767 2.96266513932
768 2.96449200517
769 2.96632112527
770 2.96861069077
771 2.97044489814
772 2.9722813733
773 2.97412012054
774 2.97596114402
775 2.97780444802
776 2.97965003666
777 2.98149791435
778 2.98334808523
779 2.98520055365
780 2.98705532387
781 2.98891240016
782 2.99077178686
783 2.99263348821
784 2.99449750864
785 2.99636385246
786 2.998232524
787 3.00010352757
788 3.00197686758
789 3.00385254843
790 3.0057305745
791 3.00761095018
792 3.00949367992
793 3.01137876809
794 3.0132662191
795 3.0151560375
796 3.01704822771
797 3.01894279414
798 3.02083974134
799 3.02273907378
800 3.02464079588
801 3.02654491229
802 3.02797458361
803 3.02988290085
804 3.03179362479
805 3.03370675996
806 3.03562231101
807 3.0375402825
808 3.03946067899
809 3.04090258044
810 3.04282723175
811 3.04475432079
812 3.04668385211
813 3.04861583047
814 3.05006643268
815 3.05200270442
816 3.05394143596
817 3.05588263207
818 3.05782629739
819 3.05928567931
820 3.06123367705
821 3.06318415702
822 3.06513712397
823 3.06660349366
824 3.06856082421
825 3.07052065482
826 3.07248299039
827 3.07395639819
828 3.07592312878
829 3.07789237748
830 3.07937097884
831 3.08134464587
832 3.0833208444
833 3.08529957923
834 3.08678530704
835 3.08876849222
836 3.09075422723
837 3.09224521397
838 3.09423542289
839 3.09572977078
840 3.09772446886
841 3.09972173896
842 3.10122139154
843 3.10322317478
844 3.10522754366
845 3.10673252941
846 3.1087414355
847 3.11024982981
848 3.11226328845
849 3.11427935555
850 3.11579312965
851 3.11781377371
852 3.11933098634
853 3.12135622302
854 3.12287688593
855 3.12490673074
856 3.12693921598
857 3.12846532458
858 3.13050244278
859 3.13203203203
860 3.1340737991
861 3.13560688096
862 3.1376533129
863 3.13918989927
864 3.14124101207
865 3.14278111504
866 3.14483692472
867 3.14638055639
868 3.14844107905
869 3.14998825159
870 3.15205350359
871 3.15360422911
872 3.15567422676
873 3.15722851756
874 3.15930327713
875 3.1608611455
876 3.16242055099
877 3.16450214192
878 3.16606514266
879 3.1681515356
880 3.16971814408
881 3.1718093557
882 3.17337958443
883 3.17495136851
884 3.17704949302
885 3.17862491534
886 3.18072789925
887 3.18230697243
888 3.18388761408
889 3.18599756938
890 3.18758188013
891 3.18916776715
892 3.19128472854
893 3.19287430289
894 3.19446546151
895 3.19658946392
896 3.19818432831
897 3.19978078476
898 3.20191186344
899 3.20351204412
900 3.20511382497
901 3.20725201533
902 3.20885753909
903 3.21046467092
904 3.21261000861
905 3.21422090226
906 3.21583341206
907 3.21798593291
908 3.2196022234
909 3.22122013812
910 3.22283967974
911 3.2250015929
912 3.22662493988
913 3.22824992176
914 3.2298765412
915 3.23204790826
916 3.23367835801
917 3.23531045356
918 3.23694419737
919 3.23912508038
920 3.24076267979
921 3.2424019358
922 3.2440428508
923 3.24568542744
924 3.2478781087
925 3.24952457232
926 3.25117270594
927 3.25282251218
928 3.25447399358
929 3.25667856897
930 3.25833396896
931 3.25999105263
932 3.26164982251
933 3.26331028129
934 3.26497243137
935 3.2671912572
936 3.268857364
937 3.27052517092
938 3.27219468035
939 3.27386589512
940 3.27553881765
941 3.27721345074
942 3.27944895045
943 3.2811275849
944 3.28280793858
945 3.28449001417
946 3.28617381434
947 3.28785934175
948 3.28954659891
949 3.29123558865
950 3.29292631359
951 3.29461877641
952 3.29687809192
953 3.29857462025
954 3.30027289536
955 3.30197292002
956 3.3036746969
957 3.30537822864
958 3.30708351815
959 3.30879056801
960 3.31049938101
961 3.31220995988
962 3.31392230729
963 3.31563642604
964 3.31735231887
965 3.31906998849
966 3.3207894377
967 3.32251066938
968 3.32423368607
969 3.32595849074
970 3.32768508612
971 3.329413475
972 3.33114366011
973 3.33287564437
974 3.33460943054
975 3.33634502135
976 3.33808241969
977 3.33982162842
978 3.34156265038
979 3.34330548829
980 3.3450501451
981 3.34679662369
982 3.34854492679
983 3.35029505731
984 3.35204701815
985 3.3538008121
986 3.35555644221
987 3.35731391115
988 3.35907322196
989 3.36083437758
990 3.36259738075
991 3.36436223448
992 3.36612894161
993 3.36789750515
994 3.36907758909
995 3.37084925303
996 3.37262278122
997 3.37439817659
998 3.376175442
999 3.37795458048
