15.8665235575
50 1.0
51 1.0
52 1.0
53 1.0
54 1.0
55 1.0
56 1.0
57 1.0
58 1.0
59 1.0
60 1.0
61 1.0
62 1.0
63 1.0
64 1.0
65 1.0
66 1.0
67 1.0
68 1.0
69 1.0
70 1.0
71 1.0
72 1.0
73 1.0
74 1.0
75 1.0
76 1.0
77 1.0
78 1.0
79 1.0
80 1.0
81 1.0
82 1.0
83 1.0
84 1.0
85 1.0
86 1.0
87 1.0
88 1.0
89 1.0
90 1.0
91 1.0
92 1.0
93 1.0
94 1.0
95 1.0
96 1.0
97 1.0
98 1.0
99 1.0
100 0.999999999999
101 0.999999999999
102 0.999999999998
103 0.999999999996
104 0.999999999994
105 0.999999999991
106 0.999999999985
107 0.999999999976
108 0.999999999962
109 0.999999999941
110 0.99999999991
111 0.999999999863
112 0.999999999795
113 0.999999999696
114 0.999999999555
115 0.999999999354
116 0.999999999071
117 0.999999998676
118 0.99999999813
119 0.999999997383
120 0.999999996367
121 0.999999994997
122 0.999999993165
123 0.999999990733
124 0.999999987527
125 0.99999998333
126 0.999999977873
127 0.999999970826
128 0.999999961782
129 0.999999950246
130 0.99999993562
131 0.999999917182
132 0.99999989407
133 0.999999865256
134 0.99999982952
135 0.999999785428
136 0.999999731294
137 0.99999966515
138 0.999999584709
139 0.999999487322
140 0.999999369938
141 0.999999229055
142 0.99999906067
143 0.999998860223
144 0.999998622545
145 0.999998341792
146 0.999998011385
147 0.999997623938
148 0.999997171196
149 0.999996643953
150 0.999996031981
151 0.999995323952
152 0.999994507357
153 0.99999356842
154 0.999992492018
155 0.999991261594
156 0.99998985907
157 0.999988264758
158 0.999986457276
159 0.999984413455
160 0.999982108255
161 0.999979514677
162 0.999976603678
163 0.999973344087
164 0.999969702521
165 0.999965643307
166 0.999961128406
167 0.999956117336
168 0.999950567104
169 0.999944432139
170 0.999937664228
171 0.999930212461
172 0.999922023173
173 0.9999130399
174 0.999903203336
175 0.999892451292
176 0.999880718668
177 0.999867937425
178 0.999854036567
179 0.999838942125
180 0.999822577154
181 0.999804861729
182 0.999785712949
183 0.999765044955
184 0.999742768943
185 0.999718793191
186 0.999693023091
187 0.999665361185
188 0.999635707211
189 0.99960395815
190 0.999570008286
191 0.999533749263
192 0.999495070155
193 0.999453857537
194 0.999409995567
195 0.999363366062
196 0.999313848593
197 0.999261320569
198 0.999205657343
199 0.999146732304
200 0.999084416984
201 0.999018581166
202 0.998949092997
203 0.998875819096
204 0.998798624673
205 0.99871737365
206 0.998631928777
207 0.998542151755
208 0.998447903364
209 0.998349043583
210 0.998245431715
211 0.998136926519
212 0.998023386331
213 0.997904669194
214 0.997780632983
215 0.997651135531
216 0.997516034758
217 0.997375188789
218 0.997228456086
219 0.997075695561
220 0.996916766707
221 0.996751529708
222 0.996579845562
223 0.996401576194
224 0.99621658457
225 0.996024734806
226 0.995825892279
227 0.99561992373
228 0.995406697367
229 0.995186082969
230 0.994957951977
231 0.994722177592
232 0.994478634864
233 0.994227200783
234 0.993967754359
235 0.993700176704
236 0.993424351115
237 0.993140163141
238 0.992847500658
239 0.992546253937
240 0.992236315705
241 0.991917581211
242 0.991589948276
243 0.991253317352
244 0.990907591572
245 0.990552676794
246 0.990188481646
247 0.989814917568
248 0.989431898845
249 0.989039342642
250 0.988637169038
251 0.988225301044
252 0.987803664639
253 0.987372188778
254 0.986930805421
255 0.98647944954
256 0.986018059134
257 0.985546575239
258 0.985064941931
259 0.984573106332
260 0.984071018612
261 0.983558631984
262 0.983035902702
263 0.982502790054
264 0.981959256354
265 0.98140526693
266 0.980840790109
267 0.980265797205
268 0.979680262502
269 0.979084163228
270 0.978477479543
271 0.977860194508
272 0.977232294068
273 0.976593767017
274 0.975944604977
275 0.975284802367
276 0.97461435637
277 0.973933266903
278 0.973241536582
279 0.972539170691
280 0.971826177142
281 0.97110256644
282 0.970368351647
283 0.969623548339
284 0.968868174573
285 0.96810225084
286 0.96732580003
287 0.966538847384
288 0.965741420458
289 0.964933549077
290 0.964115265291
291 0.963286603334
292 0.962447599576
293 0.961598292482
294 0.960738722568
295 0.959868932351
296 0.958988966308
297 0.958098870829
298 0.957198694174
299 0.956288486423
300 0.955368299434
301 0.954438186798
302 0.953498203789
303 0.952548407323
304 0.951588855913
305 0.95061960962
306 0.949640730011
307 0.948652280114
308 0.947654324372
309 0.9466469286
310 0.945630159943
311 0.944604086827
312 0.943568778921
313 0.942524307093
314 0.941470743364
315 0.940408160871
316 0.939336633821
317 0.938256237452
318 0.937167047991
319 0.936069142617
320 0.934962599414
321 0.933847497341
322 0.932723916185
323 0.931591936526
324 0.930451639701
325 0.929303107762
326 0.928146423444
327 0.926981670127
328 0.925808931799
329 0.924628293023
330 0.923439838901
331 0.922243655041
332 0.921039827525
333 0.919828442871
334 0.918609588009
335 0.917383350241
336 0.916149817217
337 0.914909076899
338 0.913661217536
339 0.912406327632
340 0.911144495918
341 0.909875811322
342 0.908600362945
343 0.907318240035
344 0.906029531954
345 0.904734328159
346 0.903432718175
347 0.902124791568
348 0.900810637926
349 0.89949034683
350 0.898164007835
351 0.896831710447
352 0.895493544099
353 0.894149598134
354 0.89279996178
355 0.891444724134
356 0.890083974138
357 0.888717800565
358 0.887346291994
359 0.885969536801
360 0.884587623132
361 0.883200638891
362 0.881808671726
363 0.880411809007
364 0.879010137812
365 0.877603744918
366 0.876192716778
367 0.874777139511
368 0.873357098889
369 0.871932680323
370 0.870503968848
371 0.869071049115
372 0.867634005375
373 0.866192921471
374 0.864747880823
375 0.863298966421
376 0.861846260813
377 0.860389846095
378 0.858929803901
379 0.857466215398
380 0.855999161269
381 0.854528721714
382 0.853054976436
383 0.851578004633
384 0.850097884996
385 0.848614695695
386 0.847128514379
387 0.845639418164
388 0.84414748363
389 0.842652786815
390 0.84115540321
391 0.839655407752
392 0.83815287482
393 0.836647878232
394 0.835140491238
395 0.833630786518
396 0.832118836177
397 0.830604711743
398 0.829088484162
399 0.827570223796
400 0.82605000042
401 0.82452788322
402 0.823003940788
403 0.821478241125
404 0.819950851633
405 0.81842183912
406 0.816891269792
407 0.815359209256
408 0.813825722517
409 0.812290873979
410 0.810754727442
411 0.809217346102
412 0.807678792552
413 0.806139128781
414 0.804598416174
415 0.803056715512
416 0.801514086972
417 0.799970590127
418 0.79842628395
419 0.796881226809
420 0.795335476474
421 0.793789090113
422 0.792242124295
423 0.790694634993
424 0.789146677581
425 0.787598306842
426 0.786049576963
427 0.784500541539
428 0.782951253578
429 0.781401765498
430 0.779852129132
431 0.778302395731
432 0.77675261596
433 0.77520283991
434 0.773653117093
435 0.772103496445
436 0.770554026333
437 0.769004754554
438 0.767455728337
439 0.765906994348
440 0.764358598694
441 0.762810586921
442 0.761263004021
443 0.759715894434
444 0.758169302051
445 0.756623270216
446 0.755077841732
447 0.75353305886
448 0.751988963326
449 0.750445596324
450 0.748902998516
451 0.747361210038
452 0.745820270505
453 0.744280219009
454 0.74274109413
455 0.741202933933
456 0.739665775974
457 0.738129657304
458 0.736594614472
459 0.735060683531
460 0.733527900035
461 0.73199629905
462 0.730465915156
463 0.728936782447
464 0.727408934538
465 0.725882404568
466 0.724357225203
467 0.722833428643
468 0.72131104662
469 0.719790110406
470 0.718270650818
471 0.716752698216
472 0.715236282513
473 0.713721433174
474 0.712208179224
475 0.710696549249
476 0.7091865714
477 0.707678273399
478 0.706171682538
479 0.704666825689
480 0.703163729304
481 0.701662419419
482 0.700162921658
483 0.698665261238
484 0.697169462972
485 0.695675551273
486 0.694183550155
487 0.692693483241
488 0.691205373766
489 0.689719244578
490 0.688235118143
491 0.68675301655
492 0.685272961515
493 0.68379497438
494 0.682319076124
495 0.68084528736
496 0.679373628342
497 0.677904118969
498 0.676436778786
499 0.674971626991
