15.8665235575
50 1.0
51 1.0
52 1.0
53 1.0
54 1.0
55 1.0
56 1.0
57 1.0
58 1.0
59 1.0
60 1.0
61 1.0
62 1.0
63 1.0
64 1.0
65 1.0
66 1.0
67 1.0
68 1.0
69 1.0
70 1.0
71 1.0
72 1.0
73 1.0
74 1.0
75 1.0
76 1.0
77 1.0
78 1.0
79 1.0
80 1.0
81 1.0
82 1.0
83 1.0
84 1.0
85 1.0
86 1.0
87 1.0
88 1.0
89 1.0
90 1.0
91 1.0
92 1.0
93 1.0
94 1.0
95 1.0
96 1.0
97 1.0
98 1.0
99 1.0
100 1.0
101 1.0
102 1.0
103 1.0
104 0.999999999999
105 0.999999999999
106 0.999999999998
107 0.999999999997
108 0.999999999995
109 0.999999999991
110 0.999999999986
111 0.999999999978
112 0.999999999966
113 0.999999999948
114 0.999999999922
115 0.999999999883
116 0.999999999826
117 0.999999999745
118 0.99999999963
119 0.999999999468
120 0.999999999242
121 0.999999998929
122 0.9999999985
123 0.999999997915
124 0.999999997125
125 0.999999996067
126 0.99999999466
127 0.9999999928
128 0.99999999036
129 0.999999987181
130 0.999999983064
131 0.999999977766
132 0.999999970991
133 0.999999962378
134 0.999999951488
135 0.999999937798
136 0.999999920679
137 0.999999899384
138 0.999999873027
139 0.999999840566
140 0.999999800777
141 0.999999752231
142 0.999999693266
143 0.999999621961
144 0.999999536096
145 0.999999433126
146 0.999999310138
147 0.999999163813
148 0.999998990382
149 0.999998785582
150 0.999998544607
151 0.999998262056
152 0.999997931881
153 0.999997547331
154 0.999997100894
155 0.999996584233
156 0.999995988127
157 0.999995302407
158 0.999994515885
159 0.999993616289
160 0.999992590193
161 0.999991422948
162 0.999990098605
163 0.999988599851
164 0.99998690793
165 0.999985002573
166 0.999982861928
167 0.999980462483
168 0.999977779
169 0.999974784443
170 0.999971449911
171 0.999967744569
172 0.999963635587
173 0.999959088075
174 0.999954065026
175 0.999948527254
176 0.999942433348
177 0.999935739617
178 0.999928400043
179 0.999920366241
180 0.999911587418
181 0.999902010342
182 0.999891579306
183 0.999880236109
184 0.999867920032
185 0.999854567821
186 0.99984011368
187 0.99982448926
188 0.999807623663
189 0.999789443441
190 0.999769872611
191 0.999748832665
192 0.999726242589
193 0.999702018893
194 0.999676075634
195 0.999648324455
196 0.999618674622
197 0.999587033069
198 0.999553304445
199 0.999517391172
200 0.999479193496
201 0.999438609554
202 0.999395535437
203 0.999349865261
204 0.999301491241
205 0.999250303765
206 0.999196191479
207 0.999139041365
208 0.999078738832
209 0.999015167801
210 0.9989482108
211 0.998877749056
212 0.998803662589
213 0.998725830312
214 0.998644130131
215 0.998558439042
216 0.998468633235
217 0.998374588197
218 0.998276178814
219 0.998173279477
220 0.998065764183
221 0.997953506643
222 0.997836380385
223 0.997714258855
224 0.997587015526
225 0.997454523999
226 0.997316658103
227 0.997173292
228 0.997024300282
229 0.996869558073
230 0.996708941125
231 0.996542325912
232 0.996369589731
233 0.996190610786
234 0.996005268287
235 0.995813442532
236 0.995615014999
237 0.995409868428
238 0.995197886902
239 0.994978955929
240 0.994752962522
241 0.994519795268
242 0.994279344404
243 0.994031501889
244 0.993776161465
245 0.99351321873
246 0.993242571193
247 0.992964118338
248 0.992677761677
249 0.992383404805
250 0.992080953455
251 0.991770315539
252 0.991451401201
253 0.991124122854
254 0.990788395224
255 0.990444135387
256 0.990091262801
257 0.989729699341
258 0.98935936933
259 0.988980199559
260 0.988592119321
261 0.988195060423
262 0.987788957214
263 0.987373746596
264 0.98694936804
265 0.986515763601
266 0.986072877922
267 0.985620658248
268 0.985159054427
269 0.984688018915
270 0.984207506776
271 0.983717475682
272 0.983217885911
273 0.98270870034
274 0.98218988444
275 0.981661406267
276 0.98112323645
277 0.980575348183
278 0.980017717209
279 0.979450321804
280 0.978873142762
281 0.978286163377
282 0.977689369423
283 0.977082749131
284 0.976466293173
285 0.975839994631
286 0.975203848979
287 0.974557854054
288 0.973902010031
289 0.973236319392
290 0.972560786904
291 0.971875419582
292 0.971180226667
293 0.970475219586
294 0.969760411927
295 0.969035819404
296 0.968301459826
297 0.967557353058
298 0.966803520993
299 0.966039987515
300 0.965266778463
301 0.964483921595
302 0.963691446556
303 0.962889384836
304 0.962077769738
305 0.961256636341
306 0.960426021459
307 0.95958596361
308 0.958736502971
309 0.95787768135
310 0.95700954214
311 0.956132130287
312 0.955245492249
313 0.954349675961
314 0.953444730796
315 0.952530707528
316 0.951607658298
317 0.950675636568
318 0.949734697096
319 0.948784895888
320 0.947826290168
321 0.946858938341
322 0.945882899954
323 0.944898235661
324 0.94390500719
325 0.942903277304
326 0.941893109768
327 0.940874569312
328 0.939847721599
329 0.938812633191
330 0.937769371512
331 0.936718004818
332 0.935658602163
333 0.934591233363
334 0.93351596897
335 0.932432880235
336 0.931342039079
337 0.93024351806
338 0.929137390347
339 0.928023729681
340 0.926902610357
341 0.925774107183
342 0.92463829546
343 0.92349525095
344 0.922345049846
345 0.921187768751
346 0.920023484641
347 0.918852274851
348 0.917674217037
349 0.916489389157
350 0.915297869447
351 0.914099736391
352 0.9128950687
353 0.911683945289
354 0.910466445251
355 0.909242647838
356 0.908012632434
357 0.906776478538
358 0.905534265739
359 0.904286073695
360 0.903031982116
361 0.901772070741
362 0.900506419318
363 0.899235107587
364 0.897958215261
365 0.896675822005
366 0.895388007422
367 0.894094851032
368 0.89279643226
369 0.891492830413
370 0.890184124668
371 0.888870394058
372 0.887551717452
373 0.886228173542
374 0.884899840831
375 0.883566797615
376 0.882229121972
377 0.880886891749
378 0.879540184547
379 0.878189077709
380 0.876833648309
381 0.87547397314
382 0.874110128702
383 0.872742191191
384 0.871370236489
385 0.869994340151
386 0.868614577401
387 0.867231023115
388 0.865843751816
389 0.864452837664
390 0.863058354449
391 0.861660375578
392 0.860258974072
393 0.858854222556
394 0.85744619325
395 0.856034957965
396 0.854620588094
397 0.853203154606
398 0.851782728038
399 0.850359378494
400 0.848933175632
401 0.847504188665
402 0.84607248635
403 0.844638136989
404 0.843201208417
405 0.841761768005
406 0.840319882651
407 0.838875618777
408 0.837429042324
409 0.835980218751
410 0.83452921303
411 0.833076089642
412 0.831620912575
413 0.830163745321
414 0.828704650875
415 0.827243691729
416 0.825780929872
417 0.824316426789
418 0.822850243456
419 0.821382440342
420 0.819913077404
421 0.818442214089
422 0.816969909329
423 0.815496221543
424 0.814021208634
425 0.812544927993
426 0.811067436489
427 0.80958879048
428 0.808109045802
429 0.806628257777
430 0.805146481209
431 0.803663770385
432 0.802180179074
433 0.800695760528
434 0.799210567485
435 0.797724652166
436 0.796238066276
437 0.794750861007
438 0.793263087038
439 0.791774794533
440 0.790286033148
441 0.788796852026
442 0.787307299802
443 0.785817424605
444 0.784327274055
445 0.782836895269
446 0.781346334861
447 0.779855638942
448 0.778364853124
449 0.776874022523
450 0.775383191755
451 0.773892404947
452 0.772401705729
453 0.770911137244
454 0.769420742146
455 0.767930562605
456 0.766440640304
457 0.764951016449
458 0.763461731764
459 0.761972826499
460 0.760484340428
461 0.758996312856
462 0.757508782616
463 0.756021788078
464 0.754535367146
465 0.753049557264
466 0.751564395417
467 0.750079918136
468 0.748596161496
469 0.747113161124
470 0.745630952201
471 0.744149569462
472 0.7426690472
473 0.741189419269
474 0.739710719091
475 0.73823297965
476 0.736756233504
477 0.735280512782
478 0.733805849191
479 0.732332274016
480 0.730859818125
481 0.729388511969
482 0.727918385591
483 0.726449468622
484 0.724981790291
485 0.72351537942
486 0.722050264436
487 0.720586473367
488 0.71912403385
489 0.717662973129
490 0.716203318065
491 0.714745095132
492 0.713288330425
493 0.711833049661
494 0.710379278184
495 0.708927040964
496 0.707476362605
497 0.706027267346
498 0.704579779063
499 0.703133921275
