10 0.0108388340552
11 0.0119227174607
12 0.0130066008662
13 0.0140904842717
14 0.0151743676772
15 0.0162582510828
16 0.0173421344883
17 0.0184260178938
18 0.0195099012993
19 0.0205937847048
20 0.0216776681103
21 0.0227615515159
22 0.0238454349214
23 0.0249293183269
24 0.0260132017324
25 0.0270970851379
26 0.0281809685434
27 0.029264851949
28 0.0303487353545
29 0.03143261876
30 0.0325165021655
31 0.033600385571
32 0.0346842689765
33 0.0357681523821
34 0.0368520357876
35 0.0379359191931
36 0.0390198025986
37 0.0401036860041
38 0.0411875694097
39 0.0422714528152
40 0.0433553362207
41 0.0444392196262
42 0.0455231030317
43 0.0466069864372
44 0.0476908698428
45 0.0487747532483
46 0.0498586366538
47 0.0509425200593
48 0.0520264034648
49 0.0531102868703
50 0.0541941702759
51 0.0552780536814
52 0.0563619370869
53 0.0574458204924
54 0.0585297038979
55 0.0596135873034
56 0.060697470709
57 0.0617813541145
58 0.06286523752
59 0.0639491209255
60 0.065033004331
61 0.0661168877365
62 0.0672007711421
63 0.0682846545476
64 0.0693685379531
65 0.0704524213586
66 0.0715363047641
67 0.0726201881696
68 0.0737040715752
69 0.0747879549807
70 0.0758718383862
71 0.0769557217917
72 0.0780396051972
73 0.0791234886028
74 0.0802073720083
75 0.0812912554138
76 0.0823751388193
77 0.0834590222248
78 0.0845429056303
79 0.0856267890359
80 0.0867106724414
81 0.0877945558469
82 0.0888784392524
83 0.0899623226579
84 0.0910462060634
85 0.092130089469
86 0.0932139728745
87 0.09429785628
88 0.0953817396855
89 0.096465623091
90 0.0975495064965
91 0.0986333899021
92 0.0997172733076
93 0.100801156713
94 0.101885040119
95 0.102968923524
96 0.10405280693
97 0.105136690335
98 0.106220573741
99 0.107304457146
100 0.108388340552
101 0.109472223957
102 0.110556107363
103 0.111639990768
104 0.112723874174
105 0.113807757579
106 0.114891640985
107 0.11597552439
108 0.117059407796
109 0.118143291201
110 0.119227174607
111 0.120311058012
112 0.121394941418
113 0.122478824823
114 0.123562708229
115 0.124646591634
116 0.12573047504
117 0.126814358446
118 0.127898241851
119 0.128982125257
120 0.130066008662
121 0.131149892068
122 0.132233775473
123 0.133317658879
124 0.134401542284
125 0.13548542569
126 0.136569309095
127 0.137653192501
128 0.138737075906
129 0.139820959312
130 0.140904842717
131 0.141988726123
132 0.143072609528
133 0.144156492934
134 0.145240376339
135 0.146324259745
136 0.14740814315
137 0.148492026556
138 0.149575909961
139 0.150659793367
140 0.151743676772
141 0.152827560178
142 0.153911443583
143 0.154995326989
144 0.156079210394
145 0.1571630938
146 0.158246977206
147 0.159330860611
148 0.160414744017
149 0.161498627422
150 0.162582510828
151 0.163666394233
152 0.164750277639
153 0.165834161044
154 0.16691804445
155 0.168001927855
156 0.169085811261
157 0.170169694666
158 0.171253578072
159 0.172337461477
160 0.173421344883
161 0.174505228288
162 0.175589111694
163 0.176672995099
164 0.177756878505
165 0.17884076191
166 0.179924645316
167 0.181008528721
168 0.182092412127
169 0.183176295532
170 0.184260178938
171 0.185344062343
172 0.186427945749
173 0.187511829154
174 0.18859571256
175 0.189679595965
176 0.190763479371
177 0.191847362777
178 0.192931246182
179 0.194015129588
180 0.195099012993
181 0.196182896399
182 0.197266779804
183 0.19835066321
184 0.199434546615
185 0.200518430021
186 0.201602313426
187 0.202686196832
188 0.203770080237
189 0.204853963643
190 0.205937847048
191 0.207021730454
192 0.208105613859
193 0.209189497265
194 0.21027338067
195 0.211357264076
196 0.212441147481
197 0.213525030887
198 0.214608914292
199 0.215692797698
200 0.216776681103
201 0.217860564509
202 0.218944447914
203 0.22002833132
204 0.221112214725
205 0.222196098131
206 0.223279981537
207 0.224363864942
208 0.225447748348
209 0.226531631753
210 0.227615515159
211 0.228699398564
212 0.22978328197
213 0.230867165375
214 0.231951048781
215 0.233034932186
216 0.234118815592
217 0.235202698997
218 0.236286582403
219 0.237370465808
220 0.238454349214
221 0.239538232619
222 0.240622116025
223 0.24170599943
224 0.242789882836
225 0.243873766241
226 0.244957649647
227 0.246041533052
228 0.247125416458
229 0.248209299863
230 0.249293183269
231 0.250377066674
232 0.25146095008
233 0.252544833485
234 0.253628716891
235 0.254712600297
236 0.255796483702
237 0.256880367108
238 0.257964250513
239 0.259048133919
240 0.260132017324
241 0.26121590073
242 0.262299784135
243 0.263383667541
244 0.264467550946
245 0.265551434352
246 0.266635317757
247 0.267719201163
248 0.268803084568
249 0.269886967974
250 0.270970851379
251 0.272054734785
252 0.27313861819
253 0.274222501596
254 0.275306385001
255 0.276390268407
256 0.277474151812
257 0.278558035218
258 0.279641918623
259 0.280725802029
260 0.281809685434
261 0.28289356884
262 0.283977452245
263 0.285061335651
264 0.286145219057
265 0.287229102462
266 0.288312985868
267 0.289396869273
268 0.290480752679
269 0.291564636084
270 0.29264851949
271 0.293732402895
272 0.294816286301
273 0.295900169706
274 0.296984053112
275 0.298067936517
276 0.299151819923
277 0.300235703328
278 0.301319586734
279 0.302403470139
280 0.303487353545
281 0.30457123695
282 0.305655120356
283 0.306739003761
284 0.307822887167
285 0.308906770572
286 0.309990653978
287 0.311074537383
288 0.312158420789
289 0.313242304194
290 0.3143261876
291 0.315410071005
292 0.316493954411
293 0.317577837817
294 0.318661721222
295 0.319745604628
296 0.320829488033
297 0.321913371439
298 0.322997254844
299 0.32408113825
300 0.325165021655
301 0.326248905061
302 0.327332788466
303 0.328416671872
304 0.329500555277
305 0.330584438683
306 0.331668322088
307 0.332752205494
308 0.333836088899
309 0.334919972305
310 0.33600385571
311 0.337087739116
312 0.338171622521
313 0.339255505927
314 0.340339389332
315 0.341423272738
316 0.342507156143
317 0.343591039549
318 0.344674922954
319 0.34575880636
320 0.346842689765
321 0.347926573171
322 0.349010456577
323 0.350094339982
324 0.351178223388
325 0.352262106793
326 0.353345990199
327 0.354429873604
328 0.35551375701
329 0.356597640415
330 0.357681523821
331 0.358765407226
332 0.359849290632
333 0.360933174037
334 0.362017057443
335 0.363100940848
336 0.364184824254
337 0.365268707659
338 0.366352591065
339 0.36743647447
340 0.368520357876
341 0.369604241281
342 0.370688124687
343 0.371772008092
344 0.372855891498
345 0.373939774903
346 0.375023658309
347 0.376107541714
348 0.37719142512
349 0.378275308525
350 0.379359191931
351 0.380443075337
352 0.381526958742
353 0.382610842148
354 0.383694725553
355 0.384778608959
356 0.385862492364
357 0.38694637577
358 0.388030259175
359 0.389114142581
360 0.390198025986
361 0.391281909392
362 0.392365792797
363 0.393449676203
364 0.394533559608
365 0.395617443014
366 0.396701326419
367 0.397785209825
368 0.39886909323
369 0.399952976636
370 0.401036860041
371 0.402120743447
372 0.403204626852
373 0.404288510258
374 0.405372393663
375 0.406456277069
376 0.407540160474
377 0.40862404388
378 0.409707927285
379 0.410791810691
380 0.411875694097
381 0.412959577502
382 0.414043460908
383 0.415127344313
384 0.416211227719
385 0.417295111124
386 0.41837899453
387 0.419462877935
388 0.420546761341
389 0.421630644746
390 0.422714528152
391 0.423798411557
392 0.424882294963
393 0.425966178368
394 0.427050061774
395 0.428133945179
396 0.429217828585
397 0.43030171199
398 0.431385595396
399 0.432469478801
400 0.433553362207
401 0.434637245612
402 0.435721129018
403 0.436805012423
404 0.437888895829
405 0.438972779234
406 0.44005666264
407 0.441140546045
408 0.442224429451
409 0.443308312857
410 0.444392196262
411 0.445476079668
412 0.446559963073
413 0.447643846479
414 0.448727729884
415 0.44981161329
416 0.450895496695
417 0.451979380101
418 0.453063263506
419 0.454147146912
420 0.455231030317
421 0.456314913723
422 0.457398797128
423 0.458482680534
424 0.459566563939
425 0.460650447345
426 0.46173433075
427 0.462818214156
428 0.463902097561
429 0.464985980967
430 0.466069864372
431 0.467153747778
432 0.468237631183
433 0.469321514589
434 0.470405397994
435 0.4714892814
436 0.472573164805
437 0.473657048211
438 0.474740931617
439 0.475824815022
440 0.476908698428
441 0.477992581833
442 0.479076465239
443 0.480160348644
444 0.48124423205
445 0.482328115455
446 0.483411998861
447 0.484495882266
448 0.485579765672
449 0.486663649077
450 0.487747532483
451 0.488831415888
452 0.489915299294
453 0.490999182699
454 0.492083066105
455 0.49316694951
456 0.494250832916
457 0.495334716321
458 0.496418599727
459 0.497502483132
460 0.498586366538
461 0.499670249943
462 0.500754133349
463 0.501838016754
464 0.50292190016
465 0.504005783565
466 0.505089666971
467 0.506173550376
468 0.507257433782
469 0.508341317188
470 0.509425200593
471 0.510509083999
472 0.511592967404
473 0.51267685081
474 0.513760734215
475 0.514844617621
476 0.515928501026
477 0.517012384432
478 0.518096267837
479 0.519180151243
480 0.520264034648
481 0.521347918054
482 0.522431801459
483 0.523515684865
484 0.52459956827
485 0.525683451676
486 0.526767335081
487 0.527851218487
488 0.528935101892
489 0.530018985298
490 0.531102868703
491 0.532186752109
492 0.533270635514
493 0.53435451892
494 0.535438402325
495 0.536522285731
496 0.537606169136
497 0.538690052542
498 0.539773935948
499 0.540857819353
500 0.541941702759
501 0.543025586164
502 0.54410946957
503 0.545193352975
504 0.546277236381
505 0.547361119786
506 0.548445003192
507 0.549528886597
508 0.550612770003
509 0.551696653408
510 0.552780536814
511 0.553864420219
512 0.554948303625
513 0.55603218703
514 0.557116070436
515 0.558199953841
516 0.559283837247
517 0.560367720652
518 0.561451604058
519 0.562535487463
520 0.563619370869
521 0.564703254274
522 0.56578713768
523 0.566871021085
524 0.567954904491
525 0.569038787896
526 0.570122671302
527 0.571206554708
528 0.572290438113
529 0.573374321519
530 0.574458204924
531 0.57554208833
532 0.576625971735
533 0.577709855141
534 0.578793738546
535 0.579877621952
536 0.580961505357
537 0.582045388763
538 0.583129272168
539 0.584213155574
540 0.585297038979
541 0.586380922385
542 0.58746480579
543 0.588548689196
544 0.589632572601
545 0.590716456007
546 0.591800339412
547 0.592884222818
548 0.593968106223
549 0.595051989629
550 0.596135873034
551 0.59721975644
552 0.598303639845
553 0.599387523251
554 0.600471406656
555 0.601555290062
556 0.602639173468
557 0.603723056873
558 0.604806940279
559 0.605890823684
560 0.60697470709
561 0.608058590495
562 0.609142473901
563 0.610226357306
564 0.611310240712
565 0.612394124117
566 0.613478007523
567 0.614561890928
568 0.615645774334
569 0.616729657739
570 0.617813541145
571 0.61889742455
572 0.619981307956
573 0.621065191361
574 0.622149074767
575 0.623232958172
576 0.624316841578
577 0.625400724983
578 0.626484608389
579 0.627568491794
580 0.6286523752
581 0.629736258605
582 0.630820142011
583 0.631904025416
584 0.632987908822
585 0.634071792228
586 0.635155675633
587 0.636239559039
588 0.637323442444
589 0.63840732585
590 0.639491209255
591 0.640575092661
592 0.641658976066
593 0.642742859472
594 0.643826742877
595 0.644910626283
596 0.645994509688
597 0.647078393094
598 0.648162276499
599 0.649246159905
600 0.65033004331
601 0.651413926716
602 0.652497810121
603 0.653581693527
604 0.654665576932
605 0.655749460338
606 0.656833343743
607 0.657917227149
608 0.659001110554
609 0.66008499396
610 0.661168877365
611 0.662252760771
612 0.663336644176
613 0.664420527582
614 0.665504410988
615 0.666588294393
616 0.667672177799
617 0.668756061204
618 0.66983994461
619 0.670923828015
620 0.672007711421
621 0.673091594826
622 0.674175478232
623 0.675259361637
624 0.676343245043
625 0.677427128448
626 0.678511011854
627 0.679594895259
628 0.680678778665
629 0.68176266207
630 0.682846545476
631 0.683930428881
632 0.685014312287
633 0.686098195692
634 0.687182079098
635 0.688265962503
636 0.689349845909
637 0.690433729314
638 0.69151761272
639 0.692601496125
640 0.693685379531
641 0.694769262936
642 0.695853146342
643 0.696937029748
644 0.698020913153
645 0.699104796559
646 0.700188679964
647 0.70127256337
648 0.702356446775
649 0.703440330181
650 0.704524213586
651 0.705608096992
652 0.706691980397
653 0.707775863803
654 0.708859747208
655 0.709943630614
656 0.711027514019
657 0.712111397425
658 0.71319528083
659 0.714279164236
660 0.715363047641
661 0.716446931047
662 0.717530814452
663 0.718614697858
664 0.719698581263
665 0.720782464669
666 0.721866348074
667 0.72295023148
668 0.724034114885
669 0.725117998291
670 0.726201881696
671 0.727285765102
672 0.728369648508
673 0.729453531913
674 0.730537415319
675 0.731621298724
676 0.73270518213
677 0.733789065535
678 0.734872948941
679 0.735956832346
680 0.737040715752
681 0.738124599157
682 0.739208482563
683 0.740292365968
684 0.741376249374
685 0.742460132779
686 0.743544016185
687 0.74462789959
688 0.745711782996
689 0.746795666401
690 0.747879549807
691 0.748963433212
692 0.750047316618
693 0.751131200023
694 0.752215083429
695 0.753298966834
696 0.75438285024
697 0.755466733645
698 0.756550617051
699 0.757634500456
700 0.758718383862
701 0.759802267268
702 0.760886150673
703 0.761970034079
704 0.763053917484
705 0.76413780089
706 0.765221684295
707 0.766305567701
708 0.767389451106
709 0.768473334512
710 0.769557217917
711 0.770641101323
712 0.771724984728
713 0.772808868134
714 0.773892751539
715 0.774976634945
716 0.77606051835
717 0.777144401756
718 0.778228285161
719 0.779312168567
720 0.780396051972
721 0.781479935378
722 0.782563818783
723 0.783647702189
724 0.784731585594
725 0.785815469
726 0.786899352405
727 0.787983235811
728 0.789067119216
729 0.790151002622
730 0.791234886028
731 0.792318769433
732 0.793402652839
733 0.794486536244
734 0.79557041965
735 0.796654303055
736 0.797738186461
737 0.798822069866
738 0.799905953272
739 0.800989836677
740 0.802073720083
741 0.803157603488
742 0.804241486894
743 0.805325370299
744 0.806409253705
745 0.80749313711
746 0.808577020516
747 0.809660903921
748 0.810744787327
749 0.811828670732
750 0.812912554138
751 0.813996437543
752 0.815080320949
753 0.816164204354
754 0.81724808776
755 0.818331971165
756 0.819415854571
757 0.820499737976
758 0.821583621382
759 0.822667504787
760 0.823751388193
761 0.824835271599
762 0.825919155004
763 0.82700303841
764 0.828086921815
765 0.829170805221
766 0.830254688626
767 0.831338572032
768 0.832422455437
769 0.833506338843
770 0.834590222248
771 0.835674105654
772 0.836757989059
773 0.837841872465
774 0.83892575587
775 0.840009639276
776 0.841093522681
777 0.842177406087
778 0.843261289492
779 0.844345172898
780 0.845429056303
781 0.846512939709
782 0.847596823114
783 0.84868070652
784 0.849764589925
785 0.850848473331
786 0.851932356736
787 0.853016240142
788 0.854100123547
789 0.855184006953
790 0.856267890359
791 0.857351773764
792 0.85843565717
793 0.859519540575
794 0.860603423981
795 0.861687307386
796 0.862771190792
797 0.863855074197
798 0.864938957603
799 0.866022841008
800 0.867106724414
801 0.868190607819
802 0.869274491225
803 0.87035837463
804 0.871442258036
805 0.872526141441
806 0.873610024847
807 0.874693908252
808 0.875777791658
809 0.876861675063
810 0.877945558469
811 0.879029441874
812 0.88011332528
813 0.881197208685
814 0.882281092091
815 0.883364975496
816 0.884448858902
817 0.885532742307
818 0.886616625713
819 0.887700509119
820 0.888784392524
821 0.88986827593
822 0.890952159335
823 0.892036042741
824 0.893119926146
825 0.894203809552
826 0.895287692957
827 0.896371576363
828 0.897455459768
829 0.898539343174
830 0.899623226579
831 0.900707109985
832 0.90179099339
833 0.902874876796
834 0.903958760201
835 0.905042643607
836 0.906126527012
837 0.907210410418
838 0.908294293823
839 0.909378177229
840 0.910462060634
841 0.91154594404
842 0.912629827445
843 0.913713710851
844 0.914797594256
845 0.915881477662
846 0.916965361067
847 0.918049244473
848 0.919133127879
849 0.920217011284
850 0.92130089469
851 0.922384778095
852 0.923468661501
853 0.924552544906
854 0.925636428312
855 0.926720311717
856 0.927804195123
857 0.928888078528
858 0.929971961934
859 0.931055845339
860 0.932139728745
861 0.93322361215
862 0.934307495556
863 0.935391378961
864 0.936475262367
865 0.937559145772
866 0.938643029178
867 0.939726912583
868 0.940810795989
869 0.941894679394
870 0.9429785628
871 0.944062446205
872 0.945146329611
873 0.946230213016
874 0.947314096422
875 0.948397979827
876 0.949481863233
877 0.950565746639
878 0.951649630044
879 0.95273351345
880 0.953817396855
881 0.954901280261
882 0.955985163666
883 0.957069047072
884 0.958152930477
885 0.959236813883
886 0.960320697288
887 0.961404580694
888 0.962488464099
889 0.963572347505
890 0.96465623091
891 0.965740114316
892 0.966823997721
893 0.967907881127
894 0.968991764532
895 0.970075647938
896 0.971159531343
897 0.972243414749
898 0.973327298154
899 0.97441118156
900 0.975495064965
901 0.976578948371
902 0.977662831776
903 0.978746715182
904 0.979830598587
905 0.980914481993
906 0.981998365399
907 0.983082248804
908 0.98416613221
909 0.985250015615
910 0.986333899021
911 0.987417782426
912 0.988501665832
913 0.989585549237
914 0.990669432643
915 0.991753316048
916 0.992837199454
917 0.993921082859
918 0.995004966265
919 0.99608884967
920 0.997172733076
921 0.998256616481
922 0.999340499887
923 1.00042438329
924 1.0015082667
925 1.0025921501
926 1.00367603351
927 1.00475991691
928 1.00584380032
929 1.00692768373
930 1.00801156713
931 1.00909545054
932 1.01017933394
933 1.01126321735
934 1.01234710075
935 1.01343098416
936 1.01451486756
937 1.01559875097
938 1.01668263438
939 1.01776651778
940 1.01885040119
941 1.01993428459
942 1.021018168
943 1.0221020514
944 1.02318593481
945 1.02426981821
946 1.02535370162
947 1.02643758502
948 1.02752146843
949 1.02860535184
950 1.02968923524
951 1.03077311865
952 1.03185700205
953 1.03294088546
954 1.03402476886
955 1.03510865227
956 1.03619253567
957 1.03727641908
958 1.03836030249
959 1.03944418589
960 1.0405280693
961 1.0416119527
962 1.04269583611
963 1.04377971951
964 1.04486360292
965 1.04594748632
966 1.04703136973
967 1.04811525314
968 1.04919913654
969 1.05028301995
970 1.05136690335
971 1.05245078676
972 1.05353467016
973 1.05461855357
974 1.05570243697
975 1.05678632038
976 1.05787020378
977 1.05895408719
978 1.0600379706
979 1.061121854
980 1.06220573741
981 1.06328962081
982 1.06437350422
983 1.06545738762
984 1.06654127103
985 1.06762515443
986 1.06870903784
987 1.06979292125
988 1.07087680465
989 1.07196068806
990 1.07304457146
991 1.07412845487
992 1.07521233827
993 1.07629622168
994 1.07738010508
995 1.07846398849
996 1.0795478719
997 1.0806317553
998 1.08171563871
999 1.08279952211
