10 0.00353350993087
11 0.00427554701635
12 0.00508825430045
13 0.00597163178317
14 0.00692567946451
15 0.00795039734446
16 0.00904578542303
17 0.0102118437002
18 0.011448572176
19 0.0127559708504
20 0.0141340397235
21 0.0155827787951
22 0.0171021880654
23 0.0186922675343
24 0.0203530172018
25 0.0220844370679
26 0.0238865271327
27 0.025759287396
28 0.027702717858
29 0.0297168185186
30 0.0318015893778
31 0.0339570304357
32 0.0361831416921
33 0.0384799231472
34 0.0408473748009
35 0.0432854966532
36 0.0457942887041
37 0.0483737509536
38 0.0510238834018
39 0.0537446860485
40 0.0565361588939
41 0.0593983019379
42 0.0623311151806
43 0.0653345986218
44 0.0684087522616
45 0.0715535761001
46 0.0747690701372
47 0.0780552343729
48 0.0814120688072
49 0.0848395734402
50 0.0883377482718
51 0.0919065933019
52 0.0955461085307
53 0.0992562939581
54 0.103037149584
55 0.106888675409
56 0.110810871432
57 0.114803737654
58 0.118867274074
59 0.123001480694
60 0.127206357511
61 0.131481904528
62 0.135828121743
63 0.140245009156
64 0.144732566768
65 0.149290794579
66 0.153919692589
67 0.158619260797
68 0.163389499203
69 0.168230407809
70 0.173141986613
71 0.178124235615
72 0.183177154816
73 0.188300744216
74 0.193495003814
75 0.198759933611
76 0.204095533607
77 0.209501803801
78 0.214978744194
79 0.220526354786
80 0.226144635576
81 0.231833586564
82 0.237593207752
83 0.243423499138
84 0.249324460722
85 0.255296092505
86 0.261338394487
87 0.267451366668
88 0.273635009047
89 0.279889321624
90 0.2862143044
91 0.292609957375
92 0.299076280549
93 0.305613273921
94 0.312220937492
95 0.318899271261
96 0.325648275229
97 0.332467949396
98 0.339358293761
99 0.346319308325
100 0.353350993087
101 0.360453348048
102 0.367626373208
103 0.374870068566
104 0.382184434123
105 0.389569469878
106 0.397025175833
107 0.404551551985
108 0.412148598337
109 0.419816314887
110 0.427554701635
111 0.435363758583
112 0.443243485728
113 0.451193883073
114 0.459214950616
115 0.467306688358
116 0.475469096298
117 0.483702174437
118 0.492005922774
119 0.500380341311
120 0.508825430045
121 0.517341188979
122 0.525927618111
123 0.534584717441
124 0.543312486971
125 0.552110926698
126 0.560980036625
127 0.56991981675
128 0.578930267074
129 0.588011387596
130 0.597163178317
131 0.606385639237
132 0.615678770355
133 0.625042571672
134 0.634477043187
135 0.643982184901
136 0.653557996814
137 0.663204478925
138 0.672921631235
139 0.682709453743
140 0.692567946451
141 0.702497109356
142 0.712496942461
143 0.722567445764
144 0.732708619265
145 0.742920462965
146 0.753202976864
147 0.763556160962
148 0.773980015258
149 0.784474539752
150 0.795039734446
151 0.805675599338
152 0.816382134428
153 0.827159339717
154 0.838007215205
155 0.848925760892
156 0.859914976777
157 0.87097486286
158 0.882105419142
159 0.893306645623
160 0.904578542303
161 0.915921109181
162 0.927334346258
163 0.938818253533
164 0.950372831007
165 0.961998078679
166 0.973693996551
167 0.98546058462
168 0.997297842889
169 1.00920577136
170 1.02118437002
171 1.03323363889
172 1.04535357795
173 1.05754418721
174 1.06980546667
175 1.08213741633
176 1.09454003619
177 1.10701332624
178 1.1195572865
179 1.13217191695
180 1.1448572176
181 1.15761318845
182 1.1704398295
183 1.18333714075
184 1.1963051222
185 1.20934377384
186 1.22245309568
187 1.23563308773
188 1.24888374997
189 1.26220508241
190 1.27559708504
191 1.28905975788
192 1.30259310092
193 1.31619711415
194 1.32987179758
195 1.34361715121
196 1.35743317504
197 1.37131986907
198 1.3852772333
199 1.39930526772
200 1.41340397235
201 1.42757334717
202 1.44181339219
203 1.45612410741
204 1.47050549283
205 1.48495754845
206 1.49948027426
207 1.51407367028
208 1.52873773649
209 1.5434724729
210 1.55827787951
211 1.57315395632
212 1.58810070333
213 1.60311812054
214 1.61820620794
215 1.63336496554
216 1.64859439335
217 1.66389449135
218 1.67926525955
219 1.69470669794
220 1.71021880654
221 1.72580158534
222 1.74145503433
223 1.75717915352
224 1.77297394291
225 1.7888394025
226 1.80477553229
227 1.82078233228
228 1.83685980246
229 1.85300794285
230 1.86922675343
231 1.88551623421
232 1.90187638519
233 1.91830720637
234 1.93480869775
235 1.95138085932
236 1.9680236911
237 1.98473719307
238 2.00152136524
239 2.01837620761
240 2.03530172018
241 2.05229790295
242 2.06936475591
243 2.08650227908
244 2.10371047244
245 2.120989336
246 2.13833886977
247 2.15575907372
248 2.17324994788
249 2.19081149224
250 2.20844370679
251 2.22614659155
252 2.2439201465
253 2.26176437165
254 2.279679267
255 2.29766483255
256 2.3157210683
257 2.33384797424
258 2.35204555038
259 2.37031379673
260 2.38865271327
261 2.40706230001
262 2.42554255695
263 2.44409348408
264 2.46271508142
265 2.48140734895
266 2.50017028669
267 2.51900389462
268 2.53790817275
269 2.55688312108
270 2.5759287396
271 2.59504502833
272 2.61423198726
273 2.63348961638
274 2.6528179157
275 2.67221688522
276 2.69168652494
277 2.71122683486
278 2.73083781497
279 2.75051946529
280 2.7702717858
281 2.79009477651
282 2.80998843743
283 2.82995276853
284 2.84998776984
285 2.87009344135
286 2.89026978305
287 2.91051679496
288 2.93083447706
289 2.95122282936
290 2.97168185186
291 2.99221154456
292 3.01281190746
293 3.03348294055
294 3.05422464385
295 3.07503701734
296 3.09592006103
297 3.11687377492
298 3.13789815901
299 3.1589932133
300 3.18015893778
301 3.20139533247
302 3.22270239735
303 3.24408013243
304 3.26552853771
305 3.28704761319
306 3.30863735887
307 3.33029777475
308 3.35202886082
309 3.37383061709
310 3.39570304357
311 3.41764614024
312 3.43965990711
313 3.46174434417
314 3.48389945144
315 3.50612522891
316 3.52842167657
317 3.55078879443
318 3.57322658249
319 3.59573504075
320 3.61831416921
321 3.64096396787
322 3.66368443672
323 3.68647557578
324 3.70933738503
325 3.73226986448
326 3.75527301413
327 3.77834683398
328 3.80149132403
329 3.82470648427
330 3.84799231472
331 3.87134881536
332 3.8947759862
333 3.91827382724
334 3.94184233848
335 3.96548151992
336 3.98919137156
337 4.01297189339
338 4.03682308542
339 4.06074494766
340 4.08473748009
341 4.10880068272
342 4.13293455554
343 4.15713909857
344 4.18141431179
345 4.20576019522
346 4.23017674884
347 4.25466397266
348 4.27922186668
349 4.3038504309
350 4.32854966532
351 4.35331956993
352 4.37816014475
353 4.40307138976
354 4.42805330497
355 4.45310589038
356 4.47822914599
357 4.50342307179
358 4.5286876678
359 4.554022934
360 4.57942887041
361 4.60490547701
362 4.63045275381
363 4.65607070081
364 4.68175931801
365 4.7075186054
366 4.733348563
367 4.75924919079
368 4.78522048878
369 4.81126245697
370 4.83737509536
371 4.86355840395
372 4.88981238274
373 4.91613703172
374 4.9425323509
375 4.96899834029
376 4.99553499987
377 5.02214232965
378 5.04882032962
379 5.0755689998
380 5.10238834018
381 5.12927835075
382 5.15623903152
383 5.18327038249
384 5.21037240366
385 5.23754509503
386 5.2647884566
387 5.29210248837
388 5.31948719033
389 5.34694256249
390 5.37446860485
391 5.40206531741
392 5.42973270017
393 5.45747075313
394 5.48527947629
395 5.51315886964
396 5.54110893319
397 5.56912966695
398 5.5972210709
399 5.62538314504
400 5.65361588939
401 5.68191930394
402 5.71029338868
403 5.73873814363
404 5.76725356877
405 5.79583966411
406 5.82449642965
407 5.85322386539
408 5.88202197132
409 5.91089074746
410 5.93983019379
411 5.96884031033
412 5.99792109706
413 6.02707255399
414 6.05629468111
415 6.08558747844
416 6.11495094597
417 6.14438508369
418 6.17388989161
419 6.20346536974
420 6.23311151806
421 6.26282833657
422 6.29261582529
423 6.32247398421
424 6.35240281332
425 6.38240231263
426 6.41247248215
427 6.44261332186
428 6.47282483177
429 6.50310701187
430 6.53345986218
431 6.56388338268
432 6.59437757339
433 6.62494243429
434 6.65557796539
435 6.68628416669
436 6.71706103819
437 6.74790857988
438 6.77882679178
439 6.80981567387
440 6.84087522616
441 6.87200544866
442 6.90320634135
443 6.93447790423
444 6.96582013732
445 6.99723304061
446 7.02871661409
447 7.06027085777
448 7.09189577165
449 7.12359135573
450 7.15535761001
451 7.18719453449
452 7.21910212917
453 7.25108039404
454 7.28312932911
455 7.31524893438
456 7.34743920985
457 7.37970015552
458 7.41203177139
459 7.44443405746
460 7.47690701372
461 7.50945064018
462 7.54206493685
463 7.57474990371
464 7.60750554077
465 7.64033184802
466 7.67322882548
467 7.70619647314
468 7.73923479099
469 7.77234377904
470 7.80552343729
471 7.83877376574
472 7.87209476439
473 7.90548643324
474 7.93894877228
475 7.97248178153
476 8.00608546097
477 8.03975981061
478 8.07350483045
479 8.10732052049
480 8.14120688072
481 8.17516391116
482 8.20919161179
483 8.24328998263
484 8.27745902366
485 8.31169873489
486 8.34600911632
487 8.38039016795
488 8.41484188977
489 8.4493642818
490 8.48395734402
491 8.51862107644
492 8.55335547906
493 8.58816055188
494 8.6230362949
495 8.65798270811
496 8.69299979153
497 8.72808754514
498 8.76324596896
499 8.79847506297
500 8.83377482718
501 8.86914526158
502 8.90458636619
503 8.940098141
504 8.975680586
505 9.0113337012
506 9.0470574866
507 9.0828519422
508 9.118717068
509 9.154652864
510 9.19065933019
511 9.22673646659
512 9.26288427318
513 9.29910274997
514 9.33539189696
515 9.37175171415
516 9.40818220154
517 9.44468335912
518 9.48125518691
519 9.51789768489
520 9.55461085307
521 9.59139469145
522 9.62824920003
523 9.66517437881
524 9.70217022779
525 9.73923674696
526 9.77637393633
527 9.81358179591
528 9.85086032568
529 9.88820952565
530 9.92562939581
531 9.96311993618
532 10.0006811467
533 10.0383130275
534 10.0760155785
535 10.1137887996
536 10.151632691
537 10.1895472526
538 10.2275324843
539 10.2655883863
540 10.3037149584
541 10.3419122008
542 10.3801801133
543 10.4185186961
544 10.456927949
545 10.4954078722
546 10.5339584655
547 10.5725797291
548 10.6112716628
549 10.6500342667
550 10.6888675409
551 10.7277714852
552 10.7667460998
553 10.8057913845
554 10.8449073394
555 10.8840939646
556 10.9233512599
557 10.9626792254
558 11.0020778612
559 11.0415471671
560 11.0810871432
561 11.1206977895
562 11.1603791061
563 11.2001310928
564 11.2399537497
565 11.2798470768
566 11.3198110741
567 11.3598457417
568 11.3999510794
569 11.4401270873
570 11.4803737654
571 11.5206911137
572 11.5610791322
573 11.6015378209
574 11.6420671798
575 11.6826672089
576 11.7233379082
577 11.7640792777
578 11.8048913174
579 11.8457740273
580 11.8867274074
581 11.9277514577
582 11.9688461782
583 12.0100115689
584 12.0512476298
585 12.0925543609
586 12.1339317622
587 12.1753798337
588 12.2168985754
589 12.2584879873
590 12.3001480694
591 12.3418788216
592 12.3836802441
593 12.4255523368
594 12.4674950997
595 12.5095085328
596 12.551592636
597 12.5937474095
598 12.6359728532
599 12.6782689671
600 12.7206357511
601 12.7630732054
602 12.8055813299
603 12.8481601245
604 12.8908095894
605 12.9335297245
606 12.9763205297
607 13.0191820052
608 13.0621141509
609 13.1051169667
610 13.1481904528
611 13.191334609
612 13.2345494355
613 13.2778349321
614 13.321191099
615 13.364617936
616 13.4081154433
617 13.4516836207
618 13.4953224684
619 13.5390319862
620 13.5828121743
621 13.6266630325
622 13.6705845609
623 13.7145767596
624 13.7586396284
625 13.8027731675
626 13.8469773767
627 13.8912522561
628 13.9355978058
629 13.9800140256
630 14.0245009156
631 14.0690584759
632 14.1136867063
633 14.1583856069
634 14.2031551777
635 14.2479954188
636 14.29290633
637 14.3378879114
638 14.382940163
639 14.4280630848
640 14.4732566768
641 14.5185209391
642 14.5638558715
643 14.6092614741
644 14.6547377469
645 14.7002846899
646 14.7459023031
647 14.7915905865
648 14.8373495401
649 14.8831791639
650 14.9290794579
651 14.9750504221
652 15.0210920565
653 15.0672043611
654 15.1133873359
655 15.1596409809
656 15.2059652961
657 15.2523602815
658 15.2988259371
659 15.3453622629
660 15.3919692589
661 15.4386469251
662 15.4853952614
663 15.532214268
664 15.5791039448
665 15.6260642918
666 15.673095309
667 15.7201969963
668 15.7673693539
669 15.8146123817
670 15.8619260797
671 15.9093104478
672 15.9567654862
673 16.0042911948
674 16.0518875736
675 16.0995546225
676 16.1472923417
677 16.1951007311
678 16.2429797906
679 16.2909295204
680 16.3389499203
681 16.3870409905
682 16.4352027309
683 16.4834351414
684 16.5317382222
685 16.5801119731
686 16.6285563943
687 16.6770714856
688 16.7256572472
689 16.7743136789
690 16.8230407809
691 16.871838553
692 16.9207069954
693 16.9696461079
694 17.0186558906
695 17.0677363436
696 17.1168874667
697 17.1661092601
698 17.2154017236
699 17.2647648573
700 17.3141986613
701 17.3637031354
702 17.4132782797
703 17.4629240943
704 17.512640579
705 17.5624277339
706 17.612285559
707 17.6622140544
708 17.7122132199
709 17.7622830556
710 17.8124235615
711 17.8626347376
712 17.912916584
713 17.9632691005
714 18.0136922872
715 18.0641861441
716 18.1147506712
717 18.1653858685
718 18.216091736
719 18.2668682737
720 18.3177154816
721 18.3686333597
722 18.419621908
723 18.4706811265
724 18.5218110152
725 18.5730115741
726 18.6242828032
727 18.6756247025
728 18.727037272
729 18.7785205117
730 18.8300744216
731 18.8816990017
732 18.933394252
733 18.9851601725
734 19.0369967632
735 19.088904024
736 19.1408819551
737 19.1929305564
738 19.2450498279
739 19.2972397696
740 19.3495003814
741 19.4018316635
742 19.4542336158
743 19.5067062383
744 19.5592495309
745 19.6118634938
746 19.6645481269
747 19.7173034301
748 19.7701294036
749 19.8230260473
750 19.8759933611
751 19.9290313452
752 19.9821399995
753 20.0353193239
754 20.0885693186
755 20.1418899834
756 20.1952813185
757 20.2487433238
758 20.3022759992
759 20.3558793449
760 20.4095533607
761 20.4632980468
762 20.517113403
763 20.5709994294
764 20.6249561261
765 20.6789834929
766 20.73308153
767 20.7872502372
768 20.8414896147
769 20.8957996623
770 20.9501803801
771 21.0046317682
772 21.0591538264
773 21.1137465548
774 21.1684099535
775 21.2231440223
776 21.2779487613
777 21.3328241705
778 21.38777025
779 21.4427869996
780 21.4978744194
781 21.5530325094
782 21.6082612697
783 21.6635607001
784 21.7189308007
785 21.7743715715
786 21.8298830125
787 21.8854651237
788 21.9411179051
789 21.9968413568
790 22.0526354786
791 22.1085002706
792 22.1644357328
793 22.2204418652
794 22.2765186678
795 22.3326661406
796 22.3888842836
797 22.4451730968
798 22.5015325802
799 22.5579627338
800 22.6144635576
801 22.6710350516
802 22.7276772158
803 22.7843900501
804 22.8411735547
805 22.8980277295
806 22.9549525745
807 23.0119480897
808 23.0690142751
809 23.1261511307
810 23.1833586564
811 23.2406368524
812 23.2979857186
813 23.355405255
814 23.4128954615
815 23.4704563383
816 23.5280878853
817 23.5857901025
818 23.6435629898
819 23.7014065474
820 23.7593207752
821 23.8173056731
822 23.8753612413
823 23.9334874797
824 23.9916843882
825 24.049951967
826 24.1082902159
827 24.1666991351
828 24.2251787245
829 24.283728984
830 24.3423499138
831 24.4010415137
832 24.4598037839
833 24.5186367242
834 24.5775403348
835 24.6365146155
836 24.6955595665
837 24.7546751876
838 24.8138614789
839 24.8731184405
840 24.9324460722
841 24.9918443742
842 25.0513133463
843 25.1108529886
844 25.1704633012
845 25.2301442839
846 25.2898959368
847 25.34971826
848 25.4096112533
849 25.4695749168
850 25.5296092505
851 25.5897142545
852 25.6498899286
853 25.7101362729
854 25.7704532874
855 25.8308409721
856 25.8912993271
857 25.9518283522
858 26.0124280475
859 26.073098413
860 26.1338394487
861 26.1946511546
862 26.2555335307
863 26.316486577
864 26.3775102935
865 26.4386046803
866 26.4997697372
867 26.5610054643
868 26.6223118616
869 26.6836889291
870 26.7451366668
871 26.8066550747
872 26.8682441527
873 26.929903901
874 26.9916343195
875 27.0534354082
876 27.1153071671
877 27.1772495962
878 27.2392626955
879 27.301346465
880 27.3635009047
881 27.4257260145
882 27.4880217946
883 27.5503882449
884 27.6128253654
885 27.6753331561
886 27.7379116169
887 27.800560748
888 27.8632805493
889 27.9260710208
890 27.9889321624
891 28.0518639743
892 28.1148664564
893 28.1779396086
894 28.2410834311
895 28.3042979238
896 28.3675830866
897 28.4309389197
898 28.4943654229
899 28.5578625964
900 28.62143044
901 28.6850689539
902 28.748778138
903 28.8125579922
904 28.8764085167
905 28.9403297113
906 29.0043215762
907 29.0683841112
908 29.1325173164
909 29.1967211919
910 29.2609957375
911 29.3253409534
912 29.3897568394
913 29.4542433957
914 29.5188006221
915 29.5834285187
916 29.6481270856
917 29.7128963226
918 29.7777362298
919 29.8426468073
920 29.9076280549
921 29.9726799727
922 30.0378025607
923 30.102995819
924 30.1682597474
925 30.233594346
926 30.2989996148
927 30.3644755538
928 30.4300221631
929 30.4956394425
930 30.5613273921
931 30.6270860119
932 30.6929153019
933 30.7588152621
934 30.8247858925
935 30.8908271932
936 30.956939164
937 31.023121805
938 31.0893751162
939 31.1556990976
940 31.2220937492
941 31.288559071
942 31.355095063
943 31.4217017252
944 31.4883790576
945 31.5551270602
946 31.6219457329
947 31.6888350759
948 31.7557950891
949 31.8228257725
950 31.8899271261
951 31.9570991499
952 32.0243418439
953 32.0916552081
954 32.1590392424
955 32.226493947
956 32.2940193218
957 32.3616153668
958 32.429282082
959 32.4970194673
960 32.5648275229
961 32.6327062487
962 32.7006556446
963 32.7686757108
964 32.8367664472
965 32.9049278537
966 32.9731599305
967 33.0414626775
968 33.1098360946
969 33.178280182
970 33.2467949396
971 33.3153803673
972 33.3840364653
973 33.4527632334
974 33.5215606718
975 33.5904287803
976 33.6593675591
977 33.728377008
978 33.7974571272
979 33.8666079165
980 33.9358293761
981 34.0051215058
982 34.0744843058
983 34.1439177759
984 34.2134219162
985 34.2829967268
986 34.3526422075
987 34.4223583585
988 34.4921451796
989 34.5620026709
990 34.6319308325
991 34.7019296642
992 34.7719991661
993 34.8421393382
994 34.9123501806
995 34.9826316931
996 35.0529838758
997 35.1234067287
998 35.1939002519
999 35.2644644452
