1 3.33584063607e-05
2 0.000133433625443
3 0.000300225657246
4 0.000533734501771
5 0.000833960159017
6 0.00120090262898
7 0.00163456191167
8 0.00213493800708
9 0.00270203091521
10 0.00333584063607
11 0.00403636716964
12 0.00480361051594
13 0.00563757067495
14 0.00653824764669
15 0.00750564143115
16 0.00853975202833
17 0.00964057943823
18 0.0108081236609
19 0.0120423846962
20 0.0133433625443
21 0.0147110572051
22 0.0161454686786
23 0.0176465969648
24 0.0192144420637
25 0.0208490039754
26 0.0225502826998
27 0.0243182782369
28 0.0261529905868
29 0.0280544197493
30 0.0300225657246
31 0.0320574285126
32 0.0341590081133
33 0.0363273045268
34 0.0385623177529
35 0.0408640477918
36 0.0432324946434
37 0.0456676583078
38 0.0481695387848
39 0.0507381360746
40 0.0533734501771
41 0.0560754810923
42 0.0588442288202
43 0.0616796933609
44 0.0645818747143
45 0.0675507728804
46 0.0705863878592
47 0.0736887196507
48 0.076857768255
49 0.080093533672
50 0.0833960159017
51 0.0867652149441
52 0.0902011307992
53 0.0937037634671
54 0.0972731129477
55 0.100909179241
56 0.104611962347
57 0.108381462266
58 0.112217678997
59 0.116120612541
60 0.120090262898
61 0.124126630068
62 0.12822971405
63 0.132399514845
64 0.136636032453
65 0.140939266874
66 0.145309218107
67 0.149745886153
68 0.154249271012
69 0.158819372683
70 0.163456191167
71 0.168159726464
72 0.172929978574
73 0.177766947496
74 0.182670633231
75 0.187641035779
76 0.192678155139
77 0.197781991312
78 0.202952544298
79 0.208189814097
80 0.213493800708
81 0.218864504132
82 0.224301924369
83 0.229806061419
84 0.235376915281
85 0.241014485956
86 0.246718773443
87 0.252489777744
88 0.258327498857
89 0.264231936783
90 0.270203091521
91 0.276240963073
92 0.282345551437
93 0.288516856613
94 0.294754878603
95 0.301059617405
96 0.30743107302
97 0.313869245448
98 0.320374134688
99 0.326945740741
100 0.333584063607
101 0.340289103285
102 0.347060859776
103 0.35389933308
104 0.360804523197
105 0.367776430126
106 0.374815053868
107 0.381920394423
108 0.389092451791
109 0.396331225971
110 0.403636716964
111 0.41100892477
112 0.418447849388
113 0.425953490819
114 0.433525849063
115 0.44116492412
116 0.448870715989
117 0.456643224671
118 0.464482450166
119 0.472388392473
120 0.480361051594
121 0.488400427527
122 0.496506520272
123 0.504679329831
124 0.512918856202
125 0.521225099385
126 0.529598059382
127 0.538037736191
128 0.546544129813
129 0.555117240248
130 0.563757067495
131 0.572463611555
132 0.581236872428
133 0.590076850114
134 0.598983544612
135 0.607956955923
136 0.616997084047
137 0.626103928983
138 0.635277490733
139 0.644517769294
140 0.653824764669
141 0.663198476856
142 0.672638905857
143 0.682146051669
144 0.691719914295
145 0.701360493733
146 0.711067789984
147 0.720841803048
148 0.730682532924
149 0.740589979613
150 0.750564143115
151 0.76060502343
152 0.770712620557
153 0.780886934497
154 0.79112796525
155 0.801435712815
156 0.811810177193
157 0.822251358384
158 0.832759256388
159 0.843333871204
160 0.853975202833
161 0.864683251275
162 0.875458016529
163 0.886299498597
164 0.897207697477
165 0.908182613169
166 0.919224245675
167 0.930332594993
168 0.941507661123
169 0.952749444067
170 0.964057943823
171 0.975433160392
172 0.986875093774
173 0.998383743968
174 1.00995911098
175 1.0216011948
176 1.03330999543
177 1.04508551287
178 1.05692774713
179 1.0688366982
180 1.08081236609
181 1.09285475078
182 1.10496385229
183 1.11713967061
184 1.12938220575
185 1.14169145769
186 1.15406742645
187 1.16651011203
188 1.17901951441
189 1.19159563361
190 1.20423846962
191 1.21694802244
192 1.22972429208
193 1.24256727853
194 1.25547698179
195 1.26845340186
196 1.28149653875
197 1.29460639245
198 1.30778296296
199 1.32102625029
200 1.33433625443
201 1.34771297538
202 1.36115641314
203 1.37466656772
204 1.38824343911
205 1.40188702731
206 1.41559733232
207 1.42937435415
208 1.44321809279
209 1.45712854824
210 1.47110572051
211 1.48514960958
212 1.49926021547
213 1.51343753818
214 1.52768157769
215 1.54199233402
216 1.55636980716
217 1.57081399712
218 1.58532490388
219 1.59990252746
220 1.61454686786
221 1.62925792506
222 1.64403569908
223 1.65888018991
224 1.67379139755
225 1.68876932201
226 1.70381396328
227 1.71892532136
228 1.73410339625
229 1.74934818796
230 1.76465969648
231 1.78003792181
232 1.79548286396
233 1.81099452291
234 1.82657289868
235 1.84221799127
236 1.85792980066
237 1.87370832687
238 1.88955356989
239 1.90546552973
240 1.92144420637
241 1.93748959983
242 1.95360171011
243 1.96978053719
244 1.98602608109
245 2.0023383418
246 2.01871731932
247 2.03516301366
248 2.05167542481
249 2.06825455277
250 2.08490039754
251 2.10161295913
252 2.11839223753
253 2.13523823274
254 2.15215094476
255 2.1691303736
256 2.18617651925
257 2.20328938172
258 2.22046896099
259 2.23771525708
260 2.25502826998
261 2.2724079997
262 2.28985444622
263 2.30736760956
264 2.32494748971
265 2.34259408668
266 2.36030740046
267 2.37808743105
268 2.39593417845
269 2.41384764266
270 2.43182782369
271 2.44987472153
272 2.46798833619
273 2.48616866765
274 2.50441571593
275 2.52272948103
276 2.54110996293
277 2.55955716165
278 2.57807107718
279 2.59665170952
280 2.61529905868
281 2.63401312464
282 2.65279390743
283 2.67164140702
284 2.69055562343
285 2.70953655665
286 2.72858420668
287 2.74769857352
288 2.76687965718
289 2.78612745765
290 2.80544197493
291 2.82482320903
292 2.84427115994
293 2.86378582766
294 2.88336721219
295 2.90301531354
296 2.9227301317
297 2.94251166667
298 2.96235991845
299 2.98227488705
