50 0.999999999986 0.172413759363
51 0.999999999963 0.189779148511
52 0.999999999908 0.207277611449
53 0.999999999783 0.225137192842
54 0.999999999508 0.242913268412
55 0.999999998936 0.260787687244
56 0.999999997789 0.278737684467
57 0.999999995578 0.296439551565
58 0.999999991465 0.314043834872
59 0.999999984063 0.331404240451
60 0.999999971149 0.348562305846
61 0.99999994926 0.36539058146
62 0.999999913152 0.381970437302
63 0.999999855074 0.397975855513
64 0.999999763848 0.413962482768
65 0.999999623708 0.4293986906
66 0.999999412874 0.444423308749
67 0.999999101845 0.459208825214
68 0.99999865139 0.473434609717
69 0.999998010235 0.487559890037
70 0.99999711245 0.500993760961
71 0.999995874543 0.513941809698
72 0.999994192307 0.526932124637
73 0.999991937438 0.539053391832
74 0.999988953981 0.5511476814
75 0.999985054661 0.562576350358
76 0.999980017169 0.573923559447
77 0.999973580459 0.584818003396
78 0.999965441147 0.595324540726
79 0.999955250074 0.605482212727
80 0.999942609111 0.615335152776
81 0.99992706828 0.624828319708
82 0.999908123242 0.634045753736
83 0.999885213229 0.642935364889
84 0.999857719451 0.651515789704
85 0.999824964025 0.659844606111
86 0.999786209457 0.667872252874
87 0.999740658691 0.675622688898
88 0.999687455739 0.683121943371
89 0.999625686874 0.690397996411
90 0.999554382404 0.697403293678
91 0.999472518971 0.704167118959
92 0.999379022371 0.71072052235
93 0.999272770852 0.717056433567
94 0.99915259884 0.723167972364
95 0.999017301065 0.729088902715
96 0.99886563701 0.734813707301
97 0.99869633566 0.740337021128
98 0.998508100476 0.745695002777
99 0.998299614547 0.750883473265
100 0.998069545864 0.755898365471
101 0.997816552674 0.760735729441
102 0.997539288843 0.765434195355
103 0.997236409205 0.769990814137
104 0.996906574826 0.774359758252
105 0.996548458169 0.778623909243
106 0.996160748104 0.78273784704
107 0.995742154729 0.786742587484
108 0.995291413993 0.79059238
109 0.994807292066 0.794372877519
110 0.994288589461 0.7979943728
111 0.993734144877 0.801498988653
112 0.993142838749 0.804929691452
113 0.992513596506 0.808240567328
114 0.991845391512 0.811430019292
115 0.991137247712 0.814541686388
116 0.990388241951 0.817574578618
117 0.989597506 0.820482214743
118 0.988764228271 0.823354518534
119 0.987887655235 0.826099393825
120 0.986967092551 0.82876147128
121 0.986001905924 0.831386008568
122 0.984991521679 0.833926335642
123 0.983935427098 0.836381630714
124 0.982833170502 0.83875109787
125 0.981684361111 0.841080621319
126 0.980488668686 0.843323050536
127 0.979245822972 0.845524555441
128 0.977955612963 0.847637764511
129 0.976617885985 0.849709120057
130 0.975232546636 0.851738289728
131 0.973799555577 0.85367759222
132 0.972318928201 0.855621310264
133 0.970790733185 0.857474319687
134 0.96921509095 0.859283675989
135 0.967592172025 0.861049086121
136 0.965922195346 0.862722406827
137 0.964205426487 0.864398979382
138 0.962442175838 0.86603076967
139 0.960632796751 0.867617511954
140 0.958777683646 0.869158947505
141 0.9568772701 0.870654824675
142 0.954932026919 0.872153276344
143 0.952942460213 0.873557388348
144 0.950909109461 0.874963760884
145 0.948832545596 0.876323786181
146 0.946713369103 0.877637241202
147 0.944552208128 0.878952664861
148 0.942349716627 0.880221232498
149 0.940106572536 0.881442735655
150 0.937823475978 0.88266593392
151 0.935501147507 0.883841801195
152 0.933140326396 0.884970143892
153 0.930741768962 0.88609992707
154 0.928306246945 0.887181938835
155 0.925834545932 0.888265271838
156 0.923327463823 0.889300596433
157 0.920785809362 0.890337127758
158 0.918210400708 0.89132542364
159 0.915602064061 0.892314816555
160 0.912961632344 0.893255757059
161 0.910289943937 0.894197689779
162 0.90758784146 0.895140615761
163 0.904856170615 0.896034831232
164 0.902095779074 0.89688018828
165 0.899307515425 0.897776141525
166 0.896492228164 0.898573295763
167 0.893650764743 0.899421047705
168 0.890783970663 0.900219662489
169 0.887892688614 0.901018986381
170 0.884977757673 0.901768997102
171 0.882040012536 0.902519632134
172 0.8790802828 0.903270891997
173 0.876099392294 0.903972632064
174 0.873098158447 0.904725101408
175 0.870077391695 0.905377748141
176 0.867037894938 0.906081124999
177 0.863980463025 0.906734749935
178 0.860905882287 0.907388846379
179 0.857814930093 0.908043414673
180 0.854708374454 0.908698455157
181 0.851586973655 0.909303527309
182 0.848451475915 0.909909002359
183 0.845302619081 0.910514880574
184 0.842141130358 0.911070623338
185 0.838967726055 0.911626705304
186 0.835783111366 0.912233727281
187 0.832587980174 0.912739887678
188 0.829383014884 0.913296988499
189 0.826168886266 0.913854429352
190 0.82294625334 0.914361489008
191 0.819715763265 0.914868830011
192 0.816478051254 0.915376452516
193 0.81323374051 0.91588435668
194 0.809983442179 0.916341711374
195 0.806727755315 0.916850151119
196 0.803467266867 0.917307988091
197 0.800202551677 0.917766053688
198 0.796934172493 0.918224348024
199 0.793662679999 0.918682871213
200 0.790388612849 0.919090639597
201 0.787112497719 0.919549595377
202 0.783834849371 0.919957748467
203 0.780556170718 0.92036608272
204 0.777276952913 0.920774598218
205 0.773997675429 0.92118329504
206 0.770718806163 0.921592173267
207 0.767440801538 0.92200123298
208 0.764164106613 0.922359309167
209 0.760889155204 0.922717524419
210 0.757616370005 0.923127083632
211 0.754346162717 0.923485597064
212 0.751078934182 0.923844249731
213 0.747815074521 0.924203041687
214 0.744554963274 0.924561972987
215 0.741298969546 0.924869739333
216 0.738047452155 0.925228929557
217 0.734800759784 0.925536917919
218 0.73155923113 0.925896367255
219 0.728323195063 0.926204577792
220 0.725092970783 0.926512890926
221 0.721868867974 0.926872719298
222 0.718651186968 0.927181254842
223 0.715440218903 0.92748989309
224 0.712236245881 0.92774717011
225 0.709039541136 0.928055996738
226 0.705850369187 0.928364926169
227 0.702668986008 0.928673958435
228 0.699495639181 0.928931563904
229 0.696330568061 0.929189240829
230 0.693174003938 0.929498547492
231 0.69002617019 0.929756381694
232 0.686887282448 0.930014287416
233 0.683757548749 0.930323868719
234 0.680637169698 0.930581931857
235 0.677526338615 0.930840066579
236 0.674425241698 0.931098272906
237 0.671334058169 0.931356550856
238 0.668252960428 0.931563224799
239 0.665182114202 0.931821631723
240 0.662121678692 0.932080110327
241 0.659071806721 0.932286944832
242 0.656032644876 0.932545552509
243 0.653004333653 0.9327524903
244 0.649987007595 0.933011227115
245 0.646980795434 0.933218268241
246 0.643985820224 0.933477134258
247 0.641002199479 0.933684278772
248 0.638030045304 0.933891469253
249 0.635069464528 0.934098705711
250 0.632120558829 0.934357815953
251 0.629183424863 0.934565155896
252 0.626258154392 0.934772541849
253 0.623344834397 0.934979973822
254 0.62044354721 0.935187451826
255 0.617554370623 0.935343090543
256 0.614677378009 0.935550649124
257 0.611812638437 0.935758253764
258 0.608960216779 0.935965904473
259 0.606120173825 0.936173601261
260 0.60329256639 0.936329404098
261 0.600477447416 0.936537181549
262 0.597674866081 0.936693044894
263 0.594884867898 0.936900903039
264 0.592107494816 0.937056826917
265 0.589342785316 0.937264765788
266 0.586590774509 0.937420750221
267 0.583851494226 0.937628769849
268 0.581124973117 0.937784814862
269 0.578411236733 0.937940885845
270 0.575710307619 0.938149020894
271 0.573022205398 0.93830515249
272 0.570346946858 0.93846131007
273 0.567684546032 0.938617493639
274 0.565035014278 0.938825778831
275 0.562398360361 0.938982023057
276 0.559774590528 0.939138293286
277 0.557163708585 0.939294589521
278 0.554565715968 0.939450911769
279 0.551980611819 0.939607260032
280 0.549408393053 0.939763634316
281 0.546849054429 0.939920034624
282 0.544302588616 0.940076460962
283 0.541768986259 0.940180759649
284 0.539248236045 0.940337229377
285 0.536740324762 0.940493725146
286 0.534245237363 0.94065024696
287 0.531762957025 0.940806794823
288 0.529293465206 0.940911174539
289 0.526836741703 0.941067765827
290 0.52439276471 0.941224383175
291 0.521961510866 0.941328809222
292 0.519542955312 0.941485470014
293 0.517137071744 0.941642156879
294 0.514743832459 0.941746629276
295 0.512363208405 0.941903359605
296 0.509995169233 0.942007860981
297 0.507639683338 0.942164634785
298 0.505296717905 0.942269165149
299 0.502966238959 0.942425982441
300 0.500648211401 0.942530541801
301 0.498342599052 0.942687402592
302 0.496049364698 0.942791990956
303 0.493768470123 0.942896590924
304 0.491499876155 0.943053512635
305 0.489243542698 0.943158141617
306 0.48699942877 0.943262782208
307 0.484767492543 0.943419764863
308 0.482547691373 0.94352443448
309 0.480339981834 0.94362911571
310 0.478144319756 0.943733808554
311 0.475960660252 0.943890869599
312 0.473788957751 0.943995591483
313 0.47162916603 0.944100324987
314 0.469481238241 0.94420507011
315 0.467345126943 0.944309826855
316 0.465220784125 0.944414595221
317 0.463108161238 0.944571769567
318 0.461007209222 0.944676566995
319 0.458917878527 0.944781376051
320 0.456840119141 0.944886196735
321 0.454773880615 0.944991029048
322 0.452719112086 0.945095872992
323 0.450675762298 0.945200728569
324 0.448643779627 0.945305595778
325 0.446623112103 0.945410474623
326 0.444613707429 0.945515365103
327 0.442615513001 0.945620267221
328 0.44062847593 0.945725180977
329 0.438652543063 0.945830106373
330 0.436687660995 0.945935043411
331 0.434733776095 0.945987516295
332 0.432790834518 0.946113463094
333 0.430858782225 0.946207934198
334 0.428937564999 0.94630766393
335 0.427027128461 0.946402154424
336 0.425127418085 0.946501904627
337 0.423238379214 0.946596414517
338 0.421359957075 0.946690933844
339 0.419492096793 0.946785462609
340 0.417634743402 0.946874748442
341 0.415787841865 0.946969295561
342 0.41395133708 0.947063852121
343 0.412125173895 0.947153164208
344 0.410309297123 0.947242484717
345 0.40850365155 0.94733181365
346 0.406708181948 0.947421151007
347 0.404922833086 0.947510496789
348 0.40314754974 0.947599850996
349 0.401382276705 0.94768921363
350 0.399626958802 0.947773327337
351 0.39788154089 0.94786270633
352 0.396145967878 0.947946835435
353 0.394420184726 0.948030972008
354 0.392704136462 0.948115116048
355 0.390997768185 0.948199267556
356 0.389301025077 0.948283426533
357 0.387613852409 0.94836759298
358 0.385936195547 0.948451766898
359 0.384267999961 0.94853068673
360 0.382609211234 0.948614875123
361 0.380959775066 0.948693808528
362 0.379319637279 0.948778011399
363 0.37768874383 0.948856958378
364 0.37606704081 0.948935911926
365 0.374454474453 0.949014872044
366 0.372850991142 0.949093838732
367 0.371256537412 0.949172811991
368 0.36967105996 0.949251791821
369 0.368094505644 0.949325512259
370 0.366526821492 0.949404504795
371 0.364967954707 0.949478237092
372 0.363417852667 0.949557242337
373 0.361876462934 0.949630986496
374 0.360343733255 0.949704736382
375 0.35881961157 0.949778491996
376 0.357304046009 0.949852253338
377 0.355796984902 0.949926020408
378 0.354298376779 0.949999793207
379 0.352808170375 0.950073571735
380 0.351326314631 0.950147355994
381 0.3498527587 0.950221145982
382 0.348387451946 0.950289670388
383 0.346930343951 0.950363471429
384 0.345481384514 0.950432006099
385 0.344040523656 0.950500545711
386 0.34260771162 0.950574363129
387 0.341182898875 0.950642913007
388 0.339766036118 0.950711467828
389 0.338357074274 0.950780027594
390 0.336955964502 0.950848592303
391 0.33556265819 0.950917161957
392 0.334177106964 0.950985736556
393 0.332799262686 0.9510543161
394 0.331429077453 0.951117624684
395 0.330066503605 0.951186213739
396 0.32871149372 0.951249531103
397 0.327364000616 0.95131812967
398 0.326023977357 0.951381455815
399 0.324691377247 0.951450063896
400 0.323366153838 0.951513398824
401 0.322048260925 0.951576737967
402 0.320737652549 0.951645360131
403 0.319434282999 0.951708708059
404 0.31813810681 0.951772060204
405 0.316849078766 0.951835416565
406 0.315567153898 0.951898777145
407 0.314292287488 0.951962141942
408 0.313024435064 0.952020230044
409 0.311763552406 0.952083602926
410 0.310509595542 0.952146980026
411 0.309262520751 0.952205079408
412 0.308022284561 0.952268464594
413 0.30678884375 0.952331854
414 0.305562155346 0.952389964662
415 0.304342176627 0.95244807887
416 0.30312886512 0.952511480233
417 0.301922178604 0.952569601856
418 0.300722075105 0.952627727025
419 0.299528512898 0.952685855741
420 0.298341450509 0.952749272932
421 0.297160846712 0.952807409064
422 0.295986660527 0.952865548745
423 0.294818851224 0.952923691973
424 0.293657378321 0.952981838748
425 0.292502201582 0.953034702532
426 0.291353281016 0.953092856082
427 0.29021057688 0.95315101318
428 0.289074049675 0.953209173827
429 0.287943660149 0.953267338023
430 0.286819369291 0.953320217644
431 0.285701138335 0.953378388615
432 0.284588928758 0.953431274397
433 0.283482702279 0.953489452145
434 0.282382420858 0.953542344088
435 0.281288046695 0.953600528613
436 0.28019954223 0.953653426717
437 0.279116870144 0.953706327756
438 0.278039993353 0.953759231729
439 0.276968875013 0.953817429489
440 0.275903478514 0.953870339625
441 0.274843767483 0.953923252696
442 0.273789705781 0.953976168702
443 0.272741257504 0.954029087644
444 0.27169838698 0.954082009521
445 0.270661058767 0.954134934334
446 0.269629237656 0.954187862082
447 0.268602888668 0.954240792767
448 0.267581977052 0.954288432893
449 0.266566468285 0.954341369157
450 0.26555632807 0.954394308357
451 0.264551522338 0.954447250494
452 0.263552017242 0.954494900928
453 0.26255777916 0.954547848644
454 0.261568774693 0.954600799298
455 0.260584970664 0.954648457398
456 0.259606334114 0.954701413633
457 0.258632832306 0.954749076756
458 0.25766443272 0.954796742258
459 0.256701103053 0.954849706719
460 0.255742811218 0.954897377245
461 0.254789525345 0.954945050151
462 0.253841213774 0.954998022839
463 0.25289784506 0.95504570077
464 0.25195938797 0.955093381081
465 0.251025811479 0.955141063773
466 0.250097084775 0.955188748845
467 0.249173177249 0.955236436298
468 0.248254058504 0.955284126132
469 0.247339698345 0.955331818347
470 0.246430066783 0.955379512942
471 0.245525134032 0.955427209919
472 0.24462487051 0.955474909277
473 0.243729246833 0.955522611017
474 0.242838233819 0.955570315138
475 0.241951802485 0.95561802164
476 0.241069924044 0.955665730524
477 0.240192569906 0.955708140421
478 0.239319711677 0.955755853804
479 0.238451321156 0.95580356957
480 0.237587370335 0.955845985584
481 0.236727831398 0.955893705849
482 0.235872676719 0.955936125862
483 0.235021878863 0.955983850628
484 0.234175410581 0.956031577776
485 0.233333244812 0.956074003908
486 0.232495354681 0.956116431923
487 0.231661713497 0.95616416569
488 0.230832294753 0.956206597706
489 0.230007072125 0.956254335975
490 0.229186019467 0.956296771992
491 0.228369110818 0.956339209893
492 0.227556320391 0.956381649677
493 0.22674762258 0.956429396685
494 0.225942991954 0.956471840471
495 0.225142403258 0.956514286141
496 0.224345831411 0.956556733694
497 0.223553251506 0.956599183131
498 0.222764638805 0.956641634452
499 0.221979968744 0.956684087657
500 0.221199216929 0.956726542745
501 0.220422359131 0.956774306972
502 0.219649371291 0.956811458575
503 0.218880229517 0.956853919316
504 0.218114910081 0.956896381941
505 0.217353389418 0.956938846451
506 0.216595644128 0.956981312845
507 0.215841650973 0.957023781124
508 0.215091386873 0.957066251287
509 0.214344828912 0.957108723335
510 0.213601954328 0.957145887924
511 0.212862740519 0.957188363506
512 0.21212716504 0.957230840973
513 0.211395205601 0.957268010303
514 0.210666840064 0.957310491304
515 0.209942046447 0.957352974191
516 0.209220802919 0.957390148264
517 0.2085030878 0.957432634685
518 0.207788879561 0.957469811851
519 0.207078156821 0.957512301808
520 0.206370898347 0.957549482067
521 0.205667083054 0.95759197556
522 0.204966690001 0.957629158913
523 0.204269698394 0.957671655941
524 0.203576087581 0.957708842388
525 0.202885837054 0.957751342953
526 0.202198926447 0.957788532494
527 0.201515335534 0.957825723479
528 0.200835044229 0.95786822923
529 0.200158032585 0.95790542331
530 0.199484280794 0.957942618834
531 0.198813769182 0.957979815803
532 0.198146478214 0.958022328392
533 0.197482388488 0.958059528456
534 0.196821480737 0.958096729964
535 0.196163735826 0.958133932916
536 0.195509134753 0.958171137314
537 0.194857658647 0.958208343155
538 0.194209288766 0.958250865886
539 0.193564006499 0.958288074824
540 0.192921793362 0.958325285207
541 0.192282630999 0.958362497034
542 0.191646501179 0.958399710306
543 0.1910133858 0.958436925023
544 0.190383266881 0.958474141186
545 0.189756126566 0.958511358793
546 0.189131947122 0.95854326075
547 0.188510710939 0.958580481041
548 0.187892400526 0.958617702778
549 0.187276998513 0.95865492596
550 0.18666448765 0.958692150587
551 0.186054850805 0.95872937666
552 0.185448070963 0.958766604178
553 0.184844131226 0.95879851463
554 0.184243014813 0.958835744833
555 0.183644705056 0.958872976481
556 0.183049185403 0.958904890474
557 0.182456439414 0.958942124807
558 0.181866450762 0.958979360586
559 0.181279203233 0.959016597812
560 0.180694680721 0.959048516584
561 0.180112867233 0.959085756494
562 0.179533746884 0.959117677569
563 0.178957303896 0.959154920165
564 0.178383522602 0.959192164207
565 0.177812387439 0.959224088822
566 0.177243882951 0.95926133555
567 0.176677993788 0.959293262468
568 0.176114704703 0.959330511882
569 0.175554000554 0.959362441103
570 0.174995866302 0.959399693203
571 0.17444028701 0.959431624726
572 0.173887247842 0.959463557311
573 0.173336734064 0.959500813338
574 0.172788731039 0.959532748226
575 0.172243224234 0.95957000694
576 0.17170019921 0.959601944131
577 0.171159641629 0.959633882385
578 0.170621537248 0.959665821703
579 0.170085871922 0.959703085583
580 0.1695526316 0.959735027204
581 0.169021802328 0.959766969887
582 0.168493370244 0.959804237696
583 0.167967321581 0.959836182683
584 0.167443642665 0.959868128733
585 0.166922319912 0.959900075847
586 0.166403339834 0.959932024024
587 0.165886689028 0.959969298241
588 0.165372354186 0.960001248722
589 0.164860322088 0.960033200266
590 0.164350579601 0.960065152874
591 0.163843113683 0.960097106545
592 0.163337911377 0.96012906128
593 0.162834959815 0.960161017078
594 0.162334246214 0.96019297394
595 0.161835757877 0.960224931866
596 0.161339482192 0.960256890855
597 0.160845406631 0.960288850908
598 0.160353518749 0.960320812024
599 0.159863806187 0.960352774205
600 0.159376256665 0.960384737449
601 0.158890857988 0.960416701757
602 0.158407598039 0.960448667128
603 0.157926464784 0.960480633564
604 0.157447446268 0.960512601064
605 0.156970530617 0.960544569627
606 0.156495706034 0.960576539255
607 0.156022960801 0.960603181424
608 0.155552283278 0.960635153002
609 0.155083661903 0.960667125645
610 0.154617085189 0.960699099351
611 0.154152541725 0.960731074122
612 0.153690020177 0.960757720577
613 0.153229509285 0.960789697299
614 0.152770997863 0.960821675085
615 0.1523144748 0.960853653936
616 0.151859929058 0.960880303791
617 0.15140734967 0.960912284593
618 0.150956725743 0.960944266459
619 0.150508046455 0.960970918827
620 0.150061301057 0.961002902645
621 0.149616478866 0.961034887527
622 0.149173569275 0.961061542409
623 0.148732561742 0.961093529243
624 0.148293445795 0.961125517141
625 0.147856211034 0.961152174537
626 0.147420847122 0.961184164387
627 0.146987343793 0.961210823409
628 0.146555690847 0.961242815211
629 0.14612587815 0.96126947586
630 0.145697895635 0.961301469614
631 0.145271733301 0.96132813189
632 0.144847381211 0.961360127597
633 0.144424829493 0.961386791499
634 0.144004068339 0.961418789158
635 0.143585088006 0.961445454688
636 0.143167878812 0.961477454299
637 0.14275243114 0.961504121456
638 0.142338735433 0.96153612302
639 0.141926782199 0.961562791804
640 0.141516562005 0.961589461327
641 0.14110806548 0.961621465732
642 0.140701283312 0.961648136883
643 0.140296206251 0.961674808773
644 0.139892825106 0.961706816018
645 0.139491130745 0.961733489536
646 0.139091114094 0.961760163794
647 0.13869276614 0.96179217388
648 0.138296077925 0.961818849766
649 0.137901040549 0.961845526391
650 0.137507645171 0.961877539318
651 0.137115883006 0.961904217571
652 0.136725745323 0.961930896564
653 0.136337223449 0.961957576297
654 0.135950308767 0.961989592954
655 0.135564992714 0.962016274315
656 0.13518126678 0.962042956416
657 0.134799122513 0.962069639257
658 0.134418551511 0.962096322838
659 0.13403954543 0.962123007159
660 0.133662095973 0.962155029322
661 0.133286194902 0.962181715271
662 0.132911834027 0.962208401961
663 0.132539005212 0.962235089391
664 0.132167700371 0.962261777561
665 0.131797911472 0.962288466471
666 0.13142963053 0.962315156121
667 0.131062849614 0.962341846512
668 0.13069756084 0.962368537643
669 0.130333756377 0.962395229514
670 0.12997142844 0.962421922126
671 0.129610569296 0.962448615478
672 0.129251171259 0.96247530957
673 0.128893226692 0.962502004403
674 0.128536728006 0.962528699976
675 0.128181667658 0.962555396289
676 0.127828038155 0.962582093343
677 0.127475832049 0.962608791138
678 0.12712504194 0.962635489673
679 0.126775660472 0.962662188948
680 0.126427680338 0.962688888964
681 0.126081094274 0.96271558972
682 0.125735895063 0.962742291217
683 0.125392075533 0.962768993455
684 0.125049628555 0.962795696433
685 0.124708547046 0.962817059349
686 0.124368823967 0.96284376366
687 0.124030452321 0.962870468712
688 0.123693425156 0.962897174505
689 0.123357735563 0.962923881038
690 0.123023376675 0.962950588312
691 0.122690341669 0.962971954665
692 0.122358623762 0.962998663272
693 0.122028216214 0.96302537262
694 0.121699112328 0.963052082709
695 0.121371305445 0.963078793539
696 0.121044788951 0.963100162736
697 0.120719556269 0.9631268749
698 0.120395600864 0.963153587804
699 0.120072916243 0.963174958661
700 0.119751495949 0.963201672899
701 0.119431333569 0.963228387877
702 0.119112422725 0.963255103597
703 0.11879475708 0.963276476706
704 0.118478330337 0.96330319376
705 0.118163136235 0.963329911554
706 0.117849168554 0.963351286324
707 0.117536421108 0.963378005452
708 0.117224887753 0.963404725322
709 0.11691456238 0.963426101751
710 0.116605438918 0.963452822954
711 0.116297511331 0.963474200451
712 0.115990773623 0.963500922988
713 0.115685219831 0.963527646267
714 0.11538084403 0.963549025423
715 0.115077640331 0.963575750036
716 0.11477560288 0.96359713026
717 0.114474725858 0.963623856207
718 0.114175003482 0.963645237498
719 0.113876430004 0.96367196478
720 0.113578999708 0.963693347139
721 0.113282706917 0.963720075754
722 0.112987545985 0.963741459181
723 0.112693511299 0.963768189131
724 0.112400597284 0.963789573625
725 0.112108798393 0.963816304909
726 0.111818109117 0.963837690471
727 0.111528523977 0.96386442309
728 0.111240037528 0.963885809719
729 0.110952644357 0.963912543673
730 0.110666339084 0.963933931369
731 0.110381116361 0.963955319541
732 0.11009697087 0.963982055422
733 0.109813897327 0.964003444662
734 0.10953189048 0.964030181878
735 0.109250945104 0.964051572185
736 0.108971056011 0.964072962967
737 0.108692218038 0.964099702111
738 0.108414426056 0.964121093961
739 0.108137674967 0.96414783444
740 0.107861959699 0.964169227358
741 0.107587275215 0.96419062075
742 0.107313616505 0.964217363158
743 0.107040978589 0.964238757619
744 0.106769356515 0.964260152554
745 0.106498745363 0.964281547963
746 0.106229140239 0.964308292893
747 0.105960536281 0.964329689371
748 0.105692928653 0.964351086324
749 0.105426312547 0.964377833182
750 0.105160683186 0.964399231203
751 0.104896035817 0.964420629699
752 0.10463236572 0.964442028669
753 0.104369668197 0.96446877805
754 0.104107938581 0.964490178089
755 0.103847172231 0.964511578602
756 0.103587364534 0.964532979591
757 0.103328510903 0.964554381054
758 0.103070606777 0.964581133551
759 0.102813647622 0.964602536083
760 0.102557628933 0.96462393909
761 0.102302546226 0.964645342571
762 0.102048395047 0.964666746528
763 0.101795170967 0.964688150959
764 0.101542869582 0.964714907166
765 0.101291486512 0.964736312667
766 0.101041017406 0.964757718642
767 0.100791457935 0.964779125091
768 0.100542803796 0.964800532016
769 0.100295050711 0.964821939416
770 0.100048194425 0.964843347291
771 0.0998022307105 0.964864755641
772 0.0995571553615 0.964886164466
773 0.0993129641973 0.964912926165
774 0.0990696530609 0.964934336059
775 0.0988272178194 0.964955746428
776 0.0985856543631 0.964977157272
777 0.0983449586061 0.964998568591
778 0.0981051264857 0.965019980385
779 0.0978661539623 0.965041392654
780 0.0976280370194 0.965062805398
781 0.0973907716634 0.965084218617
782 0.0971543539234 0.965105632312
783 0.096918779851 0.965127046482
784 0.0966840455202 0.965148461126
785 0.0964501470273 0.965169876246
786 0.0962170804907 0.965191291841
787 0.0959848420508 0.965212707912
788 0.0957534278699 0.965234124457
789 0.0955228341318 0.965255541478
790 0.0952930570419 0.965276958973
791 0.0950640928271 0.965298376945
792 0.0948359377355 0.965319795391
793 0.0946085880363 0.965335859537
794 0.0943820400196 0.965357278815
795 0.0941562899966 0.965378698569
796 0.0939313342988 0.965400118797
797 0.0937071692786 0.965421539501
798 0.0934837913088 0.96544296068
799 0.0932611967824 0.965464382335
800 0.0930393821126 0.965485804464
801 0.0928183437326 0.965507227069
802 0.0925980780957 0.965523294335
803 0.0923785816746 0.965544717772
804 0.092159850962 0.965566141684
805 0.09194188247 0.965587566072
806 0.0917246727301 0.965608990935
807 0.0915082182931 0.965630416273
808 0.0912925157288 0.965651842087
809 0.0910775616262 0.965667911759
810 0.0908633525932 0.965689338405
811 0.0906498852562 0.965710765526
812 0.0904371562606 0.965732193122
813 0.0902251622701 0.965753621194
814 0.0900138999669 0.96576969256
815 0.0898033660516 0.965791121464
816 0.0895935572427 0.965812550844
817 0.0893844702771 0.965833980699
818 0.0891761019094 0.965850053402
819 0.088968448912 0.965871484089
820 0.0887615080753 0.965892915252
821 0.0885552762069 0.96591434689
822 0.0883497501323 0.965930420931
823 0.0881449266941 0.965951853401
824 0.0879408027522 0.965973286347
825 0.0877373751837 0.965994719769
826 0.0875346408828 0.966010795147
827 0.0873325967605 0.966032229401
828 0.0871312397448 0.96605366413
829 0.0869305667802 0.966069740489
830 0.086730574828 0.966091176051
831 0.086531260866 0.966112612088
832 0.0863326218883 0.966128689428
833 0.0861346549053 0.966150126298
834 0.0859373569437 0.966171563643
835 0.0857407250463 0.966187641964
836 0.0855447562717 0.966209080142
837 0.0853494476946 0.966230518795
838 0.0851547964053 0.966246598097
839 0.0849607995101 0.966268037583
840 0.0847674541305 0.966289477545
841 0.0845747574039 0.966305557828
842 0.0843827064826 0.966326998622
843 0.0841912985347 0.96634307953
844 0.0840005307431 0.966364521157
845 0.0838104003062 0.966385963259
846 0.083620904437 0.966402045148
847 0.0834320403637 0.966423488083
848 0.0832438053292 0.966439570596
849 0.0830561965912 0.966461014364
850 0.0828692114221 0.966477097502
851 0.0826828471085 0.966498542102
852 0.082497100952 0.966519987178
853 0.082311970268 0.966536071298
854 0.0821274523867 0.966557517206
855 0.0819435446521 0.96657360195
856 0.0817602444225 0.966595048692
857 0.08157754907 0.96661113406
858 0.081395455981 0.966632581635
859 0.0812139625554 0.966648667628
860 0.0810330662069 0.966670116035
861 0.080852764363 0.966686202652
862 0.0806730544647 0.966707651892
863 0.0804939339666 0.966723739135
864 0.0803154003364 0.966745189207
865 0.0801374510556 0.966761277074
866 0.0799600836185 0.96678272798
867 0.0797832955329 0.966798816472
868 0.0796070843195 0.966820268211
869 0.0794314475121 0.966836357327
870 0.0792563826573 0.966857809899
871 0.0790818873148 0.96687389964
872 0.0789079590567 0.966895353044
873 0.0787345954681 0.96691144341
874 0.0785617941466 0.966927534044
875 0.0783895527023 0.966948988639
876 0.0782178687578 0.966965079897
877 0.078046739948 0.966986535325
878 0.0778761639203 0.967002627208
879 0.0777061383342 0.967018719359
880 0.0775366608612 0.967040175977
881 0.0773677291852 0.967056268753
882 0.0771993410019 0.967077726204
883 0.0770314940189 0.967093819605
884 0.0768641859558 0.967109913274
885 0.076697414544 0.967131371915
886 0.0765311775264 0.967147466209
887 0.0763654726579 0.967168925683
888 0.0762002977045 0.967185020602
889 0.0760356504442 0.967201115788
890 0.0758715286662 0.967222576453
891 0.0757079301709 0.967238672265
892 0.0755448527704 0.967254768344
893 0.0753822942877 0.967276230199
894 0.075220252557 0.967292326903
895 0.0750587254238 0.967308423875
896 0.0748977107445 0.967329886922
897 0.0747372063863 0.967345984519
898 0.0745772102276 0.967362082384
899 0.0744177201574 0.96738354662
900 0.0742587340756 0.96739964511
901 0.0741002498928 0.967415743868
902 0.07394226553 0.967431842894
903 0.0737847789192 0.967453308679
904 0.0736277880025 0.96746940833
905 0.0734712907327 0.967485508249
906 0.0733152850729 0.967506975224
907 0.0731597689965 0.967523075768
908 0.0730047404872 0.96753917658
909 0.0728501975388 0.96755527766
910 0.0726961381555 0.967576746183
911 0.0725425603513 0.967592847888
912 0.0723894621504 0.967608949861
913 0.0722368415867 0.967625052102
914 0.0720846967044 0.967646522174
915 0.0719330255573 0.96766262504
916 0.0717818262089 0.967678728175
917 0.0716310967326 0.967694831577
918 0.0714808352114 0.967716303197
919 0.071331039738 0.967732407224
920 0.0711817084144 0.96774851152
921 0.0710328393524 0.967764616083
922 0.0708844306732 0.967780720915
923 0.0707364805071 0.96780219444
924 0.070588986994 0.967818299897
925 0.070441948283 0.967834405622
926 0.0702953625325 0.967850511615
927 0.07014922791 0.967866617876
928 0.0700035425921 0.967882724405
929 0.0698583047643 0.967904200194
930 0.0697135126216 0.967920307348
931 0.0695691643674 0.967936414771
932 0.0694252582143 0.967952522461
933 0.0692817923837 0.96796863042
934 0.0691387651058 0.967984738646
935 0.0689961746195 0.968006216699
936 0.0688540191725 0.968022325551
937 0.0687122970211 0.968038434671
938 0.0685710064301 0.968054544059
939 0.0684301456729 0.968070653715
940 0.0682897130315 0.96808676364
941 0.0681497067963 0.968102873832
942 0.068010125266 0.968118984293
943 0.0678709667477 0.968140465324
944 0.0677322295568 0.96815657641
945 0.0675939120171 0.968172687764
946 0.0674560124603 0.968188799387
947 0.0673185292266 0.968204911277
948 0.0671814606641 0.968221023436
949 0.0670448051289 0.968237135863
950 0.0669085609854 0.968253248557
951 0.0667727266057 0.96826936152
952 0.06663730037 0.968285474752
953 0.0665022806662 0.968301588251
954 0.0663676658903 0.968317702018
955 0.0662334544458 0.968339187459
956 0.0660996447441 0.968355301852
957 0.0659662352043 0.968371416513
958 0.0658332242532 0.968387531442
959 0.0657006103251 0.96840364664
960 0.065568391862 0.968419762106
961 0.0654365673132 0.96843587784
962 0.0653051351358 0.968451993842
963 0.065174093794 0.968468110112
964 0.0650434417598 0.968484226651
965 0.0649131775122 0.968500343458
966 0.0647832995376 0.968516460533
967 0.0646538063299 0.968532577876
968 0.0645246963899 0.968548695487
969 0.0643959682258 0.968564813367
970 0.064267620353 0.968580931515
971 0.0641396512937 0.968597049931
972 0.0640120595776 0.968613168615
973 0.0638848437411 0.968629287568
974 0.0637580023278 0.968645406788
975 0.063631533888 0.968661526277
976 0.0635054369791 0.968677646035
977 0.0633797101655 0.96869376606
978 0.0632543520181 0.968709886354
979 0.0631293611149 0.968726006916
980 0.0630047360404 0.968742127746
981 0.0628804753861 0.968758248845
982 0.0627565777499 0.968774370212
983 0.0626330417365 0.968785117939
984 0.0625098659573 0.968801239752
985 0.06238704903 0.968817361835
986 0.0622645895791 0.968833484185
987 0.0621424862354 0.968849606804
988 0.0620207376364 0.968865729691
989 0.0618993424257 0.968881852847
990 0.0617782992536 0.968897976271
991 0.0616576067765 0.968914099963
992 0.0615372636573 0.968930223923
993 0.0614172685652 0.968946348152
994 0.0612976201754 0.968962472649
995 0.0611783171696 0.968978597414
996 0.0610593582356 0.968989347407
997 0.0609407420672 0.969005472619
998 0.0608224673645 0.9690215981
999 0.0607045328336 0.96903772385
