10 0.00706701986174
11 0.00855109403271
12 0.0101765086009
13 0.0119432635663
14 0.013851358929
15 0.0159007946889
16 0.0180915708461
17 0.0204236874004
18 0.022897144352
19 0.0255119417009
20 0.028268079447
21 0.0311655575903
22 0.0342043761308
23 0.0373845350686
24 0.0407060344036
25 0.0441688741359
26 0.0477730542654
27 0.0515185747921
28 0.055405435716
29 0.0594336370372
30 0.0636031787557
31 0.0679140608713
32 0.0723662833842
33 0.0769598462944
34 0.0816947496017
35 0.0865709933063
36 0.0915885774082
37 0.0967475019072
38 0.102047766804
39 0.107489372097
40 0.113072317788
41 0.118796603876
42 0.124662230361
43 0.130669197244
44 0.136817504523
45 0.1431071522
46 0.149538140274
47 0.156110468746
48 0.162824137614
49 0.16967914688
50 0.176675496544
51 0.183813186604
52 0.191092217061
53 0.198512587916
54 0.206074299168
55 0.213777350818
56 0.221621742864
57 0.229607475308
58 0.237734548149
59 0.246002961387
60 0.254412715023
61 0.262963809055
62 0.271656243485
63 0.280490018312
64 0.289465133537
65 0.298581589159
66 0.307839385177
67 0.317238521594
68 0.326778998407
69 0.336460815617
70 0.346283973225
71 0.35624847123
72 0.366354309633
73 0.376601488432
74 0.386990007629
75 0.397519867223
76 0.408191067214
77 0.419003607603
78 0.429957488388
79 0.441052709571
80 0.452289271151
81 0.463667173129
82 0.475186415503
83 0.486846998275
84 0.498648921444
85 0.510592185011
86 0.522676788974
87 0.534902733335
88 0.547270018093
89 0.559778643248
90 0.572428608801
91 0.585219914751
92 0.598152561098
93 0.611226547842
94 0.624441874983
95 0.637798542522
96 0.651296550458
97 0.664935898791
98 0.678716587522
99 0.692638616649
100 0.706701986174
101 0.720906696096
102 0.735252746415
103 0.749740137132
104 0.764368868246
105 0.779138939757
106 0.794050351665
107 0.809103103971
108 0.824297196673
109 0.839632629773
110 0.855109403271
111 0.870727517165
112 0.886486971457
113 0.902387766146
114 0.918429901232
115 0.934613376715
116 0.950938192596
117 0.967404348874
118 0.984011845549
119 1.00076068262
120 1.01765086009
121 1.03468237796
122 1.05185523622
123 1.06916943488
124 1.08662497394
125 1.1042218534
126 1.12196007325
127 1.1398396335
128 1.15786053415
129 1.17602277519
130 1.19432635663
131 1.21277127847
132 1.23135754071
133 1.25008514334
134 1.26895408637
135 1.2879643698
136 1.30711599363
137 1.32640895785
138 1.34584326247
139 1.36541890749
140 1.3851358929
141 1.40499421871
142 1.42499388492
143 1.44513489153
144 1.46541723853
145 1.48584092593
146 1.50640595373
147 1.52711232192
148 1.54796003052
149 1.5689490795
150 1.59007946889
151 1.61135119868
152 1.63276426886
153 1.65431867943
154 1.67601443041
155 1.69785152178
156 1.71982995355
157 1.74194972572
158 1.76421083828
159 1.78661329125
160 1.80915708461
161 1.83184221836
162 1.85466869252
163 1.87763650707
164 1.90074566201
165 1.92399615736
166 1.9473879931
167 1.97092116924
168 1.99459568578
169 2.01841154271
170 2.04236874004
171 2.06646727777
172 2.0907071559
173 2.11508837442
174 2.13961093334
175 2.16427483266
176 2.18908007237
177 2.21402665248
178 2.23911457299
179 2.2643438339
180 2.2897144352
181 2.3152263769
182 2.340879659
183 2.3666742815
184 2.39261024439
185 2.41868754768
186 2.44490619137
187 2.47126617545
188 2.49776749993
189 2.52441016481
190 2.55119417009
191 2.57811951576
192 2.60518620183
193 2.6323942283
194 2.65974359516
195 2.68723430243
196 2.71486635009
197 2.74263973814
198 2.7705544666
199 2.79861053545
200 2.8268079447
201 2.85514669434
202 2.88362678438
203 2.91224821482
204 2.94101098566
205 2.9699150969
206 2.99896054853
207 3.02814734056
208 3.05747547298
209 3.08694494581
210 3.11655575903
211 3.14630791265
212 3.17620140666
213 3.20623624107
214 3.23641241588
215 3.26672993109
216 3.29718878669
217 3.32778898269
218 3.35853051909
219 3.38941339589
220 3.42043761308
221 3.45160317067
222 3.48291006866
223 3.51435830704
224 3.54594788583
225 3.57767880501
226 3.60955106458
227 3.64156466456
228 3.67371960493
229 3.7060158857
230 3.73845350686
231 3.77103246842
232 3.80375277038
233 3.83661441274
234 3.86961739549
235 3.90276171865
236 3.93604738219
237 3.96947438614
238 4.00304273048
239 4.03675241522
240 4.07060344036
241 4.1045958059
242 4.13872951183
243 4.17300455816
244 4.20742094489
245 4.24197867201
246 4.27667773953
247 4.31151814745
248 4.34649989576
249 4.38162298448
250 4.41688741359
251 4.4522931831
252 4.487840293
253 4.5235287433
254 4.559358534
255 4.5953296651
256 4.63144213659
257 4.66769594848
258 4.70409110077
259 4.74062759345
260 4.77730542654
261 4.81412460002
262 4.85108511389
263 4.88818696817
264 4.92543016284
265 4.96281469791
266 5.00034057337
267 5.03800778924
268 5.0758163455
269 5.11376624215
270 5.15185747921
271 5.19009005666
272 5.22846397451
273 5.26697923276
274 5.3056358314
275 5.34443377044
276 5.38337304988
277 5.42245366971
278 5.46167562995
279 5.50103893058
280 5.5405435716
281 5.58018955303
282 5.61997687485
283 5.65990553707
284 5.69997553969
285 5.7401868827
286 5.78053956611
287 5.82103358992
288 5.86166895412
289 5.90244565872
290 5.94336370372
291 5.98442308912
292 6.02562381491
293 6.06696588111
294 6.10844928769
295 6.15007403468
296 6.19184012206
297 6.23374754984
298 6.27579631802
299 6.31798642659
300 6.36031787557
301 6.40279066494
302 6.4454047947
303 6.48816026487
304 6.53105707543
305 6.57409522638
306 6.61727471774
307 6.66059554949
308 6.70405772164
309 6.74766123419
310 6.79140608713
311 6.83529228047
312 6.87931981421
313 6.92348868835
314 6.96779890288
315 7.01225045781
316 7.05684335314
317 7.10157758886
318 7.14645316499
319 7.19147008151
320 7.23662833842
321 7.28192793574
322 7.32736887345
323 7.37295115156
324 7.41867477006
325 7.46453972896
326 7.51054602826
327 7.55669366796
328 7.60298264805
329 7.64941296855
330 7.69598462944
331 7.74269763072
332 7.7895519724
333 7.83654765449
334 7.88368467696
335 7.93096303984
336 7.97838274311
337 8.02594378678
338 8.07364617085
339 8.12148989531
340 8.16947496017
341 8.21760136543
342 8.26586911109
343 8.31427819714
344 8.36282862359
345 8.41152039044
346 8.46035349768
347 8.50932794532
348 8.55844373336
349 8.6077008618
350 8.65709933063
351 8.70663913986
352 8.75632028949
353 8.80614277952
354 8.85610660994
355 8.90621178076
356 8.95645829198
357 9.00684614359
358 9.0573753356
359 9.10804586801
360 9.15885774082
361 9.20981095402
362 9.26090550762
363 9.31214140162
364 9.36351863601
365 9.4150372108
366 9.46669712599
367 9.51849838158
368 9.57044097756
369 9.62252491394
370 9.67475019072
371 9.7271168079
372 9.77962476547
373 9.83227406344
374 9.88506470181
375 9.93799668057
376 9.99106999973
377 10.0442846593
378 10.0976406592
379 10.1511379996
380 10.2047766804
381 10.2585567015
382 10.312478063
383 10.366540765
384 10.4207448073
385 10.4750901901
386 10.5295769132
387 10.5842049767
388 10.6389743807
389 10.693885125
390 10.7489372097
391 10.8041306348
392 10.8594654003
393 10.9149415063
394 10.9705589526
395 11.0263177393
396 11.0822178664
397 11.1382593339
398 11.1944421418
399 11.2507662901
400 11.3072317788
401 11.3638386079
402 11.4205867774
403 11.4774762873
404 11.5345071375
405 11.5916793282
406 11.6489928593
407 11.7064477308
408 11.7640439426
409 11.8217814949
410 11.8796603876
411 11.9376806207
412 11.9958421941
413 12.054145108
414 12.1125893622
415 12.1711749569
416 12.2299018919
417 12.2887701674
418 12.3477797832
419 12.4069307395
420 12.4662230361
421 12.5256566731
422 12.5852316506
423 12.6449479684
424 12.7048056266
425 12.7648046253
426 12.8249449643
427 12.8852266437
428 12.9456496635
429 13.0062140237
430 13.0669197244
431 13.1277667654
432 13.1887551468
433 13.2498848686
434 13.3111559308
435 13.3725683334
436 13.4341220764
437 13.4958171598
438 13.5576535836
439 13.6196313477
440 13.6817504523
441 13.7440108973
442 13.8064126827
443 13.8689558085
444 13.9316402746
445 13.9944660812
446 14.0574332282
447 14.1205417155
448 14.1837915433
449 14.2471827115
450 14.31071522
451 14.374389069
452 14.4382042583
453 14.5021607881
454 14.5662586582
455 14.6304978688
456 14.6948784197
457 14.759400311
458 14.8240635428
459 14.8888681149
460 14.9538140274
461 15.0189012804
462 15.0841298737
463 15.1494998074
464 15.2150110815
465 15.280663696
466 15.346457651
467 15.4123929463
468 15.478469582
469 15.5446875581
470 15.6110468746
471 15.6775475315
472 15.7441895288
473 15.8109728665
474 15.8778975446
475 15.9449635631
476 16.0121709219
477 16.0795196212
478 16.1470096609
479 16.214641041
480 16.2824137614
481 16.3503278223
482 16.4183832236
483 16.4865799653
484 16.5549180473
485 16.6233974698
486 16.6920182326
487 16.7607803359
488 16.8296837795
489 16.8987285636
490 16.967914688
491 17.0372421529
492 17.1067109581
493 17.1763211038
494 17.2460725898
495 17.3159654162
496 17.3859995831
497 17.4561750903
498 17.5264919379
499 17.5969501259
500 17.6675496544
501 17.7382905232
502 17.8091727324
503 17.880196282
504 17.951361172
505 18.0226674024
506 18.0941149732
507 18.1657038844
508 18.237434136
509 18.309305728
510 18.3813186604
511 18.4534729332
512 18.5257685464
513 18.5982054999
514 18.6707837939
515 18.7435034283
516 18.8163644031
517 18.8893667182
518 18.9625103738
519 19.0357953698
520 19.1092217061
521 19.1827893829
522 19.2564984001
523 19.3303487576
524 19.4043404556
525 19.4784734939
526 19.5527478727
527 19.6271635918
528 19.7017206514
529 19.7764190513
530 19.8512587916
531 19.9262398724
532 20.0013622935
533 20.076626055
534 20.1520311569
535 20.2275775993
536 20.303265382
537 20.3790945051
538 20.4550649686
539 20.5311767725
540 20.6074299168
541 20.6838244015
542 20.7603602266
543 20.8370373921
544 20.913855898
545 20.9908157443
546 21.067916931
547 21.1451594581
548 21.2225433256
549 21.3000685335
550 21.3777350818
551 21.4555429704
552 21.5334921995
553 21.611582769
554 21.6898146789
555 21.7681879291
556 21.8467025198
557 21.9253584509
558 22.0041557223
559 22.0830943342
560 22.1621742864
561 22.2413955791
562 22.3207582121
563 22.4002621856
564 22.4799074994
565 22.5596941536
566 22.6396221483
567 22.7196914833
568 22.7999021587
569 22.8802541746
570 22.9607475308
571 23.0413822274
572 23.1221582644
573 23.2030756419
574 23.2841343597
575 23.3653344179
576 23.4466758165
577 23.5281585555
578 23.6097826349
579 23.6915480547
580 23.7734548149
581 23.8555029155
582 23.9376923565
583 24.0200231379
584 24.1024952597
585 24.1851087218
586 24.2678635244
587 24.3507596674
588 24.4337971508
589 24.5169759745
590 24.6002961387
591 24.6837576433
592 24.7673604883
593 24.8511046736
594 24.9349901994
595 25.0190170655
596 25.1031852721
597 25.187494819
598 25.2719457064
599 25.3565379341
600 25.4412715023
601 25.5261464108
602 25.6111626597
603 25.6963202491
604 25.7816191788
605 25.8670594489
606 25.9526410595
607 26.0383640104
608 26.1242283017
609 26.2102339334
610 26.2963809055
611 26.382669218
612 26.469098871
613 26.5556698643
614 26.642382198
615 26.7292358721
616 26.8162308866
617 26.9033672415
618 26.9906449368
619 27.0780639724
620 27.1656243485
621 27.253326065
622 27.3411691219
623 27.4291535192
624 27.5172792569
625 27.6055463349
626 27.6939547534
627 27.7825045123
628 27.8711956115
629 27.9600280512
630 28.0490018312
631 28.1381169517
632 28.2273734126
633 28.3167712138
634 28.4063103555
635 28.4959908375
636 28.5858126599
637 28.6757758228
638 28.765880326
639 28.8561261697
640 28.9465133537
641 29.0370418781
642 29.1277117429
643 29.2185229482
644 29.3094754938
645 29.4005693798
646 29.4918046062
647 29.583181173
648 29.6746990802
649 29.7663583278
650 29.8581589159
651 29.9501008443
652 30.0421841131
653 30.1344087222
654 30.2267746718
655 30.3192819618
656 30.4119305922
657 30.504720563
658 30.5976518742
659 30.6907245258
660 30.7839385177
661 30.8772938501
662 30.9707905229
663 31.0644285361
664 31.1582078896
665 31.2521285836
666 31.3461906179
667 31.4403939927
668 31.5347387079
669 31.6292247634
670 31.7238521594
671 31.8186208957
672 31.9135309724
673 32.0085823896
674 32.1037751471
675 32.1991092451
676 32.2945846834
677 32.3902014621
678 32.4859595812
679 32.5818590408
680 32.6778998407
681 32.774081981
682 32.8704054617
683 32.9668702828
684 33.0634764443
685 33.1602239463
686 33.2571127886
687 33.3541429713
688 33.4513144944
689 33.5486273579
690 33.6460815617
691 33.743677106
692 33.8414139907
693 33.9392922158
694 34.0373117813
695 34.1354726872
696 34.2337749334
697 34.3322185201
698 34.4308034472
699 34.5295297147
700 34.6283973225
701 34.7274062708
702 34.8265565595
703 34.9258481885
704 35.025281158
705 35.1248554678
706 35.2245711181
707 35.3244281087
708 35.4244264398
709 35.5245661112
710 35.624847123
711 35.7252694753
712 35.8258331679
713 35.9265382009
714 36.0273845744
715 36.1283722882
716 36.2295013424
717 36.330771737
718 36.432183472
719 36.5337365475
720 36.6354309633
721 36.7372667195
722 36.8392438161
723 36.9413622531
724 37.0436220305
725 37.1460231483
726 37.2485656065
727 37.3512494051
728 37.454074544
729 37.5570410234
730 37.6601488432
731 37.7633980034
732 37.866788504
733 37.9703203449
734 38.0739935263
735 38.1778080481
736 38.2817639103
737 38.3858611128
738 38.4900996558
739 38.5944795391
740 38.6990007629
741 38.803663327
742 38.9084672316
743 39.0134124765
744 39.1184990619
745 39.2237269876
746 39.3290962538
747 39.4346068603
748 39.5402588072
749 39.6460520946
750 39.7519867223
751 39.8580626904
752 39.9642799989
753 40.0706386479
754 40.1771386372
755 40.2837799669
756 40.390562637
757 40.4974866475
758 40.6045519984
759 40.7117586897
760 40.8191067214
761 40.9265960935
762 41.034226806
763 41.1419988589
764 41.2499122522
765 41.3579669859
766 41.46616306
767 41.5745004744
768 41.6829792293
769 41.7915993246
770 41.9003607603
771 42.0092635363
772 42.1183076528
773 42.2274931097
774 42.3368199069
775 42.4462880446
776 42.5558975226
777 42.6656483411
778 42.7755404999
779 42.8855739992
780 42.9957488388
781 43.1060650189
782 43.2165225393
783 43.3271214001
784 43.4378616014
785 43.548743143
786 43.659766025
787 43.7709302475
788 43.8822358103
789 43.9936827135
790 44.1052709571
791 44.2170005411
792 44.3288714655
793 44.4408837304
794 44.5530373356
795 44.6653322812
796 44.7777685672
797 44.8903461936
798 45.0030651604
799 45.1159254675
800 45.2289271151
801 45.3420701031
802 45.4553544315
803 45.5687801003
804 45.6823471095
805 45.796055459
806 45.909905149
807 46.0238961794
808 46.1380285502
809 46.2523022613
810 46.3667173129
811 46.4812737048
812 46.5959714372
813 46.7108105099
814 46.8257909231
815 46.9409126766
816 47.0561757706
817 47.1715802049
818 47.2871259797
819 47.4028130948
820 47.5186415503
821 47.6346113463
822 47.7507224826
823 47.8669749593
824 47.9833687765
825 48.099903934
826 48.2165804319
827 48.3333982702
828 48.4503574489
829 48.567457968
830 48.6846998275
831 48.8020830274
832 48.9196075677
833 49.0372734484
834 49.1550806695
835 49.273029231
836 49.3911191329
837 49.5093503752
838 49.6277229579
839 49.746236881
840 49.8648921444
841 49.9836887483
842 50.1026266926
843 50.2217059773
844 50.3409266023
845 50.4602885678
846 50.5797918737
847 50.6994365199
848 50.8192225066
849 50.9391498336
850 51.0592185011
851 51.1794285089
852 51.2997798572
853 51.4202725458
854 51.5409065749
855 51.6616819443
856 51.7825986541
857 51.9036567044
858 52.024856095
859 52.146196826
860 52.2676788974
861 52.3893023093
862 52.5110670615
863 52.6329731541
864 52.7550205871
865 52.8772093605
866 52.9995394743
867 53.1220109285
868 53.2446237231
869 53.3673778581
870 53.4902733335
871 53.6133101493
872 53.7364883055
873 53.8598078021
874 53.9832686391
875 54.1068708165
876 54.2306143342
877 54.3544991924
878 54.478525391
879 54.6026929299
880 54.7270018093
881 54.8514520291
882 54.9760435892
883 55.1007764898
884 55.2256507308
885 55.3506663121
886 55.4758232339
887 55.601121496
888 55.7265610986
889 55.8521420415
890 55.9778643248
891 56.1037279486
892 56.2297329127
893 56.3558792173
894 56.4821668622
895 56.6085958475
896 56.7351661732
897 56.8618778394
898 56.9887308459
899 57.1157251928
900 57.2428608801
901 57.3701379078
902 57.4975562759
903 57.6251159844
904 57.7528170333
905 57.8806594226
906 58.0086431523
907 58.1367682224
908 58.2650346329
909 58.3934423838
910 58.5219914751
911 58.6506819068
912 58.7795136788
913 58.9084867913
914 59.0376012442
915 59.1668570375
916 59.2962541711
917 59.4257926452
918 59.5554724597
919 59.6852936145
920 59.8152561098
921 59.9453599454
922 60.0756051215
923 60.2059916379
924 60.3365194948
925 60.467188692
926 60.5979992297
927 60.7289511077
928 60.8600443261
929 60.991278885
930 61.1226547842
931 61.2541720238
932 61.3858306038
933 61.5176305243
934 61.6495717851
935 61.7816543863
936 61.9138783279
937 62.0462436099
938 62.1787502323
939 62.3113981951
940 62.4441874983
941 62.5771181419
942 62.7101901259
943 62.8434034503
944 62.9767581151
945 63.1102541203
946 63.2438914659
947 63.3776701519
948 63.5115901783
949 63.645651545
950 63.7798542522
951 63.9141982998
952 64.0486836877
953 64.1833104161
954 64.3180784849
955 64.452987894
956 64.5880386436
957 64.7232307336
958 64.8585641639
959 64.9940389347
960 65.1296550458
961 65.2654124973
962 65.4013112893
963 65.5373514216
964 65.6735328944
965 65.8098557075
966 65.946319861
967 66.082925355
968 66.2196721893
969 66.356560364
970 66.4935898791
971 66.6307607346
972 66.7680729305
973 66.9055264669
974 67.0431213436
975 67.1808575607
976 67.3187351182
977 67.4567540161
978 67.5949142544
979 67.7332158331
980 67.8716587522
981 68.0102430116
982 68.1489686115
983 68.2878355518
984 68.4268438325
985 68.5659934536
986 68.705284415
987 68.8447167169
988 68.9842903592
989 69.1240053419
990 69.2638616649
991 69.4038593284
992 69.5439983322
993 69.6842786765
994 69.8247003611
995 69.9652633862
996 70.1059677516
997 70.2468134575
998 70.3878005037
999 70.5289288904
