0.1 0.0199060442028
0.11 0.0213161745382
0.12 0.0226375512659
0.13 0.0238738890621
0.14 0.0250287680259
0.15 0.0261056382042
0.16 0.0271078239704
0.17 0.0280385282636
0.18 0.0289008366904
0.19 0.0296977214949
0.2 0.0304320454007
0.21 0.031106565329
0.22 0.031723935996
0.23 0.0322867133947
0.24 0.032797358163
0.25 0.0332582388438
0.26 0.0336716350377
0.27 0.034039740455
0.28 0.0343646658671
0.29 0.034648441962
0.3 0.0348930221075
0.31 0.0351002850231
0.32 0.035272037365
0.33 0.035410016227
0.34 0.0355158915588
0.35 0.0355912685048
0.36 0.0356376896672
0.37 0.0356566372931
0.38 0.0356495353911
0.39 0.0356177517769
0.4 0.0355626000522
0.41 0.0354853415178
0.42 0.035387187023
0.43 0.0352692987549
0.44 0.0351327919666
0.45 0.0349787366496
0.46 0.0348081591494
0.47 0.0346220437278
0.48 0.0344213340727
0.49 0.0342069347577
0.5 0.0339797126528
0.51 0.0337404982877
0.52 0.0334900871691
0.53 0.0332292410544
0.54 0.0329586891814
0.55 0.0326791294578
0.56 0.0323912296093
0.57 0.0320956282895
0.58 0.0317929361523
0.59 0.0314837368873
0.6 0.0311685882203
0.61 0.0308480228799
0.62 0.0305225495306
0.63 0.0301926536746
0.64 0.0298587985223
0.65 0.0295214258326
0.66 0.0291809567252
0.67 0.0288377924645
0.68 0.0284923152159
0.69 0.0281448887765
0.7 0.027795859281
0.71 0.0274455558818
0.72 0.0270942914063
0.73 0.0267423629914
0.74 0.0263900526954
0.75 0.0260376280884
0.76 0.0256853428227
0.77 0.0253334371823
0.78 0.0249821386135
0.79 0.0246316622369
0.8 0.0242822113408
0.81 0.0239339778574
0.82 0.0235871428222
0.83 0.0232418768167
0.84 0.0228983403955
0.85 0.0225566844979
0.86 0.0222170508452
0.87 0.021879572323
0.88 0.0215443733502
0.89 0.0212115702347
0.9 0.0208812715157
0.91 0.0205535782939
0.92 0.0202285845499
0.93 0.0199063774502
0.94 0.019587037643
0.95 0.0192706395419
0.96 0.0189572516004
0.97 0.018646936575
0.98 0.0183397517796
0.99 0.0180357493299
1.0 0.0177349763785
1.01 0.0174374753416
1.02 0.0171432841169
1.03 0.0168524362935
1.04 0.0165649613534
1.05 0.0162808848661
1.06 0.0160002286749
1.07 0.0157230110768
1.08 0.0154492469948
1.09 0.0151789481445
1.1 0.0149121231931
1.11 0.0146487779131
1.12 0.0143889153296
1.13 0.0141325358618
1.14 0.0138796374595
1.15 0.0136302157329
1.16 0.013384264079
1.17 0.0131417738014
1.18 0.0129027342261
1.19 0.0126671328126
1.2 0.0124349552602
1.21 0.0122061856103
1.22 0.011980806344
1.23 0.0117587984764
1.24 0.0115401416468
1.25 0.0113248142043
1.26 0.0111127932911
1.27 0.0109040549215
1.28 0.010698574058
1.29 0.0104963246833
1.3 0.0102972798707
1.31 0.0101014118498
1.32 0.00990869207078
1.33 0.00971909126481
1.34 0.00953257950248
1.35 0.0093491262493
1.36 0.00916870041882
1.37 0.00899127042336
1.38 0.00881680422245
1.39 0.00864526936901
1.4 0.00847663305342
1.41 0.00831086214558
1.42 0.00814792323492
1.43 0.00798778266859
1.44 0.00783040658775
1.45 0.00767576096215
1.46 0.00752381162305
1.47 0.00737452429441
1.48 0.00722786462267
1.49 0.00708379820488
1.5 0.00694229061549
1.51 0.00680330743174
1.52 0.00666681425768
1.53 0.00653277674694
1.54 0.0064011606243
1.55 0.00627193170603
1.56 0.00614505591914
1.57 0.00602049931951
1.58 0.00589822810904
1.59 0.00577820865174
1.6 0.00566040748886
1.61 0.0055447913532
1.62 0.0054313271824
1.63 0.0053199821315
1.64 0.00521072358464
1.65 0.00510351916597
1.66 0.00499833674988
1.67 0.00489514447047
1.68 0.00479391073037
1.69 0.00469460420887
1.7 0.00459719386947
1.71 0.00450164896685
1.72 0.00440793905319
1.73 0.00431603398404
1.74 0.00422590392365
1.75 0.00413751934973
1.76 0.00405085105784
1.77 0.00396587016528
1.78 0.00388254811456
1.79 0.00380085667642
1.8 0.00372076795256
1.81 0.00364225437786
1.82 0.00356528872237
1.83 0.0034898440929
1.84 0.00341589393429
1.85 0.0033434120304
1.86 0.00327237250479
1.87 0.00320274982114
1.88 0.0031345187834
1.89 0.00306765453568
1.9 0.00300213256195
1.91 0.00293792868547
1.92 0.00287501906802
1.93 0.00281338020898
1.94 0.00275298894413
1.95 0.00269382244439
1.96 0.00263585821427
1.97 0.00257907409029
1.98 0.00252344823912
1.99 0.00246895915569
2.0 0.00241558566114
2.01 0.00236330690061
2.02 0.00231210234094
2.03 0.00226195176831
2.04 0.00221283528571
2.05 0.00216473331034
2.06 0.00211762657095
2.07 0.00207149610509
2.08 0.00202632325626
2.09 0.00198208967104
2.1 0.0019387772961
2.11 0.00189636837523
2.12 0.00185484544622
2.13 0.0018141913378
2.14 0.00177438916646
2.15 0.00173542233327
2.16 0.00169727452066
2.17 0.00165992968914
2.18 0.00162337207408
2.19 0.00158758618234
2.2 0.00155255678901
2.21 0.00151826893406
2.22 0.00148470791896
2.23 0.0014518593034
2.24 0.00141970890187
2.25 0.00138824278031
2.26 0.00135744725277
2.27 0.00132730887804
2.28 0.00129781445626
2.29 0.0012689510256
2.3 0.00124070585895
2.31 0.00121306646048
2.32 0.00118602056245
2.33 0.0011595561218
2.34 0.0011336613169
2.35 0.00110832454428
2.36 0.00108353441534
2.37 0.00105927975314
2.38 0.00103554958919
2.39 0.00101233316022
2.4 0.00098961990501
2.41 0.00096739946128
2.42 0.000945661662525
2.43 0.000924396534937
2.44 0.000903594294324
2.45 0.000883245343072
2.46 0.000863340267126
2.47 0.000843869833001
2.48 0.000824824984828
2.49 0.000806196841423
2.5 0.000787976693391
2.51 0.000770156000258
2.52 0.000752726387636
2.53 0.000735679644421
2.54 0.000719007720017
2.55 0.0007027027216
2.56 0.000686756911409
2.57 0.000671162704072
2.58 0.000655912663966
2.59 0.000640999502602
2.6 0.000626416076059
2.61 0.000612155382432
2.62 0.000598210559329
2.63 0.000584574881391
2.64 0.000571241757853
2.65 0.000558204730131
2.66 0.000545457469447
2.67 0.000532993774484
2.68 0.000520807569081
2.69 0.000508892899947
2.7 0.000497243934423
2.71 0.00048585495827
2.72 0.000474720373484
2.73 0.000463834696154
2.74 0.000453192554347
2.75 0.000442788686022
2.76 0.000432617936978
2.77 0.000422675258841
2.78 0.000412955707068
2.79 0.000403454438992
2.8 0.000394166711898
2.81 0.000385087881124
2.82 0.000376213398196
2.83 0.000367538808993
2.84 0.00035905975194
2.85 0.000350771956232
2.86 0.000342671240086
2.87 0.000334753509023
2.88 0.00032701475418
2.89 0.000319451050644
2.9 0.00031205855582
2.91 0.000304833507826
2.92 0.000297772223915
2.93 0.00029087109892
2.94 0.000284126603728
2.95 0.000277535283787
2.96 0.000271093757628
2.97 0.000264798715419
2.98 0.000258646917544
2.99 0.000252635193206
3.0 0.000246760439054
3.01 0.000241019617837
3.02 0.000235409757079
3.03 0.000229927947779
3.04 0.000224571343136
3.05 0.000219337157294
3.06 0.000214222664114
3.07 0.000209225195961
3.08 0.000204342142521
3.09 0.000199570949639
3.1 0.00019490911817
3.11 0.000190354202862
3.12 0.000185903811253
3.13 0.000181555602592
3.14 0.000177307286777
3.15 0.000173156623314
3.16 0.000169101420301
3.17 0.000165139533418
3.18 0.000161268864954
3.19 0.000157487362836
3.2 0.000153793019684
3.21 0.000150183871888
3.22 0.000146657998693
3.23 0.000143213521312
3.24 0.000139848602043
3.25 0.000136561443421
3.26 0.000133350287368
3.27 0.00013021341437
3.28 0.000127149142671
3.29 0.000124155827476
3.3 0.000121231860175
3.31 0.000118375667579
3.32 0.000115585711173
3.33 0.000112860486386
3.34 0.000110198521867
3.35 0.000107598378786
3.36 0.000105058650141
3.37 0.000102577960083
3.38 0.000100154963251
3.39 9.7788344127e-05
3.4 9.54768163935e-05
3.41 9.32191223139e-05
3.42 9.10140321193e-05
3.43 8.88603434102e-05
3.44 8.67568805696e-05
3.45 8.47024941874e-05
3.46 8.26960604982e-05
3.47 8.07364808283e-05
3.48 7.88226810558e-05
3.49 7.69536110807e-05
3.5 7.51282443063e-05
3.51 7.33455771307e-05
3.52 7.16046284495e-05
3.53 6.99044391682e-05
3.54 6.82440717244e-05
3.55 6.66226096205e-05
3.56 6.50391569659e-05
3.57 6.3492838028e-05
3.58 6.19827967936e-05
3.59 6.05081965383e-05
3.6 5.90682194059e-05
3.61 5.76620659955e-05
3.62 5.62889549584e-05
3.63 5.49481226021e-05
3.64 5.36388225039e-05
3.65 5.23603251315e-05
3.66 5.11119174722e-05
3.67 4.98929026699e-05
3.68 4.87025996693e-05
3.69 4.7540342868e-05
3.7 4.64054817759e-05
3.71 4.52973806815e-05
3.72 4.42154183256e-05
3.73 4.3158987582e-05
3.74 4.21274951445e-05
3.75 4.11203612208e-05
3.76 4.01370192333e-05
3.77 3.91769155256e-05
3.78 3.82395090757e-05
3.79 3.73242712152e-05
3.8 3.64306853546e-05
3.81 3.55582467145e-05
3.82 3.47064620621e-05
3.83 3.38748494541e-05
3.84 3.30629379848e-05
3.85 3.22702675392e-05
3.86 3.14963885522e-05
3.87 3.07408617725e-05
3.88 3.00032580316e-05
3.89 2.92831580179e-05
3.9 2.85801520561e-05
3.91 2.78938398902e-05
3.92 2.72238304728e-05
3.93 2.65697417576e-05
3.94 2.59312004973e-05
3.95 2.53078420453e-05
3.96 2.46993101623e-05
3.97 2.41052568265e-05
3.98 2.35253420485e-05
3.99 2.29592336901e-05
4.0 2.24066072864e-05
4.01 2.18671458732e-05
4.02 2.13405398167e-05
4.03 2.08264866477e-05
4.04 2.03246908997e-05
4.05 1.98348639497e-05
4.06 1.93567238635e-05
4.07 1.88899952434e-05
4.08 1.84344090801e-05
4.09 1.79897026075e-05
4.1 1.75556191606e-05
4.11 1.71319080368e-05
4.12 1.67183243601e-05
4.13 1.63146289484e-05
4.14 1.59205881837e-05
4.15 1.5535973885e-05
4.16 1.51605631847e-05
4.17 1.47941384066e-05
4.18 1.44364869478e-05
4.19 1.40874011624e-05
4.2 1.37466782482e-05
4.21 1.34141201359e-05
4.22 1.30895333805e-05
4.23 1.27727290553e-05
4.24 1.24635226486e-05
4.25 1.21617339621e-05
4.26 1.18671870119e-05
4.27 1.15797099319e-05
4.28 1.12991348787e-05
4.29 1.10252979399e-05
4.3 1.07580390426e-05
4.31 1.04972018659e-05
4.32 1.02426337541e-05
4.33 9.99418563219e-06
4.34 9.75171192328e-06
4.35 9.5150704681e-06
4.36 9.28412244591e-06
4.37 9.05873229749e-06
4.38 8.83876764972e-06
4.39 8.62409924197e-06
4.4 8.41460085408e-06
4.41 8.21014923599e-06
4.42 8.01062403897e-06
4.43 7.81590774845e-06
4.44 7.62588561827e-06
4.45 7.44044560651e-06
4.46 7.2594783128e-06
4.47 7.08287691691e-06
4.48 6.91053711891e-06
4.49 6.74235708061e-06
4.5 6.5782373683e-06
4.51 6.41808089685e-06
4.52 6.26179287508e-06
4.53 6.10928075238e-06
4.54 5.96045416648e-06
4.55 5.81522489249e-06
4.56 5.67350679313e-06
4.57 5.53521576995e-06
4.58 5.40026971587e-06
4.59 5.26858846862e-06
4.6 5.14009376536e-06
4.61 5.01470919834e-06
4.62 4.89236017148e-06
4.63 4.77297385806e-06
4.64 4.65647915932e-06
4.65 4.54280666402e-06
4.66 4.43188860895e-06
4.67 4.32365884031e-06
4.68 4.21805277602e-06
4.69 4.11500736886e-06
4.7 4.01446107049e-06
4.71 3.91635379631e-06
4.72 3.82062689107e-06
4.73 3.72722309531e-06
4.74 3.63608651262e-06
4.75 3.54716257758e-06
4.76 3.46039802447e-06
4.77 3.37574085673e-06
4.78 3.29314031707e-06
4.79 3.21254685834e-06
4.8 3.13391211504e-06
4.81 3.05718887544e-06
4.82 2.98233105445e-06
4.83 2.90929366707e-06
4.84 2.83803280238e-06
4.85 2.76850559829e-06
4.86 2.70067021675e-06
4.87 2.63448581958e-06
4.88 2.56991254486e-06
4.89 2.50691148388e-06
4.9 2.44544465859e-06
4.91 2.38547499965e-06
4.92 2.32696632487e-06
4.93 2.2698833183e-06
4.94 2.21419150966e-06
4.95 2.15985725437e-06
4.96 2.10684771398e-06
4.97 2.05513083708e-06
4.98 2.00467534064e-06
4.99 1.9554506918e-06
5.0 1.90742709007e-06
5.01 1.86057544999e-06
5.02 1.81486738412e-06
5.03 1.77027518651e-06
5.04 1.72677181649e-06
5.05 1.68433088287e-06
5.06 1.64292662853e-06
5.07 1.60253391532e-06
5.08 1.56312820939e-06
5.09 1.52468556674e-06
5.1 1.48718261927e-06
5.11 1.45059656101e-06
5.12 1.41490513478e-06
5.13 1.38008661911e-06
5.14 1.34611981546e-06
5.15 1.31298403578e-06
5.16 1.28065909033e-06
5.17 1.24912527581e-06
5.18 1.21836336375e-06
5.19 1.18835458919e-06
5.2 1.1590806396e-06
5.21 1.13052364409e-06
5.22 1.10266616288e-06
5.23 1.07549117698e-06
5.24 1.04898207813e-06
5.25 1.02312265901e-06
5.26 9.97897103647e-07
5.27 9.73289978036e-07
5.28 9.49286221021e-07
5.29 9.25871135372e-07
5.3 9.03030379069e-07
5.31 8.807499568e-07
5.32 8.59016211659e-07
5.33 8.37815817038e-07
5.34 8.17135768711e-07
5.35 7.96963377112e-07
5.36 7.77286259783e-07
5.37 7.58092334017e-07
5.38 7.39369809661e-07
5.39 7.21107182103e-07
5.4 7.03293225411e-07
5.41 6.85916985646e-07
5.42 6.68967774333e-07
5.43 6.52435162081e-07
5.44 6.36308972356e-07
5.45 6.20579275411e-07
5.46 6.05236382346e-07
5.47 5.90270839319e-07
5.48 5.75673421897e-07
5.49 5.6143512953e-07
5.5 5.47547180165e-07
5.51 5.34001004991e-07
5.52 5.207882433e-07
5.53 5.07900737477e-07
5.54 4.95330528108e-07
5.55 4.83069849205e-07
5.56 4.71111123541e-07
5.57 4.59446958104e-07
5.58 4.48070139653e-07
5.59 4.36973630383e-07
5.6 4.2615056369e-07
5.61 4.15594240043e-07
5.62 4.0529812295e-07
5.63 3.95255835024e-07
5.64 3.85461154138e-07
5.65 3.75908009675e-07
5.66 3.66590478872e-07
5.67 3.57502783243e-07
5.68 3.48639285092e-07
5.69 3.39994484112e-07
5.7 3.31563014058e-07
5.71 3.23339639512e-07
5.72 3.1531925271e-07
5.73 3.07496870458e-07
5.74 2.99867631114e-07
5.75 2.92426791649e-07
5.76 2.85169724769e-07
5.77 2.78091916121e-07
5.78 2.71188961546e-07
5.79 2.64456564418e-07
5.8 2.57890533034e-07
5.81 2.51486778069e-07
5.82 2.45241310098e-07
5.83 2.39150237169e-07
5.84 2.33209762441e-07
5.85 2.27416181878e-07
5.86 2.21765881991e-07
5.87 2.16255337647e-07
5.88 2.10881109919e-07
5.89 2.05639843997e-07
5.9 2.00528267139e-07
5.91 1.95543186685e-07
5.92 1.90681488104e-07
5.93 1.85940133101e-07
5.94 1.81316157758e-07
5.95 1.76806670731e-07
5.96 1.72408851484e-07
5.97 1.68119948564e-07
5.98 1.63937277923e-07
5.99 1.59858221277e-07
6.0 1.55880224506e-07
6.01 1.52000796091e-07
6.02 1.48217505591e-07
6.03 1.44527982155e-07
6.04 1.4092991307e-07
6.05 1.37421042349e-07
6.06 1.3399916934e-07
6.07 1.30662147387e-07
6.08 1.27407882508e-07
6.09 1.24234332111e-07
6.1 1.21139503746e-07
6.11 1.18121453874e-07
6.12 1.1517828668e-07
6.13 1.12308152909e-07
6.14 1.09509248724e-07
6.15 1.06779814602e-07
6.16 1.04118134253e-07
6.17 1.01522533562e-07
6.18 9.89913795568e-08
6.19 9.65230794098e-08
6.2 9.41160794514e-08
6.21 9.17688642155e-08
6.22 8.94799555056e-08
6.23 8.72479114837e-08
6.24 8.50713257813e-08
6.25 8.29488266325e-08
6.26 8.08790760272e-08
6.27 7.8860768886e-08
6.28 7.68926322539e-08
6.29 7.49734245149e-08
6.3 7.31019346245e-08
6.31 7.12769813616e-08
6.32 6.94974125984e-08
6.33 6.77621045879e-08
6.34 6.60699612688e-08
6.35 6.44199135877e-08
6.36 6.28109188368e-08
6.37 6.1241960009e-08
6.38 5.97120451677e-08
6.39 5.82202068324e-08
6.4 5.67655013791e-08
6.41 5.53470084553e-08
6.42 5.39638304094e-08
6.43 5.26150917339e-08
6.44 5.12999385223e-08
6.45 5.00175379386e-08
6.46 4.87670777009e-08
6.47 4.75477655766e-08
6.48 4.63588288901e-08
6.49 4.51995140428e-08
6.5 4.4069086045e-08
6.51 4.29668280582e-08
6.52 4.18920409498e-08
6.53 4.08440428577e-08
6.54 3.98221687664e-08
6.55 3.88257700926e-08
6.56 3.78542142816e-08
6.57 3.69068844131e-08
6.58 3.59831788169e-08
6.59 3.50825106978e-08
6.6 3.42043077698e-08
6.61 3.33480118995e-08
6.62 3.25130787572e-08
6.63 3.16989774783e-08
6.64 3.0905190331e-08
6.65 3.01312123934e-08
6.66 2.93765512384e-08
6.67 2.86407266259e-08
6.68 2.79232702025e-08
6.69 2.72237252091e-08
6.7 2.65416461952e-08
6.71 2.58765987402e-08
6.72 2.52281591819e-08
6.73 2.45959143511e-08
6.74 2.39794613133e-08
6.75 2.33784071161e-08
6.76 2.27923685434e-08
6.77 2.22209718752e-08
6.78 2.16638526536e-08
6.79 2.11206554539e-08
6.8 2.05910336625e-08
6.81 2.00746492588e-08
6.82 1.95711726039e-08
6.83 1.90802822332e-08
6.84 1.86016646547e-08
6.85 1.81350141526e-08
6.86 1.76800325951e-08
6.87 1.7236429247e-08
6.88 1.68039205873e-08
6.89 1.63822301307e-08
6.9 1.59710882544e-08
6.91 1.55702320278e-08
6.92 1.51794050478e-08
6.93 1.47983572773e-08
6.94 1.44268448876e-08
6.95 1.40646301053e-08
6.96 1.37114810624e-08
6.97 1.33671716506e-08
6.98 1.30314813784e-08
6.99 1.27041952326e-08
7.0 1.23851035425e-08
7.01 1.2074001848e-08
7.02 1.17706907706e-08
7.03 1.14749758876e-08
7.04 1.11866676095e-08
7.05 1.09055810604e-08
7.06 1.06315359613e-08
7.07 1.03643565163e-08
7.08 1.01038713018e-08
7.09 9.84991315774e-09
7.1 9.60231908249e-09
7.11 9.36093012964e-09
7.12 9.12559130761e-09
7.13 8.89615148161e-09
7.14 8.67246327813e-09
7.15 8.4543829917e-09
7.16 8.241770494e-09
7.17 8.03448914519e-09
7.18 7.8324057074e-09
7.19 7.63539026045e-09
7.2 7.44331611951e-09
7.21 7.25605975492e-09
7.22 7.07350071392e-09
7.23 6.89552154429e-09
7.24 6.72200771999e-09
7.25 6.55284756847e-09
7.26 6.38793219994e-09
7.27 6.22715543826e-09
7.28 6.07041375359e-09
7.29 5.91760619675e-09
7.3 5.76863433509e-09
7.31 5.62340219003e-09
7.32 5.48181617615e-09
7.33 5.34378504173e-09
7.34 5.20921981077e-09
7.35 5.0780337265e-09
7.36 4.95014219623e-09
7.37 4.82546273758e-09
7.38 4.70391492602e-09
7.39 4.58542034377e-09
7.4 4.46990252992e-09
7.41 4.35728693173e-09
7.42 4.24750085727e-09
7.43 4.14047342911e-09
7.44 4.0361355392e-09
7.45 3.93441980488e-09
7.46 3.83526052599e-09
7.47 3.73859364297e-09
7.48 3.64435669609e-09
7.49 3.55248878561e-09
7.5 3.46293053301e-09
7.51 3.37562404311e-09
7.52 3.29051286712e-09
7.53 3.2075419667e-09
7.54 3.12665767882e-09
7.55 3.04780768152e-09
7.56 2.97094096052e-09
7.57 2.89600777665e-09
7.58 2.82295963413e-09
7.59 2.75174924955e-09
7.6 2.68233052172e-09
7.61 2.61465850218e-09
7.62 2.54868936651e-09
7.63 2.4843803863e-09
7.64 2.42168990186e-09
7.65 2.36057729557e-09
7.66 2.3010029659e-09
7.67 2.2429283021e-09
7.68 2.18631565951e-09
7.69 2.13112833542e-09
7.7 2.07733054566e-09
7.71 2.02488740162e-09
7.72 1.97376488796e-09
7.73 1.92392984083e-09
7.74 1.87534992659e-09
7.75 1.82799362113e-09
7.76 1.78183018969e-09
7.77 1.73682966712e-09
7.78 1.6929628387e-09
7.79 1.65020122139e-09
7.8 1.60851704562e-09
7.81 1.56788323741e-09
7.82 1.52827340105e-09
7.83 1.48966180216e-09
7.84 1.45202335117e-09
7.85 1.4153335872e-09
7.86 1.3795686624e-09
7.87 1.34470532661e-09
7.88 1.31072091243e-09
7.89 1.27759332066e-09
7.9 1.24530100613e-09
7.91 1.21382296383e-09
7.92 1.18313871542e-09
7.93 1.15322829606e-09
7.94 1.1240722416e-09
7.95 1.09565157603e-09
7.96 1.06794779931e-09
7.97 1.04094287545e-09
7.98 1.01461922092e-09
7.99 9.8895969332e-10
8.0 9.6394758036e-10
8.01 9.39566589105e-10
8.02 9.15800835479e-10
8.03 8.92634834041e-10
8.04 8.70053488013e-10
8.05 8.48042079553e-10
8.06 8.26586260276e-10
8.07 8.05672042008e-10
8.08 7.85285787771e-10
8.09 7.65414202994e-10
8.1 7.46044326942e-10
8.11 7.27163524358e-10
8.12 7.08759477318e-10
8.13 6.9082017728e-10
8.14 6.73333917346e-10
8.15 6.56289284698e-10
8.16 6.39675153241e-10
8.17 6.2348067642e-10
8.18 6.07695280214e-10
8.19 5.92308656315e-10
8.2 5.77310755466e-10
8.21 5.62691780973e-10
8.22 5.48442182377e-10
8.23 5.34552649283e-10
8.24 5.21014105341e-10
8.25 5.07817702385e-10
8.26 4.94954814709e-10
8.27 4.82417033495e-10
8.28 4.7019616137e-10
8.29 4.58284207108e-10
8.3 4.46673380463e-10
8.31 4.35356087123e-10
8.32 4.24324923804e-10
8.33 4.13572673452e-10
8.34 4.03092300576e-10
8.35 3.92876946693e-10
8.36 3.82919925887e-10
8.37 3.73214720477e-10
8.38 3.63754976802e-10
8.39 3.54534501098e-10
8.4 3.45547255491e-10
8.41 3.36787354083e-10
8.42 3.28249059134e-10
8.43 3.19926777348e-10
8.44 3.11815056247e-10
8.45 3.03908580631e-10
8.46 2.96202169134e-10
8.47 2.88690770867e-10
8.48 2.81369462135e-10
8.49 2.74233443246e-10
8.5 2.67278035399e-10
8.51 2.60498677644e-10
8.52 2.53890923922e-10
8.53 2.47450440181e-10
8.54 2.4117300156e-10
8.55 2.35054489646e-10
8.56 2.290908898e-10
8.57 2.23278288548e-10
8.58 2.1761287104e-10
8.59 2.12090918571e-10
8.6 2.06708806164e-10
8.61 2.01463000213e-10
8.62 1.96350056187e-10
8.63 1.91366616393e-10
8.64 1.86509407787e-10
8.65 1.81775239851e-10
8.66 1.77161002515e-10
8.67 1.72663664135e-10
8.68 1.6828026952e-10
8.69 1.64007938007e-10
8.7 1.5984386159e-10
8.71 1.55785303092e-10
8.72 1.5182959438e-10
8.73 1.47974134629e-10
8.74 1.44216388631e-10
8.75 1.4055388514e-10
8.76 1.36984215264e-10
8.77 1.33505030899e-10
8.78 1.30114043193e-10
8.79 1.26809021058e-10
8.8 1.23587789716e-10
8.81 1.20448229282e-10
8.82 1.17388273378e-10
8.83 1.14405907791e-10
8.84 1.11499169157e-10
8.85 1.0866614368e-10
8.86 1.05904965884e-10
8.87 1.03213817398e-10
8.88 1.00590925767e-10
8.89 9.80345632962e-11
8.9 9.55430459236e-11
8.91 9.31147321213e-11
8.92 9.07480218234e-11
8.93 8.84413553812e-11
8.94 8.61932125447e-11
8.95 8.40021114702e-11
8.96 8.18666077522e-11
8.97 7.97852934796e-11
8.98 7.77567963163e-11
8.99 7.5779778604e-11
9.0 7.38529364885e-11
9.01 7.1974999067e-11
9.02 7.01447275577e-11
9.03 6.83609144899e-11
9.04 6.66223829143e-11
9.05 6.49279856333e-11
9.06 6.3276604451e-11
9.07 6.16671494415e-11
9.08 6.00985582358e-11
9.09 5.8569795327e-11
9.1 5.70798513926e-11
9.11 5.56277426338e-11
9.12 5.42125101315e-11
9.13 5.28332192189e-11
9.14 5.14889588693e-11
9.15 5.01788410995e-11
9.16 4.89020003886e-11
9.17 4.76575931108e-11
9.18 4.64447969829e-11
9.19 4.52628105257e-11
9.2 4.41108525387e-11
9.21 4.29881615883e-11
9.22 4.18939955085e-11
9.23 4.08276309149e-11
9.24 3.97883627303e-11
9.25 3.87755037221e-11
9.26 3.77883840523e-11
9.27 3.68263508375e-11
9.28 3.58887677215e-11
9.29 3.49750144572e-11
9.3 3.40844865001e-11
9.31 3.32165946114e-11
9.32 3.23707644716e-11
9.33 3.15464363033e-11
9.34 3.07430645042e-11
9.35 2.99601172885e-11
9.36 2.91970763379e-11
9.37 2.84534364616e-11
9.38 2.77287052641e-11
9.39 2.70224028222e-11
9.4 2.63340613694e-11
9.41 2.56632249891e-11
9.42 2.50094493144e-11
9.43 2.43723012369e-11
9.44 2.37513586215e-11
9.45 2.31462100292e-11
9.46 2.25564544466e-11
9.47 2.19817010225e-11
9.48 2.14215688104e-11
9.49 2.08756865188e-11
9.5 2.03436922661e-11
9.51 1.98252333435e-11
9.52 1.93199659825e-11
9.53 1.88275551287e-11
9.54 1.83476742217e-11
9.55 1.78800049799e-11
9.56 1.74242371915e-11
9.57 1.69800685095e-11
9.58 1.65472042538e-11
9.59 1.61253572162e-11
9.6 1.5714247472e-11
9.61 1.53136021954e-11
9.62 1.49231554797e-11
9.63 1.45426481627e-11
9.64 1.41718276552e-11
9.65 1.38104477755e-11
9.66 1.34582685864e-11
9.67 1.31150562379e-11
9.68 1.27805828122e-11
9.69 1.24546261743e-11
9.7 1.21369698252e-11
9.71 1.18274027592e-11
9.72 1.1525719325e-11
9.73 1.12317190897e-11
9.74 1.09452067072e-11
9.75 1.06659917887e-11
9.76 1.03938887777e-11
9.77 1.01287168276e-11
9.78 9.87029968176e-12
9.79 9.61846555798e-12
9.8 9.37304703469e-12
9.81 9.13388094063e-12
9.82 8.90080824709e-12
9.83 8.67367396303e-12
9.84 8.45232703268e-12
9.85 8.23662023589e-12
9.86 8.02641009086e-12
9.87 7.82155675944e-12
9.88 7.62192395475e-12
9.89 7.4273788512e-12
9.9 7.23779199672e-12
9.91 7.05303722727e-12
9.92 6.87299158345e-12
9.93 6.6975352293e-12
9.94 6.52655137306e-12
9.95 6.35992619005e-12
9.96 6.19754874736e-12
9.97 6.03931093056e-12
9.98 5.88510737223e-12
9.99 5.7348353823e-12
