0.1 0.0240161201642
0.11 0.0262046847731
0.12 0.0283563878175
0.13 0.030471681504
0.14 0.0325510131429
0.15 0.034594825198
0.16 0.036603555335
0.17 0.0385776364708
0.18 0.0405174968213
0.19 0.0424235599492
0.2 0.0442962448108
0.21 0.0461359658035
0.22 0.0479431328115
0.23 0.0497181512517
0.24 0.0514614221193
0.25 0.0531733420326
0.26 0.0548543032777
0.27 0.0565046938523
0.28 0.0581248975095
0.29 0.0597152938011
0.3 0.0612762581203
0.31 0.0628081617442
0.32 0.0643113718756
0.33 0.0657862516847
0.34 0.0672331603502
0.35 0.0686524531001
0.36 0.0700444812521
0.37 0.0714095922535
0.38 0.0727481297206
0.39 0.0740604334784
0.4 0.0753468395989
0.41 0.0766076804398
0.42 0.0778432846824
0.43 0.0790539773693
0.44 0.0802400799419
0.45 0.0814019102772
0.46 0.0825397827243
0.47 0.0836540081407
0.48 0.0847448939284
0.49 0.085812744069
0.5 0.0868578591592
0.51 0.0878805364454
0.52 0.0888810698584
0.53 0.0898597500475
0.54 0.090816864414
0.55 0.0917526971453
0.56 0.0926675292473
0.57 0.0935616385781
0.58 0.0944352998794
0.59 0.0952887848099
0.6 0.0961223619762
0.61 0.0969362969648
0.62 0.0977308523734
0.63 0.0985062878415
0.64 0.0992628600813
0.65 0.100000822908
0.66 0.10072042727
0.67 0.101421921278
0.68 0.102105550235
0.69 0.102771556666
0.7 0.103420180345
0.71 0.104051658326
0.72 0.104666224968
0.73 0.105264111968
0.74 0.105845548384
0.75 0.106410760664
0.76 0.106959972674
0.77 0.107493405726
0.78 0.1080112786
0.79 0.108513807576
0.8 0.109001206456
0.81 0.109473686592
0.82 0.109931456912
0.83 0.110374723943
0.84 0.110803691839
0.85 0.111218562403
0.86 0.111619535113
0.87 0.112006807149
0.88 0.112380573411
0.89 0.112741026549
0.9 0.113088356983
0.91 0.113422752929
0.92 0.113744400418
0.93 0.114053483324
0.94 0.114350183384
0.95 0.11463468022
0.96 0.114907151362
0.97 0.115167772273
0.98 0.115416716365
0.99 0.115654155024
1.0 0.115880257633
1.01 0.11609519159
1.02 0.11629912233
1.03 0.116492213347
1.04 0.116674626214
1.05 0.1168465206
1.06 0.117008054297
1.07 0.117159383233
1.08 0.117300661497
1.09 0.117432041356
1.1 0.117553673273
1.11 0.11766570593
1.12 0.117768286243
1.13 0.117861559385
1.14 0.117945668801
1.15 0.118020756227
1.16 0.118086961709
1.17 0.118144423622
1.18 0.118193278687
1.19 0.118233661987
1.2 0.118265706987
1.21 0.118289545549
1.22 0.118305307953
1.23 0.11831312291
1.24 0.118313117579
1.25 0.118305417587
1.26 0.118290147041
1.27 0.11826742855
1.28 0.118237383236
1.29 0.11820013075
1.3 0.118155789293
1.31 0.118104475626
1.32 0.118046305089
1.33 0.117981391614
1.34 0.117909847742
1.35 0.117831784637
1.36 0.117747312102
1.37 0.117656538593
1.38 0.117559571232
1.39 0.117456515824
1.4 0.117347476871
1.41 0.117232557584
1.42 0.117111859901
1.43 0.116985484494
1.44 0.116853530791
1.45 0.116716096984
1.46 0.116573280044
1.47 0.116425175734
1.48 0.116271878624
1.49 0.116113482101
1.5 0.115950078385
1.51 0.115781758537
1.52 0.115608612479
1.53 0.115430729001
1.54 0.115248195773
1.55 0.115061099361
1.56 0.114869525237
1.57 0.11467355779
1.58 0.11447328034
1.59 0.114268775149
1.6 0.114060123433
1.61 0.11384740537
1.62 0.113630700119
1.63 0.113410085824
1.64 0.113185639627
1.65 0.112957437682
1.66 0.112725555164
1.67 0.112490066279
1.68 0.112251044274
1.69 0.112008561452
1.7 0.111762689178
1.71 0.111513497891
1.72 0.111261057115
1.73 0.111005435468
1.74 0.110746700672
1.75 0.110484919565
1.76 0.110220158109
1.77 0.109952481398
1.78 0.109681953674
1.79 0.10940863833
1.8 0.109132597921
1.81 0.108853894177
1.82 0.108572588007
1.83 0.108288739512
1.84 0.108002407993
1.85 0.10771365196
1.86 0.10742252914
1.87 0.107129096488
1.88 0.106833410193
1.89 0.106535525687
1.9 0.106235497657
1.91 0.10593338005
1.92 0.105629226081
1.93 0.105323088245
1.94 0.10501501832
1.95 0.10470506738
1.96 0.104393285799
1.97 0.104079723263
1.98 0.103764428775
1.99 0.103447450662
2.0 0.103128836586
2.01 0.102808633548
2.02 0.102486887899
2.03 0.102163645346
2.04 0.101838950957
2.05 0.101512849171
2.06 0.101185383807
2.07 0.100856598066
2.08 0.100526534542
2.09 0.100195235227
2.1 0.0998627415216
2.11 0.0995290942356
2.12 0.0991943336
2.13 0.0988584992716
2.14 0.09852163034
2.15 0.0981837653343
2.16 0.097844942229
2.17 0.0975051984514
2.18 0.0971645708872
2.19 0.0968230958869
2.2 0.0964808092726
2.21 0.0961377463433
2.22 0.0957939418816
2.23 0.0954494301598
2.24 0.0951042449452
2.25 0.0947584195068
2.26 0.0944119866208
2.27 0.0940649785762
2.28 0.0937174271808
2.29 0.0933693637668
2.3 0.0930208191964
2.31 0.0926718238672
2.32 0.092322407718
2.33 0.0919726002338
2.34 0.0916224304515
2.35 0.0912719269653
2.36 0.0909211179314
2.37 0.0905700310739
2.38 0.0902186936894
2.39 0.0898671326524
2.4 0.0895153744201
2.41 0.0891634450378
2.42 0.0888113701431
2.43 0.0884591749717
2.44 0.0881068843614
2.45 0.0877545227573
2.46 0.0874021142165
2.47 0.0870496824126
2.48 0.0866972506404
2.49 0.0863448418207
2.5 0.0859924785043
2.51 0.085640182877
2.52 0.0852879767637
2.53 0.084935881633
2.54 0.0845839186012
2.55 0.084232108437
2.56 0.0838804715655
2.57 0.0835290280723
2.58 0.0831777977078
2.59 0.0828267998914
2.6 0.0824760537153
2.61 0.0821255779486
2.62 0.0817753910413
2.63 0.0814255111285
2.64 0.0810759560336
2.65 0.0807267432729
2.66 0.0803778900589
2.67 0.0800294133042
2.68 0.0796813296252
2.69 0.0793336553459
2.7 0.0789864065014
2.71 0.0786395988417
2.72 0.0782932478347
2.73 0.0779473686706
2.74 0.0776019762645
2.75 0.0772570852605
2.76 0.0769127100347
2.77 0.0765688646989
2.78 0.0762255631035
2.79 0.0758828188411
2.8 0.07554064525
2.81 0.0751990554167
2.82 0.0748580621797
2.83 0.0745176781325
2.84 0.0741779156266
2.85 0.0738387867747
2.86 0.0735003034537
2.87 0.0731624773078
2.88 0.0728253197512
2.89 0.0724888419714
2.9 0.0721530549321
2.91 0.0718179693757
2.92 0.0714835958265
2.93 0.0711499445936
2.94 0.0708170257732
2.95 0.0704848492519
2.96 0.0701534247093
2.97 0.0698227616202
2.98 0.0694928692582
2.99 0.0691637566973
3.0 0.0688354328154
3.01 0.0685079062963
3.02 0.0681811856325
3.03 0.0678552791276
3.04 0.0675301948989
3.05 0.0672059408799
3.06 0.0668825248226
3.07 0.0665599542999
3.08 0.0662382367082
3.09 0.0659173792694
3.1 0.0655973890338
3.11 0.0652782728816
3.12 0.064960037526
3.13 0.0646426895149
3.14 0.0643262352333
3.15 0.0640106809056
3.16 0.0636960325975
3.17 0.0633822962185
3.18 0.0630694775239
3.19 0.0627575821167
3.2 0.0624466154499
3.21 0.0621365828285
3.22 0.0618274894116
3.23 0.0615193402143
3.24 0.0612121401098
3.25 0.060905893831
3.26 0.0606006059731
3.27 0.0602962809949
3.28 0.0599929232212
3.29 0.0596905368441
3.3 0.0593891259254
3.31 0.0590886943982
3.32 0.0587892460686
3.33 0.0584907846178
3.34 0.0581933136036
3.35 0.057896836462
3.36 0.0576013565096
3.37 0.0573068769445
3.38 0.0570134008485
3.39 0.0567209311888
3.4 0.0564294708191
3.41 0.0561390224819
3.42 0.0558495888099
3.43 0.0555611723271
3.44 0.0552737754513
3.45 0.0549874004948
3.46 0.0547020496665
3.47 0.0544177250731
3.48 0.0541344287206
3.49 0.0538521625162
3.5 0.0535709282692
3.51 0.0532907276929
3.52 0.0530115624057
3.53 0.0527334339328
3.54 0.0524563437073
3.55 0.052180293072
3.56 0.0519052832804
3.57 0.051631315498
3.58 0.051358390804
3.59 0.0510865101924
3.6 0.0508156745734
3.61 0.0505458847744
3.62 0.0502771415417
3.63 0.0500094455414
3.64 0.0497427973608
3.65 0.0494771975099
3.66 0.0492126464218
3.67 0.048949144455
3.68 0.0486866918935
3.69 0.0484252889489
3.7 0.048164935761
3.71 0.0479056323989
3.72 0.0476473788625
3.73 0.0473901750834
3.74 0.047134020926
3.75 0.0468789161887
3.76 0.0466248606047
3.77 0.0463718538434
3.78 0.0461198955113
3.79 0.045868985153
3.8 0.0456191222521
3.81 0.0453703062327
3.82 0.0451225364599
3.83 0.0448758122408
3.84 0.0446301328258
3.85 0.0443854974095
3.86 0.0441419051313
3.87 0.0438993550767
3.88 0.0436578462781
3.89 0.0434173777157
3.9 0.0431779483184
3.91 0.0429395569649
3.92 0.0427022024842
3.93 0.0424658836568
3.94 0.0422305992152
3.95 0.0419963478454
3.96 0.0417631281869
3.97 0.0415309388343
3.98 0.0412997783374
3.99 0.0410696452028
4.0 0.040840537894
4.01 0.0406124548325
4.02 0.0403853943987
4.03 0.0401593549321
4.04 0.0399343347331
4.05 0.0397103320625
4.06 0.0394873451433
4.07 0.0392653721607
4.08 0.0390444112633
4.09 0.0388244605635
4.1 0.0386055181384
4.11 0.0383875820304
4.12 0.0381706502479
4.13 0.0379547207658
4.14 0.0377397915266
4.15 0.0375258604407
4.16 0.0373129253872
4.17 0.0371009842143
4.18 0.0368900347404
4.19 0.0366800747542
4.2 0.0364711020158
4.21 0.0362631142569
4.22 0.0360561091816
4.23 0.0358500844671
4.24 0.035645037764
4.25 0.035440966697
4.26 0.0352378688658
4.27 0.035035741845
4.28 0.0348345831852
4.29 0.0346343904135
4.3 0.0344351610336
4.31 0.0342368925268
4.32 0.0340395823524
4.33 0.0338432279483
4.34 0.033647826731
4.35 0.033453376097
4.36 0.0332598734224
4.37 0.033067316064
4.38 0.0328757013596
4.39 0.0326850266283
4.4 0.0324952891713
4.41 0.0323064862722
4.42 0.0321186151972
4.43 0.0319316731962
4.44 0.0317456575025
4.45 0.0315605653338
4.46 0.0313763938924
4.47 0.0311931403656
4.48 0.0310108019262
4.49 0.030829375733
4.5 0.0306488589311
4.51 0.0304692486521
4.52 0.030290542015
4.53 0.0301127361262
4.54 0.0299358280798
4.55 0.0297598149586
4.56 0.0295846938338
4.57 0.0294104617655
4.58 0.0292371158036
4.59 0.0290646529874
4.6 0.0288930703465
4.61 0.028722364901
4.62 0.0285525336616
4.63 0.0283835736304
4.64 0.028215481801
4.65 0.0280482551586
4.66 0.0278818906808
4.67 0.0277163853375
4.68 0.0275517360916
4.69 0.0273879398989
4.7 0.0272249937088
4.71 0.0270628944643
4.72 0.0269016391024
4.73 0.0267412245546
4.74 0.0265816477468
4.75 0.0264229056
4.76 0.0262649950302
4.77 0.0261079129488
4.78 0.0259516562633
4.79 0.0257962218769
4.8 0.025641606689
4.81 0.0254878075958
4.82 0.02533482149
4.83 0.0251826452616
4.84 0.0250312757978
4.85 0.0248807099831
4.86 0.0247309447002
4.87 0.0245819768295
4.88 0.0244338032497
4.89 0.0242864208381
4.9 0.0241398264706
4.91 0.0239940170222
4.92 0.0238489893667
4.93 0.0237047403777
4.94 0.023561266928
4.95 0.0234185658905
4.96 0.023276634138
4.97 0.0231354685433
4.98 0.02299506598
4.99 0.0228554233219
5.0 0.0227165374439
5.01 0.0225784052218
5.02 0.0224410235323
5.03 0.0223043892539
5.04 0.0221684992664
5.05 0.0220333504513
5.06 0.021898939692
5.07 0.0217652638741
5.08 0.0216323198853
5.09 0.0215001046157
5.1 0.021368614958
5.11 0.0212378478077
5.12 0.0211078000629
5.13 0.0209784686252
5.14 0.020849850399
5.15 0.0207219422921
5.16 0.020594741216
5.17 0.0204682440856
5.18 0.0203424478198
5.19 0.0202173493411
5.2 0.0200929455763
5.21 0.0199692334564
5.22 0.0198462099165
5.23 0.0197238718965
5.24 0.0196022163404
5.25 0.0194812401974
5.26 0.0193609404212
5.27 0.0192413139706
5.28 0.0191223578092
5.29 0.0190040689063
5.3 0.0188864442359
5.31 0.0187694807778
5.32 0.0186531755172
5.33 0.018537525445
5.34 0.0184225275576
5.35 0.0183081788574
5.36 0.0181944763528
5.37 0.0180814170581
5.38 0.0179689979938
5.39 0.0178572161866
5.4 0.0177460686695
5.41 0.0176355524819
5.42 0.0175256646697
5.43 0.0174164022855
5.44 0.0173077623885
5.45 0.0171997420446
5.46 0.0170923383265
5.47 0.016985548314
5.48 0.0168793690938
5.49 0.0167737977596
5.5 0.0166688314124
5.51 0.0165644671603
5.52 0.0164607021188
5.53 0.0163575334107
5.54 0.0162549581662
5.55 0.016152973523
5.56 0.0160515766266
5.57 0.0159507646298
5.58 0.0158505346933
5.59 0.0157508839855
5.6 0.0156518096827
5.61 0.0155533089688
5.62 0.015455379036
5.63 0.0153580170842
5.64 0.0152612203215
5.65 0.015164985964
5.66 0.0150693112361
5.67 0.0149741933701
5.68 0.0148796296068
5.69 0.0147856171953
5.7 0.0146921533927
5.71 0.014599235465
5.72 0.0145068606861
5.73 0.0144150263387
5.74 0.014323729714
5.75 0.0142329681115
5.76 0.0141427388395
5.77 0.0140530392148
5.78 0.013963866563
5.79 0.0138752182182
5.8 0.0137870915234
5.81 0.0136994838302
5.82 0.0136123924992
5.83 0.0135258148995
5.84 0.0134397484094
5.85 0.0133541904159
5.86 0.0132691383148
5.87 0.013184589511
5.88 0.0131005414183
5.89 0.0130169914595
5.9 0.0129339370664
5.91 0.0128513756798
5.92 0.0127693047496
5.93 0.0126877217346
5.94 0.0126066241029
5.95 0.0125260093316
5.96 0.012445874907
5.97 0.0123662183244
5.98 0.0122870370884
5.99 0.0122083287127
6.0 0.0121300907202
6.01 0.012052320643
6.02 0.0119750160224
6.03 0.0118981744089
6.04 0.0118217933624
6.05 0.0117458704518
6.06 0.0116704032554
6.07 0.0115953893607
6.08 0.0115208263646
6.09 0.0114467118732
6.1 0.0113730435018
6.11 0.0112998188751
6.12 0.011227035627
6.13 0.011154691401
6.14 0.0110827838494
6.15 0.0110113106342
6.16 0.0109402694266
6.17 0.0108696579072
6.18 0.0107994737656
6.19 0.0107297147012
6.2 0.0106603784223
6.21 0.0105914626466
6.22 0.0105229651014
6.23 0.0104548835229
6.24 0.010387215657
6.25 0.0103199592585
6.26 0.0102531120919
6.27 0.0101866719306
6.28 0.0101206365578
6.29 0.0100550037654
6.3 0.00998977135509
6.31 0.00992493713755
6.32 0.0098604989328
6.33 0.00979645457016
6.34 0.00973280188817
6.35 0.00966953873463
6.36 0.00960666296657
6.37 0.00954417245026
6.38 0.00948206506118
6.39 0.00942033868405
6.4 0.00935899121275
6.41 0.00929802055038
6.42 0.00923742460921
6.43 0.00917720131065
6.44 0.00911734858532
6.45 0.00905786437293
6.46 0.00899874662234
6.47 0.00893999329154
6.48 0.0088816023476
6.49 0.00882357176668
6.5 0.00876589953404
6.51 0.00870858364396
6.52 0.0086516220998
6.53 0.00859501291392
6.54 0.00853875410772
6.55 0.00848284371157
6.56 0.00842727976484
6.57 0.00837206031586
6.58 0.0083171834219
6.59 0.00826264714917
6.6 0.00820844957278
6.61 0.00815458877673
6.62 0.00810106285392
6.63 0.00804786990609
6.64 0.0079950080438
6.65 0.00794247538648
6.66 0.00789027006229
6.67 0.00783839020824
6.68 0.00778683397005
6.69 0.00773559950221
6.7 0.0076846849679
6.71 0.00763408853904
6.72 0.00758380839618
6.73 0.00753384272856
6.74 0.00748418973406
6.75 0.00743484761914
6.76 0.0073858145989
6.77 0.00733708889696
6.78 0.00728866874553
6.79 0.00724055238531
6.8 0.00719273806555
6.81 0.00714522404393
6.82 0.00709800858662
6.83 0.00705108996822
6.84 0.00700446647173
6.85 0.00695813638855
6.86 0.00691209801844
6.87 0.0068663496695
6.88 0.00682088965815
6.89 0.00677571630909
6.9 0.00673082795531
6.91 0.00668622293802
6.92 0.00664189960668
6.93 0.0065978563189
6.94 0.00655409144051
6.95 0.00651060334545
6.96 0.00646739041579
6.97 0.0064244510417
6.98 0.00638178362141
6.99 0.0063393865612
7.0 0.00629725827537
7.01 0.0062553971862
7.02 0.00621380172395
7.03 0.00617247032682
7.04 0.00613140144091
7.05 0.00609059352024
7.06 0.00605004502666
7.07 0.00600975442987
7.08 0.00596972020738
7.09 0.00592994084449
7.1 0.00589041483424
7.11 0.00585114067741
7.12 0.0058121168825
7.13 0.00577334196565
7.14 0.00573481445069
7.15 0.00569653286904
7.16 0.00565849575974
7.17 0.00562070166939
7.18 0.00558314915212
7.19 0.00554583676961
7.2 0.00550876309099
7.21 0.00547192669287
7.22 0.00543532615929
7.23 0.00539896008169
7.24 0.00536282705891
7.25 0.00532692569712
7.26 0.00529125460981
7.27 0.00525581241779
7.28 0.00522059774912
7.29 0.00518560923911
7.3 0.00515084553028
7.31 0.00511630527233
7.32 0.00508198712214
7.33 0.00504788974369
7.34 0.00501401180809
7.35 0.00498035199352
7.36 0.00494690898519
7.37 0.00491368147536
7.38 0.00488066816325
7.39 0.00484786775507
7.4 0.00481527896395
7.41 0.00478290050995
7.42 0.00475073112
7.43 0.00471876952787
7.44 0.00468701447417
7.45 0.00465546470632
7.46 0.00462411897848
7.47 0.00459297605159
7.48 0.00456203469327
7.49 0.00453129367785
7.5 0.0045007517863
7.51 0.00447040780626
7.52 0.00444026053192
7.53 0.0044103087641
7.54 0.00438055131013
7.55 0.00435098698388
7.56 0.0043216146057
7.57 0.00429243300243
7.58 0.00426344100733
7.59 0.00423463746007
7.6 0.00420602120671
7.61 0.00417759109967
7.62 0.00414934599768
7.63 0.0041212847658
7.64 0.00409340627533
7.65 0.00406570940385
7.66 0.00403819303513
7.67 0.00401085605915
7.68 0.00398369737205
7.69 0.00395671587611
7.7 0.0039299104797
7.71 0.00390328009731
7.72 0.00387682364944
7.73 0.00385054006266
7.74 0.00382442826952
7.75 0.00379848720855
7.76 0.00377271582422
7.77 0.00374711306694
7.78 0.00372167789299
7.79 0.00369640926453
7.8 0.00367130614956
7.81 0.00364636752189
7.82 0.00362159236112
7.83 0.00359697965261
7.84 0.00357252838746
7.85 0.00354823756246
7.86 0.0035241061801
7.87 0.00350013324851
7.88 0.00347631778146
7.89 0.00345265879831
7.9 0.00342915532401
7.91 0.00340580638904
7.92 0.00338261102942
7.93 0.00335956828667
7.94 0.00333667720777
7.95 0.00331393684514
7.96 0.00329134625664
7.97 0.00326890450551
7.98 0.00324661066036
7.99 0.00322446379515
8.0 0.00320246298914
8.01 0.0031806073269
8.02 0.00315889589826
8.03 0.00313732779828
8.04 0.00311590212725
8.05 0.00309461799064
8.06 0.00307347449909
8.07 0.00305247076837
8.08 0.00303160591939
8.09 0.00301087907813
8.1 0.00299028937562
8.11 0.00296983594796
8.12 0.00294951793625
8.13 0.00292933448658
8.14 0.00290928475001
8.15 0.00288936788254
8.16 0.00286958304508
8.17 0.00284992940345
8.18 0.00283040612831
8.19 0.00281101239518
8.2 0.00279174738442
8.21 0.00277261028114
8.22 0.00275360027527
8.23 0.00273471656144
8.24 0.00271595833903
8.25 0.00269732481214
8.26 0.00267881518949
8.27 0.0026604286845
8.28 0.00264216451521
8.29 0.00262402190425
8.3 0.00260600007884
8.31 0.00258809827076
8.32 0.00257031571632
8.33 0.00255265165635
8.34 0.00253510533617
8.35 0.00251767600555
8.36 0.00250036291872
8.37 0.00248316533432
8.38 0.0024660825154
8.39 0.00244911372937
8.4 0.00243225824799
8.41 0.00241551534736
8.42 0.00239888430789
8.43 0.00238236441427
8.44 0.00236595495544
8.45 0.0023496552246
8.46 0.00233346451915
8.47 0.00231738214069
8.48 0.00230140739502
8.49 0.00228553959205
8.5 0.00226977804584
8.51 0.00225412207457
8.52 0.00223857100049
8.53 0.00222312414992
8.54 0.00220778085322
8.55 0.00219254044478
8.56 0.00217740226298
8.57 0.00216236565019
8.58 0.00214742995275
8.59 0.0021325945209
8.6 0.00211785870883
8.61 0.00210322187462
8.62 0.0020886833802
8.63 0.0020742425914
8.64 0.00205989887783
8.65 0.00204565161296
8.66 0.00203150017402
8.67 0.00201744394203
8.68 0.00200348230174
8.69 0.00198961464167
8.7 0.00197584035401
8.71 0.00196215883466
8.72 0.00194856948319
8.73 0.00193507170282
8.74 0.00192166490041
8.75 0.0019083484864
8.76 0.00189512187487
8.77 0.00188198448343
8.78 0.00186893573327
8.79 0.0018559750491
8.8 0.00184310185914
8.81 0.00183031559511
8.82 0.00181761569221
8.83 0.0018050015891
8.84 0.00179247272786
8.85 0.00178002855401
8.86 0.00176766851644
8.87 0.00175539206746
8.88 0.00174319866271
8.89 0.00173108776118
8.9 0.0017190588252
8.91 0.00170711132039
8.92 0.00169524471567
8.93 0.00168345848322
8.94 0.00167175209847
8.95 0.0016601250401
8.96 0.00164857678999
8.97 0.00163710683322
8.98 0.00162571465806
8.99 0.00161439975593
9.0 0.0016031616214
9.01 0.00159199975216
9.02 0.00158091364901
9.03 0.00156990281586
9.04 0.00155896675968
9.05 0.00154810499048
9.06 0.00153731702133
9.07 0.00152660236833
9.08 0.00151596055057
9.09 0.00150539109012
9.1 0.00149489351205
9.11 0.00148446734435
9.12 0.00147411211799
9.13 0.00146382736681
9.14 0.0014536126276
9.15 0.00144346744001
9.16 0.00143339134658
9.17 0.00142338389269
9.18 0.00141344462656
9.19 0.00140357309924
9.2 0.0013937688646
9.21 0.00138403147926
9.22 0.00137436050265
9.23 0.00136475549695
9.24 0.00135521602707
9.25 0.00134574166067
9.26 0.0013363319681
9.27 0.00132698652242
9.28 0.00131770489935
9.29 0.0013084866773
9.3 0.00129933143731
9.31 0.00129023876308
9.32 0.00128120824088
9.33 0.00127223945964
9.34 0.00126333201084
9.35 0.00125448548854
9.36 0.00124569948938
9.37 0.00123697361252
9.38 0.00122830745965
9.39 0.00121970063498
9.4 0.00121115274524
9.41 0.0012026633996
9.42 0.00119423220974
9.43 0.00118585878977
9.44 0.00117754275627
9.45 0.00116928372821
9.46 0.00116108132701
9.47 0.00115293517647
9.48 0.00114484490276
9.49 0.00113681013446
9.5 0.00112883050247
9.51 0.00112090564006
9.52 0.0011130351828
9.53 0.00110521876861
9.54 0.00109745603769
9.55 0.00108974663253
9.56 0.00108209019789
9.57 0.00107448638082
9.58 0.00106693483059
9.59 0.0010594351987
9.6 0.0010519871389
9.61 0.00104459030712
9.62 0.00103724436151
9.63 0.00102994896238
9.64 0.00102270377222
9.65 0.00101550845567
9.66 0.00100836267954
9.67 0.00100126611273
9.68 0.000994218426276
9.69 0.000987219293333
9.7 0.000980268389132
9.71 0.000973365390989
9.72 0.000966509978289
9.73 0.000959701832471
9.74 0.000952940637019
9.75 0.000946226077447
9.76 0.000939557841287
9.77 0.000932935618081
9.78 0.000926359099361
9.79 0.000919827978646
9.8 0.000913341951424
9.81 0.000906900715141
9.82 0.000900503969192
9.83 0.000894151414906
9.84 0.000887842755536
9.85 0.000881577696249
9.86 0.00087535594411
9.87 0.000869177208074
9.88 0.000863041198975
9.89 0.000856947629512
9.9 0.000850896214239
9.91 0.000844886669555
9.92 0.000838918713691
9.93 0.000832992066698
9.94 0.000827106450441
9.95 0.000821261588581
9.96 0.00081545720657
9.97 0.000809693031636
9.98 0.000803968792775
9.99 0.000798284220738
