10 0.00929105270185
11 0.010220157972
12 0.0111492632422
13 0.0120783685124
14 0.0130074737826
15 0.0139365790528
16 0.014865684323
17 0.0157947895932
18 0.0167238948633
19 0.0176530001335
20 0.0185821054037
21 0.0195112106739
22 0.0204403159441
23 0.0213694212143
24 0.0222985264845
25 0.0232276317546
26 0.0241567370248
27 0.025085842295
28 0.0260149475652
29 0.0269440528354
30 0.0278731581056
31 0.0288022633757
32 0.0297313686459
33 0.0306604739161
34 0.0315895791863
35 0.0325186844565
36 0.0334477897267
37 0.0343768949969
38 0.035306000267
39 0.0362351055372
40 0.0371642108074
41 0.0380933160776
42 0.0390224213478
43 0.039951526618
44 0.0408806318882
45 0.0418097371583
46 0.0427388424285
47 0.0436679476987
48 0.0445970529689
49 0.0455261582391
50 0.0464552635093
51 0.0473843687795
52 0.0483134740496
53 0.0492425793198
54 0.05017168459
55 0.0511007898602
56 0.0520298951304
57 0.0529590004006
58 0.0538881056708
59 0.0548172109409
60 0.0557463162111
61 0.0566754214813
62 0.0576045267515
63 0.0585336320217
64 0.0594627372919
65 0.0603918425621
66 0.0613209478322
67 0.0622500531024
68 0.0631791583726
69 0.0641082636428
70 0.065037368913
71 0.0659664741832
72 0.0668955794534
73 0.0678246847235
74 0.0687537899937
75 0.0696828952639
76 0.0706120005341
77 0.0715411058043
78 0.0724702110745
79 0.0733993163446
80 0.0743284216148
81 0.075257526885
82 0.0761866321552
83 0.0771157374254
84 0.0780448426956
85 0.0789739479658
86 0.0799030532359
87 0.0808321585061
88 0.0817612637763
89 0.0826903690465
90 0.0836194743167
91 0.0845485795869
92 0.0854776848571
93 0.0864067901272
94 0.0873358953974
95 0.0882650006676
96 0.0891941059378
97 0.090123211208
98 0.0910523164782
99 0.0919814217484
100 0.0929105270185
101 0.0938396322887
102 0.0947687375589
103 0.0956978428291
104 0.0966269480993
105 0.0975560533695
106 0.0984851586397
107 0.0994142639098
108 0.10034336918
109 0.10127247445
110 0.10220157972
111 0.103130684991
112 0.104059790261
113 0.104988895531
114 0.105918000801
115 0.106847106071
116 0.107776211342
117 0.108705316612
118 0.109634421882
119 0.110563527152
120 0.111492632422
121 0.112421737692
122 0.113350842963
123 0.114279948233
124 0.115209053503
125 0.116138158773
126 0.117067264043
127 0.117996369314
128 0.118925474584
129 0.119854579854
130 0.120783685124
131 0.121712790394
132 0.122641895664
133 0.123571000935
134 0.124500106205
135 0.125429211475
136 0.126358316745
137 0.127287422015
138 0.128216527286
139 0.129145632556
140 0.130074737826
141 0.131003843096
142 0.131932948366
143 0.132862053637
144 0.133791158907
145 0.134720264177
146 0.135649369447
147 0.136578474717
148 0.137507579987
149 0.138436685258
150 0.139365790528
151 0.140294895798
152 0.141224001068
153 0.142153106338
154 0.143082211609
155 0.144011316879
156 0.144940422149
157 0.145869527419
158 0.146798632689
159 0.147727737959
160 0.14865684323
161 0.1495859485
162 0.15051505377
163 0.15144415904
164 0.15237326431
165 0.153302369581
166 0.154231474851
167 0.155160580121
168 0.156089685391
169 0.157018790661
170 0.157947895932
171 0.158877001202
172 0.159806106472
173 0.160735211742
174 0.161664317012
175 0.162593422282
176 0.163522527553
177 0.164451632823
178 0.165380738093
179 0.166309843363
180 0.167238948633
181 0.168168053904
182 0.169097159174
183 0.170026264444
184 0.170955369714
185 0.171884474984
186 0.172813580254
187 0.173742685525
188 0.174671790795
189 0.175600896065
190 0.176530001335
191 0.177459106605
192 0.178388211876
193 0.179317317146
194 0.180246422416
195 0.181175527686
196 0.182104632956
197 0.183033738227
198 0.183962843497
199 0.184891948767
200 0.185821054037
201 0.186750159307
202 0.187679264577
203 0.188608369848
204 0.189537475118
205 0.190466580388
206 0.191395685658
207 0.192324790928
208 0.193253896199
209 0.194183001469
210 0.195112106739
211 0.196041212009
212 0.196970317279
213 0.197899422549
214 0.19882852782
215 0.19975763309
216 0.20068673836
217 0.20161584363
218 0.2025449489
219 0.203474054171
220 0.204403159441
221 0.205332264711
222 0.206261369981
223 0.207190475251
224 0.208119580522
225 0.209048685792
226 0.209977791062
227 0.210906896332
228 0.211836001602
229 0.212765106872
230 0.213694212143
231 0.214623317413
232 0.215552422683
233 0.216481527953
234 0.217410633223
235 0.218339738494
236 0.219268843764
237 0.220197949034
238 0.221127054304
239 0.222056159574
240 0.222985264845
241 0.223914370115
242 0.224843475385
243 0.225772580655
244 0.226701685925
245 0.227630791195
246 0.228559896466
247 0.229489001736
248 0.230418107006
249 0.231347212276
250 0.232276317546
251 0.233205422817
252 0.234134528087
253 0.235063633357
254 0.235992738627
255 0.236921843897
256 0.237850949167
257 0.238780054438
258 0.239709159708
259 0.240638264978
260 0.241567370248
261 0.242496475518
262 0.243425580789
263 0.244354686059
264 0.245283791329
265 0.246212896599
266 0.247142001869
267 0.24807110714
268 0.24900021241
269 0.24992931768
270 0.25085842295
271 0.25178752822
272 0.25271663349
273 0.253645738761
274 0.254574844031
275 0.255503949301
276 0.256433054571
277 0.257362159841
278 0.258291265112
279 0.259220370382
280 0.260149475652
281 0.261078580922
282 0.262007686192
283 0.262936791462
284 0.263865896733
285 0.264795002003
286 0.265724107273
287 0.266653212543
288 0.267582317813
289 0.268511423084
290 0.269440528354
291 0.270369633624
292 0.271298738894
293 0.272227844164
294 0.273156949435
295 0.274086054705
296 0.275015159975
297 0.275944265245
298 0.276873370515
299 0.277802475785
300 0.278731581056
301 0.279660686326
302 0.280589791596
303 0.281518896866
304 0.282448002136
305 0.283377107407
306 0.284306212677
307 0.285235317947
308 0.286164423217
309 0.287093528487
310 0.288022633757
311 0.288951739028
312 0.289880844298
313 0.290809949568
314 0.291739054838
315 0.292668160108
316 0.293597265379
317 0.294526370649
318 0.295455475919
319 0.296384581189
320 0.297313686459
321 0.29824279173
322 0.299171897
323 0.30010100227
324 0.30103010754
325 0.30195921281
326 0.30288831808
327 0.303817423351
328 0.304746528621
329 0.305675633891
330 0.306604739161
331 0.307533844431
332 0.308462949702
333 0.309392054972
334 0.310321160242
335 0.311250265512
336 0.312179370782
337 0.313108476052
338 0.314037581323
339 0.314966686593
340 0.315895791863
341 0.316824897133
342 0.317754002403
343 0.318683107674
344 0.319612212944
345 0.320541318214
346 0.321470423484
347 0.322399528754
348 0.323328634025
349 0.324257739295
350 0.325186844565
351 0.326115949835
352 0.327045055105
353 0.327974160375
354 0.328903265646
355 0.329832370916
356 0.330761476186
357 0.331690581456
358 0.332619686726
359 0.333548791997
360 0.334477897267
361 0.335407002537
362 0.336336107807
363 0.337265213077
364 0.338194318347
365 0.339123423618
366 0.340052528888
367 0.340981634158
368 0.341910739428
369 0.342839844698
370 0.343768949969
371 0.344698055239
372 0.345627160509
373 0.346556265779
374 0.347485371049
375 0.34841447632
376 0.34934358159
377 0.35027268686
378 0.35120179213
379 0.3521308974
380 0.35306000267
381 0.353989107941
382 0.354918213211
383 0.355847318481
384 0.356776423751
385 0.357705529021
386 0.358634634292
387 0.359563739562
388 0.360492844832
389 0.361421950102
390 0.362351055372
391 0.363280160643
392 0.364209265913
393 0.365138371183
394 0.366067476453
395 0.366996581723
396 0.367925686993
397 0.368854792264
398 0.369783897534
399 0.370713002804
400 0.371642108074
401 0.372571213344
402 0.373500318615
403 0.374429423885
404 0.375358529155
405 0.376287634425
406 0.377216739695
407 0.378145844965
408 0.379074950236
409 0.380004055506
410 0.380933160776
411 0.381862266046
412 0.382791371316
413 0.383720476587
414 0.384649581857
415 0.385578687127
416 0.386507792397
417 0.387436897667
418 0.388366002938
419 0.389295108208
420 0.390224213478
421 0.391153318748
422 0.392082424018
423 0.393011529288
424 0.393940634559
425 0.394869739829
426 0.395798845099
427 0.396727950369
428 0.397657055639
429 0.39858616091
430 0.39951526618
431 0.40044437145
432 0.40137347672
433 0.40230258199
434 0.40323168726
435 0.404160792531
436 0.405089897801
437 0.406019003071
438 0.406948108341
439 0.407877213611
440 0.408806318882
441 0.409735424152
442 0.410664529422
443 0.411593634692
444 0.412522739962
445 0.413451845233
446 0.414380950503
447 0.415310055773
448 0.416239161043
449 0.417168266313
450 0.418097371583
451 0.419026476854
452 0.419955582124
453 0.420884687394
454 0.421813792664
455 0.422742897934
456 0.423672003205
457 0.424601108475
458 0.425530213745
459 0.426459319015
460 0.427388424285
461 0.428317529555
462 0.429246634826
463 0.430175740096
464 0.431104845366
465 0.432033950636
466 0.432963055906
467 0.433892161177
468 0.434821266447
469 0.435750371717
470 0.436679476987
471 0.437608582257
472 0.438537687528
473 0.439466792798
474 0.440395898068
475 0.441325003338
476 0.442254108608
477 0.443183213878
478 0.444112319149
479 0.445041424419
480 0.445970529689
481 0.446899634959
482 0.447828740229
483 0.4487578455
484 0.44968695077
485 0.45061605604
486 0.45154516131
487 0.45247426658
488 0.45340337185
489 0.454332477121
490 0.455261582391
491 0.456190687661
492 0.457119792931
493 0.458048898201
494 0.458978003472
495 0.459907108742
496 0.460836214012
497 0.461765319282
498 0.462694424552
499 0.463623529823
500 0.464552635093
501 0.465481740363
502 0.466410845633
503 0.467339950903
504 0.468269056173
505 0.469198161444
506 0.470127266714
507 0.471056371984
508 0.471985477254
509 0.472914582524
510 0.473843687795
511 0.474772793065
512 0.475701898335
513 0.476631003605
514 0.477560108875
515 0.478489214145
516 0.479418319416
517 0.480347424686
518 0.481276529956
519 0.482205635226
520 0.483134740496
521 0.484063845767
522 0.484992951037
523 0.485922056307
524 0.486851161577
525 0.487780266847
526 0.488709372118
527 0.489638477388
528 0.490567582658
529 0.491496687928
530 0.492425793198
531 0.493354898468
532 0.494284003739
533 0.495213109009
534 0.496142214279
535 0.497071319549
536 0.498000424819
537 0.49892953009
538 0.49985863536
539 0.50078774063
540 0.5017168459
541 0.50264595117
542 0.503575056441
543 0.504504161711
544 0.505433266981
545 0.506362372251
546 0.507291477521
547 0.508220582791
548 0.509149688062
549 0.510078793332
550 0.511007898602
551 0.511937003872
552 0.512866109142
553 0.513795214413
554 0.514724319683
555 0.515653424953
556 0.516582530223
557 0.517511635493
558 0.518440740763
559 0.519369846034
560 0.520298951304
561 0.521228056574
562 0.522157161844
563 0.523086267114
564 0.524015372385
565 0.524944477655
566 0.525873582925
567 0.526802688195
568 0.527731793465
569 0.528660898736
570 0.529590004006
571 0.530519109276
572 0.531448214546
573 0.532377319816
574 0.533306425086
575 0.534235530357
576 0.535164635627
577 0.536093740897
578 0.537022846167
579 0.537951951437
580 0.538881056708
581 0.539810161978
582 0.540739267248
583 0.541668372518
584 0.542597477788
585 0.543526583058
586 0.544455688329
587 0.545384793599
588 0.546313898869
589 0.547243004139
590 0.548172109409
591 0.54910121468
592 0.55003031995
593 0.55095942522
594 0.55188853049
595 0.55281763576
596 0.553746741031
597 0.554675846301
598 0.555604951571
599 0.556534056841
600 0.557463162111
601 0.558392267381
602 0.559321372652
603 0.560250477922
604 0.561179583192
605 0.562108688462
606 0.563037793732
607 0.563966899003
608 0.564896004273
609 0.565825109543
610 0.566754214813
611 0.567683320083
612 0.568612425353
613 0.569541530624
614 0.570470635894
615 0.571399741164
616 0.572328846434
617 0.573257951704
618 0.574187056975
619 0.575116162245
620 0.576045267515
621 0.576974372785
622 0.577903478055
623 0.578832583326
624 0.579761688596
625 0.580690793866
626 0.581619899136
627 0.582549004406
628 0.583478109676
629 0.584407214947
630 0.585336320217
631 0.586265425487
632 0.587194530757
633 0.588123636027
634 0.589052741298
635 0.589981846568
636 0.590910951838
637 0.591840057108
638 0.592769162378
639 0.593698267648
640 0.594627372919
641 0.595556478189
642 0.596485583459
643 0.597414688729
644 0.598343793999
645 0.59927289927
646 0.60020200454
647 0.60113110981
648 0.60206021508
649 0.60298932035
650 0.603918425621
651 0.604847530891
652 0.605776636161
653 0.606705741431
654 0.607634846701
655 0.608563951971
656 0.609493057242
657 0.610422162512
658 0.611351267782
659 0.612280373052
660 0.613209478322
661 0.614138583593
662 0.615067688863
663 0.615996794133
664 0.616925899403
665 0.617855004673
666 0.618784109943
667 0.619713215214
668 0.620642320484
669 0.621571425754
670 0.622500531024
671 0.623429636294
672 0.624358741565
673 0.625287846835
674 0.626216952105
675 0.627146057375
676 0.628075162645
677 0.629004267916
678 0.629933373186
679 0.630862478456
680 0.631791583726
681 0.632720688996
682 0.633649794266
683 0.634578899537
684 0.635508004807
685 0.636437110077
686 0.637366215347
687 0.638295320617
688 0.639224425888
689 0.640153531158
690 0.641082636428
691 0.642011741698
692 0.642940846968
693 0.643869952239
694 0.644799057509
695 0.645728162779
696 0.646657268049
697 0.647586373319
698 0.648515478589
699 0.64944458386
700 0.65037368913
701 0.6513027944
702 0.65223189967
703 0.65316100494
704 0.654090110211
705 0.655019215481
706 0.655948320751
707 0.656877426021
708 0.657806531291
709 0.658735636561
710 0.659664741832
711 0.660593847102
712 0.661522952372
713 0.662452057642
714 0.663381162912
715 0.664310268183
716 0.665239373453
717 0.666168478723
718 0.667097583993
719 0.668026689263
720 0.668955794534
721 0.669884899804
722 0.670814005074
723 0.671743110344
724 0.672672215614
725 0.673601320884
726 0.674530426155
727 0.675459531425
728 0.676388636695
729 0.677317741965
730 0.678246847235
731 0.679175952506
732 0.680105057776
733 0.681034163046
734 0.681963268316
735 0.682892373586
736 0.683821478856
737 0.684750584127
738 0.685679689397
739 0.686608794667
740 0.687537899937
741 0.688467005207
742 0.689396110478
743 0.690325215748
744 0.691254321018
745 0.692183426288
746 0.693112531558
747 0.694041636829
748 0.694970742099
749 0.695899847369
750 0.696828952639
751 0.697758057909
752 0.698687163179
753 0.69961626845
754 0.70054537372
755 0.70147447899
756 0.70240358426
757 0.70333268953
758 0.704261794801
759 0.705190900071
760 0.706120005341
761 0.707049110611
762 0.707978215881
763 0.708907321151
764 0.709836426422
765 0.710765531692
766 0.711694636962
767 0.712623742232
768 0.713552847502
769 0.714481952773
770 0.715411058043
771 0.716340163313
772 0.717269268583
773 0.718198373853
774 0.719127479124
775 0.720056584394
776 0.720985689664
777 0.721914794934
778 0.722843900204
779 0.723773005474
780 0.724702110745
781 0.725631216015
782 0.726560321285
783 0.727489426555
784 0.728418531825
785 0.729347637096
786 0.730276742366
787 0.731205847636
788 0.732134952906
789 0.733064058176
790 0.733993163446
791 0.734922268717
792 0.735851373987
793 0.736780479257
794 0.737709584527
795 0.738638689797
796 0.739567795068
797 0.740496900338
798 0.741426005608
799 0.742355110878
800 0.743284216148
801 0.744213321419
802 0.745142426689
803 0.746071531959
804 0.747000637229
805 0.747929742499
806 0.748858847769
807 0.74978795304
808 0.75071705831
809 0.75164616358
810 0.75257526885
811 0.75350437412
812 0.754433479391
813 0.755362584661
814 0.756291689931
815 0.757220795201
816 0.758149900471
817 0.759079005741
818 0.760008111012
819 0.760937216282
820 0.761866321552
821 0.762795426822
822 0.763724532092
823 0.764653637363
824 0.765582742633
825 0.766511847903
826 0.767440953173
827 0.768370058443
828 0.769299163714
829 0.770228268984
830 0.771157374254
831 0.772086479524
832 0.773015584794
833 0.773944690064
834 0.774873795335
835 0.775802900605
836 0.776732005875
837 0.777661111145
838 0.778590216415
839 0.779519321686
840 0.780448426956
841 0.781377532226
842 0.782306637496
843 0.783235742766
844 0.784164848037
845 0.785093953307
846 0.786023058577
847 0.786952163847
848 0.787881269117
849 0.788810374387
850 0.789739479658
851 0.790668584928
852 0.791597690198
853 0.792526795468
854 0.793455900738
855 0.794385006009
856 0.795314111279
857 0.796243216549
858 0.797172321819
859 0.798101427089
860 0.799030532359
861 0.79995963763
862 0.8008887429
863 0.80181784817
864 0.80274695344
865 0.80367605871
866 0.804605163981
867 0.805534269251
868 0.806463374521
869 0.807392479791
870 0.808321585061
871 0.809250690332
872 0.810179795602
873 0.811108900872
874 0.812038006142
875 0.812967111412
876 0.813896216682
877 0.814825321953
878 0.815754427223
879 0.816683532493
880 0.817612637763
881 0.818541743033
882 0.819470848304
883 0.820399953574
884 0.821329058844
885 0.822258164114
886 0.823187269384
887 0.824116374654
888 0.825045479925
889 0.825974585195
890 0.826903690465
891 0.827832795735
892 0.828761901005
893 0.829691006276
894 0.830620111546
895 0.831549216816
896 0.832478322086
897 0.833407427356
898 0.834336532627
899 0.835265637897
900 0.836194743167
901 0.837123848437
902 0.838052953707
903 0.838982058977
904 0.839911164248
905 0.840840269518
906 0.841769374788
907 0.842698480058
908 0.843627585328
909 0.844556690599
910 0.845485795869
911 0.846414901139
912 0.847344006409
913 0.848273111679
914 0.849202216949
915 0.85013132222
916 0.85106042749
917 0.85198953276
918 0.85291863803
919 0.8538477433
920 0.854776848571
921 0.855705953841
922 0.856635059111
923 0.857564164381
924 0.858493269651
925 0.859422374922
926 0.860351480192
927 0.861280585462
928 0.862209690732
929 0.863138796002
930 0.864067901272
931 0.864997006543
932 0.865926111813
933 0.866855217083
934 0.867784322353
935 0.868713427623
936 0.869642532894
937 0.870571638164
938 0.871500743434
939 0.872429848704
940 0.873358953974
941 0.874288059244
942 0.875217164515
943 0.876146269785
944 0.877075375055
945 0.878004480325
946 0.878933585595
947 0.879862690866
948 0.880791796136
949 0.881720901406
950 0.882650006676
951 0.883579111946
952 0.884508217217
953 0.885437322487
954 0.886366427757
955 0.887295533027
956 0.888224638297
957 0.889153743567
958 0.890082848838
959 0.891011954108
960 0.891941059378
961 0.892870164648
962 0.893799269918
963 0.894728375189
964 0.895657480459
965 0.896586585729
966 0.897515690999
967 0.898444796269
968 0.899373901539
969 0.90030300681
970 0.90123211208
971 0.90216121735
972 0.90309032262
973 0.90401942789
974 0.904948533161
975 0.905877638431
976 0.906806743701
977 0.907735848971
978 0.908664954241
979 0.909594059512
980 0.910523164782
981 0.911452270052
982 0.912381375322
983 0.913310480592
984 0.914239585862
985 0.915168691133
986 0.916097796403
987 0.917026901673
988 0.917956006943
989 0.918885112213
990 0.919814217484
991 0.920743322754
992 0.921672428024
993 0.922601533294
994 0.923530638564
995 0.924459743835
996 0.925388849105
997 0.926317954375
998 0.927247059645
999 0.928176164915
