0.1 0.0199076504562
0.11 0.0213180665891
0.12 0.0226397432797
0.13 0.0238763934458
0.14 0.0250315955324
0.15 0.0261087980321
0.16 0.0271113238593
0.17 0.0280423745844
0.18 0.0289050345319
0.19 0.0297022747459
0.2 0.0304369568284
0.21 0.0311118366532
0.22 0.03172956796
0.23 0.0322927058327
0.24 0.0328037100642
0.25 0.033264948413
0.26 0.0336786997533
0.27 0.0340471571239
0.28 0.0343724306764
0.29 0.0346565505288
0.3 0.0349014695254
0.31 0.0351090659068
0.32 0.0352811458924
0.33 0.0354194461786
0.34 0.0355256363556
0.35 0.035601321244
0.36 0.0356480431555
0.37 0.0356672840788
0.38 0.035660467794
0.39 0.0356289619165
0.4 0.0355740798744
0.41 0.0354970828198
0.42 0.0353991814775
0.43 0.0352815379314
0.44 0.0351452673532
0.45 0.0349914396718
0.46 0.0348210811889
0.47 0.0346351761394
0.48 0.0344346682006
0.49 0.0342204619502
0.5 0.0339934242767
0.51 0.0337543857408
0.52 0.0335041418928
0.53 0.0332434545445
0.54 0.0329730529991
0.55 0.0326936352387
0.56 0.0324058690727
0.57 0.0321103932465
0.58 0.0318078185133
0.59 0.0314987286687
0.6 0.031183681551
0.61 0.030863210007
0.62 0.0305378228245
0.63 0.0302080056335
0.64 0.0298742217765
0.65 0.0295369131484
0.66 0.0291965010078
0.67 0.028853386761
0.68 0.0285079527179
0.69 0.0281605628221
0.7 0.0278115633565
0.71 0.0274612836233
0.72 0.0271100366007
0.73 0.0267581195775
0.74 0.0264058147641
0.75 0.0260533898834
0.76 0.0257010987404
0.77 0.0253491817717
0.78 0.024997866576
0.79 0.0246473684257
0.8 0.0242978907601
0.81 0.0239496256618
0.82 0.0236027543155
0.83 0.0232574474508
0.84 0.0229138657689
0.85 0.0225721603548
0.86 0.0222324730735
0.87 0.0218949369528
0.88 0.0215596765522
0.89 0.0212268083183
0.9 0.020896440927
0.91 0.020568675614
0.92 0.0202436064926
0.93 0.0199213208604
0.94 0.0196018994938
0.95 0.0192854169332
0.96 0.018971941756
0.97 0.0186615368411
0.98 0.0183542596219
0.99 0.0180501623315
1.0 0.0177492922376
1.01 0.0174516918692
1.02 0.0171573992345
1.03 0.0168664480304
1.04 0.0165788678449
1.05 0.0162946843507
1.06 0.016013919492
1.07 0.0157365916645
1.08 0.0154627158874
1.09 0.0151923039703
1.1 0.014925364672
1.11 0.0146619038542
1.12 0.0144019246289
1.13 0.0141454275004
1.14 0.0138924105005
1.15 0.0136428693199
1.16 0.0133967974335
1.17 0.0131541862207
1.18 0.0129150250813
1.19 0.0126793015461
1.2 0.012447001384
1.21 0.0122181087035
1.22 0.0119926060512
1.23 0.0117704745054
1.24 0.0115516937665
1.25 0.0113362422431
1.26 0.0111240971348
1.27 0.0109152345113
1.28 0.0107096293886
1.29 0.0105072558014
1.3 0.0103080868729
1.31 0.010112094881
1.32 0.00991925132242
1.33 0.00972952697309
1.34 0.00954289194678
1.35 0.00935931575055
1.36 0.00917876733789
1.37 0.00900121515953
1.38 0.00882662721185
1.39 0.00865497108314
1.4 0.00848621399772
1.41 0.00832032285797
1.42 0.00815726428444
1.43 0.00799700465401
1.44 0.00783951013626
1.45 0.0076847467281
1.46 0.00753268028661
1.47 0.00738327656043
1.48 0.00723650121939
1.49 0.00709231988284
1.5 0.00695069814635
1.51 0.00681160160718
1.52 0.00667499588832
1.53 0.0065408466613
1.54 0.00640911966777
1.55 0.00627978073989
1.56 0.00615279581956
1.57 0.00602813097668
1.58 0.00590575242619
1.59 0.00578562654428
1.6 0.00566771988356
1.61 0.00555199918731
1.62 0.00543843140287
1.63 0.00532698369419
1.64 0.00521762345355
1.65 0.00511031831253
1.66 0.00500503615223
1.67 0.00490174511277
1.68 0.00480041360214
1.69 0.00470101030434
1.7 0.00460350418698
1.71 0.0045078645082
1.72 0.00441406082312
1.73 0.00432206298965
1.74 0.00423184117382
1.75 0.00414336585466
1.76 0.00405660782851
1.77 0.00397153821299
1.78 0.00388812845044
1.79 0.003806350311
1.8 0.00372617589533
1.81 0.00364757763687
1.82 0.00357052830381
1.83 0.00349500100073
1.84 0.00342096916988
1.85 0.00334840659217
1.86 0.00327728738787
1.87 0.00320758601707
1.88 0.00313927727978
1.89 0.00307233631592
1.9 0.00300673860495
1.91 0.00294245996539
1.92 0.002879476554
1.93 0.00281776486488
1.94 0.00275730172835
1.95 0.00269806430959
1.96 0.00264003010721
1.97 0.00258317695158
1.98 0.00252748300309
1.99 0.00247292675017
2.0 0.00241948700731
2.01 0.00236714291282
2.02 0.0023158739266
2.03 0.00226565982772
2.04 0.00221648071194
2.05 0.00216831698909
2.06 0.00212114938047
2.07 0.00207495891604
2.08 0.00202972693164
2.09 0.00198543506606
2.1 0.00194206525814
2.11 0.00189959974372
2.12 0.00185802105262
2.13 0.00181731200549
2.14 0.0017774557107
2.15 0.00173843556117
2.16 0.00170023523108
2.17 0.00166283867272
2.18 0.00162623011314
2.19 0.0015903940509
2.2 0.00155531525273
2.21 0.00152097875024
2.22 0.00148736983655
2.23 0.00145447406292
2.24 0.00142227723548
2.25 0.00139076541176
2.26 0.00135992489742
2.27 0.00132974224286
2.28 0.00130020423985
2.29 0.00127129791822
2.3 0.00124301054246
2.31 0.00121532960848
2.32 0.00118824284019
2.33 0.00116173818628
2.34 0.00113580381686
2.35 0.00111042812026
2.36 0.0010855996997
2.37 0.00106130737009
2.38 0.00103754015485
2.39 0.00101428728263
2.4 0.000991538184209
2.41 0.000969282489333
2.42 0.000947510023575
2.43 0.00092621080525
2.44 0.000905375042347
2.45 0.000884993129481
2.46 0.000865055644883
2.47 0.00084555334741
2.48 0.00082647717359
2.49 0.000807818234698
2.5 0.000789567813856
2.51 0.000771717363167
2.52 0.000754258500885
2.53 0.000737183008606
2.54 0.000720482828504
2.55 0.000704150060585
2.56 0.000688176959987
2.57 0.0006725559343
2.58 0.000657279540931
2.59 0.00064234048449
2.6 0.000627731614221
2.61 0.000613445921453
2.62 0.000599476537098
2.63 0.00058581672917
2.64 0.000572459900345
2.65 0.000559399585551
2.66 0.000546629449593
2.67 0.000534143284806
2.68 0.00052193500875
2.69 0.00050999866193
2.7 0.000498328405551
2.71 0.000486918519306
2.72 0.000475763399199
2.73 0.000464857555395
2.74 0.000454195610106
2.75 0.000443772295508
2.76 0.00043358245169
2.77 0.000423621024633
2.78 0.000413883064221
2.79 0.000404363722286
2.8 0.000395058250679
2.81 0.000385961999374
2.82 0.000377070414602
2.83 0.000368379037015
2.84 0.000359883499879
2.85 0.000351579527301
2.86 0.000343462932474
2.87 0.000335529615965
2.88 0.00032777556402
2.89 0.000320196846905
2.9 0.00031278961727
2.91 0.000305550108541
2.92 0.000298474633345
2.93 0.000291559581953
2.94 0.000284801420757
2.95 0.00027819669077
2.96 0.000271742006152
2.97 0.000265434052765
2.98 0.000259269586746
2.99 0.000253245433113
3.0 0.000247358484392
3.01 0.000241605699268
3.02 0.000235984101263
3.03 0.000230490777431
3.04 0.000225122877086
3.05 0.000219877610545
3.06 0.000214752247899
3.07 0.000209744117799
3.08 0.000204850606278
3.09 0.000200069155576
3.1 0.000195397263005
3.11 0.000190832479822
3.12 0.000186372410128
3.13 0.000182014709788
3.14 0.000177757085369
3.15 0.0001735972931
3.16 0.00016953313785
3.17 0.000165562472126
3.18 0.000161683195088
3.19 0.000157893251589
3.2 0.000154190631223
3.21 0.0001505733674
3.22 0.000147039536438
3.23 0.000143587256664
3.24 0.000140214687544
3.25 0.00013692002882
3.26 0.00013370151967
3.27 0.000130557437883
3.28 0.000127486099048
3.29 0.000124485855759
3.3 0.000121555096838
3.31 0.000118692246572
3.32 0.000115895763964
3.33 0.000113164142001
3.34 0.000110495906932
3.35 0.000107889617568
3.36 0.000105343864586
3.37 0.000102857269858
3.38 0.000100428485782
3.39 9.80561946338e-05
3.4 9.57391079325e-05
3.41 9.34759658122e-05
3.42 9.12655364119e-05
3.43 8.91066152763e-05
3.44 8.69980247677e-05
3.45 8.4938613491e-05
3.46 8.29272557297e-05
3.47 8.09628508933e-05
3.48 7.90443229766e-05
3.49 7.71706200291e-05
3.5 7.53407136363e-05
3.51 7.35535984105e-05
3.52 7.1808291493e-05
3.53 7.01038320657e-05
3.54 6.84392808737e-05
3.55 6.68137197568e-05
3.56 6.52262511913e-05
3.57 6.36759978408e-05
3.58 6.21621021169e-05
3.59 6.06837257484e-05
3.6 5.924004936e-05
3.61 5.78302720592e-05
3.62 5.64536110325e-05
3.63 5.51093011492e-05
3.64 5.37965945745e-05
3.65 5.25147603895e-05
3.66 5.12630842205e-05
3.67 5.00408678749e-05
3.68 4.88474289856e-05
3.69 4.76821006622e-05
3.7 4.65442311503e-05
3.71 4.54331834977e-05
3.72 4.43483352269e-05
3.73 4.32890780162e-05
3.74 4.22548173859e-05
3.75 4.1244972392e-05
3.76 4.02589753265e-05
3.77 3.92962714238e-05
3.78 3.83563185733e-05
3.79 3.74385870382e-05
3.8 3.6542559181e-05
3.81 3.56677291932e-05
3.82 3.48136028331e-05
3.83 3.39796971669e-05
3.84 3.31655403171e-05
3.85 3.23706712154e-05
3.86 3.15946393615e-05
3.87 3.08370045863e-05
3.88 3.00973368211e-05
3.89 2.93752158713e-05
3.9 2.86702311951e-05
3.91 2.79819816868e-05
3.92 2.73100754654e-05
3.93 2.66541296669e-05
3.94 2.60137702419e-05
3.95 2.53886317574e-05
3.96 2.47783572024e-05
3.97 2.41825977984e-05
3.98 2.3601012814e-05
3.99 2.30332693831e-05
4.0 2.24790423272e-05
4.01 2.1938013982e-05
4.02 2.14098740272e-05
4.03 2.08943193209e-05
4.04 2.03910537364e-05
4.05 1.98997880036e-05
4.06 1.94202395537e-05
4.07 1.89521323668e-05
4.08 1.84951968238e-05
4.09 1.80491695603e-05
4.1 1.7613793325e-05
4.11 1.71888168404e-05
4.12 1.6773994667e-05
4.13 1.63690870701e-05
4.14 1.597385989e-05
4.15 1.5588084415e-05
4.16 1.52115372569e-05
4.17 1.48440002292e-05
4.18 1.44852602291e-05
4.19 1.41351091204e-05
4.2 1.37933436205e-05
4.21 1.34597651891e-05
4.22 1.31341799196e-05
4.23 1.2816398433e-05
4.24 1.25062357743e-05
4.25 1.22035113105e-05
4.26 1.1908048632e-05
4.27 1.16196754552e-05
4.28 1.1338223528e-05
4.29 1.1063528537e-05
4.3 1.07954300167e-05
4.31 1.05337712614e-05
4.32 1.0278399238e-05
4.33 1.00291645022e-05
4.34 9.78592111504e-06
4.35 9.54852656242e-06
4.36 9.31684167601e-06
4.37 9.090730556e-06
4.38 8.87006049561e-06
4.39 8.65470190726e-06
4.4 8.44452825049e-06
4.41 8.23941596145e-06
4.42 8.03924438399e-06
4.43 7.84389570237e-06
4.44 7.65325487538e-06
4.45 7.46720957209e-06
4.46 7.28565010898e-06
4.47 7.1084693885e-06
4.48 6.93556283903e-06
4.49 6.76682835624e-06
4.5 6.60216624576e-06
4.51 6.44147916713e-06
4.52 6.28467207909e-06
4.53 6.13165218605e-06
4.54 5.98232888583e-06
4.55 5.83661371857e-06
4.56 5.69442031681e-06
4.57 5.55566435673e-06
4.58 5.42026351047e-06
4.59 5.28813739957e-06
4.6 5.15920754948e-06
4.61 5.03339734508e-06
4.62 4.91063198723e-06
4.63 4.79083845038e-06
4.64 4.67394544102e-06
4.65 4.55988335725e-06
4.66 4.44858424911e-06
4.67 4.33998177997e-06
4.68 4.2340111887e-06
4.69 4.13060925278e-06
4.7 4.02971425222e-06
4.71 3.93126593432e-06
4.72 3.83520547927e-06
4.73 3.7414754665e-06
4.74 3.65001984182e-06
4.75 3.56078388534e-06
4.76 3.47371418013e-06
4.77 3.38875858157e-06
4.78 3.30586618741e-06
4.79 3.22498730861e-06
4.8 3.14607344071e-06
4.81 3.069077236e-06
4.82 2.99395247624e-06
4.83 2.92065404606e-06
4.84 2.84913790698e-06
4.85 2.77936107198e-06
4.86 2.71128158074e-06
4.87 2.6448584754e-06
4.88 2.58005177687e-06
4.89 2.51682246175e-06
4.9 2.45513243976e-06
4.91 2.39494453164e-06
4.92 2.33622244769e-06
4.93 2.27893076666e-06
4.94 2.22303491525e-06
4.95 2.16850114803e-06
4.96 2.11529652785e-06
4.97 2.06338890667e-06
4.98 2.01274690694e-06
4.99 1.96333990323e-06
5.0 1.91513800452e-06
5.01 1.86811203668e-06
5.02 1.82223352556e-06
5.03 1.77747468029e-06
5.04 1.73380837714e-06
5.05 1.69120814361e-06
5.06 1.64964814302e-06
5.07 1.60910315937e-06
5.08 1.56954858259e-06
5.09 1.53096039415e-06
5.1 1.49331515298e-06
5.11 1.45658998172e-06
5.12 1.42076255332e-06
5.13 1.38581107795e-06
5.14 1.35171429019e-06
5.15 1.31845143653e-06
5.16 1.2860022632e-06
5.17 1.25434700422e-06
5.18 1.22346636982e-06
5.19 1.19334153504e-06
5.2 1.16395412866e-06
5.21 1.13528622237e-06
5.22 1.10732032019e-06
5.23 1.08003934815e-06
5.24 1.05342664422e-06
5.25 1.02746594847e-06
5.26 1.00214139342e-06
5.27 9.77437494709e-07
5.28 9.53339141913e-07
5.29 9.29831589593e-07
5.3 9.0690044857e-07
5.31 8.84531677399e-07
5.32 8.62711574039e-07
5.33 8.41426767732e-07
5.34 8.20664211061e-07
5.35 8.00411172208e-07
5.36 7.80655227386e-07
5.37 7.61384253455e-07
5.38 7.42586420716e-07
5.39 7.24250185865e-07
5.4 7.0636428513e-07
5.41 6.88917727557e-07
5.42 6.71899788462e-07
5.43 6.55300003035e-07
5.44 6.39108160103e-07
5.45 6.23314296033e-07
5.46 6.07908688783e-07
5.47 5.92881852095e-07
5.48 5.78224529828e-07
5.49 5.63927690421e-07
5.5 5.4998252149e-07
5.51 5.36380424559e-07
5.52 5.23113009904e-07
5.53 5.10172091535e-07
5.54 4.97549682283e-07
5.55 4.85237989017e-07
5.56 4.73229407965e-07
5.57 4.61516520153e-07
5.58 4.50092086949e-07
5.59 4.38949045717e-07
5.6 4.28080505571e-07
5.61 4.1747974323e-07
5.62 4.0714019898e-07
5.63 3.97055472721e-07
5.64 3.87219320115e-07
5.65 3.77625648828e-07
5.66 3.68268514856e-07
5.67 3.59142118943e-07
5.68 3.50240803085e-07
5.69 3.41559047111e-07
5.7 3.33091465358e-07
5.71 3.24832803416e-07
5.72 3.16777934951e-07
5.73 3.0892185861e-07
5.74 3.01259694998e-07
5.75 2.93786683723e-07
5.76 2.86498180516e-07
5.77 2.79389654423e-07
5.78 2.72456685059e-07
5.79 2.65694959925e-07
5.8 2.59100271804e-07
5.81 2.52668516199e-07
5.82 2.46395688851e-07
5.83 2.40277883307e-07
5.84 2.34311288545e-07
5.85 2.28492186664e-07
5.86 2.22816950622e-07
5.87 2.17282042032e-07
5.88 2.11884009012e-07
5.89 2.06619484083e-07
5.9 2.0148518212e-07
5.91 1.96477898353e-07
5.92 1.91594506415e-07
5.93 1.86831956437e-07
5.94 1.8218727319e-07
5.95 1.77657554268e-07
5.96 1.73239968322e-07
5.97 1.68931753328e-07
5.98 1.64730214904e-07
5.99 1.60632724664e-07
6.0 1.56636718613e-07
6.01 1.52739695577e-07
6.02 1.48939215677e-07
6.03 1.45232898836e-07
6.04 1.41618423325e-07
6.05 1.38093524337e-07
6.06 1.34655992606e-07
6.07 1.31303673049e-07
6.08 1.2803446345e-07
6.09 1.2484631317e-07
6.1 1.21737221887e-07
6.11 1.18705238373e-07
6.12 1.15748459296e-07
6.13 1.1286502805e-07
6.14 1.10053133618e-07
6.15 1.07311009455e-07
6.16 1.04636932408e-07
6.17 1.02029221654e-07
6.18 9.94862376668e-08
6.19 9.7006381209e-08
6.2 9.45880923479e-08
6.21 9.22298494956e-08
6.22 8.99301684721e-08
6.23 8.76876015913e-08
6.24 8.55007367688e-08
6.25 8.3368196652e-08
6.26 8.12886377711e-08
6.27 7.92607497099e-08
6.28 7.72832542981e-08
6.29 7.53549048221e-08
6.3 7.34744852558e-08
6.31 7.16408095091e-08
6.32 6.98527206958e-08
6.33 6.81090904185e-08
6.34 6.64088180711e-08
6.35 6.47508301582e-08
6.36 6.31340796315e-08
6.37 6.15575452416e-08
6.38 6.00202309062e-08
6.39 5.85211650931e-08
6.4 5.70594002191e-08
6.41 5.56340120623e-08
6.42 5.42440991899e-08
6.43 5.28887823994e-08
6.44 5.1567204173e-08
6.45 5.02785281462e-08
6.46 4.90219385887e-08
6.47 4.7796639898e-08
6.48 4.66018561057e-08
6.49 4.54368303955e-08
6.5 4.43008246331e-08
6.51 4.31931189075e-08
6.52 4.21130110836e-08
6.53 4.10598163654e-08
6.54 4.00328668705e-08
6.55 3.90315112142e-08
6.56 3.80551141045e-08
6.57 3.71030559463e-08
6.58 3.61747324557e-08
6.59 3.52695542838e-08
6.6 3.43869466493e-08
6.61 3.35263489805e-08
6.62 3.26872145654e-08
6.63 3.18690102114e-08
6.64 3.10712159123e-08
6.65 3.02933245239e-08
6.66 2.95348414477e-08
6.67 2.87952843218e-08
6.68 2.80741827199e-08
6.69 2.73710778576e-08
6.7 2.66855223055e-08
6.71 2.60170797095e-08
6.72 2.53653245183e-08
6.73 2.47298417171e-08
6.74 2.4110226568e-08
6.75 2.35060843569e-08
6.76 2.29170301463e-08
6.77 2.23426885346e-08
6.78 2.17826934208e-08
6.79 2.12366877749e-08
6.8 2.07043234151e-08
6.81 2.01852607887e-08
6.82 1.96791687597e-08
6.83 1.91857244011e-08
6.84 1.87046127923e-08
6.85 1.82355268218e-08
6.86 1.7778166994e-08
6.87 1.73322412416e-08
6.88 1.68974647422e-08
6.89 1.64735597391e-08
6.9 1.60602553672e-08
6.91 1.56572874829e-08
6.92 1.52643984975e-08
6.93 1.48813372158e-08
6.94 1.45078586781e-08
6.95 1.41437240057e-08
6.96 1.37887002512e-08
6.97 1.34425602516e-08
6.98 1.31050824852e-08
6.99 1.27760509324e-08
7.0 1.24552549395e-08
7.01 1.2142489086e-08
7.02 1.18375530553e-08
7.03 1.15402515083e-08
7.04 1.12503939603e-08
7.05 1.09677946612e-08
7.06 1.06922724776e-08
7.07 1.04236507794e-08
7.08 1.01617573279e-08
7.09 9.90642416692e-09
7.1 9.65748751723e-09
7.11 9.41478767282e-09
7.12 9.17816890012e-09
7.13 8.94747933961e-09
7.14 8.72257090984e-09
7.15 8.50329921388e-09
7.16 8.28952344797e-09
7.17 8.08110631257e-09
7.18 7.87791392542e-09
7.19 7.67981573692e-09
7.2 7.48668444748e-09
7.21 7.29839592696e-09
7.22 7.11482913608e-09
7.23 6.93586604979e-09
7.24 6.7613915825e-09
7.25 6.59129351518e-09
7.26 6.42546242424e-09
7.27 6.26379161221e-09
7.28 6.10617704006e-09
7.29 5.95251726126e-09
7.3 5.80271335743e-09
7.31 5.65666887558e-09
7.32 5.51428976692e-09
7.33 5.37548432718e-09
7.34 5.24016313838e-09
7.35 5.10823901207e-09
7.36 4.97962693393e-09
7.37 4.85424400984e-09
7.38 4.73200941311e-09
7.39 4.61284433322e-09
7.4 4.49667192565e-09
7.41 4.38341726307e-09
7.42 4.27300728765e-09
7.43 4.16537076466e-09
7.44 4.06043823709e-09
7.45 3.95814198149e-09
7.46 3.85841596485e-09
7.47 3.76119580258e-09
7.48 3.66641871749e-09
7.49 3.57402349987e-09
7.5 3.48395046842e-09
7.51 3.39614143229e-09
7.52 3.31053965398e-09
7.53 3.22708981316e-09
7.54 3.14573797144e-09
7.55 3.06643153793e-09
7.56 2.98911923574e-09
7.57 2.91375106926e-09
7.58 2.84027829225e-09
7.59 2.76865337674e-09
7.6 2.69882998271e-09
7.61 2.63076292847e-09
7.62 2.56440816185e-09
7.63 2.49972273202e-09
7.64 2.43666476212e-09
7.65 2.37519342242e-09
7.66 2.31526890431e-09
7.67 2.25685239479e-09
7.68 2.1999060517e-09
7.69 2.14439297951e-09
7.7 2.09027720572e-09
7.71 2.03752365782e-09
7.72 1.98609814094e-09
7.73 1.93596731585e-09
7.74 1.88709867773e-09
7.75 1.83946053527e-09
7.76 1.79302199046e-09
7.77 1.74775291874e-09
7.78 1.70362394973e-09
7.79 1.66060644841e-09
7.8 1.61867249679e-09
7.81 1.57779487598e-09
7.82 1.53794704876e-09
7.83 1.4991031426e-09
7.84 1.461237933e-09
7.85 1.42432682737e-09
7.86 1.38834584923e-09
7.87 1.35327162282e-09
7.88 1.31908135811e-09
7.89 1.28575283619e-09
7.9 1.25326439497e-09
7.91 1.22159491527e-09
7.92 1.19072380732e-09
7.93 1.16063099744e-09
7.94 1.13129691523e-09
7.95 1.10270248095e-09
7.96 1.07482909324e-09
7.97 1.04765861722e-09
7.98 1.02117337279e-09
7.99 9.95356123278e-10
8.0 9.70190064337e-10
8.01 9.45658813155e-10
8.02 9.21746397906e-10
8.03 8.98437247473e-10
8.04 8.75716181428e-10
8.05 8.5356840026e-10
8.06 8.31979475848e-10
8.07 8.10935342166e-10
8.08 7.90422286232e-10
8.09 7.70426939266e-10
8.1 7.50936268084e-10
8.11 7.31937566696e-10
8.12 7.13418448118e-10
8.13 6.95366836388e-10
8.14 6.77770958782e-10
8.15 6.6061933822e-10
8.16 6.43900785866e-10
8.17 6.2760439391e-10
8.18 6.11719528534e-10
8.19 5.96235823045e-10
8.2 5.81143171191e-10
8.21 5.66431720633e-10
8.22 5.52091866586e-10
8.23 5.38114245621e-10
8.24 5.24489729613e-10
8.25 5.11209419849e-10
8.26 4.98264641276e-10
8.27 4.856469369e-10
8.28 4.7334806232e-10
8.29 4.61359980397e-10
8.3 4.49674856062e-10
8.31 4.38285051247e-10
8.32 4.27183119952e-10
8.33 4.16361803421e-10
8.34 4.05814025454e-10
8.35 3.95532887827e-10
8.36 3.85511665826e-10
8.37 3.757438039e-10
8.38 3.66222911412e-10
8.39 3.56942758509e-10
8.4 3.47897272081e-10
8.41 3.39080531837e-10
8.42 3.3048676646e-10
8.43 3.2211034988e-10
8.44 3.13945797621e-10
8.45 3.05987763249e-10
8.46 2.98231034912e-10
8.47 2.90670531953e-10
8.48 2.83301301626e-10
8.49 2.76118515878e-10
8.5 2.69117468221e-10
8.51 2.62293570681e-10
8.52 2.55642350817e-10
8.53 2.49159448827e-10
8.54 2.4284061471e-10
8.55 2.36681705517e-10
8.56 2.30678682657e-10
8.57 2.24827609274e-10
8.58 2.19124647697e-10
8.59 2.13566056941e-10
8.6 2.08148190283e-10
8.61 2.02867492891e-10
8.62 1.97720499515e-10
8.63 1.92703832235e-10
8.64 1.87814198266e-10
8.65 1.8304838782e-10
8.66 1.78403272016e-10
8.67 1.73875800851e-10
8.68 1.69463001212e-10
8.69 1.65161974943e-10
8.7 1.60969896964e-10
8.71 1.56884013431e-10
8.72 1.52901639943e-10
8.73 1.49020159796e-10
8.74 1.45237022283e-10
8.75 1.41549741031e-10
8.76 1.37955892383e-10
8.77 1.34453113819e-10
8.78 1.31039102422e-10
8.79 1.27711613372e-10
8.8 1.2446845849e-10
8.81 1.21307504808e-10
8.82 1.18226673183e-10
8.83 1.15223936938e-10
8.84 1.12297320545e-10
8.85 1.09444898338e-10
8.86 1.06664793252e-10
8.87 1.03955175607e-10
8.88 1.01314261908e-10
8.89 9.87403136878e-11
8.9 9.6231636368e-11
8.91 9.37865781571e-11
8.92 9.14035289719e-11
8.93 8.90809193865e-11
8.94 8.68172196086e-11
8.95 8.46109384807e-11
8.96 8.24606225072e-11
8.97 8.03648549053e-11
8.98 7.83222546796e-11
8.99 7.6331475721e-11
9.0 7.4391205927e-11
9.01 7.25001663446e-11
9.02 7.06571103354e-11
9.03 6.88608227604e-11
9.04 6.71101191865e-11
9.05 6.54038451122e-11
9.06 6.37408752128e-11
9.07 6.21201126052e-11
9.08 6.05404881306e-11
9.09 5.90009596552e-11
9.1 5.75005113888e-11
9.11 5.60381532209e-11
9.12 5.4612920072e-11
9.13 5.32238712635e-11
9.14 5.18700899011e-11
9.15 5.05506822754e-11
9.16 4.92647772771e-11
9.17 4.80115258263e-11
9.18 4.6790100317e-11
9.19 4.55996940756e-11
9.2 4.44395208317e-11
9.21 4.33088142043e-11
9.22 4.22068271992e-11
9.23 4.11328317196e-11
9.24 4.00861180897e-11
9.25 3.90659945892e-11
9.26 3.80717870002e-11
9.27 3.71028381651e-11
9.28 3.61585075566e-11
9.29 3.52381708567e-11
9.3 3.43412195484e-11
9.31 3.34670605162e-11
9.32 3.2615115657e-11
9.33 3.17848215015e-11
9.34 3.09756288441e-11
9.35 3.01870023829e-11
9.36 2.94184203682e-11
9.37 2.86693742606e-11
9.38 2.79393683967e-11
9.39 2.72279196644e-11
9.4 2.65345571852e-11
9.41 2.58588220055e-11
9.42 2.52002667949e-11
9.43 2.45584555529e-11
9.44 2.39329633221e-11
9.45 2.33233759095e-11
9.46 2.27292896142e-11
9.47 2.21503109621e-11
9.48 2.15860564476e-11
9.49 2.10361522816e-11
9.5 2.05002341454e-11
9.51 1.9977946952e-11
9.52 1.9468944612e-11
9.53 1.89728898064e-11
9.54 1.84894537649e-11
9.55 1.80183160493e-11
9.56 1.75591643434e-11
9.57 1.71116942468e-11
9.58 1.66756090755e-11
9.59 1.6250619666e-11
9.6 1.58364441854e-11
9.61 1.54328079461e-11
9.62 1.50394432247e-11
9.63 1.46560890857e-11
9.64 1.42824912103e-11
9.65 1.39184017284e-11
9.66 1.35635790557e-11
9.67 1.32177877347e-11
9.68 1.28807982793e-11
9.69 1.25523870239e-11
9.7 1.22323359762e-11
9.71 1.1920432673e-11
9.72 1.16164700412e-11
9.73 1.13202462605e-11
9.74 1.10315646305e-11
9.75 1.07502334418e-11
9.76 1.04760658487e-11
9.77 1.02088797465e-11
9.78 9.94849765142e-12
9.79 9.69474658365e-12
9.8 9.44745795303e-12
9.81 9.20646744806e-12
9.82 8.97161492749e-12
9.83 8.74274431463e-12
9.84 8.51970349448e-12
9.85 8.30234421328e-12
9.86 8.09052198075e-12
9.87 7.88409597469e-12
9.88 7.68292894807e-12
9.89 7.48688713844e-12
9.9 7.29584017962e-12
9.91 7.10966101561e-12
9.92 6.92822581675e-12
9.93 6.75141389791e-12
9.94 6.57910763881e-12
9.95 6.41119240633e-12
9.96 6.24755647879e-12
9.97 6.08809097212e-12
9.98 5.93268976797e-12
9.99 5.78124944358e-12
