10 0.69970051876
11 0.714198977688
12 0.317865930342
13 0.327704065866
14 0.337300597079
15 0.346520113505
16 0.355724282098
17 0.364752763477
18 0.373589820118
19 0.382139765488
20 0.390414411658
21 0.398380621005
22 0.406023498516
23 0.413386556751
24 0.420505578443
25 0.427498972392
26 0.434112925012
27 0.440625373386
28 0.446947909928
29 0.453223849476
30 0.459127947885
31 0.465001819224
32 0.470648856945
33 0.47628758682
34 0.481600739097
35 0.486858018115
36 0.491972588101
37 0.496929957823
38 0.501784843026
39 0.506513267236
40 0.511116859009
41 0.515589776447
42 0.519952250358
43 0.524167407765
44 0.528304773435
45 0.532323825998
46 0.536244386846
47 0.540052296865
48 0.543804833144
49 0.547398278705
50 0.550916647506
51 0.554405984103
52 0.557710939831
53 0.561040980561
54 0.564169399444
55 0.567259485039
56 0.570336859417
57 0.573249323964
58 0.576118354681
59 0.578888682972
60 0.581608492174
61 0.584227226311
62 0.586808189316
63 0.58918447675
64 0.591677983213
65 0.594002135259
66 0.596241788433
67 0.598500238315
68 0.600600479364
69 0.602807477612
70 0.604784053672
71 0.606646397112
72 0.60870538998
73 0.610421242867
74 0.612293144622
75 0.613933152315
76 0.615695140085
77 0.617347605173
78 0.618925420319
79 0.620448290827
80 0.621940166193
81 0.623359768072
82 0.624757762305
83 0.626093784594
84 0.62737448874
85 0.628634683708
86 0.629833788319
87 0.630982720876
88 0.632094712342
89 0.633185405695
90 0.634213180211
91 0.635194093057
92 0.636146798583
93 0.637060381138
94 0.637923476473
95 0.63875816117
96 0.639554668872
97 0.640302859484
98 0.641028591666
99 0.641723532576
100 0.642379043612
101 0.642986188438
102 0.643575514392
103 0.644140119559
104 0.644631349312
105 0.645123984754
106 0.645569794216
107 0.64600513938
108 0.646379627112
109 0.646776987225
110 0.647100511192
111 0.647389425435
112 0.647686433773
113 0.64793853232
114 0.648139445379
115 0.648334231118
116 0.648519137912
117 0.648636969272
118 0.648789505652
119 0.648865063494
120 0.648912823163
121 0.648985648119
122 0.649023990061
123 0.649023433664
124 0.648979485954
125 0.648948525232
126 0.648866887775
127 0.648792744225
128 0.648660382482
129 0.648529785493
130 0.64839897746
131 0.648199181606
132 0.648060865673
133 0.647847430051
134 0.647623476343
135 0.647386809852
136 0.647063555939
137 0.646793750123
138 0.646504431261
139 0.646193266876
140 0.645857894422
141 0.645495923588
142 0.645182466038
143 0.644760999698
144 0.644385104089
145 0.643974759675
146 0.643527457021
147 0.643123109324
148 0.642678691048
149 0.642191634242
150 0.641744751845
151 0.641252014487
152 0.640710811288
153 0.640206853112
154 0.639651130431
155 0.639131281582
156 0.638556319117
157 0.638015812582
158 0.637416799715
159 0.636850781095
160 0.636222827818
161 0.635626367074
162 0.635061610473
163 0.634430681844
164 0.633730869199
165 0.633159451618
166 0.632416607465
167 0.631802487774
168 0.631114375622
169 0.630453376138
170 0.629714837992
171 0.629001776803
172 0.62831431581
173 0.627544948858
174 0.626908094922
175 0.626078141686
176 0.625380912267
177 0.624596543177
178 0.623834638548
179 0.623095285587
180 0.622378575024
181 0.621569452317
182 0.620781265678
183 0.620014085649
184 0.619150090943
185 0.618305403076
186 0.617599771919
187 0.616674155492
188 0.615887705317
189 0.615120781206
190 0.614250090294
191 0.613397207373
192 0.612562171801
193 0.611745024784
194 0.610818904937
195 0.610036743122
196 0.609143901222
197 0.608267309062
198 0.607406993366
199 0.60656298229
200 0.605603136839
201 0.604790922288
202 0.603861185385
203 0.602946108058
204 0.602045704626
205 0.601159990448
206 0.600288981949
207 0.599432696656
208 0.598452139683
209 0.597484651196
210 0.596670869165
211 0.595730345711
212 0.594802907115
213 0.593888558645
214 0.592987306331
215 0.59195437687
216 0.591078492416
217 0.590069328612
218 0.589218823255
219 0.588233419614
220 0.587259505706
221 0.586446665688
222 0.585496507819
223 0.584557833399
224 0.583478673916
225 0.582562157898
226 0.581657114854
227 0.580763543833
228 0.579726339628
229 0.578699064815
230 0.577838261295
231 0.576831540675
232 0.575834719887
233 0.575006637957
234 0.574030325398
235 0.573063886076
236 0.572107310709
237 0.571160590331
238 0.570061138097
239 0.569133345854
240 0.568215380034
241 0.567142484795
242 0.566243382768
243 0.565187908604
244 0.564307628012
245 0.563269522392
246 0.562408023051
247 0.561387235164
248 0.560374752895
249 0.5593705619
250 0.558545720087
251 0.557558745378
252 0.5565800221
253 0.555609536623
254 0.554647275496
255 0.55351874979
256 0.552572209917
257 0.551633852668
258 0.550703665305
259 0.549781635297
260 0.54868994066
261 0.547783488847
262 0.54670607635
263 0.545815145134
264 0.544751951115
265 0.543876484062
266 0.542827445692
267 0.541967387599
268 0.540932442944
269 0.539904233453
270 0.539066827982
271 0.538052619663
272 0.537045098846
273 0.536044249505
274 0.535236611491
275 0.534249642119
276 0.53326929774
277 0.532295562693
278 0.531328421408
279 0.530367858408
280 0.529413858308
281 0.528466405824
282 0.52752548577
283 0.526399221002
284 0.52547072451
285 0.524548714066
286 0.523633174873
287 0.522724092244
288 0.521626756311
289 0.520729940624
290 0.51983953651
291 0.518759187528
292 0.51788095753
293 0.517009094982
294 0.515945588615
295 0.515085808846
296 0.514033304669
297 0.513185546838
298 0.512143981618
299 0.511308185535
300 0.510277496471
301 0.509453602627
302 0.508433727371
303 0.507419015064
304 0.506612553653
305 0.505608562221
306 0.504609687295
307 0.50382052419
308 0.502832278217
309 0.501849102717
310 0.500870982469
311 0.500104468609
312 0.49913685612
313 0.498174253433
314 0.497216645497
315 0.496264017305
316 0.495316353891
317 0.494583059028
318 0.493645724673
319 0.4927133106
320 0.491785802046
321 0.490863184297
322 0.489945442685
323 0.489032562595
324 0.488124529462
325 0.487221328773
326 0.486322946069
327 0.485429366944
328 0.484540577049
329 0.48365656209
330 0.482777307831
331 0.481687141288
332 0.480903335026
333 0.479994706076
334 0.47911230102
335 0.478212764701
336 0.477339507471
337 0.476449007557
338 0.475562984566
339 0.474681424576
340 0.473782376982
341 0.472909660754
342 0.47204136604
343 0.471155422563
344 0.470273794026
345 0.469396466769
346 0.468523427181
347 0.467654661693
348 0.466790156786
349 0.465929898984
350 0.465051551358
351 0.464199709047
352 0.463329675548
353 0.462463761073
354 0.461601952371
355 0.460744236237
356 0.459890599508
357 0.459041029066
358 0.45819551184
359 0.457331386117
360 0.456493900152
361 0.455637709947
362 0.454808203488
363 0.453959897238
364 0.453115496908
365 0.452274989746
366 0.451438363041
367 0.450605604124
368 0.449776700372
369 0.448928651558
370 0.448107386814
371 0.447266887302
372 0.446453211603
373 0.445620211637
374 0.444790927386
375 0.443965346549
376 0.443143456866
377 0.442325246118
378 0.441510702126
379 0.440699812753
380 0.439892565904
381 0.439088949525
382 0.438265558652
383 0.43746913631
384 0.436652856463
385 0.435840100218
386 0.435054364185
387 0.434248647901
388 0.433446419893
389 0.432647668468
390 0.431852381976
391 0.431060548803
392 0.430272157378
393 0.429487196166
394 0.428681920587
395 0.427903757338
396 0.427105203656
397 0.426333792764
398 0.425541915601
399 0.424777211773
400 0.423991966057
401 0.423210006721
402 0.422455265282
403 0.421679870379
404 0.420907728549
405 0.420138828773
406 0.419373160068
407 0.41861071149
408 0.417827379555
409 0.417071313618
410 0.416318435216
411 0.415544569209
412 0.414798008652
413 0.414054603381
414 0.413290106753
415 0.412528697421
416 0.411794644413
417 0.411039399828
418 0.41028721097
419 0.409538067397
420 0.408816328294
421 0.408073265788
422 0.40733321743
423 0.406596172918
424 0.40586212199
425 0.405106576572
426 0.404378460563
427 0.403653307577
428 0.402931107494
429 0.40221185023
430 0.401470943218
431 0.400757519959
432 0.400022387144
433 0.399314758043
434 0.398585359793
435 0.397883485283
436 0.397159782242
437 0.396438903039
438 0.395720837959
439 0.395030333643
440 0.394317885927
441 0.393608223373
442 0.392901336402
443 0.392197215468
444 0.39149585106
445 0.3907972337
446 0.390101353945
447 0.389408202384
448 0.388692850851
449 0.388005109612
450 0.387320068555
451 0.386637718405
452 0.385933062714
453 0.385256048772
454 0.384581698127
455 0.383884964139
456 0.383215894823
457 0.382524391687
458 0.381835483245
459 0.381174259118
460 0.380490527566
461 0.379809363902
462 0.37915590433
463 0.378479864171
464 0.377806365376
465 0.377135399177
466 0.376466956832
467 0.375801029633
468 0.375137608904
469 0.374476685997
470 0.3738182523
471 0.373162299227
472 0.372508818229
473 0.371857800783
474 0.371209238401
475 0.370563122626
476 0.36991944503
477 0.36925283941
478 0.368613998934
479 0.367977571554
480 0.367318152605
481 0.366686512489
482 0.366031839893
483 0.365404954114
484 0.364780440245
485 0.364132830998
486 0.363487553101
487 0.362870078188
488 0.36222944911
489 0.36161663121
490 0.360980618913
491 0.360346897964
492 0.359715460456
493 0.359111846974
494 0.358484962899
495 0.3578603387
496 0.357237966586
497 0.356617838791
498 0.355999947581
499 0.355384285248
500 0.354770844112
501 0.354185249746
502 0.35355059486
503 0.352943771527
504 0.352339138958
505 0.351736689615
506 0.351136415991
507 0.350538310603
508 0.349942365998
509 0.349348574752
510 0.34873120986
511 0.348141693168
512 0.347554307732
513 0.346943300622
514 0.346360145803
515 0.345779100386
516 0.345174385587
517 0.34459752734
518 0.343996969419
519 0.343424269652
520 0.342827840059
521 0.342259270298
522 0.341666940694
523 0.341102472679
524 0.340514214935
525 0.339953820621
526 0.339369606816
527 0.338787401651
528 0.338233060795
529 0.337654858088
530 0.337078643409
531 0.336504409941
532 0.335958040862
533 0.335387755268
534 0.334819430578
535 0.334253060075
536 0.333688637068
537 0.333126154891
538 0.33259153577
539 0.332032921124
540 0.331476227453
541 0.33092144819
542 0.330368576794
543 0.329817606747
544 0.329268531557
545 0.328721344755
546 0.328150064964
547 0.327606629883
548 0.327065063933
549 0.326525360743
550 0.325987513967
551 0.325451517282
552 0.324917364389
553 0.324359038161
554 0.323828548311
555 0.323299883501
556 0.322747013772
557 0.322221974713
558 0.321698742157
559 0.321177309973
560 0.32063162965
561 0.320113774151
562 0.319571651232
563 0.319057348164
564 0.318544815157
565 0.318007983786
566 0.317498967176
567 0.316965633151
568 0.316460109143
569 0.315930248758
570 0.315428193738
571 0.314901783463
572 0.314377088808
573 0.313880190483
574 0.313358910977
575 0.312865423388
576 0.312347535943
577 0.311831335259
578 0.31131681563
579 0.31083007488
580 0.310318901656
581 0.309809392495
582 0.309327653818
583 0.308821457273
584 0.308316907991
585 0.307814000413
586 0.307312729003
587 0.306839211545
588 0.306341197285
589 0.305844802707
590 0.305350022358
591 0.304856850803
592 0.30436528263
593 0.303875312447
594 0.303386934881
595 0.302900144581
596 0.302414936215
597 0.301931304473
598 0.301449244064
599 0.300968749716
600 0.30048981618
601 0.300012438225
602 0.29953661064
603 0.299062328236
604 0.29858958584
605 0.298118378303
606 0.297648700493
607 0.297154396294
608 0.29668776117
609 0.296222640489
610 0.295759029198
611 0.295296922265
612 0.29481016107
613 0.294351046332
614 0.293893420958
615 0.293437279992
616 0.292956463632
617 0.292503275153
618 0.292051556317
619 0.291575147556
620 0.291126351819
621 0.29067901113
622 0.290206966079
623 0.289762519435
624 0.289319513413
625 0.288851788679
626 0.288411647981
627 0.287946780668
628 0.287509486323
629 0.287047457501
630 0.286612990682
631 0.286153781559
632 0.285722123584
633 0.285265715512
634 0.284836847841
635 0.284383222313
636 0.28395712655
637 0.283506265196
638 0.283082923086
639 0.282634807677
640 0.282188060021
641 0.28176881355
642 0.281324784743
643 0.280882110207
644 0.280466919042
645 0.280026936567
646 0.27958829503
647 0.279177119302
648 0.278741143341
649 0.278306495136
650 0.277899295435
651 0.277467286622
652 0.277036592532
653 0.276607208852
654 0.276205249318
655 0.275778470571
656 0.275352989395
657 0.27492880154
658 0.274505902772
659 0.274084288872
660 0.273690060899
661 0.273271001209
662 0.272853213838
663 0.272436694632
664 0.272021439451
665 0.271607444171
666 0.271194704684
667 0.270783216898
668 0.270372976734
669 0.269963980131
670 0.269556223043
671 0.269149701438
672 0.268744411299
673 0.268340348627
674 0.267937509436
675 0.267535889755
676 0.267135485628
677 0.266736293115
678 0.26633830829
679 0.265941527243
680 0.265545946079
681 0.265151560915
682 0.264758367887
683 0.264366363142
684 0.263975542844
685 0.263559867396
686 0.263171407125
687 0.26278411986
688 0.262398001825
689 0.262013049253
690 0.261629258396
691 0.261220610288
692 0.260839134152
693 0.26045880855
694 0.260079629786
695 0.259701594183
696 0.259298700417
697 0.258922942553
698 0.258548316879
699 0.258148834595
700 0.257776464792
701 0.257405216331
702 0.257035085631
703 0.256640098583
704 0.256272194988
705 0.255905398473
706 0.255513747109
707 0.255149156401
708 0.25478566221
709 0.25439731464
710 0.254036005199
711 0.253649845136
712 0.253290706525
713 0.252932647091
714 0.252549738444
715 0.252193829178
716 0.251813073419
717 0.251459300663
718 0.251080684119
719 0.250729034318
720 0.250352543416
721 0.250003003117
722 0.249628624386
723 0.249281180237
724 0.248908900304
725 0.248563539055
726 0.248193344648
727 0.247850053148
728 0.247481931092
729 0.24714069629
730 0.246774633508
731 0.24640959912
732 0.246071425965
733 0.245708431401
734 0.245372282725
735 0.24501131515
736 0.244651359875
737 0.244318224918
738 0.24396027754
739 0.243629135446
740 0.243273183368
741 0.242918227789
742 0.242590052384
743 0.242237073365
744 0.241885081503
745 0.241534073699
746 0.241209811145
747 0.240860755225
748 0.240512674158
749 0.240191313874
750 0.239845166433
751 0.23949998474
752 0.239155765775
753 0.238838233522
754 0.238495924143
755 0.23815456852
756 0.23781416368
757 0.237474706659
758 0.237161893036
759 0.236824316037
760 0.236487678051
761 0.236151976155
762 0.23581720744
763 0.235483369009
764 0.235176121872
765 0.234844128699
766 0.234513057195
767 0.234182904501
768 0.233853667774
769 0.233525344176
770 0.233197930883
771 0.23287142508
772 0.232545823963
773 0.232246735204
774 0.231922928612
775 0.231600018373
776 0.231278001723
777 0.23095687591
778 0.23063663819
779 0.23031728583
780 0.229998816108
781 0.229681226308
782 0.22936451373
783 0.229048675679
784 0.228733709472
785 0.228419612436
786 0.228106381908
787 0.227794015232
788 0.227482509766
789 0.227171862875
790 0.226862071934
791 0.226553134328
792 0.226245047453
793 0.225912323777
794 0.225605936636
795 0.225300392444
796 0.224995688635
797 0.224691822649
798 0.224388791939
799 0.224086593965
800 0.223785226198
801 0.223484686118
802 0.223159545829
803 0.222860659452
804 0.222562593233
805 0.222265344689
806 0.221968911344
807 0.221673290735
808 0.221378480404
809 0.221059098929
810 0.22076590752
811 0.220473519051
812 0.220181931102
813 0.219891141263
814 0.219575802336
815 0.219286607098
816 0.218998202765
817 0.218710586961
818 0.21839844066
819 0.218112400308
820 0.217827141385
821 0.21754266155
822 0.217233669596
823 0.216950746342
824 0.216668595179
825 0.216387213799
826 0.216081338457
827 0.215801495059
828 0.21552241455
829 0.215218855041
830 0.214941298729
831 0.214664498487
832 0.214363234081
833 0.2140879444
834 0.213813404043
835 0.213514414232
836 0.213241370949
837 0.21296907032
838 0.212672334814
839 0.212401517916
840 0.212131437073
841 0.211836935798
842 0.211568325489
843 0.211275306314
844 0.211008157804
845 0.210741734504
846 0.210450916557
847 0.210185942095
848 0.209896584407
849 0.209633050206
850 0.209345144142
851 0.209083041684
852 0.208821649575
853 0.208535899499
854 0.208275926498
855 0.207991606741
856 0.207733044483
857 0.20745014662
858 0.207192986803
859 0.206911502469
860 0.206655736847
861 0.206375657736
862 0.206121278125
863 0.205842595989
864 0.205589594263
865 0.205312300912
866 0.205060669004
867 0.204784756307
868 0.204534486206
869 0.204259946089
870 0.204011029845
871 0.203737854289
872 0.203490284007
873 0.203218465053
874 0.202947326597
875 0.202701762637
876 0.202431968925
877 0.202187731412
878 0.201919274621
879 0.201651488488
880 0.201409228223
881 0.20114276736
882 0.200901814376
883 0.2006366711
884 0.20037218881
885 0.200133184517
886 0.199870008366
887 0.199632292528
888 0.199370414967
889 0.199109188887
890 0.198873393691
891 0.198613454953
892 0.198354162069
893 0.198120270909
894 0.197862254237
895 0.197604877851
896 0.197372874299
897 0.197116763112
898 0.196861286699
899 0.196631154503
900 0.196376932392
901 0.196123339601
902 0.195870374319
903 0.19564271341
904 0.195390988062
905 0.195139884843
906 0.194914058011
907 0.194664184094
908 0.194414926985
909 0.194166284913
910 0.193942880218
911 0.19369545343
912 0.19344863643
913 0.193202427473
914 0.192981417361
915 0.192736409864
916 0.192492005234
917 0.192248201749
918 0.192029559055
919 0.191786943398
920 0.191544923782
921 0.191303498509
922 0.191062665887
923 0.190846945563
924 0.190607283983
925 0.190368210038
926 0.190129722059
927 0.189891818383
928 0.189654497353
929 0.189442230122
930 0.189206060366
931 0.188970468341
932 0.188735452414
933 0.188501010956
934 0.188267142343
935 0.188058270094
936 0.187825533395
937 0.18759336473
938 0.187361762496
939 0.187130725098
940 0.186900250946
941 0.186670338457
942 0.18644098605
943 0.186236552926
944 0.186008307226
945 0.185780616927
946 0.185553480471
947 0.185326896306
948 0.185100862886
949 0.184875378669
950 0.184650442118
951 0.184426051702
952 0.184202205895
953 0.183978903178
954 0.183756142034
955 0.183558184828
956 0.183336493846
957 0.183115339946
958 0.182894721633
959 0.182674637417
960 0.182455085814
961 0.182236065345
962 0.182017574534
963 0.181799611913
964 0.181582176017
965 0.181365265388
966 0.181148878569
967 0.180933014113
968 0.180717670574
969 0.180502846513
970 0.180288540495
971 0.180074751091
972 0.179861476875
973 0.179648716429
974 0.179436468335
975 0.179224731185
976 0.179013503573
977 0.178802784098
978 0.178592571363
979 0.178382863978
980 0.178173660556
981 0.177964959716
982 0.17775676008
983 0.177525024305
984 0.177317830758
985 0.177111134288
986 0.176904933536
987 0.176699227149
988 0.176494013778
989 0.176289292078
990 0.176085060709
991 0.175881318336
992 0.175678063627
993 0.175475295256
994 0.175273011901
995 0.175071212246
996 0.174845965026
997 0.174645136313
998 0.17444478735
999 0.174244916835
