50 0.0416835888684
51 0.0433676058587
52 0.0450849697201
53 0.0468356804525
54 0.0486197380561
55 0.0504371425308
56 0.0522878938765
57 0.0541719920934
58 0.0560894371813
59 0.0580402291404
60 0.0600243679705
61 0.0620418536717
62 0.0640926862441
63 0.0661768656875
64 0.068294392002
65 0.0704452651876
66 0.0726294852443
67 0.0748470521721
68 0.077097965971
69 0.079382226641
70 0.0816998341821
71 0.0840507885943
72 0.0864350898775
73 0.0888527380319
74 0.0913037330574
75 0.0937880749539
76 0.0963057637216
77 0.0988567993603
78 0.10144118187
79 0.104058911251
80 0.106709987503
81 0.109394410626
82 0.11211218062
83 0.114863297486
84 0.117647761222
85 0.12046557183
86 0.123316729308
87 0.126201233658
88 0.129119084879
89 0.132070282971
90 0.135054827934
91 0.138072719768
92 0.141123958473
93 0.144208544049
94 0.147326476496
95 0.150477755815
96 0.153662382004
97 0.156880355065
98 0.160131674997
99 0.1634163418
100 0.166734355474
101 0.170085716019
102 0.173470423435
103 0.176888477722
104 0.18033987888
105 0.18382462691
106 0.18734272181
107 0.190894163582
108 0.194478952224
109 0.198097087738
110 0.201748570123
111 0.205433399379
112 0.209151575506
113 0.212903098504
114 0.216687968374
115 0.220506185114
116 0.224357748725
117 0.228242659208
118 0.232160916561
119 0.236112520786
120 0.240097471882
121 0.244115769849
122 0.248167414687
123 0.252252406396
124 0.256370744976
125 0.260522430428
126 0.26470746275
127 0.268925841943
128 0.273177568008
129 0.277462640944
130 0.28178106075
131 0.286132827428
132 0.290517940977
133 0.294936401397
134 0.299388208688
135 0.303873362851
136 0.308391863884
137 0.312943711788
138 0.317528906564
139 0.322147448211
140 0.326799336728
141 0.331484572117
142 0.336203154377
143 0.340955083508
144 0.34574035951
145 0.350558982383
146 0.355410952128
147 0.360296268743
148 0.365214932229
149 0.370166942587
150 0.375152299816
151 0.380171003915
152 0.385223054886
153 0.390308452728
154 0.395427197441
155 0.400579289025
156 0.405764727481
157 0.410983512807
158 0.416235645004
159 0.421521124073
160 0.426839950012
161 0.432192122823
162 0.437577642505
163 0.442996509058
164 0.448448722482
165 0.453934282777
166 0.459453189943
167 0.46500544398
168 0.470591044889
169 0.476209992668
170 0.481862287319
171 0.48754792884
172 0.493266917233
173 0.499019252497
174 0.504804934632
175 0.510623963638
176 0.516476339515
177 0.522362062263
178 0.528281131883
179 0.534233548373
180 0.540219311735
181 0.546238421967
182 0.552290879071
183 0.558376683046
184 0.564495833891
185 0.570648331608
186 0.576834176197
187 0.583053367656
188 0.589305905986
189 0.595591791187
190 0.60191102326
191 0.608263602203
192 0.614649528018
193 0.621068800704
194 0.627521420261
195 0.634007386688
196 0.640526699987
197 0.647079360158
198 0.653665367199
199 0.660284721111
200 0.666937421894
201 0.673623469549
202 0.680342864075
203 0.687095605471
204 0.693881693739
205 0.700701128878
206 0.707553910888
207 0.714440039769
208 0.721359515521
209 0.728312338144
210 0.735298507639
211 0.742318024004
212 0.749370887241
213 0.756457097348
214 0.763576654327
215 0.770729558177
216 0.777915808898
217 0.78513540649
218 0.792388350953
219 0.799674642287
220 0.806994280492
221 0.814347265569
222 0.821733597516
223 0.829153276335
224 0.836606302024
225 0.844092674585
226 0.851612394017
227 0.85916546032
228 0.866751873494
229 0.874371633539
230 0.882024740455
231 0.889711194243
232 0.897430994901
233 0.905184142431
234 0.912970636831
235 0.920790478103
236 0.928643666246
237 0.93653020126
238 0.944450083145
239 0.952403311901
240 0.960389887528
241 0.968409810026
242 0.976463079396
243 0.984549695636
244 0.992669658748
245 1.00082296873
246 1.00900962558
247 1.01722962931
248 1.0254829799
249 1.03376967737
250 1.04208972171
251 1.05044311292
252 1.058829851
253 1.06724993595
254 1.07570336777
255 1.08419014647
256 1.09271027203
257 1.10126374447
258 1.10985056377
259 1.11847072995
260 1.127124243
261 1.13581110292
262 1.14453130971
263 1.15328486338
264 1.16207176391
265 1.17089201131
266 1.17974560559
267 1.18863254674
268 1.19755283475
269 1.20650646964
270 1.2154934514
271 1.22451378003
272 1.23356745554
273 1.24265447791
274 1.25177484715
275 1.26092856327
276 1.27011562626
277 1.27933603611
278 1.28858979284
279 1.29787689644
280 1.30719734691
281 1.31655114426
282 1.32593828847
283 1.33535877955
284 1.34481261751
285 1.35429980233
286 1.36382033403
287 1.3733742126
288 1.38296143804
289 1.39258201035
290 1.40223592953
291 1.41192319559
292 1.42164380851
293 1.43139776831
294 1.44118507497
295 1.45100572851
296 1.46085972892
297 1.4707470762
298 1.48066777035
299 1.49062181137
300 1.50060919926
301 1.51062993403
302 1.52068401566
303 1.53077144417
304 1.54089221954
305 1.55104634179
306 1.56123381091
307 1.5714546269
308 1.58170878976
309 1.5919962995
310 1.6023171561
311 1.61267135958
312 1.62305890992
313 1.63347980714
314 1.64393405123
315 1.65442164219
316 1.66494258002
317 1.67549686472
318 1.68608449629
319 1.69670547474
320 1.70735980005
321 1.71804747224
322 1.72876849129
323 1.73952285722
324 1.75031057002
325 1.76113162969
326 1.77198603623
327 1.78287378964
328 1.79379488993
329 1.80474933708
330 1.81573713111
331 1.826758272
332 1.83781275977
333 1.84890059441
334 1.86002177592
335 1.8711763043
336 1.88236417955
337 1.89358540168
338 1.90483997067
339 1.91612788654
340 1.92744914928
341 1.93880375888
342 1.95019171536
343 1.96161301871
344 1.97306766893
345 1.98455566602
346 1.99607700999
347 2.00763170082
348 2.01921973853
349 2.0308411231
350 2.04249585455
351 2.05418393287
352 2.06590535806
353 2.07766013012
354 2.08944824905
355 2.10126971486
356 2.11312452753
357 2.12501268708
358 2.13693419349
359 2.14888904678
360 2.16087724694
361 2.17289879397
362 2.18495368787
363 2.19704192864
364 2.20916351628
365 2.2213184508
366 2.23350673218
367 2.24572836044
368 2.25798333557
369 2.27027165756
370 2.28259332643
371 2.29494834217
372 2.30733670479
373 2.31975841427
374 2.33221347062
375 2.34470187385
376 2.35722362394
377 2.36977872091
378 2.38236716475
379 2.39498895546
380 2.40764409304
381 2.42033257749
382 2.43305440881
383 2.44580958701
384 2.45859811207
385 2.47141998401
386 2.48427520281
387 2.49716376849
388 2.51008568104
389 2.52304094046
390 2.53602954675
391 2.54905149992
392 2.56210679995
393 2.57519544685
394 2.58831744063
395 2.60147278128
396 2.6146614688
397 2.62788350318
398 2.64113888444
399 2.65442761258
400 2.66774968758
401 2.68110510945
402 2.6944938782
403 2.70791599381
404 2.7213714563
405 2.73486026566
406 2.74838242188
407 2.76193792498
408 2.77552677496
409 2.7891489718
410 2.80280451551
411 2.8164934061
412 2.83021564355
413 2.84397122788
414 2.85776015908
415 2.87158243714
416 2.88543806208
417 2.8993270339
418 2.91324935258
419 2.92720501813
420 2.94119403055
421 2.95521638985
422 2.96927209602
423 2.98336114905
424 2.99748354896
425 3.01163929574
426 3.02582838939
427 3.04005082991
428 3.05430661731
429 3.06859575157
430 3.08291823271
431 3.09727406071
432 3.11166323559
433 3.12608575734
434 3.14054162596
435 3.15503084145
436 3.16955340381
437 3.18410931304
438 3.19869856915
439 3.21332117212
440 3.22797712197
441 3.24266641869
442 3.25738906227
443 3.27214505273
444 3.28693439006
445 3.30175707427
446 3.31661310534
447 3.33150248328
448 3.3464252081
449 3.36138127978
450 3.37637069834
451 3.39139346377
452 3.40644957607
453 3.42153903524
454 3.43666184128
455 3.45181799419
456 3.46700749398
457 3.48223034063
458 3.49748653416
459 3.51277607455
460 3.52809896182
461 3.54345519596
462 3.55884477697
463 3.57426770485
464 3.5897239796
465 3.60521360123
466 3.62073656972
467 3.63629288509
468 3.65188254733
469 3.66750555643
470 3.68316191241
471 3.69885161526
472 3.71457466498
473 3.73033106158
474 3.74612080504
475 3.76194389537
476 3.77780033258
477 3.79369011666
478 3.8096132476
479 3.82556972542
480 3.84155955011
481 3.85758272167
482 3.87363924011
483 3.88972910541
484 3.90585231758
485 3.92200887663
486 3.93819878254
487 3.95442203533
488 3.97067863499
489 3.98696858152
490 4.00329187492
491 4.01964851519
492 4.03603850234
493 4.05246183635
494 4.06891851724
495 4.08540854499
496 4.10193191962
497 4.11848864112
498 4.13507870949
499 4.15170212473
500 4.16835888684
501 4.18504899582
502 4.20177245168
503 4.2185292544
504 4.235319404
505 4.25214290047
506 4.2689997438
507 4.28588993401
508 4.30281347109
509 4.31977035505
510 4.33676058587
511 4.35378416356
512 4.37084108813
513 4.38793135956
514 4.40505497787
515 4.42221194305
516 4.4394022551
517 4.45662591402
518 4.47388291981
519 4.49117327247
520 4.50849697201
521 4.52585401841
522 4.54324441169
523 4.56066815183
524 4.57812523885
525 4.59561567274
526 4.6131394535
527 4.63069658113
528 4.64828705564
529 4.66591087701
530 4.68356804525
531 4.70125856037
532 4.71898242236
533 4.73673963121
534 4.75453018694
535 4.77235408954
536 4.79021133901
537 4.80810193536
538 4.82602587857
539 4.84398316866
540 4.86197380561
541 4.87999778944
542 4.89805512014
543 4.9161457977
544 4.93426982214
545 4.95242719346
546 4.97061791164
547 4.98884197669
548 5.00709938861
549 5.02539014741
550 5.04371425308
551 5.06207170561
552 5.08046250502
553 5.0988866513
554 5.11734414445
555 5.13583498448
556 5.15435917137
557 5.17291670513
558 5.19150758577
559 5.21013181328
560 5.22878938765
561 5.2474803089
562 5.26620457702
563 5.28496219201
564 5.30375315387
565 5.32257746261
566 5.34143511821
567 5.36032612069
568 5.37925047003
569 5.39820816625
570 5.41719920934
571 5.4362235993
572 5.45528133613
573 5.47437241983
574 5.4934968504
575 5.51265462785
576 5.53184575216
577 5.55107022335
578 5.5703280414
579 5.58961920633
580 5.60894371813
581 5.6283015768
582 5.64769278234
583 5.66711733476
584 5.68657523404
585 5.7060664802
586 5.72559107322
587 5.74514901312
588 5.76474029989
589 5.78436493353
590 5.80402291404
591 5.82371424142
592 5.84343891567
593 5.86319693679
594 5.88298830479
595 5.90281301965
596 5.92267108139
597 5.94256249
598 5.96248724548
599 5.98244534783
600 6.00243679705
601 6.02246159314
602 6.04251973611
603 6.06261122594
604 6.08273606265
605 6.10289424622
606 6.12308577667
607 6.14331065399
608 6.16356887818
609 6.18386044924
610 6.20418536717
611 6.22454363198
612 6.24493524365
613 6.2653602022
614 6.28581850761
615 6.3063101599
616 6.32683515906
617 6.34739350509
618 6.36798519799
619 6.38861023776
620 6.40926862441
621 6.42996035792
622 6.45068543831
623 6.47144386556
624 6.49223563969
625 6.51306076069
626 6.53391922856
627 6.5548110433
628 6.57573620491
629 6.59669471339
630 6.61768656875
631 6.63871177097
632 6.65977032007
633 6.68086221604
634 6.70198745888
635 6.72314604858
636 6.74433798517
637 6.76556326862
638 6.78682189894
639 6.80811387613
640 6.8294392002
641 6.85079787114
642 6.87218988894
643 6.89361525362
644 6.91507396517
645 6.93656602359
646 6.95809142888
647 6.97965018105
648 7.00124228008
649 7.02286772598
650 7.04452651876
651 7.06621865841
652 7.08794414493
653 7.10970297831
654 7.13149515858
655 7.15332068571
656 7.17517955971
657 7.19707178058
658 7.21899734833
659 7.24095626294
660 7.26294852443
661 7.28497413279
662 7.30703308802
663 7.32912539012
664 7.35125103909
665 7.37341003493
666 7.39560237765
667 7.41782806723
668 7.44008710369
669 7.46237948701
670 7.48470521721
671 7.50706429428
672 7.52945671822
673 7.55188248903
674 7.57434160671
675 7.59683407127
676 7.61935988269
677 7.64191904099
678 7.66451154615
679 7.68713739819
680 7.7097965971
681 7.73248914288
682 7.75521503553
683 7.77797427505
684 7.80076686145
685 7.82359279471
686 7.84645207485
687 7.86934470185
688 7.89227067573
689 7.91522999648
690 7.9382226641
691 7.96124867859
692 7.98430803995
693 8.00740074818
694 8.03052680329
695 8.05368620526
696 8.07687895411
697 8.10010504983
698 8.12336449242
699 8.14665728188
700 8.16998341821
701 8.19334290141
702 8.21673573148
703 8.24016190843
704 8.26362143224
705 8.28711430293
706 8.31064052048
707 8.33420008491
708 8.35779299621
709 8.38141925438
710 8.40507885943
711 8.42877181134
712 8.45249811012
713 8.47625775578
714 8.5000507483
715 8.5238770877
716 8.54773677397
717 8.57162980711
718 8.59555618712
719 8.619515914
720 8.64350898775
721 8.66753540838
722 8.69159517587
723 8.71568829024
724 8.73981475147
725 8.76397455958
726 8.78816771456
727 8.81239421641
728 8.83665406513
729 8.86094726073
730 8.88527380319
731 8.90963369252
732 8.93402692873
733 8.95845351181
734 8.98291344175
735 9.00740671857
736 9.03193334226
737 9.05649331282
738 9.08108663026
739 9.10571329456
740 9.13037330574
741 9.15506666378
742 9.1797933687
743 9.20455342049
744 9.22934681914
745 9.25417356467
746 9.27903365708
747 9.30392709635
748 9.32885388249
749 9.35381401551
750 9.37880749539
751 9.40383432215
752 9.42889449578
753 9.45398801627
754 9.47911488364
755 9.50427509788
756 9.529468659
757 9.55469556698
758 9.57995582183
759 9.60524942356
760 9.63057637216
761 9.65593666762
762 9.68133030996
763 9.70675729917
764 9.73221763525
765 9.7577113182
766 9.78323834803
767 9.80879872472
768 9.83439244829
769 9.86001951872
770 9.88567993603
771 9.91137370021
772 9.93710081126
773 9.96286126918
774 9.98865507397
775 10.0144822256
776 10.0403427242
777 10.0662365696
778 10.0921637618
779 10.118124301
780 10.144118187
781 10.1701454199
782 10.1962059997
783 10.2222999263
784 10.2484271998
785 10.2745878202
786 10.3007817874
787 10.3270091015
788 10.3532697625
789 10.3795637704
790 10.4058911251
791 10.4322518267
792 10.4586458752
793 10.4850732705
794 10.5115340127
795 10.5380281018
796 10.5645555378
797 10.5911163206
798 10.6177104503
799 10.6443379269
800 10.6709987503
801 10.6976929206
802 10.7244204378
803 10.7511813019
804 10.7779755128
805 10.8048030706
806 10.8316639752
807 10.8585582268
808 10.8854858252
809 10.9124467705
810 10.9394410626
811 10.9664687016
812 10.9935296875
813 11.0206240203
814 11.0477516999
815 11.0749127264
816 11.1021070998
817 11.1293348201
818 11.1565958872
819 11.1838903012
820 11.211218062
821 11.2385791698
822 11.2659736244
823 11.2934014259
824 11.3208625742
825 11.3483570694
826 11.3758849115
827 11.4034461005
828 11.4310406363
829 11.458668519
830 11.4863297486
831 11.514024325
832 11.5417522483
833 11.5695135185
834 11.5973081356
835 11.6251360995
836 11.6529974103
837 11.680892068
838 11.7088200725
839 11.7367814239
840 11.7647761222
841 11.7928041674
842 11.8208655594
843 11.8489602983
844 11.8770883841
845 11.9052498167
846 11.9334445962
847 11.9616727226
848 11.9899341958
849 12.018229016
850 12.046557183
851 12.0749186968
852 12.1033135576
853 12.1317417652
854 12.1602033197
855 12.188698221
856 12.2172264692
857 12.2457880643
858 12.2743830063
859 12.3030112951
860 12.3316729308
861 12.3603679134
862 12.3890962429
863 12.4178579192
864 12.4466529424
865 12.4754813124
866 12.5043430294
867 12.5332380932
868 12.5621665038
869 12.5911282614
870 12.6201233658
871 12.6491518171
872 12.6782136152
873 12.7073087603
874 12.7364372522
875 12.7655990909
876 12.7947942766
877 12.8240228091
878 12.8532846885
879 12.8825799147
880 12.9119084879
881 12.9412704079
882 12.9706656747
883 13.0000942885
884 13.0295562491
885 13.0590515566
886 13.0885802109
887 13.1181422122
888 13.1477375603
889 13.1773662552
890 13.2070282971
891 13.2367236858
892 13.2664524214
893 13.2962145038
894 13.3260099331
895 13.3558387093
896 13.3857008324
897 13.4155963023
898 13.4455251191
899 13.4754872828
900 13.5054827934
901 13.5355116508
902 13.5655738551
903 13.5956694062
904 13.6257983043
905 13.6559605492
906 13.686156141
907 13.7163850796
908 13.7466473651
909 13.7769429975
910 13.8072719768
911 13.8376343029
912 13.8680299759
913 13.8984589958
914 13.9289213625
915 13.9594170761
916 13.9899461366
917 14.020508544
918 14.0511042982
919 14.0817333993
920 14.1123958473
921 14.1430916421
922 14.1738207838
923 14.2045832724
924 14.2353791079
925 14.2662082902
926 14.2970708194
927 14.3279666955
928 14.3588959184
929 14.3898584882
930 14.4208544049
931 14.4518836685
932 14.4829462789
933 14.5140422362
934 14.5451715404
935 14.5763341914
936 14.6075301893
937 14.6387595341
938 14.6700222257
939 14.7013182643
940 14.7326476496
941 14.7640103819
942 14.795406461
943 14.8268358871
944 14.8582986599
945 14.8897947797
946 14.9213242463
947 14.9528870598
948 14.9844832202
949 15.0161127274
950 15.0477755815
951 15.0794717825
952 15.1112013303
953 15.142964225
954 15.1747604666
955 15.2065900551
956 15.2384529904
957 15.2703492726
958 15.3022789017
959 15.3342418776
960 15.3662382004
961 15.3982678701
962 15.4303308867
963 15.4624272501
964 15.4945569604
965 15.5267200176
966 15.5589164216
967 15.5911461725
968 15.6234092703
969 15.655705715
970 15.6880355065
971 15.7203986449
972 15.7527951302
973 15.7852249623
974 15.8176881413
975 15.8501846672
976 15.88271454
977 15.9152777596
978 15.9478743261
979 15.9805042394
980 16.0131674997
981 16.0458641068
982 16.0785940608
983 16.1113573616
984 16.1441540093
985 16.1769840039
986 16.2098473454
987 16.2427440337
988 16.2756740689
989 16.308637451
990 16.34163418
991 16.3746642558
992 16.4077276785
993 16.440824448
994 16.4739545645
995 16.5071180278
996 16.540314838
997 16.573544995
998 16.6068084989
999 16.6401053497
