10 0.140624427727
11 0.170155557549
12 0.202499175926
13 0.237655282858
14 0.275623878344
15 0.316404962385
16 0.35999853498
17 0.40640459613
18 0.455623145834
19 0.507654184093
20 0.562497710906
21 0.620153726274
22 0.680622230197
23 0.743903222673
24 0.809996703705
25 0.878902673291
26 0.950621131431
27 1.02515207813
28 1.10249551338
29 1.18265143718
30 1.26561984954
31 1.35140075045
32 1.43999413992
33 1.53140001794
34 1.62561838452
35 1.72264923965
36 1.82249258334
37 1.92514841558
38 2.03061673637
39 2.13889754572
40 2.24999084362
41 2.36389663008
42 2.4806149051
43 2.60014566866
44 2.72248892079
45 2.84764466146
46 2.97561289069
47 3.10639360848
48 3.23998681482
49 3.37639250971
50 3.51561069316
51 3.65764136517
52 3.80248452573
53 3.95014017484
54 4.10060831251
55 4.25388893873
56 4.4099820535
57 4.56888765684
58 4.73060574872
59 4.89513632916
60 5.06247939816
61 5.2326349557
62 5.40560300181
63 5.58138353647
64 5.75997655968
65 5.94138207145
66 6.12560007177
67 6.31263056064
68 6.50247353808
69 6.69512900406
70 6.8905969586
71 7.0888774017
72 7.28997033334
73 7.49387575355
74 7.70059366231
75 7.91012405962
76 8.12246694549
77 8.33762231991
78 8.55559018288
79 8.77637053441
80 8.9999633745
81 9.22636870314
82 9.45558652033
83 9.68761682608
84 9.92245962039
85 10.1601149032
86 10.4005826747
87 10.6438629346
88 10.8899556831
89 11.1388609202
90 11.3905786459
91 11.64510886
92 11.9024515628
93 12.1626067541
94 12.4255744339
95 12.6913546023
96 12.9599472593
97 13.2313524048
98 13.5055700389
99 13.7826001615
100 14.0624427727
101 14.3450978724
102 14.6305654607
103 14.9188455375
104 15.2099381029
105 15.5038431569
106 15.8005606994
107 16.1000907304
108 16.40243325
109 16.7075882582
110 17.0155557549
111 17.3263357402
112 17.639928214
113 17.9563331764
114 18.2755506273
115 18.5975805668
116 18.9224229949
117 19.2500779115
118 19.5805453166
119 19.9138252104
120 20.2499175926
121 20.5888224634
122 20.9305398228
123 21.2750696708
124 21.6224120072
125 21.9725668323
126 22.3255341459
127 22.681313948
128 23.0399062387
129 23.401311018
130 23.7655282858
131 24.1325580422
132 24.5024002871
133 24.8750550205
134 25.2505222426
135 25.6288019532
136 26.0098941523
137 26.39379884
138 26.7805160162
139 27.170045681
140 27.5623878344
141 27.9575424763
142 28.3555096068
143 28.7562892258
144 29.1598813334
145 29.5662859295
146 29.9755030142
147 30.3875325874
148 30.8023746492
149 31.2200291996
150 31.6404962385
151 32.0637757659
152 32.4898677819
153 32.9187722865
154 33.3504892796
155 33.7850187613
156 34.2223607315
157 34.6625151903
158 35.1054821377
159 35.5512615735
160 35.999853498
161 36.451257911
162 36.9054748126
163 37.3625042027
164 37.8223460813
165 38.2850004486
166 38.7504673043
167 39.2187466487
168 39.6898384815
169 40.163742803
170 40.640459613
171 41.1199889115
172 41.6023306986
173 42.0874849743
174 42.5754517385
175 43.0662309913
176 43.5598227326
177 44.0562269625
178 44.5554436809
179 45.0574728879
180 45.5623145834
181 46.0699687675
182 46.5804354401
183 47.0937146013
184 47.6098062511
185 48.1287103894
186 48.6504270163
187 49.1749561317
188 49.7022977357
189 50.2324518282
190 50.7654184093
191 51.3011974789
192 51.8397890371
193 52.3811930839
194 52.9254096192
195 53.472438643
196 54.0222801554
197 54.5749341564
198 55.1304006459
199 55.688679624
200 56.2497710906
201 56.8136750458
202 57.3803914895
203 57.9499204218
204 58.5222618427
205 59.0974157521
206 59.67538215
207 60.2561610366
208 60.8397524116
209 61.4261562752
210 62.0153726274
211 62.6074014681
212 63.2022427974
213 63.7998966153
214 64.4003629217
215 65.0036417166
216 65.6097330001
217 66.2186367722
218 66.8303530328
219 67.4448817819
220 68.0622230197
221 68.6823767459
222 69.3053429608
223 69.9311216641
224 70.5597128561
225 71.1911165366
226 71.8253327056
227 72.4623613632
228 73.1022025094
229 73.7448561441
230 74.3903222673
231 75.0386008792
232 75.6896919795
233 76.3435955685
234 77.000311646
235 77.659840212
236 78.3221812666
237 78.9873348097
238 79.6553008414
239 80.3260793617
240 80.9996703705
241 81.6760738679
242 82.3552898538
243 83.0373183283
244 83.7221592913
245 84.4098127429
246 85.100278683
247 85.7935571117
248 86.4896480289
249 87.1885514347
250 87.8902673291
251 88.594795712
252 89.3021365835
253 90.0122899435
254 90.7252557921
255 91.4410341292
256 92.1596249549
257 92.8810282691
258 93.6052440719
259 94.3322723632
260 95.0621131431
261 95.7947664116
262 96.5302321686
263 97.2685104142
264 98.0096011483
265 98.753504371
266 99.5002200822
267 100.249748282
268 101.00208897
269 101.757242147
270 102.515207813
271 103.275985967
272 104.039576609
273 104.80597974
274 105.57519536
275 106.347223468
276 107.122064065
277 107.89971715
278 108.680182724
279 109.463460787
280 110.249551338
281 111.038454377
282 111.830169905
283 112.624697922
284 113.422038427
285 114.222191421
286 115.025156903
287 115.830934874
288 116.639525334
289 117.450928281
290 118.265143718
291 119.082171643
292 119.902012057
293 120.724664959
294 121.55013035
295 122.378408229
296 123.209498597
297 124.043401453
298 124.880116798
299 125.719644632
300 126.561984954
301 127.407137765
302 128.255103064
303 129.105880851
304 129.959471128
305 130.815873893
306 131.675089146
307 132.537116888
308 133.401957119
309 134.269609838
310 135.140075045
311 136.013352741
312 136.889442926
313 137.768345599
314 138.650060761
315 139.534588412
316 140.421928551
317 141.312081178
318 142.205046294
319 143.100823899
320 143.999413992
321 144.900816574
322 145.805031644
323 146.712059203
324 147.62189925
325 148.534551786
326 149.450016811
327 150.368294324
328 151.289384325
329 152.213286815
330 153.140001794
331 154.069529261
332 155.001869217
333 155.937021662
334 156.874986595
335 157.815764016
336 158.759353926
337 159.705756325
338 160.654971212
339 161.606998588
340 162.561838452
341 163.519490805
342 164.479955646
343 165.443232976
344 166.409322794
345 167.378225102
346 168.349939897
347 169.324467181
348 170.301806954
349 171.281959215
350 172.264923965
351 173.250701203
352 174.23929093
353 175.230693146
354 176.22490785
355 177.221935042
356 178.221774724
357 179.224426893
358 180.229891551
359 181.238168698
360 182.249258334
361 183.263160458
362 184.27987507
363 185.299402171
364 186.321741761
365 187.346893839
366 188.374858405
367 189.405635461
368 190.439225004
369 191.475627037
370 192.514841558
371 193.556868567
372 194.601708065
373 195.649360052
374 196.699824527
375 197.75310149
376 198.809190943
377 199.868092883
378 200.929807313
379 201.994334231
380 203.061673637
381 204.131825532
382 205.204789916
383 206.280566788
384 207.359156148
385 208.440557998
386 209.524772335
387 210.611799162
388 211.701638477
389 212.79429028
390 213.889754572
391 214.988031353
392 216.089120622
393 217.193022379
394 218.299736626
395 219.40926336
396 220.521602584
397 221.636754296
398 222.754718496
399 223.875495185
400 224.999084362
401 226.125486029
402 227.254700183
403 228.386726826
404 229.521565958
405 230.659217578
406 231.799681687
407 232.942958285
408 234.089047371
409 235.237948945
410 236.389663008
411 237.54418956
412 238.7015286
413 239.861680129
414 241.024644146
415 242.190420652
416 243.359009646
417 244.530411129
418 245.704625101
419 246.881651561
420 248.06149051
421 249.244141947
422 250.429605873
423 251.617882287
424 252.80897119
425 254.002872581
426 255.199586461
427 256.39911283
428 257.601451687
429 258.806603032
430 260.014566866
431 261.225343189
432 262.438932
433 263.6553333
434 264.874547089
435 266.096573366
436 267.321412131
437 268.549063385
438 269.779527128
439 271.012803359
440 272.248892079
441 273.487793287
442 274.729506984
443 275.974033169
444 277.221371843
445 278.471523006
446 279.724486657
447 280.980262796
448 282.238851424
449 283.500252541
450 284.764466146
451 286.03149224
452 287.301330822
453 288.573981893
454 289.849445453
455 291.127721501
456 292.408810037
457 293.692711063
458 294.979424576
459 296.268950579
460 297.561289069
461 298.856440049
462 300.154403517
463 301.455179473
464 302.758767918
465 304.065168852
466 305.374382274
467 306.686408185
468 308.001246584
469 309.318897472
470 310.639360848
471 311.962636713
472 313.288725066
473 314.617625908
474 315.949339239
475 317.283865058
476 318.621203366
477 319.961354162
478 321.304317447
479 322.65009322
480 323.998681482
481 325.350082232
482 326.704295471
483 328.061321199
484 329.421159415
485 330.78381012
486 332.149273313
487 333.517548995
488 334.888637165
489 336.262537824
490 337.639250971
491 339.018776607
492 340.401114732
493 341.786265345
494 343.174228447
495 344.565004037
496 345.958592116
497 347.354992683
498 348.754205739
499 350.156231283
500 351.561069316
501 352.968719838
502 354.379182848
503 355.792458347
504 357.208546334
505 358.62744681
506 360.049159774
507 361.473685227
508 362.901023168
509 364.331173598
510 365.764136517
511 367.199911924
512 368.638499819
513 370.079900204
514 371.524113076
515 372.971138438
516 374.420976288
517 375.873626626
518 377.329089453
519 378.787364769
520 380.248452573
521 381.712352865
522 383.179065646
523 384.648590916
524 386.120928674
525 387.596078921
526 389.074041657
527 390.554816881
528 392.038404593
529 393.524804794
530 395.014017484
531 396.506042662
532 398.000880329
533 399.498530484
534 400.998993128
535 402.50226826
536 404.008355881
537 405.517255991
538 407.028968589
539 408.543493675
540 410.060831251
541 411.580981314
542 413.103943867
543 414.629718907
544 416.158306437
545 417.689706455
546 419.223918961
547 420.760943956
548 422.30078144
549 423.843431412
550 425.388893873
551 426.937168822
552 428.48825626
553 430.042156186
554 431.598868601
555 433.158393505
556 434.720730897
557 436.285880777
558 437.853843147
559 439.424618004
560 440.99820535
561 442.574605185
562 444.153817509
563 445.735842321
564 447.320679621
565 448.90832941
566 450.498791688
567 452.092066454
568 453.688153709
569 455.287053452
570 456.888765684
571 458.493290404
572 460.100627613
573 461.71077731
574 463.323739496
575 464.939514171
576 466.558101334
577 468.179500986
578 469.803713126
579 471.430737755
580 473.060574872
581 474.693224478
582 476.328686572
583 477.966961155
584 479.608048227
585 481.251947787
586 482.898659836
587 484.548184373
588 486.200521399
589 487.855670913
590 489.513632916
591 491.174407408
592 492.837994388
593 494.504393856
594 496.173605813
595 497.845630259
596 499.520467193
597 501.198116616
598 502.878578527
599 504.561852927
600 506.247939816
601 507.936839193
602 509.628551058
603 511.323075412
604 513.020412255
605 514.720561586
606 516.423523406
607 518.129297714
608 519.837884511
609 521.549283797
610 523.26349557
611 524.980519833
612 526.700356584
613 528.423005824
614 530.148467552
615 531.876741769
616 533.607828474
617 535.341727668
618 537.07843935
619 538.817963521
620 540.560300181
621 542.305449329
622 544.053410966
623 545.804185091
624 547.557771705
625 549.314170807
626 551.073382398
627 552.835406477
628 554.600243045
629 556.367892102
630 558.138353647
631 559.91162768
632 561.687714203
633 563.466613213
634 565.248324713
635 567.0328487
636 568.820185177
637 570.610334142
638 572.403295595
639 574.199069537
640 575.997655968
641 577.799054887
642 579.603266295
643 581.410290191
644 583.220126576
645 585.032775449
646 586.848236811
647 588.666510662
648 590.487597001
649 592.311495829
650 594.138207145
651 595.967730949
652 597.800067243
653 599.635216025
654 601.473177295
655 603.313951054
656 605.157537301
657 607.003936037
658 608.853147262
659 610.705170975
660 612.560007177
661 614.417655867
662 616.278117046
663 618.141390713
664 620.007476869
665 621.876375514
666 623.748086647
667 625.622610268
668 627.499946379
669 629.380094977
670 631.263056064
671 633.14882964
672 635.037415705
673 636.928814258
674 638.823025299
675 640.720048829
676 642.619884848
677 644.522533355
678 646.427994351
679 648.336267835
680 650.247353808
681 652.161252269
682 654.077963219
683 655.997486657
684 657.919822584
685 659.844971
686 661.772931904
687 663.703705297
688 665.637291178
689 667.573689548
690 669.512900406
691 671.454923753
692 673.399759588
693 675.347407912
694 677.297868725
695 679.251142026
696 681.207227816
697 683.166126094
698 685.127836861
699 687.092360116
700 689.05969586
701 691.029844093
702 693.002804814
703 694.978578023
704 696.957163721
705 698.938561908
706 700.922772583
707 702.909795747
708 704.899631399
709 706.89227954
710 708.88774017
711 710.886013288
712 712.887098894
713 714.890996989
714 716.897707573
715 718.907230645
716 720.919566206
717 722.934714255
718 724.952674793
719 726.973447819
720 728.997033334
721 731.023431338
722 733.05264183
723 735.084664811
724 737.11950028
725 739.157148238
726 741.197608684
727 743.240881619
728 745.286967042
729 747.335864954
730 749.387575355
731 751.442098244
732 753.499433622
733 755.559581488
734 757.622541842
735 759.688314686
736 761.756900018
737 763.828297838
738 765.902508147
739 767.979530945
740 770.059366231
741 772.142014005
742 774.227474268
743 776.31574702
744 778.40683226
745 780.500729989
746 782.597440207
747 784.696962913
748 786.799298107
749 788.90444579
750 791.012405962
751 793.123178622
752 795.236763771
753 797.353161408
754 799.472371534
755 801.594394148
756 803.719229251
757 805.846876843
758 807.977336923
759 810.110609491
760 812.246694549
761 814.385592094
762 816.527302129
763 818.671824651
764 820.819159663
765 822.969307163
766 825.122267151
767 827.278039628
768 829.436624594
769 831.598022048
770 833.762231991
771 835.929254422
772 838.099089342
773 840.27173675
774 842.447196647
775 844.625469033
776 846.806553907
777 848.990451269
778 851.17716112
779 853.36668346
780 855.559018288
781 857.754165605
782 859.952125411
783 862.152897704
784 864.356482487
785 866.562879758
786 868.772089518
787 870.984111766
788 873.198946502
789 875.416593728
790 877.637053441
791 879.860325644
792 882.086410335
793 884.315307514
794 886.547017182
795 888.781539339
796 891.018873984
797 893.259021118
798 895.50198074
799 897.747752851
800 899.99633745
801 902.247734538
802 904.501944114
803 906.758966179
804 909.018800733
805 911.281447775
806 913.546907306
807 915.815179325
808 918.086263833
809 920.360160829
810 922.636870314
811 924.916392287
812 927.198726749
813 929.4838737
814 931.771833139
815 934.062605067
816 936.356189483
817 938.652586388
818 940.951795781
819 943.253817663
820 945.558652033
821 947.866298892
822 950.17675824
823 952.490030076
824 954.806114401
825 957.125011214
826 959.446720516
827 961.771242306
828 964.098576585
829 966.428723352
830 968.761682608
831 971.097454353
832 973.436038586
833 975.777435307
834 978.121644518
835 980.468666216
836 982.818500404
837 985.17114708
838 987.526606244
839 989.884877897
840 992.245962039
841 994.609858669
842 996.976567787
843 999.346089394
844 1001.71842349
845 1004.09357007
846 1006.47152915
847 1008.85230071
848 1011.23588476
849 1013.6222813
850 1016.01149032
851 1018.40351184
852 1020.79834584
853 1023.19599234
854 1025.59645132
855 1027.99972279
856 1030.40580675
857 1032.81470319
858 1035.22641213
859 1037.64093355
860 1040.05826747
861 1042.47841387
862 1044.90137276
863 1047.32714413
864 1049.755728
865 1052.18712436
866 1054.6213332
867 1057.05835453
868 1059.49818835
869 1061.94083466
870 1064.38629346
871 1066.83456475
872 1069.28564852
873 1071.73954479
874 1074.19625354
875 1076.65577478
876 1079.11810851
877 1081.58325473
878 1084.05121344
879 1086.52198463
880 1088.99556831
881 1091.47196449
882 1093.95117315
883 1096.4331943
884 1098.91802793
885 1101.40567406
886 1103.89613268
887 1106.38940378
888 1108.88548737
889 1111.38438345
890 1113.88609202
891 1116.39061308
892 1118.89794663
893 1121.40809266
894 1123.92105118
895 1126.4368222
896 1128.9554057
897 1131.47680169
898 1134.00101016
899 1136.52803113
900 1139.05786459
901 1141.59051053
902 1144.12596896
903 1146.66423988
904 1149.20532329
905 1151.74921919
906 1154.29592757
907 1156.84544845
908 1159.39778181
909 1161.95292766
910 1164.510886
911 1167.07165683
912 1169.63524015
913 1172.20163596
914 1174.77084425
915 1177.34286503
916 1179.91769831
917 1182.49534407
918 1185.07580231
919 1187.65907305
920 1190.24515628
921 1192.83405199
922 1195.42576019
923 1198.02028089
924 1200.61761407
925 1203.21775974
926 1205.82071789
927 1208.42648854
928 1211.03507167
929 1213.6464673
930 1216.26067541
931 1218.87769601
932 1221.4975291
933 1224.12017467
934 1226.74563274
935 1229.37390329
936 1232.00498634
937 1234.63888187
938 1237.27558989
939 1239.91511039
940 1242.55744339
941 1245.20258888
942 1247.85054685
943 1250.50131731
944 1253.15490027
945 1255.81129571
946 1258.47050363
947 1261.13252405
948 1263.79735696
949 1266.46500235
950 1269.13546023
951 1271.8087306
952 1274.48481346
953 1277.16370881
954 1279.84541665
955 1282.52993697
956 1285.21726979
957 1287.90741509
958 1290.60037288
959 1293.29614316
960 1295.99472593
961 1298.69612118
962 1301.40032893
963 1304.10734916
964 1306.81718189
965 1309.5298271
966 1312.2452848
967 1314.96355498
968 1317.68463766
969 1320.40853283
970 1323.13524048
971 1325.86476062
972 1328.59709325
973 1331.33223837
974 1334.07019598
975 1336.81096608
976 1339.55454866
977 1342.30094373
978 1345.0501513
979 1347.80217135
980 1350.55700389
981 1353.31464891
982 1356.07510643
983 1358.83837643
984 1361.60445893
985 1364.37335391
986 1367.14506138
987 1369.91958134
988 1372.69691379
989 1375.47705872
990 1378.26001615
991 1381.04578606
992 1383.83436846
993 1386.62576335
994 1389.41997073
995 1392.2169906
996 1395.01682296
997 1397.8194678
998 1400.62492513
999 1403.43319496
