10 0.174803100295
11 0.211511751357
12 0.251716464425
13 0.295417239499
14 0.342614076578
15 0.393306975664
16 0.447495936755
17 0.505180959853
18 0.566362044956
19 0.631039192065
20 0.69921240118
21 0.770881672301
22 0.846047005428
23 0.924708400561
24 1.0068658577
25 1.09251937684
26 1.18166895799
27 1.27431460115
28 1.37045630631
29 1.47009407348
30 1.57322790266
31 1.67985779384
32 1.78998374702
33 1.90360576221
34 2.02072383941
35 2.14133797861
36 2.26544817982
37 2.39305444304
38 2.52415676826
39 2.65875515549
40 2.79684960472
41 2.93844011596
42 3.08352668921
43 3.23210932446
44 3.38418802171
45 3.53976278098
46 3.69883360224
47 3.86140048552
48 4.0274634308
49 4.19702243808
50 4.37007750738
51 4.54662863867
52 4.72667583198
53 4.91021908729
54 5.0972584046
55 5.28779378393
56 5.48182522525
57 5.67935272859
58 5.88037629393
59 6.08489592127
60 6.29291161062
61 6.50442336198
62 6.71943117534
63 6.93793505071
64 7.15993498809
65 7.38543098747
66 7.61442304885
67 7.84691117225
68 8.08289535764
69 8.32237560505
70 8.56535191446
71 8.81182428587
72 9.0617927193
73 9.31525721472
74 9.57221777216
75 9.8326743916
76 10.096627073
77 10.3640758165
78 10.635020622
79 10.9094614894
80 11.1873984189
81 11.4688314104
82 11.7537604638
83 12.0421855793
84 12.3341067568
85 12.6295239963
86 12.9284372978
87 13.2308466613
88 13.5367520869
89 13.8461535744
90 14.1590511239
91 14.4754447354
92 14.795334409
93 15.1187201445
94 15.4456019421
95 15.7759798016
96 16.1098537232
97 16.4472237068
98 16.7880897523
99 17.1324518599
100 17.4803100295
101 17.8316642611
102 18.1865145547
103 18.5448609103
104 18.9067033279
105 19.2720418075
106 19.6408763492
107 20.0132069528
108 20.3890336184
109 20.7683563461
110 21.1511751357
111 21.5374899874
112 21.927300901
113 22.3206078767
114 22.7174109143
115 23.117710014
116 23.5215051757
117 23.9287963994
118 24.3395836851
119 24.7538670328
120 25.1716464425
121 25.5929219142
122 26.0176934479
123 26.4459610436
124 26.8777247014
125 27.3129844211
126 27.7517402028
127 28.1939920466
128 28.6397399523
129 29.0889839201
130 29.5417239499
131 29.9979600416
132 30.4576921954
133 30.9209204112
134 31.387644689
135 31.8578650288
136 32.3315814306
137 32.8087938944
138 33.2895024202
139 33.773707008
140 34.2614076578
141 34.7526043697
142 35.2472971435
143 35.7454859793
144 36.2471708772
145 36.752351837
146 37.2610288589
147 37.7732019428
148 38.2888710886
149 38.8080362965
150 39.3306975664
151 39.8568548983
152 40.3865082922
153 40.9196577481
154 41.456303266
155 41.9964448459
156 42.5400824878
157 43.0872161917
158 43.6378459577
159 44.1919717856
160 44.7495936755
161 45.3107116275
162 45.8753256414
163 46.4434357174
164 47.0150418554
165 47.5901440553
166 48.1687423173
167 48.7508366413
168 49.3364270273
169 49.9255134753
170 50.5180959853
171 51.1141745573
172 51.7137491913
173 52.3168198873
174 52.9233866453
175 53.5334494654
176 54.1470083474
177 54.7640632914
178 55.3846142975
179 56.0086613655
180 56.6362044956
181 57.2672436877
182 57.9017789417
183 58.5398102578
184 59.1813376359
185 59.826361076
186 60.4748805781
187 61.1268961422
188 61.7824077683
189 62.4414154564
190 63.1039192065
191 63.7699190186
192 64.4394148928
193 65.1124068289
194 65.7888948271
195 66.4688788872
196 67.1523590094
197 67.8393351935
198 68.5298074397
199 69.2237757478
200 69.921240118
201 70.6222005502
202 71.3266570444
203 72.0346096006
204 72.7460582188
205 73.461002899
206 74.1794436412
207 74.9013804454
208 75.6268133117
209 76.3557422399
210 77.0881672301
211 77.8240882824
212 78.5635053966
213 79.3064185729
214 80.0528278111
215 80.8027331114
216 81.5561344737
217 82.3130318979
218 83.0734253842
219 83.8373149325
220 84.6047005428
221 85.3755822151
222 86.1499599494
223 86.9278337457
224 87.7092036041
225 88.4940695244
226 89.2824315067
227 90.074289551
228 90.8696436574
229 91.6684938257
230 92.4708400561
231 93.2766823485
232 94.0860207028
233 94.8988551192
234 95.7151855976
235 96.535012138
236 97.3583347403
237 98.1851534047
238 99.0154681311
239 99.8492789195
240 100.68658577
241 101.527388682
242 102.371687657
243 103.219482693
244 104.070773792
245 104.925560952
246 105.783844175
247 106.645623459
248 107.510898805
249 108.379670214
250 109.251937684
251 110.127701217
252 111.006960811
253 111.889716468
254 112.775968186
255 113.665715967
256 114.558959809
257 115.455699714
258 116.35593568
259 117.259667709
260 118.166895799
261 119.077619952
262 119.991840167
263 120.909556443
264 121.830768782
265 122.755477182
266 123.683681645
267 124.615382169
268 125.550578756
269 126.489271405
270 127.431460115
271 128.377144888
272 129.326325722
273 130.279002619
274 131.235175578
275 132.194844598
276 133.158009681
277 134.124670825
278 135.094828032
279 136.068481301
280 137.045630631
281 138.026276024
282 139.010417479
283 139.998054995
284 140.989188574
285 141.983818215
286 142.981943917
287 143.983565682
288 144.988683509
289 145.997297397
290 147.009407348
291 148.025013361
292 149.044115436
293 150.066713572
294 151.092807771
295 152.122398032
296 153.155484355
297 154.192066739
298 155.232145186
299 156.275719695
300 157.322790266
301 158.373356898
302 159.427419593
303 160.48497835
304 161.546033169
305 162.610584049
306 163.678630992
307 164.750173997
308 165.825213064
309 166.903748193
310 167.985779384
311 169.071306636
312 170.160329951
313 171.252849328
314 172.348864767
315 173.448376268
316 174.551383831
317 175.657887456
318 176.767887142
319 177.881382891
320 178.998374702
321 180.118862575
322 181.24284651
323 182.370326507
324 183.501302566
325 184.635774687
326 185.77374287
327 186.915207115
328 188.060167421
329 189.20862379
330 190.360576221
331 191.516024714
332 192.674969269
333 193.837409886
334 195.003346565
335 196.172779306
336 197.345708109
337 198.522132974
338 199.702053901
339 200.88547089
340 202.072383941
341 203.262793054
342 204.456698229
343 205.654099466
344 206.854996765
345 208.059390126
346 209.267279549
347 210.478665034
348 211.693546581
349 212.91192419
350 214.133797861
351 215.359167595
352 216.58803339
353 217.820395247
354 219.056253166
355 220.295607147
356 221.53845719
357 222.784803295
358 224.034645462
359 225.287983691
360 226.544817982
361 227.805148336
362 229.068974751
363 230.336297228
364 231.607115767
365 232.881430368
366 234.159241031
367 235.440547756
368 236.725350544
369 238.013649393
370 239.305444304
371 240.600735277
372 241.899522312
373 243.20180541
374 244.507584569
375 245.81685979
376 247.129631073
377 248.445898418
378 249.765661826
379 251.088921295
380 252.415676826
381 253.745928419
382 255.079676075
383 256.416919792
384 257.757659571
385 259.101895412
386 260.449627316
387 261.800855281
388 263.155579308
389 264.513799397
390 265.875515549
391 267.240727762
392 268.609436037
393 269.981640375
394 271.357340774
395 272.736537235
396 274.119229759
397 275.505418344
398 276.895102991
399 278.288283701
400 279.684960472
401 281.085133305
402 282.488802201
403 283.895967158
404 285.306628178
405 286.720785259
406 288.138438402
407 289.559587608
408 290.984232875
409 292.412374205
410 293.844011596
411 295.279145049
412 296.717774565
413 298.159900142
414 299.605521782
415 301.054639483
416 302.507253247
417 303.963363072
418 305.42296896
419 306.886070909
420 308.35266892
421 309.822762994
422 311.296353129
423 312.773439327
424 314.254021586
425 315.738099908
426 317.225674291
427 318.716744737
428 320.211311245
429 321.709373814
430 323.210932446
431 324.715987139
432 326.224537895
433 327.736584712
434 329.252127592
435 330.771166533
436 332.293701537
437 333.819732602
438 335.34925973
439 336.88228292
440 338.418802171
441 339.958817485
442 341.50232886
443 343.049336298
444 344.599839798
445 346.153839359
446 347.711334983
447 349.272326669
448 350.836814416
449 352.404798226
450 353.976278098
451 355.551254031
452 357.129726027
453 358.711694085
454 360.297158204
455 361.886118386
456 363.47857463
457 365.074526935
458 366.673975303
459 368.276919733
460 369.883360224
461 371.493296778
462 373.106729394
463 374.723658072
464 376.344082811
465 377.968003613
466 379.595420477
467 381.226333403
468 382.86074239
469 384.49864744
470 386.140048552
471 387.784945726
472 389.433338961
473 391.085228259
474 392.740613619
475 394.399495041
476 396.061872525
477 397.72774607
478 399.397115678
479 401.069981348
480 402.74634308
481 404.426200874
482 406.10955473
483 407.796404647
484 409.486750627
485 411.180592669
486 412.877930773
487 414.578764939
488 416.283095167
489 417.990921457
490 419.702243808
491 421.417062222
492 423.135376698
493 424.857187236
494 426.582493836
495 428.311296498
496 430.043595222
497 431.779390008
498 433.518680856
499 435.261467766
500 437.007750738
501 438.757529772
502 440.510804868
503 442.267576026
504 444.027843246
505 445.791606527
506 447.558865871
507 449.329621277
508 451.103872745
509 452.881620275
510 454.662863867
511 456.447603521
512 458.235839238
513 460.027571016
514 461.822798856
515 463.621522758
516 465.423742722
517 467.229458748
518 469.038670836
519 470.851378986
520 472.667583198
521 474.487283472
522 476.310479808
523 478.137172206
524 479.967360666
525 481.801045188
526 483.638225772
527 485.478902418
528 487.323075127
529 489.170743897
530 491.021908729
531 492.876569623
532 494.734726579
533 496.596379597
534 498.461528677
535 500.33017382
536 502.202315024
537 504.07795229
538 505.957085618
539 507.839715008
540 509.72584046
541 511.615461975
542 513.508579551
543 515.405193189
544 517.305302889
545 519.208908651
546 521.116010476
547 523.026608362
548 524.94070231
549 526.85829232
550 528.779378393
551 530.703960527
552 532.632038723
553 534.563612981
554 536.498683302
555 538.437249684
556 540.379312128
557 542.324870634
558 544.273925203
559 546.226475833
560 548.182522525
561 550.14206528
562 552.105104096
563 554.071638974
564 556.041669915
565 558.015196917
566 559.992219981
567 561.972739108
568 563.956754296
569 565.944265546
570 567.935272859
571 569.929776233
572 571.927775669
573 573.929271168
574 575.934262728
575 577.942750351
576 579.954734035
577 581.970213781
578 583.98918959
579 586.01166146
580 588.037629393
581 590.067093387
582 592.100053443
583 594.136509562
584 596.176461742
585 598.219909985
586 600.266854289
587 602.317294656
588 604.371231084
589 606.428663575
590 608.489592127
591 610.554016742
592 612.621937418
593 614.693354157
594 616.768266957
595 618.84667582
596 620.928580744
597 623.013981731
598 625.102878779
599 627.19527189
600 629.291161062
601 631.390546297
602 633.493427593
603 635.599804952
604 637.709678372
605 639.823047855
606 641.9399134
607 644.060275006
608 646.184132675
609 648.311486405
610 650.442336198
611 652.576682053
612 654.714523969
613 656.855861948
614 659.000695988
615 661.149026091
616 663.300852256
617 665.456174482
618 667.614992771
619 669.777307122
620 671.943117534
621 674.112424009
622 676.285226546
623 678.461525144
624 680.641319805
625 682.824610528
626 685.011397312
627 687.201680159
628 689.395459068
629 691.592734038
630 693.793505071
631 695.997772166
632 698.205535323
633 700.416794541
634 702.631549822
635 704.849801165
636 707.07154857
637 709.296792036
638 711.525531565
639 713.757767156
640 715.993498809
641 718.232726523
642 720.4754503
643 722.721670139
644 724.97138604
645 727.224598003
646 729.481306027
647 731.741510114
648 734.005210263
649 736.272406474
650 738.543098747
651 740.817287082
652 743.094971478
653 745.376151937
654 747.660828458
655 749.949001041
656 752.240669686
657 754.535834393
658 756.834495162
659 759.136651992
660 761.442304885
661 763.75145384
662 766.064098857
663 768.380239936
664 770.699877077
665 773.02301028
666 775.349639545
667 777.679764872
668 780.013386261
669 782.350503712
670 784.691117225
671 787.0352268
672 789.382832436
673 791.733934135
674 794.088531896
675 796.446625719
676 798.808215604
677 801.173301551
678 803.54188356
679 805.913961631
680 808.289535764
681 810.668605959
682 813.051172216
683 815.437234535
684 817.826792916
685 820.21984736
686 822.616397865
687 825.016444432
688 827.419987061
689 829.827025752
690 832.237560505
691 834.65159132
692 837.069118197
693 839.490141136
694 841.914660137
695 844.3426752
696 846.774186325
697 849.209193512
698 851.647696762
699 854.089696073
700 856.535191446
701 858.984182881
702 861.436670378
703 863.892653937
704 866.352133558
705 868.815109242
706 871.281580987
707 873.751548794
708 876.225012663
709 878.701972594
710 881.182428587
711 883.666380643
712 886.15382876
713 888.644772939
714 891.13921318
715 893.637149483
716 896.138581849
717 898.643510276
718 901.151934765
719 903.663855316
720 906.17927193
721 908.698184605
722 911.220593342
723 913.746498141
724 916.275899003
725 918.808795926
726 921.345188911
727 923.885077959
728 926.428463068
729 928.975344239
730 931.525721472
731 934.079594768
732 936.636964125
733 939.197829544
734 941.762191026
735 944.330048569
736 946.901402174
737 949.476251842
738 952.054597571
739 954.636439362
740 957.221777216
741 959.810611131
742 962.402941109
743 964.998767148
744 967.598089249
745 970.200907413
746 972.807221638
747 975.417031926
748 978.030338275
749 980.647140686
750 983.26743916
751 985.891233695
752 988.518524293
753 991.149310952
754 993.783593674
755 996.421372457
756 999.062647302
757 1001.70741821
758 1004.35568518
759 1007.00744821
760 1009.6627073
761 1012.32146246
762 1014.98371368
763 1017.64946096
764 1020.3187043
765 1022.9914437
766 1025.66767917
767 1028.34741069
768 1031.03063828
769 1033.71736194
770 1036.40758165
771 1039.10129743
772 1041.79850926
773 1044.49921716
774 1047.20342112
775 1049.91112115
776 1052.62231723
777 1055.33700938
778 1058.05519759
779 1060.77688186
780 1063.5020622
781 1066.23073859
782 1068.96291105
783 1071.69857957
784 1074.43774415
785 1077.18040479
786 1079.9265615
787 1082.67621427
788 1085.4293631
789 1088.18600799
790 1090.94614894
791 1093.70978596
792 1096.47691903
793 1099.24754817
794 1102.02167338
795 1104.79929464
796 1107.58041197
797 1110.36502535
798 1113.1531348
799 1115.94474031
800 1118.73984189
801 1121.53843952
802 1124.34053322
803 1127.14612298
804 1129.9552088
805 1132.76779069
806 1135.58386863
807 1138.40344264
808 1141.22651271
809 1144.05307884
810 1146.88314104
811 1149.71669929
812 1152.55375361
813 1155.39430399
814 1158.23835043
815 1161.08589293
816 1163.9369315
817 1166.79146613
818 1169.64949682
819 1172.51102357
820 1175.37604638
821 1178.24456526
822 1181.1165802
823 1183.9920912
824 1186.87109826
825 1189.75360138
826 1192.63960057
827 1195.52909582
828 1198.42208713
829 1201.3185745
830 1204.21855793
831 1207.12203743
832 1210.02901299
833 1212.93948461
834 1215.85345229
835 1218.77091603
836 1221.69187584
837 1224.61633171
838 1227.54428364
839 1230.47573163
840 1233.41067568
841 1236.3491158
842 1239.29105198
843 1242.23648422
844 1245.18541252
845 1248.13783688
846 1251.09375731
847 1254.0531738
848 1257.01608635
849 1259.98249496
850 1262.95239963
851 1265.92580037
852 1268.90269717
853 1271.88309003
854 1274.86697895
855 1277.85436393
856 1280.84524498
857 1283.83962209
858 1286.83749526
859 1289.83886449
860 1292.84372978
861 1295.85209114
862 1298.86394856
863 1301.87930204
864 1304.89815158
865 1307.92049718
866 1310.94633885
867 1313.97567658
868 1317.00851037
869 1320.04484022
870 1323.08466613
871 1326.12798811
872 1329.17480615
873 1332.22512025
874 1335.27893041
875 1338.33623663
876 1341.39703892
877 1344.46133727
878 1347.52913168
879 1350.60042215
880 1353.67520869
881 1356.75349128
882 1359.83526994
883 1362.92054466
884 1366.00931544
885 1369.10158229
886 1372.19734519
887 1375.29660416
888 1378.39935919
889 1381.50561028
890 1384.61535744
891 1387.72860065
892 1390.84533993
893 1393.96557527
894 1397.08930667
895 1400.21653414
896 1403.34725766
897 1406.48147725
898 1409.6191929
899 1412.76040462
900 1415.90511239
901 1419.05331623
902 1422.20501612
903 1425.36021209
904 1428.51890411
905 1431.68109219
906 1434.84677634
907 1438.01595655
908 1441.18863282
909 1444.36480515
910 1447.54447354
911 1450.727638
912 1453.91429852
913 1457.1044551
914 1460.29810774
915 1463.49525645
916 1466.69590121
917 1469.90004204
918 1473.10767893
919 1476.31881188
920 1479.5334409
921 1482.75156597
922 1485.97318711
923 1489.19830431
924 1492.42691758
925 1495.6590269
926 1498.89463229
927 1502.13373373
928 1505.37633125
929 1508.62242482
930 1511.87201445
931 1515.12510015
932 1518.38168191
933 1521.64175973
934 1524.90533361
935 1528.17240355
936 1531.44296956
937 1534.71703163
938 1537.99458976
939 1541.27564395
940 1544.56019421
941 1547.84824052
942 1551.1397829
943 1554.43482134
944 1557.73335585
945 1561.03538641
946 1564.34091304
947 1567.64993573
948 1570.96245448
949 1574.27846929
950 1577.59798016
951 1580.9209871
952 1584.2474901
953 1587.57748916
954 1590.91098428
955 1594.24797547
956 1597.58846271
957 1600.93244602
958 1604.27992539
959 1607.63090082
960 1610.98537232
961 1614.34333988
962 1617.70480349
963 1621.06976318
964 1624.43821892
965 1627.81017072
966 1631.18561859
967 1634.56456252
968 1637.94700251
969 1641.33293856
970 1644.72237068
971 1648.11529885
972 1651.51172309
973 1654.91164339
974 1658.31505976
975 1661.72197218
976 1665.13238067
977 1668.54628522
978 1671.96368583
979 1675.3845825
980 1678.80897523
981 1682.23686403
982 1685.66824889
983 1689.10312981
984 1692.54150679
985 1695.98337984
986 1699.42874894
987 1702.87761411
988 1706.32997534
989 1709.78583264
990 1713.24518599
991 1716.70803541
992 1720.17438089
993 1723.64422243
994 1727.11756003
995 1730.5943937
996 1734.07472342
997 1737.55854921
998 1741.04587106
999 1744.53668898
