10 1.94905456829
11 2.35835602763
12 2.80663857834
13 3.29390222041
14 3.82014695385
15 4.38537277865
16 4.98957969482
17 5.63276770236
18 6.31493680126
19 7.03608699153
20 7.79621827316
21 8.59533064616
22 9.43342411052
23 10.3104986663
24 11.2265543134
25 12.1815910518
26 13.1756088816
27 14.2086078028
28 15.2805878154
29 16.3915489193
30 17.5414911146
31 18.7304144013
32 19.9583187793
33 21.2252042487
34 22.5310708094
35 23.8759184616
36 25.259747205
37 26.6825570399
38 28.1443479661
39 29.6451199837
40 31.1848730926
41 32.763607293
42 34.3813225846
43 36.0380189677
44 37.7336964421
45 39.4683550079
46 41.241994665
47 43.0546154135
48 44.9062172534
49 46.7968001846
50 48.7263642073
51 50.6949093212
52 52.7024355266
53 54.7489428233
54 56.8344312113
55 58.9589006908
56 61.1223512616
57 63.3247829237
58 65.5661956773
59 67.8465895222
60 70.1659644584
61 72.5243204861
62 74.9216576051
63 77.3579758154
64 79.8332751172
65 82.3475555103
66 84.9008169947
67 87.4930595705
68 90.1242832377
69 92.7944879963
70 95.5036738462
71 98.2518407875
72 101.03898882
73 103.865117944
74 106.73022816
75 109.634319466
76 112.577391864
77 115.559445354
78 118.580479935
79 121.640495607
80 124.739492371
81 127.877470226
82 131.054429172
83 134.270369209
84 137.525290339
85 140.819192559
86 144.152075871
87 147.523940274
88 150.934785768
89 154.384612354
90 157.873420031
91 161.4012088
92 164.96797866
93 168.573729611
94 172.218461654
95 175.902174788
96 179.624869014
97 183.38654433
98 187.187200739
99 191.026838238
100 194.905456829
101 198.823056511
102 202.779637285
103 206.77519915
104 210.809742106
105 214.883266154
106 218.995771293
107 223.147257524
108 227.337724845
109 231.567173259
110 235.835602763
111 240.143013359
112 244.489405046
113 248.874777825
114 253.299131695
115 257.762466656
116 262.264782709
117 266.806079853
118 271.386358089
119 276.005617416
120 280.663857834
121 285.361079343
122 290.097281944
123 294.872465637
124 299.68663042
125 304.539776295
126 309.431903262
127 314.363011319
128 319.333100469
129 324.342170709
130 329.390222041
131 334.477254464
132 339.603267979
133 344.768262585
134 349.972238282
135 355.215195071
136 360.497132951
137 365.818051922
138 371.177951985
139 376.576833139
140 382.014695385
141 387.491538722
142 393.00736315
143 398.56216867
144 404.155955281
145 409.788722983
146 415.460471777
147 421.171201662
148 426.920912638
149 432.709604706
150 438.537277865
151 444.403932116
152 450.309567458
153 456.254183891
154 462.237781416
155 468.260360032
156 474.321919739
157 480.422460538
158 486.561982428
159 492.740485409
160 498.957969482
161 505.214434646
162 511.509880902
163 517.844308249
164 524.217716687
165 530.630106217
166 537.081476838
167 543.57182855
168 550.101161354
169 556.669475249
170 563.276770236
171 569.923046314
172 576.608303483
173 583.332541744
174 590.095761095
175 596.897961539
176 603.739143074
177 610.6193057
178 617.538449417
179 624.496574226
180 631.493680126
181 638.529767117
182 645.6048352
183 652.718884375
184 659.87191464
185 667.063925997
186 674.294918446
187 681.564891985
188 688.873846616
189 696.221782339
190 703.608699153
191 711.034597058
192 718.499476054
193 726.003336142
194 733.546177322
195 741.127999592
196 748.748802954
197 756.408587408
198 764.107352952
199 771.845099589
200 779.621827316
201 787.437536135
202 795.292226045
203 803.185897047
204 811.11854914
205 819.090182324
206 827.1007966
207 835.150391967
208 843.238968425
209 851.366525975
210 859.533064616
211 867.738584348
212 875.983085172
213 884.266567087
214 892.589030094
215 900.950474192
216 909.350899381
217 917.790305662
218 926.268693034
219 934.786061498
220 943.342411052
221 951.937741699
222 960.572053436
223 969.245346265
224 977.957620185
225 986.708875197
226 995.4991113
227 1004.32832849
228 1013.19652678
229 1022.10370616
230 1031.04986663
231 1040.03500819
232 1049.05913084
233 1058.12223458
234 1067.22431941
235 1076.36538534
236 1085.54543235
237 1094.76446046
238 1104.02246966
239 1113.31945995
240 1122.65543134
241 1132.03038381
242 1141.44431737
243 1150.89723203
244 1160.38912778
245 1169.92000462
246 1179.48986255
247 1189.09870157
248 1198.74652168
249 1208.43332289
250 1218.15910518
251 1227.92386857
252 1237.72761305
253 1247.57033862
254 1257.45204528
255 1267.37273303
256 1277.33240187
257 1287.33105181
258 1297.36868284
259 1307.44529495
260 1317.56088816
261 1327.71546246
262 1337.90901786
263 1348.14155434
264 1358.41307192
265 1368.72357058
266 1379.07305034
267 1389.46151119
268 1399.88895313
269 1410.35537616
270 1420.86078028
271 1431.4051655
272 1441.9885318
273 1452.6108792
274 1463.27220769
275 1473.97251727
276 1484.71180794
277 1495.4900797
278 1506.30733256
279 1517.1635665
280 1528.05878154
281 1538.99297767
282 1549.96615489
283 1560.9783132
284 1572.0294526
285 1583.11957309
286 1594.24867468
287 1605.41675735
288 1616.62382112
289 1627.86986598
290 1639.15489193
291 1650.47889897
292 1661.84188711
293 1673.24385633
294 1684.68480665
295 1696.16473805
296 1707.68365055
297 1719.24154414
298 1730.83841882
299 1742.4742746
300 1754.14911146
301 1765.86292942
302 1777.61572846
303 1789.4075086
304 1801.23826983
305 1813.10801215
306 1825.01673556
307 1836.96444007
308 1848.95112566
309 1860.97679235
310 1873.04144013
311 1885.145069
312 1897.28767896
313 1909.46927001
314 1921.68984215
315 1933.94939539
316 1946.24792971
317 1958.58544513
318 1970.96194164
319 1983.37741924
320 1995.83187793
321 2008.32531771
322 2020.85773859
323 2033.42914055
324 2046.03952361
325 2058.68888776
326 2071.377233
327 2084.10455933
328 2096.87086675
329 2109.67615526
330 2122.52042487
331 2135.40367556
332 2148.32590735
333 2161.28712023
334 2174.2873142
335 2187.32648926
336 2200.40464542
337 2213.52178266
338 2226.677901
339 2239.87300042
340 2253.10708094
341 2266.38014255
342 2279.69218525
343 2293.04320905
344 2306.43321393
345 2319.86219991
346 2333.33016697
347 2346.83711513
348 2360.38304438
349 2373.96795472
350 2387.59184616
351 2401.25471868
352 2414.95657229
353 2428.697407
354 2442.4772228
355 2456.29601969
356 2470.15379767
357 2484.05055674
358 2497.9862969
359 2511.96101816
360 2525.9747205
361 2540.02740394
362 2554.11906847
363 2568.24971409
364 2582.4193408
365 2596.6279486
366 2610.8755375
367 2625.16210748
368 2639.48765856
369 2653.85219073
370 2668.25570399
371 2682.69819834
372 2697.17967378
373 2711.70013032
374 2726.25956794
375 2740.85798666
376 2755.49538647
377 2770.17176736
378 2784.88712936
379 2799.64147244
380 2814.43479661
381 2829.26710188
382 2844.13838823
383 2859.04865568
384 2873.99790422
385 2888.98613385
386 2904.01334457
387 2919.07953638
388 2934.18470929
389 2949.32886328
390 2964.51199837
391 2979.73411455
392 2994.99521182
393 3010.29529018
394 3025.63434963
395 3041.01239017
396 3056.42941181
397 3071.88541454
398 3087.38039835
399 3102.91436326
400 3118.48730926
401 3134.09923636
402 3149.75014454
403 3165.44003381
404 3181.16890418
405 3196.93675564
406 3212.74358819
407 3228.58940183
408 3244.47419656
409 3260.39797238
410 3276.3607293
411 3292.3624673
412 3308.4031864
413 3324.48288659
414 3340.60156787
415 3356.75923024
416 3372.9558737
417 3389.19149825
418 3405.4661039
419 3421.77969064
420 3438.13225846
421 3454.52380738
422 3470.95433739
423 3487.4238485
424 3503.93234069
425 3520.47981397
426 3537.06626835
427 3553.69170382
428 3570.35612038
429 3587.05951803
430 3603.80189677
431 3620.5832566
432 3637.40359753
433 3654.26291954
434 3671.16122265
435 3688.09850685
436 3705.07477214
437 3722.09001852
438 3739.14424599
439 3756.23745455
440 3773.36964421
441 3790.54081496
442 3807.75096679
443 3825.00009972
444 3842.28821374
445 3859.61530886
446 3876.98138506
447 3894.38644235
448 3911.83048074
449 3929.31350022
450 3946.83550079
451 3964.39648245
452 3981.9964452
453 3999.63538904
454 4017.31331398
455 4035.03022
456 4052.78610712
457 4070.58097533
458 4088.41482463
459 4106.28765502
460 4124.1994665
461 4142.15025908
462 4160.14003274
463 4178.1687875
464 4196.23652335
465 4214.34324029
466 4232.48893832
467 4250.67361744
468 4268.89727765
469 4287.15991896
470 4305.46154135
471 4323.80214484
472 4342.18172942
473 4360.60029509
474 4379.05784185
475 4397.5543697
476 4416.08987865
477 4434.66436868
478 4453.27783981
479 4471.93029203
480 4490.62172534
481 4509.35213974
482 4528.12153523
483 4546.92991182
484 4565.77726949
485 4584.66360826
486 4603.58892812
487 4622.55322907
488 4641.55651111
489 4660.59877424
490 4679.68001846
491 4698.80024378
492 4717.95945019
493 4737.15763768
494 4756.39480627
495 4775.67095595
496 4794.98608672
497 4814.34019859
498 4833.73329154
499 4853.16536559
500 4872.63642073
501 4892.14645695
502 4911.69547427
503 4931.28347268
504 4950.91045219
505 4970.57641278
506 4990.28135447
507 5010.02527724
508 5029.80818111
509 5049.63006607
510 5069.49093212
511 5089.39077926
512 5109.3296075
513 5129.30741682
514 5149.32420724
515 5169.37997875
516 5189.47473135
517 5209.60846504
518 5229.78117982
519 5249.99287569
520 5270.24355266
521 5290.53321071
522 5310.86184986
523 5331.2294701
524 5351.63607143
525 5372.08165385
526 5392.56621736
527 5413.08976197
528 5433.65228766
529 5454.25379445
530 5474.89428233
531 5495.5737513
532 5516.29220136
533 5537.04963251
534 5557.84604475
535 5578.68143809
536 5599.55581251
537 5620.46916803
538 5641.42150464
539 5662.41282234
540 5683.44312113
541 5704.51240102
542 5725.62066199
543 5746.76790406
544 5767.95412721
545 5789.17933146
546 5810.4435168
547 5831.74668323
548 5853.08883076
549 5874.46995937
550 5895.89006908
551 5917.34915987
552 5938.84723176
553 5960.38428474
554 5981.96031881
555 6003.57533398
556 6025.22933023
557 6046.92230757
558 6068.65426601
559 6090.42520554
560 6112.23512616
561 6134.08402787
562 6155.97191067
563 6177.89877456
564 6199.86461955
565 6221.86944562
566 6243.91325279
567 6265.99604105
568 6288.1178104
569 6310.27856084
570 6332.47829237
571 6354.717005
572 6376.99469871
573 6399.31137352
574 6421.66702942
575 6444.06166641
576 6466.49528449
577 6488.96788366
578 6511.47946393
579 6534.03002528
580 6556.61956773
581 6579.24809127
582 6601.91559589
583 6624.62208162
584 6647.36754843
585 6670.15199633
586 6692.97542533
587 6715.83783541
588 6738.73922659
589 6761.67959886
590 6784.65895222
591 6807.67728667
592 6830.73460221
593 6853.83089885
594 6876.96617657
595 6900.14043539
596 6923.3536753
597 6946.6058963
598 6969.89709839
599 6993.22728157
600 7016.59644584
601 7040.00459121
602 7063.45171767
603 7086.93782521
604 7110.46291385
605 7134.02698358
606 7157.63003441
607 7181.27206632
608 7204.95307932
609 7228.67307342
610 7252.43204861
611 7276.23000489
612 7300.06694226
613 7323.94286072
614 7347.85776027
615 7371.81164091
616 7395.80450265
617 7419.83634548
618 7443.9071694
619 7468.01697441
620 7492.16576051
621 7516.3535277
622 7540.58027598
623 7564.84600536
624 7589.15071582
625 7613.49440738
626 7637.87708003
627 7662.29873377
628 7686.7593686
629 7711.25898453
630 7735.79758154
631 7760.37515965
632 7784.99171885
633 7809.64725914
634 7834.34178052
635 7859.07528299
636 7883.84776655
637 7908.6592312
638 7933.50967695
639 7958.39910379
640 7983.32751172
641 8008.29490074
642 8033.30127085
643 8058.34662205
644 8083.43095434
645 8108.55426773
646 8133.71656221
647 8158.91783777
648 8184.15809443
649 8209.43733218
650 8234.75555103
651 8260.11275096
652 8285.50893198
653 8310.9440941
654 8336.41823731
655 8361.93136161
656 8387.483467
657 8413.07455348
658 8438.70462105
659 8464.37366972
660 8490.08169947
661 8515.82871032
662 8541.61470226
663 8567.43967529
664 8593.30362941
665 8619.20656462
666 8645.14848092
667 8671.12937832
668 8697.14925681
669 8723.20811638
670 8749.30595705
671 8775.44277881
672 8801.61858167
673 8827.83336561
674 8854.08713065
675 8880.37987677
676 8906.71160399
677 8933.0823123
678 8959.4920017
679 8985.94067219
680 9012.42832377
681 9038.95495645
682 9065.52057021
683 9092.12516507
684 9118.76874102
685 9145.45129806
686 9172.17283619
687 9198.93335541
688 9225.73285573
689 9252.57133713
690 9279.44879963
691 9306.36524322
692 9333.3206679
693 9360.31507367
694 9387.34846053
695 9414.42082848
696 9441.53217753
697 9468.68250766
698 9495.87181889
699 9523.10011121
700 9550.36738462
701 9577.67363912
702 9605.01887472
703 9632.4030914
704 9659.82628918
705 9687.28846804
706 9714.789628
707 9742.32976905
708 9769.90889119
709 9797.52699443
710 9825.18407875
711 9852.88014417
712 9880.61519067
713 9908.38921827
714 9936.20222696
715 9964.05421674
716 9991.94518761
717 10019.8751396
718 10047.8440726
719 10075.8519868
720 10103.898882
721 10131.9847583
722 10160.1096158
723 10188.2734543
724 10216.4762739
725 10244.7180746
726 10272.9988564
727 10301.3186192
728 10329.6773632
729 10358.0750883
730 10386.5117944
731 10414.9874817
732 10443.50215
733 10472.0557994
734 10500.6484299
735 10529.2800415
736 10557.9506342
737 10586.660208
738 10615.4087629
739 10644.1962989
740 10673.022816
741 10701.8883141
742 10730.7927934
743 10759.7362537
744 10788.7186951
745 10817.7401177
746 10846.8005213
747 10875.899906
748 10905.0382718
749 10934.2156187
750 10963.4319466
751 10992.6872557
752 11021.9815459
753 11051.3148171
754 11080.6870695
755 11110.0983029
756 11139.5485174
757 11169.037713
758 11198.5658897
759 11228.1330476
760 11257.7391864
761 11287.3843064
762 11317.0684075
763 11346.7914897
764 11376.5535529
765 11406.3545973
766 11436.1946227
767 11466.0736292
768 11495.9916169
769 11525.9485856
770 11555.9445354
771 11585.9794663
772 11616.0533783
773 11646.1662714
774 11676.3181455
775 11706.5090008
776 11736.7388371
777 11767.0076546
778 11797.3154531
779 11827.6622328
780 11858.0479935
781 11888.4727353
782 11918.9364582
783 11949.4391622
784 11979.9808473
785 12010.5615134
786 12041.1811607
787 12071.8397891
788 12102.5373985
789 12133.2739891
790 12164.0495607
791 12194.8641134
792 12225.7176472
793 12256.6101621
794 12287.5416581
795 12318.5121352
796 12349.5215934
797 12380.5700327
798 12411.6574531
799 12442.7838545
800 12473.9492371
801 12505.1536007
802 12536.3969454
803 12567.6792712
804 12599.0005782
805 12630.3608662
806 12661.7601353
807 12693.1983854
808 12724.6756167
809 12756.1918291
810 12787.7470226
811 12819.3411971
812 12850.9743527
813 12882.6464895
814 12914.3576073
815 12946.1077062
816 12977.8967862
817 13009.7248473
818 13041.5918895
819 13073.4979128
820 13105.4429172
821 13137.4269026
822 13169.4498692
823 13201.5118169
824 13233.6127456
825 13265.7526554
826 13297.9315463
827 13330.1494184
828 13362.4062715
829 13394.7021057
830 13427.0369209
831 13459.4107173
832 13491.8234948
833 13524.2752534
834 13556.765993
835 13589.2957138
836 13621.8644156
837 13654.4720985
838 13687.1187625
839 13719.8044077
840 13752.5290339
841 13785.2926411
842 13818.0952295
843 13850.936799
844 13883.8173496
845 13916.7368812
846 13949.695394
847 13982.6928878
848 14015.7293628
849 14048.8048188
850 14081.9192559
851 14115.0726741
852 14148.2650734
853 14181.4964538
854 14214.7668153
855 14248.0761578
856 14281.4244815
857 14314.8117863
858 14348.2380721
859 14381.703339
860 14415.2075871
861 14448.7508162
862 14482.3330264
863 14515.9542177
864 14549.6143901
865 14583.3135436
866 14617.0516782
867 14650.8287938
868 14684.6448906
869 14718.4999684
870 14752.3940274
871 14786.3270674
872 14820.2990885
873 14854.3100908
874 14888.3600741
875 14922.4490385
876 14956.576984
877 14990.7439105
878 15024.9498182
879 15059.194707
880 15093.4785768
881 15127.8014278
882 15162.1632598
883 15196.564073
884 15231.0038672
885 15265.4826425
886 15300.0003989
887 15334.5571364
888 15369.152855
889 15403.7875547
890 15438.4612354
891 15473.1738973
892 15507.9255402
893 15542.7161643
894 15577.5457694
895 15612.4143556
896 15647.321923
897 15682.2684714
898 15717.2540009
899 15752.2785115
900 15787.3420031
901 15822.4444759
902 15857.5859298
903 15892.7663647
904 15927.9857808
905 15963.2441779
906 15998.5415562
907 16033.8779155
908 16069.2532559
909 16104.6675774
910 16140.12088
911 16175.6131637
912 16211.1444285
913 16246.7146743
914 16282.3239013
915 16317.9721094
916 16353.6592985
917 16389.3854687
918 16425.1506201
919 16460.9547525
920 16496.797866
921 16532.6799606
922 16568.6010363
923 16604.5610931
924 16640.560131
925 16676.5981499
926 16712.67515
927 16748.7911311
928 16784.9460934
929 16821.1400367
930 16857.3729611
931 16893.6448667
932 16929.9557533
933 16966.305621
934 17002.6944698
935 17039.1222996
936 17075.5891106
937 17112.0949027
938 17148.6396758
939 17185.2234301
940 17221.8461654
941 17258.5078818
942 17295.2085794
943 17331.948258
944 17368.7269177
945 17405.5445585
946 17442.4011804
947 17479.2967833
948 17516.2313674
949 17553.2049326
950 17590.2174788
951 17627.2690062
952 17664.3595146
953 17701.4890041
954 17738.6574747
955 17775.8649264
956 17813.1113592
957 17850.3967731
958 17887.7211681
959 17925.0845442
960 17962.4869014
961 17999.9282396
962 18037.408559
963 18074.9278594
964 18112.4861409
965 18150.0834036
966 18187.7196473
967 18225.3948721
968 18263.109078
969 18300.862265
970 18338.654433
971 18376.4855822
972 18414.3557125
973 18452.2648238
974 18490.2129163
975 18528.1999898
976 18566.2260444
977 18604.2910802
978 18642.395097
979 18680.5380949
980 18718.7200739
981 18756.9410339
982 18795.2009751
983 18833.4998974
984 18871.8378007
985 18910.2146852
986 18948.6305507
987 18987.0853974
988 19025.5792251
989 19064.1120339
990 19102.6838238
991 19141.2945948
992 19179.9443469
993 19218.6330801
994 19257.3607943
995 19296.1274897
996 19334.9331662
997 19373.7778237
998 19412.6614624
999 19451.5840821
