10 0.112499542181
11 0.136124446039
12 0.161999340741
13 0.190124226286
14 0.220499102675
15 0.253123969908
16 0.287998827984
17 0.325123676904
18 0.364498516667
19 0.406123347274
20 0.449998168725
21 0.496122981019
22 0.544497784157
23 0.595122578139
24 0.647997362964
25 0.703122138633
26 0.760496905145
27 0.820121662501
28 0.881996410701
29 0.946121149744
30 1.01249587963
31 1.08112060036
32 1.15199531194
33 1.22512001435
34 1.30049470762
35 1.37811939172
36 1.45799406667
37 1.54011873246
38 1.6244933891
39 1.71111803658
40 1.7999926749
41 1.89111730407
42 1.98449192408
43 2.08011653493
44 2.17799113663
45 2.27811572917
46 2.38049031256
47 2.48511488678
48 2.59198945186
49 2.70111400777
50 2.81248855453
51 2.92611309213
52 3.04198762058
53 3.16011213987
54 3.28048665001
55 3.40311115098
56 3.5279856428
57 3.65511012547
58 3.78448459898
59 3.91610906333
60 4.04998351852
61 4.18610796456
62 4.32448240145
63 4.46510682917
64 4.60798124774
65 4.75310565716
66 4.90048005741
67 5.05010444852
68 5.20197883046
69 5.35610320325
70 5.51247756688
71 5.67110192136
72 5.83197626668
73 5.99510060284
74 6.16047492984
75 6.32809924769
76 6.49797355639
77 6.67009785593
78 6.84447214631
79 7.02109642753
80 7.1999706996
81 7.38109496251
82 7.56446921627
83 7.75009346087
84 7.93796769631
85 8.12809192259
86 8.32046613972
87 8.5150903477
88 8.71196454652
89 8.91108873618
90 9.11246291668
91 9.31608708803
92 9.52196125022
93 9.73008540326
94 9.94045954713
95 10.1530836819
96 10.3679578074
97 10.5850819238
98 10.8044560311
99 11.0260801292
100 11.2499542181
101 11.4760782979
102 11.7044523685
103 11.93507643
104 12.1679504823
105 12.4030745255
106 12.6404485595
107 12.8800725843
108 13.1219466
109 13.3660706066
110 13.6124446039
111 13.8610685922
112 14.1119425712
113 14.3650665411
114 14.6204405019
115 14.8780644535
116 15.1379383959
117 15.4000623292
118 15.6644362533
119 15.9310601683
120 16.1999340741
121 16.4710579708
122 16.7444318583
123 17.0200557366
124 17.2979296058
125 17.5780534658
126 17.8604273167
127 18.1450511584
128 18.431924991
129 18.7210488144
130 19.0124226286
131 19.3060464337
132 19.6019202297
133 19.9000440164
134 20.2004177941
135 20.5030415625
136 20.8079153218
137 21.115039072
138 21.424412813
139 21.7360365448
140 22.0499102675
141 22.3660339811
142 22.6844076854
143 23.0050313806
144 23.3279050667
145 23.6530287436
146 23.9804024114
147 24.3100260699
148 24.6418997194
149 24.9760233597
150 25.3123969908
151 25.6510206127
152 25.9918942256
153 26.3350178292
154 26.6803914237
155 27.028015009
156 27.3778885852
157 27.7300121523
158 28.0843857101
159 28.4410092588
160 28.7998827984
161 29.1610063288
162 29.52437985
163 29.8900033621
164 30.2578768651
165 30.6280003588
166 31.0003738435
167 31.3749973189
168 31.7518707852
169 32.1309942424
170 32.5123676904
171 32.8959911292
172 33.2818645589
173 33.6699879794
174 34.0603613908
175 34.452984793
176 34.8478581861
177 35.24498157
178 35.6443549447
179 36.0459783103
180 36.4498516667
181 36.855975014
182 37.2643483521
183 37.6749716811
184 38.0878450009
185 38.5029683115
186 38.920341613
187 39.3399649054
188 39.7618381885
189 40.1859614626
190 40.6123347274
191 41.0409579831
192 41.4718312297
193 41.9049544671
194 42.3403276953
195 42.7779509144
196 43.2178241243
197 43.6599473251
198 44.1043205167
199 44.5509436992
200 44.9998168725
201 45.4509400366
202 45.9043131916
203 46.3599363375
204 46.8178094741
205 47.2779326017
206 47.74030572
207 48.2049288292
208 48.6718019293
209 49.1409250202
210 49.6122981019
211 50.0859211745
212 50.5617942379
213 51.0399172922
214 51.5202903373
215 52.0029133733
216 52.4877864001
217 52.9749094177
218 53.4642824262
219 53.9559054255
220 54.4497784157
221 54.9459013967
222 55.4442743686
223 55.9448973313
224 56.4477702849
225 56.9528932293
226 57.4602661645
227 57.9698890906
228 58.4817620075
229 58.9958849153
230 59.5122578139
231 60.0308807033
232 60.5517535836
233 61.0748764548
234 61.6002493168
235 62.1278721696
236 62.6577450133
237 63.1898678478
238 63.7242406731
239 64.2608634893
240 64.7997362964
241 65.3408590943
242 65.884231883
243 66.4298546626
244 66.977727433
245 67.5278501943
246 68.0802229464
247 68.6348456894
248 69.1917184232
249 69.7508411478
250 70.3122138633
251 70.8758365696
252 71.4417092668
253 72.0098319548
254 72.5802046336
255 73.1528273034
256 73.7276999639
257 74.3048226153
258 74.8841952575
259 75.4658178906
260 76.0496905145
261 76.6358131293
262 77.2241857349
263 77.8148083313
264 78.4076809186
265 79.0028034968
266 79.6001760658
267 80.1997986256
268 80.8016711763
269 81.4057937178
270 82.0121662501
271 82.6207887733
272 83.2316612874
273 83.8447837923
274 84.460156288
275 85.0777787746
276 85.697651252
277 86.3197737202
278 86.9441461794
279 87.5707686293
280 88.1996410701
281 88.8307635017
282 89.4641359242
283 90.0997583375
284 90.7376307417
285 91.3777531367
286 92.0201255226
287 92.6647478993
288 93.3116202668
289 93.9607426252
290 94.6121149744
291 95.2657373145
292 95.9216096454
293 96.5797319672
294 97.2401042798
295 97.9027265832
296 98.5675988775
297 99.2347211627
298 99.9040934386
299 100.575715705
300 101.249587963
301 101.925710212
302 102.604082451
303 103.284704681
304 103.967576902
305 104.652699114
306 105.340071317
307 106.02969351
308 106.721565695
309 107.41568787
310 108.112060036
311 108.810682193
312 109.511554341
313 110.21467648
314 110.920048609
315 111.627670729
316 112.337542841
317 113.049664943
318 113.764037035
319 114.480659119
320 115.199531194
321 115.920653259
322 116.644025315
323 117.369647362
324 118.0975194
325 118.827641429
326 119.560013449
327 120.294635459
328 121.03150746
329 121.770629452
330 122.512001435
331 123.255623409
332 124.001495374
333 124.749617329
334 125.499989276
335 126.252611213
336 127.007483141
337 127.76460506
338 128.52397697
339 129.28559887
340 130.049470762
341 130.815592644
342 131.583964517
343 132.354586381
344 133.127458236
345 133.902580081
346 134.679951918
347 135.459573745
348 136.241445563
349 137.025567372
350 137.811939172
351 138.600560963
352 139.391432744
353 140.184554517
354 140.97992628
355 141.777548034
356 142.577419779
357 143.379541515
358 144.183913241
359 144.990534959
360 145.799406667
361 146.610528366
362 147.423900056
363 148.239521737
364 149.057393408
365 149.877515071
366 150.699886724
367 151.524508368
368 152.351380004
369 153.180501629
370 154.011873246
371 154.845494854
372 155.681366452
373 156.519488041
374 157.359859621
375 158.202481192
376 159.047352754
377 159.894474307
378 160.74384585
379 161.595467385
380 162.44933891
381 163.305460426
382 164.163831933
383 165.02445343
384 165.887324919
385 166.752446398
386 167.619817868
387 168.489439329
388 169.361310781
389 170.235432224
390 171.111803658
391 171.990425082
392 172.871296497
393 173.754417904
394 174.6397893
395 175.527410688
396 176.417282067
397 177.309403436
398 178.203774797
399 179.100396148
400 179.99926749
401 180.900388823
402 181.803760147
403 182.709381461
404 183.617252767
405 184.527374063
406 185.43974535
407 186.354366628
408 187.271237897
409 188.190359156
410 189.111730407
411 190.035351648
412 190.96122288
413 191.889344103
414 192.819715317
415 193.752336522
416 194.687207717
417 195.624328904
418 196.563700081
419 197.505321249
420 198.449192408
421 199.395313557
422 200.343684698
423 201.294305829
424 202.247176952
425 203.202298065
426 204.159669169
427 205.119290264
428 206.081161349
429 207.045282426
430 208.011653493
431 208.980274551
432 209.9511456
433 210.92426664
434 211.899637671
435 212.877258692
436 213.857129705
437 214.839250708
438 215.823621702
439 216.810242687
440 217.799113663
441 218.79023463
442 219.783605587
443 220.779226535
444 221.777097474
445 222.777218404
446 223.779589325
447 224.784210237
448 225.791081139
449 226.800202033
450 227.811572917
451 228.825193792
452 229.841064658
453 230.859185515
454 231.879556362
455 232.902177201
456 233.92704803
457 234.95416885
458 235.983539661
459 237.015160463
460 238.049031256
461 239.085152039
462 240.123522813
463 241.164143579
464 242.207014335
465 243.252135081
466 244.299505819
467 245.349126548
468 246.400997267
469 247.455117977
470 248.511488678
471 249.57010937
472 250.630980053
473 251.694100727
474 252.759471391
475 253.827092046
476 254.896962693
477 255.96908333
478 257.043453957
479 258.120074576
480 259.198945186
481 260.280065786
482 261.363436377
483 262.449056959
484 263.536927532
485 264.627048096
486 265.71941865
487 266.814039196
488 267.910909732
489 269.010030259
490 270.111400777
491 271.215021286
492 272.320891786
493 273.429012276
494 274.539382757
495 275.65200323
496 276.766873693
497 277.883994146
498 279.003364591
499 280.124985027
500 281.248855453
501 282.37497587
502 283.503346278
503 284.633966677
504 285.766837067
505 286.901957448
506 288.039327819
507 289.178948181
508 290.320818535
509 291.464938879
510 292.611309213
511 293.759929539
512 294.910799856
513 296.063920163
514 297.219290461
515 298.37691075
516 299.53678103
517 300.698901301
518 301.863271562
519 303.029891815
520 304.198762058
521 305.369882292
522 306.543252517
523 307.718872733
524 308.89674294
525 310.076863137
526 311.259233325
527 312.443853505
528 313.630723675
529 314.819843835
530 316.011213987
531 317.20483413
532 318.400704263
533 319.598824387
534 320.799194502
535 322.001814608
536 323.206684705
537 324.413804793
538 325.623174871
539 326.83479494
540 328.048665001
541 329.264785051
542 330.483155093
543 331.703775126
544 332.926645149
545 334.151765164
546 335.379135169
547 336.608755165
548 337.840625152
549 339.07474513
550 340.311115098
551 341.549735058
552 342.790605008
553 344.033724949
554 345.279094881
555 346.526714804
556 347.776584717
557 349.028704622
558 350.283074517
559 351.539694403
560 352.79856428
561 354.059684148
562 355.323054007
563 356.588673856
564 357.856543697
565 359.126663528
566 360.39903335
567 361.673653163
568 362.950522967
569 364.229642761
570 365.511012547
571 366.794632323
572 368.08050209
573 369.368621848
574 370.658991597
575 371.951611337
576 373.246481067
577 374.543600789
578 375.842970501
579 377.144590204
580 378.448459898
581 379.754579582
582 381.062949258
583 382.373568924
584 383.686438582
585 385.00155823
586 386.318927869
587 387.638547498
588 388.960417119
589 390.284536731
590 391.610906333
591 392.939525926
592 394.27039551
593 395.603515085
594 396.938884651
595 398.276504207
596 399.616373755
597 400.958493293
598 402.302862822
599 403.649482342
600 404.998351852
601 406.349471354
602 407.702840847
603 409.05846033
604 410.416329804
605 411.776449269
606 413.138818725
607 414.503438171
608 415.870307609
609 417.239427037
610 418.610796456
611 419.984415866
612 421.360285267
613 422.738404659
614 424.118774042
615 425.501393415
616 426.886262779
617 428.273382134
618 429.66275148
619 431.054370817
620 432.448240145
621 433.844359463
622 435.242728772
623 436.643348073
624 438.046217364
625 439.451336645
626 440.858705918
627 442.268325182
628 443.680194436
629 445.094313681
630 446.510682917
631 447.929302144
632 449.350171362
633 450.773290571
634 452.19865977
635 453.62627896
636 455.056148141
637 456.488267313
638 457.922636476
639 459.35925563
640 460.798124774
641 462.23924391
642 463.682613036
643 465.128232153
644 466.576101261
645 468.02622036
646 469.478589449
647 470.933208529
648 472.390077601
649 473.849196663
650 475.310565716
651 476.77418476
652 478.240053794
653 479.70817282
654 481.178541836
655 482.651160843
656 484.126029841
657 485.60314883
658 487.08251781
659 488.56413678
660 490.048005741
661 491.534124694
662 493.022493637
663 494.513112571
664 496.005981495
665 497.501100411
666 498.998469317
667 500.498088215
668 501.999957103
669 503.504075982
670 505.010444852
671 506.519063712
672 508.029932564
673 509.543051406
674 511.058420239
675 512.576039063
676 514.095907878
677 515.618026684
678 517.14239548
679 518.669014268
680 520.197883046
681 521.729001815
682 523.262370575
683 524.797989326
684 526.335858067
685 527.8759768
686 529.418345523
687 530.962964237
688 532.509832942
689 534.058951638
690 535.610320325
691 537.163939002
692 538.719807671
693 540.27792633
694 541.83829498
695 543.400913621
696 544.965782253
697 546.532900875
698 548.102269489
699 549.673888093
700 551.247756688
701 552.823875274
702 554.402243851
703 555.982862418
704 557.565730977
705 559.150849526
706 560.738218066
707 562.327836598
708 563.919705119
709 565.513823632
710 567.110192136
711 568.70881063
712 570.309679115
713 571.912797591
714 573.518166058
715 575.125784516
716 576.735652965
717 578.347771404
718 579.962139834
719 581.578758256
720 583.197626668
721 584.81874507
722 586.442113464
723 588.067731849
724 589.695600224
725 591.32571859
726 592.958086947
727 594.592705295
728 596.229573634
729 597.868691963
730 599.510060284
731 601.153678595
732 602.799546897
733 604.44766519
734 606.098033474
735 607.750651749
736 609.405520014
737 611.06263827
738 612.722006518
739 614.383624756
740 616.047492984
741 617.713611204
742 619.381979415
743 621.052597616
744 622.725465808
745 624.400583991
746 626.077952165
747 627.75757033
748 629.439438486
749 631.123556632
750 632.809924769
751 634.498542898
752 636.189411017
753 637.882529126
754 639.577897227
755 641.275515319
756 642.975383401
757 644.677501474
758 646.381869538
759 648.088487593
760 649.797355639
761 651.508473675
762 653.221841703
763 654.937459721
764 656.65532773
765 658.37544573
766 660.097813721
767 661.822431703
768 663.549299675
769 665.278417638
770 667.009785593
771 668.743403538
772 670.479271473
773 672.2173894
774 673.957757318
775 675.700375226
776 677.445243125
777 679.192361015
778 680.941728896
779 682.693346768
780 684.447214631
781 686.203332484
782 687.961700328
783 689.722318164
784 691.48518599
785 693.250303806
786 695.017671614
787 696.787289413
788 698.559157202
789 700.333274982
790 702.109642753
791 703.888260515
792 705.669128268
793 707.452246011
794 709.237613746
795 711.025231471
796 712.815099187
797 714.607216894
798 716.401584592
799 718.19820228
800 719.99706996
801 721.79818763
802 723.601555291
803 725.407172943
804 727.215040586
805 729.02515822
806 730.837525845
807 732.65214346
808 734.469011066
809 736.288128663
810 738.109496251
811 739.93311383
812 741.758981399
813 743.58709896
814 745.417466511
815 747.250084053
816 749.084951586
817 750.92206911
818 752.761436625
819 754.60305413
820 756.446921627
821 758.293039114
822 760.141406592
823 761.992024061
824 763.844891521
825 765.700008971
826 767.557376412
827 769.416993845
828 771.278861268
829 773.142978682
830 775.009346087
831 776.877963482
832 778.748830869
833 780.621948246
834 782.497315614
835 784.374932973
836 786.254800323
837 788.136917664
838 790.021284995
839 791.907902318
840 793.796769631
841 795.687886935
842 797.58125423
843 799.476871516
844 801.374738792
845 803.27485606
846 805.177223318
847 807.081840567
848 808.988707807
849 810.897825038
850 812.809192259
851 814.722809472
852 816.638676675
853 818.55679387
854 820.477161055
855 822.39977823
856 824.324645397
857 826.251762555
858 828.181129703
859 830.112746842
860 832.046613972
861 833.982731093
862 835.921098205
863 837.861715308
864 839.804582401
865 841.749699486
866 843.697066561
867 845.646683627
868 847.598550684
869 849.552667731
870 851.50903477
871 853.467651799
872 855.428518819
873 857.39163583
874 859.357002832
875 861.324619825
876 863.294486809
877 865.266603783
878 867.240970748
879 869.217587705
880 871.196454652
881 873.177571589
882 875.160938518
883 877.146555437
884 879.134422348
885 881.124539249
886 883.116906141
887 885.111523024
888 887.108389898
889 889.107506762
890 891.108873618
891 893.112490464
892 895.118357301
893 897.126474129
894 899.136840948
895 901.149457757
896 903.164324558
897 905.181441349
898 907.200808131
899 909.222424904
900 911.246291668
901 913.272408423
902 915.300775168
903 917.331391905
904 919.364258632
905 921.39937535
906 923.436742059
907 925.476358759
908 927.518225449
909 929.562342131
910 931.608708803
911 933.657325466
912 935.70819212
913 937.761308765
914 939.8166754
915 941.874292027
916 943.934158644
917 945.996275252
918 948.060641851
919 950.127258441
920 952.196125022
921 954.267241594
922 956.340608156
923 958.416224709
924 960.494091253
925 962.574207788
926 964.656574314
927 966.741190831
928 968.828057338
929 970.917173836
930 973.008540326
931 975.102156806
932 977.198023276
933 979.296139738
934 981.396506191
935 983.499122634
936 985.603989068
937 987.711105493
938 989.820471909
939 991.932088316
940 994.045954713
941 996.162071102
942 998.280437481
943 1000.40105385
944 1002.52392021
945 1004.64903656
946 1006.77640291
947 1008.90601924
948 1011.03788556
949 1013.17200188
950 1015.30836819
951 1017.44698448
952 1019.58785077
953 1021.73096705
954 1023.87633332
955 1026.02394958
956 1028.17381583
957 1030.32593207
958 1032.4802983
959 1034.63691453
960 1036.79578074
961 1038.95689695
962 1041.12026314
963 1043.28587933
964 1045.45374551
965 1047.62386168
966 1049.79622784
967 1051.97084399
968 1054.14771013
969 1056.32682626
970 1058.50819238
971 1060.6918085
972 1062.8776746
973 1065.0657907
974 1067.25615678
975 1069.44877286
976 1071.64363893
977 1073.84075499
978 1076.04012104
979 1078.24173708
980 1080.44560311
981 1082.65171913
982 1084.86008514
983 1087.07070115
984 1089.28356714
985 1091.49868313
986 1093.7160491
987 1095.93566507
988 1098.15753103
989 1100.38164698
990 1102.60801292
991 1104.83662885
992 1107.06749477
993 1109.30061068
994 1111.53597659
995 1113.77359248
996 1116.01345836
997 1118.25557424
998 1120.49994011
999 1122.74655596
