10 5.84716370487
11 7.07506808289
12 8.41991573501
13 9.88170666123
14 11.4604408615
15 13.156118336
16 14.9687390845
17 16.8983031071
18 18.9448104038
19 21.1082609746
20 23.3886548195
21 25.7859919385
22 28.3002723316
23 30.9314959988
24 33.6796629401
25 36.5447731554
26 39.5268266449
27 42.6258234085
28 45.8417634462
29 49.174646758
30 52.6244733438
31 56.1912432038
32 59.8749563379
33 63.675612746
34 67.5932124283
35 71.6277553847
36 75.7792416151
37 80.0476711197
38 84.4330438983
39 88.9353599511
40 93.5546192779
41 98.2908218789
42 103.143967754
43 108.114056903
44 113.201089326
45 118.405065024
46 123.725983995
47 129.163846241
48 134.71865176
49 140.390400554
50 146.179092622
51 152.084727964
52 158.10730658
53 164.24682847
54 170.503293634
55 176.876702072
56 183.367053785
57 189.974348771
58 196.698587032
59 203.539768567
60 210.497893375
61 217.572961458
62 224.764972815
63 232.073927446
64 239.499825351
65 247.042666531
66 254.702450984
67 262.479178712
68 270.372849713
69 278.383463989
70 286.511021539
71 294.755522362
72 303.11696646
73 311.595353833
74 320.190684479
75 328.902958399
76 337.732175593
77 346.678336062
78 355.741439804
79 364.921486821
80 374.218477112
81 383.632410677
82 393.163287515
83 402.811107628
84 412.575871016
85 422.457577677
86 432.456227612
87 442.571820822
88 452.804357305
89 463.153837063
90 473.620260094
91 484.2036264
92 494.90393598
93 505.721188834
94 516.655384962
95 527.706524365
96 538.874607041
97 550.159632991
98 561.561602216
99 573.080514714
100 584.716370487
101 596.469169534
102 608.338911855
103 620.32559745
104 632.429226319
105 644.649798462
106 656.987313879
107 669.441772571
108 682.013174536
109 694.701519776
110 707.506808289
111 720.429040077
112 733.468215139
113 746.624333475
114 759.897395085
115 773.287399969
116 786.794348127
117 800.41823956
118 814.159074266
119 828.016852247
120 841.991573501
121 856.08323803
122 870.291845833
123 884.61739691
124 899.059891261
125 913.619328886
126 928.295709785
127 943.089033958
128 957.999301406
129 973.026512127
130 988.170666123
131 1003.43176339
132 1018.80980394
133 1034.30478775
134 1049.91671485
135 1065.64558521
136 1081.49139885
137 1097.45415577
138 1113.53385596
139 1129.73049942
140 1146.04408615
141 1162.47461617
142 1179.02208945
143 1195.68650601
144 1212.46786584
145 1229.36616895
146 1246.38141533
147 1263.51360499
148 1280.76273791
149 1298.12881412
150 1315.6118336
151 1333.21179635
152 1350.92870237
153 1368.76255167
154 1386.71334425
155 1404.7810801
156 1422.96575922
157 1441.26738161
158 1459.68594728
159 1478.22145623
160 1496.87390845
161 1515.64330394
162 1534.52964271
163 1553.53292475
164 1572.65315006
165 1591.89031865
166 1611.24443051
167 1630.71548565
168 1650.30348406
169 1670.00842575
170 1689.83031071
171 1709.76913894
172 1729.82491045
173 1749.99762523
174 1770.28728329
175 1790.69388462
176 1811.21742922
177 1831.8579171
178 1852.61534825
179 1873.48972268
180 1894.48104038
181 1915.58930135
182 1936.8145056
183 1958.15665312
184 1979.61574392
185 2001.19177799
186 2022.88475534
187 2044.69467596
188 2066.62153985
189 2088.66534702
190 2110.82609746
191 2133.10379117
192 2155.49842816
193 2178.01000843
194 2200.63853196
195 2223.38399878
196 2246.24640886
197 2269.22576222
198 2292.32205886
199 2315.53529877
200 2338.86548195
201 2362.3126084
202 2385.87667814
203 2409.55769114
204 2433.35564742
205 2457.27054697
206 2481.3023898
207 2505.4511759
208 2529.71690527
209 2554.09957792
210 2578.59919385
211 2603.21575305
212 2627.94925552
213 2652.79970126
214 2677.76709028
215 2702.85142258
216 2728.05269814
217 2753.37091699
218 2778.8060791
219 2804.35818449
220 2830.02723316
221 2855.8132251
222 2881.71616031
223 2907.73603879
224 2933.87286056
225 2960.12662559
226 2986.4973339
227 3012.98498548
228 3039.58958034
229 3066.31111847
230 3093.14959988
231 3120.10502456
232 3147.17739251
233 3174.36670374
234 3201.67295824
235 3229.09615601
236 3256.63629706
237 3284.29338139
238 3312.06740899
239 3339.95837986
240 3367.96629401
241 3396.09115143
242 3424.33295212
243 3452.69169609
244 3481.16738333
245 3509.76001385
246 3538.46958764
247 3567.2961047
248 3596.23956504
249 3625.29996866
250 3654.47731554
251 3683.77160571
252 3713.18283914
253 3742.71101585
254 3772.35613583
255 3802.11819909
256 3831.99720562
257 3861.99315543
258 3892.10604851
259 3922.33588486
260 3952.68266449
261 3983.14638739
262 4013.72705357
263 4044.42466302
264 4075.23921575
265 4106.17071174
266 4137.21915102
267 4168.38453356
268 4199.66685939
269 4231.06612848
270 4262.58234085
271 4294.21549649
272 4325.96559541
273 4357.8326376
274 4389.81662307
275 4421.91755181
276 4454.13542382
277 4486.47023911
278 4518.92199767
279 4551.49069951
280 4584.17634462
281 4616.978933
282 4649.89846466
283 4682.93493959
284 4716.0883578
285 4749.35871928
286 4782.74602404
287 4816.25027206
288 4849.87146337
289 4883.60959794
290 4917.4646758
291 4951.43669692
292 4985.52566132
293 5019.73156899
294 5054.05441994
295 5088.49421416
296 5123.05095166
297 5157.72463243
298 5192.51525647
299 5227.42282379
300 5262.44733438
301 5297.58878825
302 5332.84718539
303 5368.2225258
304 5403.71480949
305 5439.32403646
306 5475.05020669
307 5510.8933202
308 5546.85337699
309 5582.93037705
310 5619.12432038
311 5655.43520699
312 5691.86303687
313 5728.40781002
314 5765.06952645
315 5801.84818616
316 5838.74378914
317 5875.75633539
318 5912.88582491
319 5950.13225771
320 5987.49563379
321 6024.97595314
322 6062.57321576
323 6100.28742165
324 6138.11857082
325 6176.06666327
326 6214.13169899
327 6252.31367798
328 6290.61260025
329 6329.02846579
330 6367.5612746
331 6406.21102669
332 6444.97772206
333 6483.86136069
334 6522.8619426
335 6561.97946779
336 6601.21393625
337 6640.56534798
338 6680.03370299
339 6719.61900127
340 6759.32124283
341 6799.14042766
342 6839.07655576
343 6879.12962714
344 6919.29964179
345 6959.58659972
346 6999.99050092
347 7040.5113454
348 7081.14913315
349 7121.90386417
350 7162.77553847
351 7203.76415604
352 7244.86971688
353 7286.092221
354 7327.43166839
355 7368.88805906
356 7410.461393
357 7452.15167022
358 7493.95889071
359 7535.88305447
360 7577.92416151
361 7620.08221182
362 7662.35720541
363 7704.74914227
364 7747.2580224
365 7789.88384581
366 7832.6266125
367 7875.48632245
368 7918.46297568
369 7961.55657219
370 8004.76711197
371 8048.09459502
372 8091.53902135
373 8135.10039095
374 8178.77870382
375 8222.57395997
376 8266.4861594
377 8310.51530209
378 8354.66138807
379 8398.92441731
380 8443.30438983
381 8487.80130563
382 8532.41516469
383 8577.14596704
384 8621.99371265
385 8666.95840154
386 8712.04003371
387 8757.23860915
388 8802.55412786
389 8847.98658985
390 8893.53599511
391 8939.20234364
392 8984.98563545
393 9030.88587053
394 9076.90304889
395 9123.03717052
396 9169.28823543
397 9215.65624361
398 9262.14119506
399 9308.74308979
400 9355.46192779
401 9402.29770907
402 9449.25043362
403 9496.32010144
404 9543.50671254
405 9590.81026691
406 9638.23076456
407 9685.76820548
408 9733.42258967
409 9781.19391714
410 9829.08218789
411 9877.0874019
412 9925.20955919
413 9973.44865976
414 10021.8047036
415 10070.2776907
416 10118.8676211
417 10167.5744948
418 10216.3983117
419 10265.3390719
420 10314.3967754
421 10363.5714221
422 10412.8630122
423 10462.2715455
424 10511.7970221
425 10561.4394419
426 10611.198805
427 10661.0751115
428 10711.0683611
429 10761.1785541
430 10811.4056903
431 10861.7497698
432 10912.2107926
433 10962.7887586
434 11013.4836679
435 11064.2955205
436 11115.2243164
437 11166.2700556
438 11217.432738
439 11268.7123637
440 11320.1089326
441 11371.6224449
442 11423.2529004
443 11475.0002992
444 11526.8646412
445 11578.8459266
446 11630.9441552
447 11683.1593271
448 11735.4914422
449 11787.9405007
450 11840.5065024
451 11893.1894473
452 11945.9893356
453 11998.9061671
454 12051.9399419
455 12105.09066
456 12158.3583214
457 12211.742926
458 12265.2444739
459 12318.8629651
460 12372.5983995
461 12426.4507772
462 12480.4200982
463 12534.5063625
464 12588.70957
465 12643.0297209
466 12697.4668149
467 12752.0208523
468 12806.691833
469 12861.4797569
470 12916.3846241
471 12971.4064345
472 13026.5451883
473 13081.8008853
474 13137.1735256
475 13192.6631091
476 13248.2696359
477 13303.9931061
478 13359.8335194
479 13415.7908761
480 13471.865176
481 13528.0564192
482 13584.3646057
483 13640.7897355
484 13697.3318085
485 13753.9908248
486 13810.7667844
487 13867.6596872
488 13924.6695333
489 13981.7963227
490 14039.0400554
491 14096.4007313
492 14153.8783506
493 14211.472913
494 14269.1844188
495 14327.0128679
496 14384.9582602
497 14443.0205958
498 14501.1998746
499 14559.4960968
500 14617.9092622
501 14676.4393709
502 14735.0864228
503 14793.8504181
504 14852.7313566
505 14911.7292383
506 14970.8440634
507 15030.0758317
508 15089.4245433
509 15148.8901982
510 15208.4727964
511 15268.1723378
512 15327.9888225
513 15387.9222505
514 15447.9726217
515 15508.1399362
516 15568.424194
517 15628.8253951
518 15689.3435395
519 15749.9786271
520 15810.730658
521 15871.5996321
522 15932.5855496
523 15993.6884103
524 16054.9082143
525 16116.2449615
526 16177.6986521
527 16239.2692859
528 16300.956863
529 16362.7613833
530 16424.682847
531 16486.7212539
532 16548.8766041
533 16611.1488975
534 16673.5381343
535 16736.0443143
536 16798.6674375
537 16861.4075041
538 16924.2645139
539 16987.238467
540 17050.3293634
541 17113.5372031
542 17176.861986
543 17240.3037122
544 17303.8623816
545 17367.5379944
546 17431.3305504
547 17495.2400497
548 17559.2664923
549 17623.4098781
550 17687.6702072
551 17752.0474796
552 17816.5416953
553 17881.1528542
554 17945.8809564
555 18010.7260019
556 18075.6879907
557 18140.7669227
558 18205.962798
559 18271.2756166
560 18336.7053785
561 18402.2520836
562 18467.915732
563 18533.6963237
564 18599.5938586
565 18665.6083369
566 18731.7397584
567 18797.9881231
568 18864.3534312
569 18930.8356825
570 18997.4348771
571 19064.151015
572 19130.9840961
573 19197.9341206
574 19265.0010883
575 19332.1849992
576 19399.4858535
577 19466.903651
578 19534.4383918
579 19602.0900758
580 19669.8587032
581 19737.7442738
582 19805.7467877
583 19873.8662448
584 19942.1026453
585 20010.455989
586 20078.926276
587 20147.5135062
588 20216.2176798
589 20285.0387966
590 20353.9768567
591 20423.03186
592 20492.2038066
593 20561.4926965
594 20630.8985297
595 20700.4213062
596 20770.0610259
597 20839.8176889
598 20909.6912952
599 20979.6818447
600 21049.7893375
601 21120.0137736
602 21190.355153
603 21260.8134756
604 21331.3887416
605 21402.0809508
606 21472.8901032
607 21543.816199
608 21614.859238
609 21686.0192203
610 21757.2961458
611 21828.6900147
612 21900.2008268
613 21971.8285822
614 22043.5732808
615 22115.4349227
616 22187.413508
617 22259.5090364
618 22331.7215082
619 22404.0509232
620 22476.4972815
621 22549.0605831
622 22621.7408279
623 22694.5380161
624 22767.4521475
625 22840.4832221
626 22913.6312401
627 22986.8962013
628 23060.2781058
629 23133.7769536
630 23207.3927446
631 23281.1254789
632 23354.9751565
633 23428.9417774
634 23503.0253415
635 23577.225849
636 23651.5432997
637 23725.9776936
638 23800.5290309
639 23875.1973114
640 23949.9825351
641 24024.8847022
642 24099.9038125
643 24175.0398661
644 24250.292863
645 24325.6628032
646 24401.1496866
647 24476.7535133
648 24552.4742833
649 24628.3119965
650 24704.2666531
651 24780.3382529
652 24856.526796
653 24932.8322823
654 25009.2547119
655 25085.7940848
656 25162.450401
657 25239.2236604
658 25316.1138632
659 25393.1210091
660 25470.2450984
661 25547.486131
662 25624.8441068
663 25702.3190259
664 25779.9108882
665 25857.6196939
666 25935.4454428
667 26013.388135
668 26091.4477704
669 26169.6243492
670 26247.9178712
671 26326.3283364
672 26404.855745
673 26483.5000968
674 26562.2613919
675 26641.1396303
676 26720.134812
677 26799.2469369
678 26878.4760051
679 26957.8220166
680 27037.2849713
681 27116.8648693
682 27196.5617106
683 27276.3754952
684 27356.3062231
685 27436.3538942
686 27516.5185086
687 27596.8000662
688 27677.1985672
689 27757.7140114
690 27838.3463989
691 27919.0957297
692 27999.9620037
693 28080.945221
694 28162.0453816
695 28243.2624854
696 28324.5965326
697 28406.047523
698 28487.6154567
699 28569.3003336
700 28651.1021539
701 28733.0209174
702 28815.0566241
703 28897.2092742
704 28979.4788675
705 29061.8654041
706 29144.368884
707 29226.9893072
708 29309.7266736
709 29392.5809833
710 29475.5522362
711 29558.6404325
712 29641.845572
713 29725.1676548
714 29808.6066809
715 29892.1626502
716 29975.8355628
717 30059.6254187
718 30143.5322179
719 30227.5559603
720 30311.696646
721 30395.954275
722 30480.3288473
723 30564.8203628
724 30649.4288216
725 30734.1542237
726 30818.9965691
727 30903.9558577
728 30989.0320896
729 31074.2252648
730 31159.5353833
731 31244.962445
732 31330.50645
733 31416.1673983
734 31501.9452898
735 31587.8401246
736 31673.8519027
737 31759.9806241
738 31846.2262888
739 31932.5888967
740 32019.0684479
741 32105.6649423
742 32192.3783801
743 32279.2087611
744 32366.1560854
745 32453.220353
746 32540.4015638
747 32627.6997179
748 32715.1148153
749 32802.646856
750 32890.2958399
751 32978.0617671
752 33065.9446376
753 33153.9444513
754 33242.0612084
755 33330.2949087
756 33418.6455523
757 33507.1131391
758 33595.6976692
759 33684.3991427
760 33773.2175593
761 33862.1529193
762 33951.2052225
763 34040.374469
764 34129.6606588
765 34219.0637918
766 34308.5838681
767 34398.2208877
768 34487.9748506
769 34577.8457568
770 34667.8336062
771 34757.9383989
772 34848.1601348
773 34938.4988141
774 35028.9544366
775 35119.5270024
776 35210.2165114
777 35301.0229638
778 35391.9463594
779 35482.9866983
780 35574.1439804
781 35665.4182059
782 35756.8093746
783 35848.3174866
784 35939.9425418
785 36031.6845403
786 36123.5434821
787 36215.5193672
788 36307.6121956
789 36399.8219672
790 36492.1486821
791 36584.5923403
792 36677.1529417
793 36769.8304864
794 36862.6249744
795 36955.5364057
796 37048.5647802
797 37141.7100981
798 37234.9723592
799 37328.3515635
800 37421.8477112
801 37515.4608021
802 37609.1908363
803 37703.0378137
804 37797.0017345
805 37891.0825985
806 37985.2804058
807 38079.5951563
808 38174.0268502
809 38268.5754873
810 38363.2410677
811 38458.0235913
812 38552.9230582
813 38647.9394684
814 38743.0728219
815 38838.3231187
816 38933.6903587
817 39029.174542
818 39124.7756686
819 39220.4937384
820 39316.3287515
821 39412.2807079
822 39508.3496076
823 39604.5354506
824 39700.8382368
825 39797.2579663
826 39893.794639
827 39990.4482551
828 40087.2188144
829 40184.106317
830 40281.1107628
831 40378.232152
832 40475.4704844
833 40572.8257601
834 40670.297979
835 40767.8871413
836 40865.5932468
837 40963.4162956
838 41061.3562876
839 41159.413223
840 41257.5871016
841 41355.8779234
842 41454.2856886
843 41552.810397
844 41651.4520487
845 41750.2106437
846 41849.0861819
847 41948.0786635
848 42047.1880883
849 42146.4144563
850 42245.7577677
851 42345.2180223
852 42444.7952202
853 42544.4893614
854 42644.3004458
855 42744.2284735
856 42844.2734445
857 42944.4353588
858 43044.7142163
859 43145.1100171
860 43245.6227612
861 43346.2524486
862 43446.9990792
863 43547.8626531
864 43648.8431703
865 43749.9406308
866 43851.1550345
867 43952.4863815
868 44053.9346718
869 44155.4999053
870 44257.1820822
871 44358.9812023
872 44460.8972656
873 44562.9302723
874 44665.0802222
875 44767.3471154
876 44869.7309519
877 44972.2317316
878 45074.8494547
879 45177.5841209
880 45280.4357305
881 45383.4042834
882 45486.4897795
883 45589.6922189
884 45693.0116015
885 45796.4479275
886 45900.0011967
887 46003.6714092
888 46107.4585649
889 46211.362664
890 46315.3837063
891 46419.5216919
892 46523.7766207
893 46628.1484928
894 46732.6373083
895 46837.2430669
896 46941.9657689
897 47046.8054141
898 47151.7620026
899 47256.8355344
900 47362.0260094
901 47467.3334278
902 47572.7577894
903 47678.2990942
904 47783.9573424
905 47889.7325338
906 47995.6246685
907 48101.6337465
908 48207.7597677
909 48314.0027322
910 48420.36264
911 48526.8394911
912 48633.4332854
913 48740.144023
914 48846.9717039
915 48953.9163281
916 49060.9778955
917 49168.1564062
918 49275.4518602
919 49382.8642575
920 49490.393598
921 49598.0398818
922 49705.8031089
923 49813.6832793
924 49921.6803929
925 50029.7944498
926 50138.02545
927 50246.3733934
928 50354.8382801
929 50463.4201101
930 50572.1188834
931 50680.9346
932 50789.8672598
933 50898.9168629
934 51008.0834093
935 51117.3668989
936 51226.7673318
937 51336.284708
938 51445.9190275
939 51555.6702902
940 51665.5384962
941 51775.5236455
942 51885.6257381
943 51995.8447739
944 52106.180753
945 52216.6336754
946 52327.2035411
947 52437.89035
948 52548.6941022
949 52659.6147977
950 52770.6524365
951 52881.8070185
952 52993.0785438
953 53104.4670124
954 53215.9724242
955 53327.5947793
956 53439.3340777
957 53551.1903194
958 53663.1635044
959 53775.2536326
960 53887.4607041
961 53999.7847189
962 54112.2256769
963 54224.7835782
964 54337.4584228
965 54450.2502107
966 54563.1589418
967 54676.1846162
968 54789.3272339
969 54902.5867949
970 55015.9632991
971 55129.4567466
972 55243.0671374
973 55356.7944715
974 55470.6387488
975 55584.5999694
976 55698.6781333
977 55812.8732405
978 55927.1852909
979 56041.6142846
980 56156.1602216
981 56270.8231018
982 56385.6029254
983 56500.4996922
984 56615.5134022
985 56730.6440556
986 56845.8916522
987 56961.2561921
988 57076.7376753
989 57192.3361017
990 57308.0514714
991 57423.8837844
992 57539.8330407
993 57655.8992402
994 57772.082383
995 57888.3824691
996 58004.7994985
997 58121.3334711
998 58237.9843871
999 58354.7522462
