10 0.0562497710906
11 0.0680622230197
12 0.0809996703705
13 0.0950621131431
14 0.110249551338
15 0.126561984954
16 0.143999413992
17 0.162561838452
18 0.182249258334
19 0.203061673637
20 0.224999084362
21 0.24806149051
22 0.272248892079
23 0.297561289069
24 0.323998681482
25 0.351561069316
26 0.380248452573
27 0.410060831251
28 0.44099820535
29 0.473060574872
30 0.506247939816
31 0.540560300181
32 0.575997655968
33 0.612560007177
34 0.650247353808
35 0.68905969586
36 0.728997033334
37 0.770059366231
38 0.812246694549
39 0.855559018288
40 0.89999633745
41 0.945558652033
42 0.992245962039
43 1.04005826747
44 1.08899556831
45 1.13905786459
46 1.19024515628
47 1.24255744339
48 1.29599472593
49 1.35055700389
50 1.40624427727
51 1.46305654607
52 1.52099381029
53 1.58005606994
54 1.640243325
55 1.70155557549
56 1.7639928214
57 1.82755506273
58 1.89224229949
59 1.95805453166
60 2.02499175926
61 2.09305398228
62 2.16224120072
63 2.23255341459
64 2.30399062387
65 2.37655282858
66 2.45024002871
67 2.52505222426
68 2.60098941523
69 2.67805160162
70 2.75623878344
71 2.83555096068
72 2.91598813334
73 2.99755030142
74 3.08023746492
75 3.16404962385
76 3.24898677819
77 3.33504892796
78 3.42223607315
79 3.51054821377
80 3.5999853498
81 3.69054748126
82 3.78223460813
83 3.87504673043
84 3.96898384815
85 4.0640459613
86 4.16023306986
87 4.25754517385
88 4.35598227326
89 4.45554436809
90 4.55623145834
91 4.65804354401
92 4.76098062511
93 4.86504270163
94 4.97022977357
95 5.07654184093
96 5.18397890371
97 5.29254096192
98 5.40222801554
99 5.51304006459
100 5.62497710906
101 5.73803914895
102 5.85222618427
103 5.967538215
104 6.08397524116
105 6.20153726274
106 6.32022427974
107 6.44003629217
108 6.56097330001
109 6.68303530328
110 6.80622230197
111 6.93053429608
112 7.05597128561
113 7.18253327056
114 7.31022025094
115 7.43903222673
116 7.56896919795
117 7.7000311646
118 7.83221812666
119 7.96553008414
120 8.09996703705
121 8.23552898538
122 8.37221592913
123 8.5100278683
124 8.64896480289
125 8.78902673291
126 8.93021365835
127 9.07252557921
128 9.21596249549
129 9.36052440719
130 9.50621131431
131 9.65302321686
132 9.80096011483
133 9.95002200822
134 10.100208897
135 10.2515207813
136 10.4039576609
137 10.557519536
138 10.7122064065
139 10.8680182724
140 11.0249551338
141 11.1830169905
142 11.3422038427
143 11.5025156903
144 11.6639525334
145 11.8265143718
146 11.9902012057
147 12.155013035
148 12.3209498597
149 12.4880116798
150 12.6561984954
151 12.8255103064
152 12.9959471128
153 13.1675089146
154 13.3401957119
155 13.5140075045
156 13.6889442926
157 13.8650060761
158 14.0421928551
159 14.2205046294
160 14.3999413992
161 14.5805031644
162 14.762189925
163 14.9450016811
164 15.1289384325
165 15.3140001794
166 15.5001869217
167 15.6874986595
168 15.8759353926
169 16.0654971212
170 16.2561838452
171 16.4479955646
172 16.6409322794
173 16.8349939897
174 17.0301806954
175 17.2264923965
176 17.423929093
177 17.622490785
178 17.8221774724
179 18.0229891551
180 18.2249258334
181 18.427987507
182 18.6321741761
183 18.8374858405
184 19.0439225004
185 19.2514841558
186 19.4601708065
187 19.6699824527
188 19.8809190943
189 20.0929807313
190 20.3061673637
191 20.5204789916
192 20.7359156148
193 20.9524772335
194 21.1701638477
195 21.3889754572
196 21.6089120622
197 21.8299736626
198 22.0521602584
199 22.2754718496
200 22.4999084362
201 22.7254700183
202 22.9521565958
203 23.1799681687
204 23.4089047371
205 23.6389663008
206 23.87015286
207 24.1024644146
208 24.3359009646
209 24.5704625101
210 24.806149051
211 25.0429605873
212 25.280897119
213 25.5199586461
214 25.7601451687
215 26.0014566866
216 26.2438932
217 26.4874547089
218 26.7321412131
219 26.9779527128
220 27.2248892079
221 27.4729506984
222 27.7221371843
223 27.9724486657
224 28.2238851424
225 28.4764466146
226 28.7301330822
227 28.9849445453
228 29.2408810037
229 29.4979424576
230 29.7561289069
231 30.0154403517
232 30.2758767918
233 30.5374382274
234 30.8001246584
235 31.0639360848
236 31.3288725066
237 31.5949339239
238 31.8621203366
239 32.1304317447
240 32.3998681482
241 32.6704295471
242 32.9421159415
243 33.2149273313
244 33.4888637165
245 33.7639250971
246 34.0401114732
247 34.3174228447
248 34.5958592116
249 34.8754205739
250 35.1561069316
251 35.4379182848
252 35.7208546334
253 36.0049159774
254 36.2901023168
255 36.5764136517
256 36.8638499819
257 37.1524113076
258 37.4420976288
259 37.7329089453
260 38.0248452573
261 38.3179065646
262 38.6120928674
263 38.9074041657
264 39.2038404593
265 39.5014017484
266 39.8000880329
267 40.0998993128
268 40.4008355881
269 40.7028968589
270 41.0060831251
271 41.3103943867
272 41.6158306437
273 41.9223918961
274 42.230078144
275 42.5388893873
276 42.848825626
277 43.1598868601
278 43.4720730897
279 43.7853843147
280 44.099820535
281 44.4153817509
282 44.7320679621
283 45.0498791688
284 45.3688153709
285 45.6888765684
286 46.0100627613
287 46.3323739496
288 46.6558101334
289 46.9803713126
290 47.3060574872
291 47.6328686572
292 47.9608048227
293 48.2898659836
294 48.6200521399
295 48.9513632916
296 49.2837994388
297 49.6173605813
298 49.9520467193
299 50.2878578527
300 50.6247939816
301 50.9628551058
302 51.3020412255
303 51.6423523406
304 51.9837884511
305 52.326349557
306 52.6700356584
307 53.0148467552
308 53.3607828474
309 53.707843935
310 54.0560300181
311 54.4053410966
312 54.7557771705
313 55.1073382398
314 55.4600243045
315 55.8138353647
316 56.1687714203
317 56.5248324713
318 56.8820185177
319 57.2403295595
320 57.5997655968
321 57.9603266295
322 58.3220126576
323 58.6848236811
324 59.0487597001
325 59.4138207145
326 59.7800067243
327 60.1473177295
328 60.5157537301
329 60.8853147262
330 61.2560007177
331 61.6278117046
332 62.0007476869
333 62.3748086647
334 62.7499946379
335 63.1263056064
336 63.5037415705
337 63.8823025299
338 64.2619884848
339 64.6427994351
340 65.0247353808
341 65.4077963219
342 65.7919822584
343 66.1772931904
344 66.5637291178
345 66.9512900406
346 67.3399759588
347 67.7297868725
348 68.1207227816
349 68.5127836861
350 68.905969586
351 69.3002804814
352 69.6957163721
353 70.0922772583
354 70.4899631399
355 70.888774017
356 71.2887098894
357 71.6897707573
358 72.0919566206
359 72.4952674793
360 72.8997033334
361 73.305264183
362 73.711950028
363 74.1197608684
364 74.5286967042
365 74.9387575355
366 75.3499433622
367 75.7622541842
368 76.1756900018
369 76.5902508147
370 77.0059366231
371 77.4227474268
372 77.840683226
373 78.2597440207
374 78.6799298107
375 79.1012405962
376 79.5236763771
377 79.9472371534
378 80.3719229251
379 80.7977336923
380 81.2246694549
381 81.6527302129
382 82.0819159663
383 82.5122267151
384 82.9436624594
385 83.3762231991
386 83.8099089342
387 84.2447196647
388 84.6806553907
389 85.117716112
390 85.5559018288
391 85.9952125411
392 86.4356482487
393 86.8772089518
394 87.3198946502
395 87.7637053441
396 88.2086410335
397 88.6547017182
398 89.1018873984
399 89.550198074
400 89.999633745
401 90.4501944114
402 90.9018800733
403 91.3546907306
404 91.8086263833
405 92.2636870314
406 92.7198726749
407 93.1771833139
408 93.6356189483
409 94.0951795781
410 94.5558652033
411 95.017675824
412 95.4806114401
413 95.9446720516
414 96.4098576585
415 96.8761682608
416 97.3436038586
417 97.8121644518
418 98.2818500404
419 98.7526606244
420 99.2245962039
421 99.6976567787
422 100.171842349
423 100.647152915
424 101.123588476
425 101.601149032
426 102.079834584
427 102.559645132
428 103.040580675
429 103.522641213
430 104.005826747
431 104.490137276
432 104.9755728
433 105.46213332
434 105.949818835
435 106.438629346
436 106.928564852
437 107.419625354
438 107.911810851
439 108.405121344
440 108.899556831
441 109.395117315
442 109.891802793
443 110.389613268
444 110.888548737
445 111.388609202
446 111.889794663
447 112.392105118
448 112.89554057
449 113.400101016
450 113.905786459
451 114.412596896
452 114.920532329
453 115.429592757
454 115.939778181
455 116.4510886
456 116.963524015
457 117.477084425
458 117.991769831
459 118.507580231
460 119.024515628
461 119.542576019
462 120.061761407
463 120.582071789
464 121.103507167
465 121.626067541
466 122.14975291
467 122.674563274
468 123.200498634
469 123.727558989
470 124.255744339
471 124.785054685
472 125.315490027
473 125.847050363
474 126.379735696
475 126.913546023
476 127.448481346
477 127.984541665
478 128.521726979
479 129.060037288
480 129.599472593
481 130.140032893
482 130.681718189
483 131.22452848
484 131.768463766
485 132.313524048
486 132.859709325
487 133.407019598
488 133.955454866
489 134.50501513
490 135.055700389
491 135.607510643
492 136.160445893
493 136.714506138
494 137.269691379
495 137.826001615
496 138.383436846
497 138.941997073
498 139.501682296
499 140.062492513
500 140.624427727
501 141.187487935
502 141.751673139
503 142.316983339
504 142.883418534
505 143.450978724
506 144.01966391
507 144.589474091
508 145.160409267
509 145.732469439
510 146.305654607
511 146.87996477
512 147.455399928
513 148.031960081
514 148.609645231
515 149.188455375
516 149.768390515
517 150.34945065
518 150.931635781
519 151.514945907
520 152.099381029
521 152.684941146
522 153.271626259
523 153.859436366
524 154.44837147
525 155.038431569
526 155.629616663
527 156.221926752
528 156.815361837
529 157.409921918
530 158.005606994
531 158.602417065
532 159.200352132
533 159.799412194
534 160.399597251
535 161.000907304
536 161.603342353
537 162.206902396
538 162.811587436
539 163.41739747
540 164.0243325
541 164.632392526
542 165.241577547
543 165.851887563
544 166.463322575
545 167.075882582
546 167.689567585
547 168.304377583
548 168.920312576
549 169.537372565
550 170.155557549
551 170.774867529
552 171.395302504
553 172.016862475
554 172.63954744
555 173.263357402
556 173.888292359
557 174.514352311
558 175.141537259
559 175.769847202
560 176.39928214
561 177.029842074
562 177.661527003
563 178.294336928
564 178.928271848
565 179.563331764
566 180.199516675
567 180.836826582
568 181.475261483
569 182.114821381
570 182.755506273
571 183.397316162
572 184.040251045
573 184.684310924
574 185.329495799
575 185.975805668
576 186.623240534
577 187.271800394
578 187.92148525
579 188.572295102
580 189.224229949
581 189.877289791
582 190.531474629
583 191.186784462
584 191.843219291
585 192.500779115
586 193.159463934
587 193.819273749
588 194.48020856
589 195.142268365
590 195.805453166
591 196.469762963
592 197.135197755
593 197.801757542
594 198.469442325
595 199.138252104
596 199.808186877
597 200.479246646
598 201.151431411
599 201.824741171
600 202.499175926
601 203.174735677
602 203.851420423
603 204.529230165
604 205.208164902
605 205.888224634
606 206.569409362
607 207.251719086
608 207.935153804
609 208.619713519
610 209.305398228
611 209.992207933
612 210.680142634
613 211.36920233
614 212.059387021
615 212.750696708
616 213.44313139
617 214.136691067
618 214.83137574
619 215.527185409
620 216.224120072
621 216.922179732
622 217.621364386
623 218.321674036
624 219.023108682
625 219.725668323
626 220.429352959
627 221.134162591
628 221.840097218
629 222.547156841
630 223.255341459
631 223.964651072
632 224.675085681
633 225.386645285
634 226.099329885
635 226.81313948
636 227.528074071
637 228.244133657
638 228.961318238
639 229.679627815
640 230.399062387
641 231.119621955
642 231.841306518
643 232.564116076
644 233.28805063
645 234.01311018
646 234.739294725
647 235.466604265
648 236.1950388
649 236.924598331
650 237.655282858
651 238.38709238
652 239.120026897
653 239.85408641
654 240.589270918
655 241.325580422
656 242.063014921
657 242.801574415
658 243.541258905
659 244.28206839
660 245.024002871
661 245.767062347
662 246.511246818
663 247.256556285
664 248.002990748
665 248.750550205
666 249.499234659
667 250.249044107
668 250.999978551
669 251.752037991
670 252.505222426
671 253.259531856
672 254.014966282
673 254.771525703
674 255.52921012
675 256.288019532
676 257.047953939
677 257.809013342
678 258.57119774
679 259.334507134
680 260.098941523
681 260.864500908
682 261.631185288
683 262.398994663
684 263.167929034
685 263.9379884
686 264.709172762
687 265.481482119
688 266.254916471
689 267.029475819
690 267.805160162
691 268.581969501
692 269.359903835
693 270.138963165
694 270.91914749
695 271.70045681
696 272.482891126
697 273.266450438
698 274.051134744
699 274.836944046
700 275.623878344
701 276.411937637
702 277.201121925
703 277.991431209
704 278.782865488
705 279.575424763
706 280.369109033
707 281.163918299
708 281.95985256
709 282.756911816
710 283.555096068
711 284.354405315
712 285.154839558
713 285.956398796
714 286.759083029
715 287.562892258
716 288.367826482
717 289.173885702
718 289.981069917
719 290.789379128
720 291.598813334
721 292.409372535
722 293.221056732
723 294.033865924
724 294.847800112
725 295.662859295
726 296.479043474
727 297.296352648
728 298.114786817
729 298.934345982
730 299.755030142
731 300.576839298
732 301.399773449
733 302.223832595
734 303.049016737
735 303.875325874
736 304.702760007
737 305.531319135
738 306.361003259
739 307.191812378
740 308.023746492
741 308.856805602
742 309.690989707
743 310.526298808
744 311.362732904
745 312.200291996
746 313.038976083
747 313.878785165
748 314.719719243
749 315.561778316
750 316.404962385
751 317.249271449
752 318.094705508
753 318.941264563
754 319.788948614
755 320.637757659
756 321.4876917
757 322.338750737
758 323.190934769
759 324.044243797
760 324.898677819
761 325.754236838
762 326.610920851
763 327.468729861
764 328.327663865
765 329.187722865
766 330.04890686
767 330.911215851
768 331.774649838
769 332.639208819
770 333.504892796
771 334.371701769
772 335.239635737
773 336.1086947
774 336.978878659
775 337.850187613
776 338.722621563
777 339.596180508
778 340.470864448
779 341.346673384
780 342.223607315
781 343.101666242
782 343.980850164
783 344.861159082
784 345.742592995
785 346.625151903
786 347.508835807
787 348.393644706
788 349.279578601
789 350.166637491
790 351.054821377
791 351.944130258
792 352.834564134
793 353.726123006
794 354.618806873
795 355.512615735
796 356.407549594
797 357.303608447
798 358.200792296
799 359.09910114
800 359.99853498
801 360.899093815
802 361.800777646
803 362.703586472
804 363.607520293
805 364.51257911
806 365.418762922
807 366.32607173
808 367.234505533
809 368.144064332
810 369.054748126
811 369.966556915
812 370.8794907
813 371.79354948
814 372.708733256
815 373.625042027
816 374.542475793
817 375.461034555
818 376.380718312
819 377.301527065
820 378.223460813
821 379.146519557
822 380.070703296
823 380.99601203
824 381.92244576
825 382.850004486
826 383.778688206
827 384.708496922
828 385.639430634
829 386.571489341
830 387.504673043
831 388.438981741
832 389.374415434
833 390.310974123
834 391.248657807
835 392.187466487
836 393.127400162
837 394.068458832
838 395.010642498
839 395.953951159
840 396.898384815
841 397.843943467
842 398.790627115
843 399.738435758
844 400.687369396
845 401.63742803
846 402.588611659
847 403.540920284
848 404.494353903
849 405.448912519
850 406.40459613
851 407.361404736
852 408.319338338
853 409.278396935
854 410.238580527
855 411.199889115
856 412.162322699
857 413.125881277
858 414.090564852
859 415.056373421
860 416.023306986
861 416.991365547
862 417.960549103
863 418.930857654
864 419.902291201
865 420.874849743
866 421.84853328
867 422.823341813
868 423.799275342
869 424.776333866
870 425.754517385
871 426.7338259
872 427.71425941
873 428.695817915
874 429.678501416
875 430.662309913
876 431.647243404
877 432.633301892
878 433.620485374
879 434.608793852
880 435.598227326
881 436.588785795
882 437.580469259
883 438.573277719
884 439.567211174
885 440.562269625
886 441.558453071
887 442.555761512
888 443.554194949
889 444.553753381
890 445.554436809
891 446.556245232
892 447.55917865
893 448.563237064
894 449.568420474
895 450.574728879
896 451.582162279
897 452.590720675
898 453.600404066
899 454.611212452
900 455.623145834
901 456.636204211
902 457.650387584
903 458.665695952
904 459.682129316
905 460.699687675
906 461.718371029
907 462.738179379
908 463.759112725
909 464.781171065
910 465.804354401
911 466.828662733
912 467.85409606
913 468.880654382
914 469.9083377
915 470.937146013
916 471.967079322
917 472.998137626
918 474.030320926
919 475.063629221
920 476.098062511
921 477.133620797
922 478.170304078
923 479.208112355
924 480.247045627
925 481.287103894
926 482.328287157
927 483.370595415
928 484.414028669
929 485.458586918
930 486.504270163
931 487.551078403
932 488.599011638
933 489.648069869
934 490.698253095
935 491.749561317
936 492.801994534
937 493.855552747
938 494.910235955
939 495.966044158
940 497.022977357
941 498.081035551
942 499.140218741
943 500.200526926
944 501.261960106
945 502.324518282
946 503.388201453
947 504.45300962
948 505.518942782
949 506.58600094
950 507.654184093
951 508.723492241
952 509.793925385
953 510.865483524
954 511.938166659
955 513.011974789
956 514.086907915
957 515.162966036
958 516.240149152
959 517.318457264
960 518.397890371
961 519.478448474
962 520.560131572
963 521.642939665
964 522.726872754
965 523.811930839
966 524.898113918
967 525.985421994
968 527.073855064
969 528.16341313
970 529.254096192
971 530.345904249
972 531.438837301
973 532.532895349
974 533.628078392
975 534.72438643
976 535.821819464
977 536.920377494
978 538.020060518
979 539.120868539
980 540.222801554
981 541.325859565
982 542.430042572
983 543.535350574
984 544.641783571
985 545.749341564
986 546.858024552
987 547.967832536
988 549.078765515
989 550.190823489
990 551.304006459
991 552.418314424
992 553.533747385
993 554.650305341
994 555.767988293
995 556.88679624
996 558.006729182
997 559.12778712
998 560.249970053
999 561.373277982
