10 0.389810913658
11 0.471671205526
12 0.561327715668
13 0.658780444082
14 0.76402939077
15 0.877074555731
16 0.997915938964
17 1.12655354047
18 1.26298736025
19 1.40721739831
20 1.55924365463
21 1.71906612923
22 1.8866848221
23 2.06209973325
24 2.24531086267
25 2.43631821036
26 2.63512177633
27 2.84172156057
28 3.05611756308
29 3.27830978386
30 3.50829822292
31 3.74608288025
32 3.99166375586
33 4.24504084974
34 4.50621416189
35 4.77518369231
36 5.05194944101
37 5.33651140798
38 5.62886959322
39 5.92902399674
40 6.23697461853
41 6.55272145859
42 6.87626451693
43 7.20760379354
44 7.54673928842
45 7.89367100157
46 8.248398933
47 8.61092308271
48 8.98124345068
49 9.35936003693
50 9.74527284145
51 10.1389818642
52 10.5404871053
53 10.9497885647
54 11.3668862423
55 11.7917801382
56 12.2244702523
57 12.6649565847
58 13.1132391355
59 13.5693179044
60 14.0331928917
61 14.5048640972
62 14.984331521
63 15.4715951631
64 15.9666550234
65 16.4695111021
66 16.9801633989
67 17.4986119141
68 18.0248566475
69 18.5588975993
70 19.1007347692
71 19.6503681575
72 20.207797764
73 20.7730235888
74 21.3460456319
75 21.9268638933
76 22.5154783729
77 23.1118890708
78 23.716095987
79 24.3280991214
80 24.9478984741
81 25.5754940451
82 26.2108858344
83 26.8540738419
84 27.5050580677
85 28.1638385118
86 28.8304151741
87 29.5047880548
88 30.1869571537
89 30.8769224709
90 31.5746840063
91 32.28024176
92 32.993595732
93 33.7147459223
94 34.4436923308
95 35.1804349576
96 35.9249738027
97 36.6773088661
98 37.4374401477
99 38.2053676476
100 38.9810913658
101 39.7646113023
102 40.555927457
103 41.35503983
104 42.1619484212
105 42.9766532308
106 43.7991542586
107 44.6294515047
108 45.4675449691
109 46.3134346517
110 47.1671205526
111 48.0286026718
112 48.8978810093
113 49.774955565
114 50.659826339
115 51.5524933313
116 52.4529565418
117 53.3612159706
118 54.2772716177
119 55.2011234831
120 56.1327715668
121 57.0722158687
122 58.0194563889
123 58.9744931273
124 59.9373260841
125 60.9079552591
126 61.8863806523
127 62.8726022639
128 63.8666200937
129 64.8684341418
130 65.8780444082
131 66.8954508928
132 67.9206535958
133 68.953652517
134 69.9944476564
135 71.0430390142
136 72.0994265902
137 73.1636103845
138 74.235590397
139 75.3153666279
140 76.402939077
141 77.4983077443
142 78.60147263
143 79.7124337339
144 80.8311910561
145 81.9577445966
146 83.0920943553
147 84.2342403324
148 85.3841825276
149 86.5419209412
150 87.7074555731
151 88.8807864232
152 90.0619134915
153 91.2508367782
154 92.4475562831
155 93.6520720063
156 94.8643839478
157 96.0844921076
158 97.3123964856
159 98.5480970819
160 99.7915938964
161 101.042886929
162 102.30197618
163 103.56886165
164 104.843543337
165 106.126021243
166 107.416295368
167 108.71436571
168 110.020232271
169 111.33389505
170 112.655354047
171 113.984609263
172 115.321660697
173 116.666508349
174 118.019152219
175 119.379592308
176 120.747828615
177 122.12386114
178 123.507689883
179 124.899314845
180 126.298736025
181 127.705953423
182 129.12096704
183 130.543776875
184 131.974382928
185 133.412785199
186 134.858983689
187 136.312978397
188 137.774769323
189 139.244356468
190 140.721739831
191 142.206919412
192 143.699895211
193 145.200667228
194 146.709235464
195 148.225599918
196 149.749760591
197 151.281717482
198 152.82147059
199 154.369019918
200 155.924365463
201 157.487507227
202 159.058445209
203 160.637179409
204 162.223709828
205 163.818036465
206 165.42015932
207 167.030078393
208 168.647793685
209 170.273305195
210 171.906612923
211 173.54771687
212 175.196617034
213 176.853313417
214 178.517806019
215 180.190094838
216 181.870179876
217 183.558061132
218 185.253738607
219 186.9572123
220 188.66848221
221 190.38754834
222 192.114410687
223 193.849069253
224 195.591524037
225 197.341775039
226 199.09982226
227 200.865665699
228 202.639305356
229 204.420741231
230 206.209973325
231 208.007001637
232 209.811826167
233 211.624446916
234 213.444863883
235 215.273077068
236 217.109086471
237 218.952892093
238 220.804493932
239 222.663891991
240 224.531086267
241 226.406076762
242 228.288863475
243 230.179446406
244 232.077825555
245 233.984000923
246 235.897972509
247 237.819740314
248 239.749304336
249 241.686664577
250 243.631821036
251 245.584773714
252 247.545522609
253 249.514067723
254 251.490409056
255 253.474546606
256 255.466480375
257 257.466210362
258 259.473736567
259 261.489058991
260 263.512177633
261 265.543092493
262 267.581803571
263 269.628310868
264 271.682614383
265 273.744714116
266 275.814610068
267 277.892302238
268 279.977790626
269 282.071075232
270 284.172156057
271 286.2810331
272 288.397706361
273 290.52217584
274 292.654441538
275 294.794503454
276 296.942361588
277 299.098015941
278 301.261466511
279 303.432713301
280 305.611756308
281 307.798595533
282 309.993230977
283 312.19566264
284 314.40589052
285 316.623914619
286 318.849734936
287 321.083351471
288 323.324764224
289 325.573973196
290 327.830978386
291 330.095779795
292 332.368377421
293 334.648771266
294 336.936961329
295 339.232947611
296 341.536730111
297 343.848308829
298 346.167683765
299 348.494854919
300 350.829822292
301 353.172585883
302 355.523145693
303 357.88150172
304 360.247653966
305 362.62160243
306 365.003347113
307 367.392888014
308 369.790225133
309 372.19535847
310 374.608288025
311 377.029013799
312 379.457535791
313 381.893854002
314 384.33796843
315 386.789879077
316 389.249585942
317 391.717089026
318 394.192388328
319 396.675483848
320 399.166375586
321 401.665063542
322 404.171547717
323 406.68582811
324 409.207904722
325 411.737777551
326 414.275446599
327 416.820911865
328 419.37417335
329 421.935231053
330 424.504084974
331 427.080735113
332 429.66518147
333 432.257424046
334 434.85746284
335 437.465297853
336 440.080929083
337 442.704356532
338 445.335580199
339 447.974600085
340 450.621416189
341 453.276028511
342 455.938437051
343 458.60864181
344 461.286642786
345 463.972439981
346 466.666033395
347 469.367423026
348 472.076608876
349 474.793590945
350 477.518369231
351 480.250943736
352 482.991314459
353 485.7394814
354 488.49544456
355 491.259203937
356 494.030759534
357 496.810111348
358 499.597259381
359 502.392203632
360 505.194944101
361 508.005480788
362 510.823813694
363 513.649942818
364 516.48386816
365 519.325589721
366 522.1751075
367 525.032421497
368 527.897531712
369 530.770438146
370 533.651140798
371 536.539639668
372 539.435934756
373 542.340026063
374 545.251913588
375 548.171597332
376 551.099077293
377 554.034353473
378 556.977425871
379 559.928294487
380 562.886959322
381 565.853420375
382 568.827677646
383 571.809731136
384 574.799580844
385 577.79722677
386 580.802668914
387 583.815907276
388 586.836941857
389 589.865772656
390 592.902399674
391 595.946822909
392 598.999042363
393 602.059058036
394 605.126869926
395 608.202478035
396 611.285882362
397 614.377082907
398 617.476079671
399 620.582872653
400 623.697461853
401 626.819847271
402 629.950028908
403 633.088006763
404 636.233780836
405 639.387351128
406 642.548717637
407 645.717880365
408 648.894839312
409 652.079594476
410 655.272145859
411 658.47249346
412 661.68063728
413 664.896577317
414 668.120313573
415 671.351846047
416 674.59117474
417 677.838299651
418 681.09322078
419 684.355938127
420 687.626451693
421 690.904761477
422 694.190867479
423 697.484769699
424 700.786468138
425 704.095962795
426 707.41325367
427 710.738340763
428 714.071224075
429 717.411903605
430 720.760379354
431 724.11665132
432 727.480719505
433 730.852583908
434 734.23224453
435 737.619701369
436 741.014954427
437 744.418003704
438 747.828849198
439 751.247490911
440 754.673928842
441 758.108162991
442 761.550193359
443 765.000019945
444 768.457642749
445 771.923061771
446 775.396277012
447 778.877288471
448 782.366096148
449 785.862700044
450 789.367100157
451 792.87929649
452 796.39928904
453 799.927077808
454 803.462662795
455 807.006044
456 810.557221424
457 814.116195066
458 817.682964926
459 821.257531004
460 824.8398933
461 828.430051815
462 832.028006548
463 835.6337575
464 839.247304669
465 842.868648057
466 846.497787663
467 850.134723488
468 853.77945553
469 857.431983791
470 861.092308271
471 864.760428968
472 868.436345884
473 872.120059018
474 875.81156837
475 879.510873941
476 883.21797573
477 886.932873737
478 890.655567962
479 894.386058406
480 898.124345068
481 901.870427948
482 905.624307047
483 909.385982364
484 913.155453899
485 916.932721652
486 920.717785624
487 924.510645814
488 928.311302222
489 932.119754848
490 935.936003693
491 939.760048756
492 943.591890037
493 947.431527537
494 951.278961254
495 955.134191191
496 958.997217345
497 962.868039717
498 966.746658308
499 970.633073118
500 974.527284145
501 978.429291391
502 982.339094855
503 986.256694537
504 990.182090438
505 994.115282556
506 998.056270893
507 1002.00505545
508 1005.96163622
509 1009.92601321
510 1013.89818642
511 1017.87815585
512 1021.8659215
513 1025.86148336
514 1029.86484145
515 1033.87599575
516 1037.89494627
517 1041.92169301
518 1045.95623596
519 1049.99857514
520 1054.04871053
521 1058.10664214
522 1062.17236997
523 1066.24589402
524 1070.32721429
525 1074.41633077
526 1078.51324347
527 1082.61795239
528 1086.73045753
529 1090.85075889
530 1094.97885647
531 1099.11475026
532 1103.25844027
533 1107.4099265
534 1111.56920895
535 1115.73628762
536 1119.9111625
537 1124.09383361
538 1128.28430093
539 1132.48256447
540 1136.68862423
541 1140.9024802
542 1145.1241324
543 1149.35358081
544 1153.59082544
545 1157.83586629
546 1162.08870336
547 1166.34933665
548 1170.61776615
549 1174.89399187
550 1179.17801382
551 1183.46983197
552 1187.76944635
553 1192.07685695
554 1196.39206376
555 1200.7150668
556 1205.04586605
557 1209.38446151
558 1213.7308532
559 1218.08504111
560 1222.44702523
561 1226.81680557
562 1231.19438213
563 1235.57975491
564 1239.97292391
565 1244.37388912
566 1248.78265056
567 1253.19920821
568 1257.62356208
569 1262.05571217
570 1266.49565847
571 1270.943401
572 1275.39893974
573 1279.8622747
574 1284.33340588
575 1288.81233328
576 1293.2990569
577 1297.79357673
578 1302.29589279
579 1306.80600506
580 1311.32391355
581 1315.84961825
582 1320.38311918
583 1324.92441632
584 1329.47350969
585 1334.03039927
586 1338.59508507
587 1343.16756708
588 1347.74784532
589 1352.33591977
590 1356.93179044
591 1361.53545733
592 1366.14692044
593 1370.76617977
594 1375.39323531
595 1380.02808708
596 1384.67073506
597 1389.32117926
598 1393.97941968
599 1398.64545631
600 1403.31928917
601 1408.00091824
602 1412.69034353
603 1417.38756504
604 1422.09258277
605 1426.80539672
606 1431.52600688
607 1436.25441326
608 1440.99061586
609 1445.73461468
610 1450.48640972
611 1455.24600098
612 1460.01338845
613 1464.78857214
614 1469.57155205
615 1474.36232818
616 1479.16090053
617 1483.9672691
618 1488.78143388
619 1493.60339488
620 1498.4331521
621 1503.27070554
622 1508.1160552
623 1512.96920107
624 1517.83014316
625 1522.69888148
626 1527.57541601
627 1532.45974675
628 1537.35187372
629 1542.25179691
630 1547.15951631
631 1552.07503193
632 1556.99834377
633 1561.92945183
634 1566.8683561
635 1571.8150566
636 1576.76955331
637 1581.73184624
638 1586.70193539
639 1591.67982076
640 1596.66550234
641 1601.65898015
642 1606.66025417
643 1611.66932441
644 1616.68619087
645 1621.71085355
646 1626.74331244
647 1631.78356755
648 1636.83161889
649 1641.88746644
650 1646.95111021
651 1652.02255019
652 1657.1017864
653 1662.18881882
654 1667.28364746
655 1672.38627232
656 1677.4966934
657 1682.6149107
658 1687.74092421
659 1692.87473394
660 1698.01633989
661 1703.16574206
662 1708.32294045
663 1713.48793506
664 1718.66072588
665 1723.84131292
666 1729.02969618
667 1734.22587566
668 1739.42985136
669 1744.64162328
670 1749.86119141
671 1755.08855576
672 1760.32371633
673 1765.56667312
674 1770.81742613
675 1776.07597535
676 1781.3423208
677 1786.61646246
678 1791.89840034
679 1797.18813444
680 1802.48566475
681 1807.79099129
682 1813.10411404
683 1818.42503301
684 1823.7537482
685 1829.09025961
686 1834.43456724
687 1839.78667108
688 1845.14657115
689 1850.51426743
690 1855.88975993
691 1861.27304864
692 1866.66413358
693 1872.06301473
694 1877.46969211
695 1882.8841657
696 1888.30643551
697 1893.73650153
698 1899.17436378
699 1904.62002224
700 1910.07347692
701 1915.53472782
702 1921.00377494
703 1926.48061828
704 1931.96525784
705 1937.45769361
706 1942.9579256
707 1948.46595381
708 1953.98177824
709 1959.50539889
710 1965.03681575
711 1970.57602883
712 1976.12303813
713 1981.67784365
714 1987.24044539
715 1992.81084335
716 1998.38903752
717 2003.97502792
718 2009.56881453
719 2015.17039736
720 2020.7797764
721 2026.39695167
722 2032.02192315
723 2037.65469086
724 2043.29525478
725 2048.94361491
726 2054.59977127
727 2060.26372385
728 2065.93547264
729 2071.61501765
730 2077.30235888
731 2082.99749633
732 2088.70043
733 2094.41115988
734 2100.12968599
735 2105.85600831
736 2111.59012685
737 2117.33204161
738 2123.08175258
739 2128.83925978
740 2134.60456319
741 2140.37766282
742 2146.15855867
743 2151.94725074
744 2157.74373903
745 2163.54802353
746 2169.36010425
747 2175.17998119
748 2181.00765435
749 2186.84312373
750 2192.68638933
751 2198.53745114
752 2204.39630917
753 2210.26296342
754 2216.13741389
755 2222.01966058
756 2227.90970348
757 2233.80754261
758 2239.71317795
759 2245.62660951
760 2251.54783729
761 2257.47686129
762 2263.4136815
763 2269.35829793
764 2275.31071059
765 2281.27091946
766 2287.23892454
767 2293.21472585
768 2299.19832337
769 2305.18971712
770 2311.18890708
771 2317.19589326
772 2323.21067566
773 2329.23325427
774 2335.26362911
775 2341.30180016
776 2347.34776743
777 2353.40153092
778 2359.46309063
779 2365.53244655
780 2371.6095987
781 2377.69454706
782 2383.78729164
783 2389.88783244
784 2395.99616945
785 2402.11230269
786 2408.23623214
787 2414.36795781
788 2420.5074797
789 2426.65479781
790 2432.80991214
791 2438.97282268
792 2445.14352945
793 2451.32203243
794 2457.50833163
795 2463.70242705
796 2469.90431868
797 2476.11400654
798 2482.33149061
799 2488.5567709
800 2494.78984741
801 2501.03072014
802 2507.27938908
803 2513.53585425
804 2519.80011563
805 2526.07217323
806 2532.35202705
807 2538.63967709
808 2544.93512334
809 2551.23836582
810 2557.54940451
811 2563.86823942
812 2570.19487055
813 2576.5292979
814 2582.87152146
815 2589.22154124
816 2595.57935725
817 2601.94496947
818 2608.3183779
819 2614.69958256
820 2621.08858344
821 2627.48538053
822 2633.88997384
823 2640.30236337
824 2646.72254912
825 2653.15053108
826 2659.58630927
827 2666.02988367
828 2672.48125429
829 2678.94042113
830 2685.40738419
831 2691.88214347
832 2698.36469896
833 2704.85505067
834 2711.3531986
835 2717.85914275
836 2724.37288312
837 2730.8944197
838 2737.42375251
839 2743.96088153
840 2750.50580677
841 2757.05852823
842 2763.61904591
843 2770.1873598
844 2776.76346991
845 2783.34737625
846 2789.9390788
847 2796.53857756
848 2803.14587255
849 2809.76096376
850 2816.38385118
851 2823.01453482
852 2829.65301468
853 2836.29929076
854 2842.95336305
855 2849.61523157
856 2856.2848963
857 2862.96235725
858 2869.64761442
859 2876.34066781
860 2883.04151741
861 2889.75016324
862 2896.46660528
863 2903.19084354
864 2909.92287802
865 2916.66270872
866 2923.41033563
867 2930.16575877
868 2936.92897812
869 2943.69999369
870 2950.47880548
871 2957.26541348
872 2964.05981771
873 2970.86201815
874 2977.67201481
875 2984.48980769
876 2991.31539679
877 2998.14878211
878 3004.98996364
879 3011.8389414
880 3018.69571537
881 3025.56028556
882 3032.43265196
883 3039.31281459
884 3046.20077344
885 3053.0965285
886 3060.00007978
887 3066.91142728
888 3073.830571
889 3080.75751093
890 3087.69224709
891 3094.63477946
892 3101.58510805
893 3108.54323286
894 3115.50915388
895 3122.48287113
896 3129.46438459
897 3136.45369427
898 3143.45080017
899 3150.45570229
900 3157.46840063
901 3164.48889518
902 3171.51718596
903 3178.55327295
904 3185.59715616
905 3192.64883559
906 3199.70831123
907 3206.7755831
908 3213.85065118
909 3220.93351548
910 3228.024176
911 3235.12263274
912 3242.2288857
913 3249.34293487
914 3256.46478026
915 3263.59442187
916 3270.7318597
917 3277.87709375
918 3285.03012402
919 3292.1909505
920 3299.3595732
921 3306.53599212
922 3313.72020726
923 3320.91221862
924 3328.11202619
925 3335.31962999
926 3342.53503
927 3349.75822623
928 3356.98921868
929 3364.22800734
930 3371.47459223
931 3378.72897333
932 3385.99115065
933 3393.26112419
934 3400.53889395
935 3407.82445993
936 3415.11782212
937 3422.41898053
938 3429.72793517
939 3437.04468601
940 3444.36923308
941 3451.70157637
942 3459.04171587
943 3466.38965159
944 3473.74538354
945 3481.10891169
946 3488.48023607
947 3495.85935667
948 3503.24627348
949 3510.64098651
950 3518.04349576
951 3525.45380123
952 3532.87190292
953 3540.29780082
954 3547.73149495
955 3555.17298529
956 3562.62227185
957 3570.07935463
958 3577.54423362
959 3585.01690884
960 3592.49738027
961 3599.98564792
962 3607.48171179
963 3614.98557188
964 3622.49722819
965 3630.01668071
966 3637.54392945
967 3645.07897442
968 3652.62181559
969 3660.17245299
970 3667.73088661
971 3675.29711644
972 3682.87114249
973 3690.45296477
974 3698.04258325
975 3705.63999796
976 3713.24520889
977 3720.85821603
978 3728.47901939
979 3736.10761897
980 3743.74401477
981 3751.38820679
982 3759.04019502
983 3766.69997948
984 3774.36756015
985 3782.04293704
986 3789.72611015
987 3797.41707947
988 3805.11584502
989 3812.82240678
990 3820.53676476
991 3828.25891896
992 3835.98886938
993 3843.72661602
994 3851.47215887
995 3859.22549794
996 3866.98663323
997 3874.75556474
998 3882.53229247
999 3890.31681642
