10 0.000292358185244
11 0.000353753404145
12 0.000420995786751
13 0.000494085333062
14 0.000573022043077
15 0.000657805916798
16 0.000748436954223
17 0.000844915155354
18 0.000947240520189
19 0.00105541304873
20 0.00116943274097
21 0.00128929959692
22 0.00141501361658
23 0.00154657479994
24 0.001683983147
25 0.00182723865777
26 0.00197634133225
27 0.00213129117043
28 0.00229208817231
29 0.0024587323379
30 0.00263122366719
31 0.00280956216019
32 0.00299374781689
33 0.0031837806373
34 0.00337966062141
35 0.00358138776923
36 0.00378896208076
37 0.00400238355598
38 0.00422165219492
39 0.00444676799755
40 0.0046777309639
41 0.00491454109394
42 0.0051571983877
43 0.00540570284515
44 0.00566005446631
45 0.00592025325118
46 0.00618629919975
47 0.00645819231203
48 0.00673593258801
49 0.0070195200277
50 0.00730895463109
51 0.00760423639818
52 0.00790536532898
53 0.00821234142349
54 0.0085251646817
55 0.00884383510362
56 0.00916835268924
57 0.00949871743856
58 0.00983492935159
59 0.0101769884283
60 0.0105248946688
61 0.0108786480729
62 0.0112382486408
63 0.0116036963723
64 0.0119749912676
65 0.0123521333265
66 0.0127351225492
67 0.0131239589356
68 0.0135186424857
69 0.0139191731994
70 0.0143255510769
71 0.0147377761181
72 0.015155848323
73 0.0155797676916
74 0.0160095342239
75 0.0164451479199
76 0.0168866087797
77 0.0173339168031
78 0.0177870719902
79 0.018246074341
80 0.0187109238556
81 0.0191816205338
82 0.0196581643758
83 0.0201405553814
84 0.0206287935508
85 0.0211228788838
86 0.0216228113806
87 0.0221285910411
88 0.0226402178653
89 0.0231576918531
90 0.0236810130047
91 0.02421018132
92 0.024745196799
93 0.0252860594417
94 0.0258327692481
95 0.0263853262182
96 0.026943730352
97 0.0275079816496
98 0.0280780801108
99 0.0286540257357
100 0.0292358185244
101 0.0298234584767
102 0.0304169455927
103 0.0310162798725
104 0.0316214613159
105 0.0322324899231
106 0.032849365694
107 0.0334720886285
108 0.0341006587268
109 0.0347350759888
110 0.0353753404145
111 0.0360214520039
112 0.0366734107569
113 0.0373312166737
114 0.0379948697542
115 0.0386643699985
116 0.0393397174064
117 0.040020911978
118 0.0407079537133
119 0.0414008426123
120 0.0420995786751
121 0.0428041619015
122 0.0435145922916
123 0.0442308698455
124 0.044952994563
125 0.0456809664443
126 0.0464147854893
127 0.0471544516979
128 0.0478999650703
129 0.0486513256064
130 0.0494085333062
131 0.0501715881696
132 0.0509404901968
133 0.0517152393877
134 0.0524958357423
135 0.0532822792606
136 0.0540745699426
137 0.0548727077884
138 0.0556766927978
139 0.0564865249709
140 0.0573022043077
141 0.0581237308083
142 0.0589511044725
143 0.0597843253004
144 0.0606233932921
145 0.0614683084474
146 0.0623190707665
147 0.0631756802493
148 0.0640381368957
149 0.0649064407059
150 0.0657805916798
151 0.0666605898174
152 0.0675464351187
153 0.0684381275837
154 0.0693356672123
155 0.0702390540048
156 0.0711482879609
157 0.0720633690807
158 0.0729842973642
159 0.0739110728114
160 0.0748436954223
161 0.075782165197
162 0.0767264821353
163 0.0776766462373
164 0.0786326575031
165 0.0795945159325
166 0.0805622215257
167 0.0815357742826
168 0.0825151742031
169 0.0835004212874
170 0.0844915155354
171 0.0854884569471
172 0.0864912455224
173 0.0874998812615
174 0.0885143641643
175 0.0895346942308
176 0.090560871461
177 0.0915928958549
178 0.0926307674126
179 0.0936744861339
180 0.0947240520189
181 0.0957794650676
182 0.0968407252801
183 0.0979078326562
184 0.098980787196
185 0.1000595889
186 0.101144237767
187 0.102234733798
188 0.103331076992
189 0.104433267351
190 0.105541304873
191 0.106655189559
192 0.107774921408
193 0.108900500421
194 0.110031926598
195 0.111169199939
196 0.112312320443
197 0.113461288111
198 0.114616102943
199 0.115776764938
200 0.116943274097
201 0.11811563042
202 0.119293833907
203 0.120477884557
204 0.121667782371
205 0.122863527349
206 0.12406511949
207 0.125272558795
208 0.126485845264
209 0.127704978896
210 0.128929959692
211 0.130160787652
212 0.131397462776
213 0.132639985063
214 0.133888354514
215 0.135142571129
216 0.136402634907
217 0.137668545849
218 0.138940303955
219 0.140217909225
220 0.141501361658
221 0.142790661255
222 0.144085808015
223 0.14538680194
224 0.146693643028
225 0.14800633128
226 0.149324866695
227 0.150649249274
228 0.151979479017
229 0.153315555924
230 0.154657479994
231 0.156005251228
232 0.157358869625
233 0.158718335187
234 0.160083647912
235 0.161454807801
236 0.162831814853
237 0.164214669069
238 0.165603370449
239 0.166997918993
240 0.1683983147
241 0.169804557571
242 0.171216647606
243 0.172634584804
244 0.174058369167
245 0.175488000692
246 0.176923479382
247 0.178364805235
248 0.179811978252
249 0.181264998433
250 0.182723865777
251 0.184188580285
252 0.185659141957
253 0.187135550793
254 0.188617806792
255 0.190105909955
256 0.191599860281
257 0.193099657771
258 0.194605302425
259 0.196116794243
260 0.197634133225
261 0.19915731937
262 0.200686352679
263 0.202221233151
264 0.203761960787
265 0.205308535587
266 0.206860957551
267 0.208419226678
268 0.209983342969
269 0.211553306424
270 0.213129117043
271 0.214710774825
272 0.216298279771
273 0.21789163188
274 0.219490831153
275 0.22109587759
276 0.222706771191
277 0.224323511955
278 0.225946099884
279 0.227574534975
280 0.229208817231
281 0.23084894665
282 0.232494923233
283 0.23414674698
284 0.23580441789
285 0.237467935964
286 0.239137301202
287 0.240812513603
288 0.242493573168
289 0.244180479897
290 0.24587323379
291 0.247571834846
292 0.249276283066
293 0.25098657845
294 0.252702720997
295 0.254424710708
296 0.256152547583
297 0.257886231621
298 0.259625762824
299 0.26137114119
300 0.263122366719
301 0.264879439412
302 0.266642359269
303 0.26841112629
304 0.270185740475
305 0.271966201823
306 0.273752510335
307 0.27554466601
308 0.277342668849
309 0.279146518852
310 0.280956216019
311 0.282771760349
312 0.284593151843
313 0.286420390501
314 0.288253476323
315 0.290092409308
316 0.291937189457
317 0.293787816769
318 0.295644291246
319 0.297506612886
320 0.299374781689
321 0.301248797657
322 0.303128660788
323 0.305014371083
324 0.306905928541
325 0.308803333163
326 0.310706584949
327 0.312615683899
328 0.314530630012
329 0.316451423289
330 0.31837806373
331 0.320310551335
332 0.322248886103
333 0.324193068035
334 0.32614309713
335 0.32809897339
336 0.330060696813
337 0.332028267399
338 0.33400168515
339 0.335980950064
340 0.337966062141
341 0.339957021383
342 0.341953827788
343 0.343956481357
344 0.34596498209
345 0.347979329986
346 0.349999525046
347 0.35202556727
348 0.354057456657
349 0.356095193208
350 0.358138776923
351 0.360188207802
352 0.362243485844
353 0.36430461105
354 0.36637158342
355 0.368444402953
356 0.37052306965
357 0.372607583511
358 0.374697944535
359 0.376794152724
360 0.378896208076
361 0.381004110591
362 0.38311786027
363 0.385237457114
364 0.38736290112
365 0.389494192291
366 0.391631330625
367 0.393774316123
368 0.395923148784
369 0.398077828609
370 0.400238355598
371 0.402404729751
372 0.404576951067
373 0.406755019547
374 0.408938935191
375 0.411128697999
376 0.41332430797
377 0.415525765105
378 0.417733069403
379 0.419946220866
380 0.422165219492
381 0.424390065281
382 0.426620758235
383 0.428857298352
384 0.431099685633
385 0.433347920077
386 0.435602001685
387 0.437861930457
388 0.440127706393
389 0.442399329492
390 0.444676799755
391 0.446960117182
392 0.449249281773
393 0.451544293527
394 0.453845152445
395 0.456151858526
396 0.458464411771
397 0.46078281218
398 0.463107059753
399 0.46543715449
400 0.46777309639
401 0.470114885453
402 0.472462521681
403 0.474816005072
404 0.477175335627
405 0.479540513346
406 0.481911538228
407 0.484288410274
408 0.486671129484
409 0.489059695857
410 0.491454109394
411 0.493854370095
412 0.49626047796
413 0.498672432988
414 0.50109023518
415 0.503513884536
416 0.505943381055
417 0.508378724738
418 0.510819915585
419 0.513266953595
420 0.51571983877
421 0.518178571107
422 0.520643150609
423 0.523113577274
424 0.525589851103
425 0.528071972096
426 0.530559940252
427 0.533053755573
428 0.535553418056
429 0.538058927704
430 0.540570284515
431 0.54308748849
432 0.545610539629
433 0.548139437931
434 0.550674183397
435 0.553214776027
436 0.55576121582
437 0.558313502778
438 0.560871636899
439 0.563435618183
440 0.566005446631
441 0.568581122243
442 0.571162645019
443 0.573750014959
444 0.576343232062
445 0.578942296328
446 0.581547207759
447 0.584157966353
448 0.586774572111
449 0.589397025033
450 0.592025325118
451 0.594659472367
452 0.59729946678
453 0.599945308356
454 0.602596997096
455 0.605254533
456 0.607917916068
457 0.610587146299
458 0.613262223694
459 0.615943148253
460 0.618629919975
461 0.621322538861
462 0.624021004911
463 0.626725318125
464 0.629435478502
465 0.632151486043
466 0.634873340747
467 0.637601042616
468 0.640334591648
469 0.643073987843
470 0.645819231203
471 0.648570321726
472 0.651327259413
473 0.654090044263
474 0.656858676278
475 0.659633155456
476 0.662413481797
477 0.665199655303
478 0.667991675972
479 0.670789543805
480 0.673593258801
481 0.676402820961
482 0.679218230285
483 0.682039486773
484 0.684866590424
485 0.687699541239
486 0.690538339218
487 0.69338298436
488 0.696233476666
489 0.699089816136
490 0.70195200277
491 0.704820036567
492 0.707693917528
493 0.710573645652
494 0.713459220941
495 0.716350643393
496 0.719247913009
497 0.722151029788
498 0.725059993731
499 0.727974804838
500 0.730895463109
501 0.733821968543
502 0.736754321141
503 0.739692520903
504 0.742636567828
505 0.745586461917
506 0.74854220317
507 0.751503791587
508 0.754471227167
509 0.757444509911
510 0.760423639818
511 0.76340861689
512 0.766399441125
513 0.769396112523
514 0.772398631086
515 0.775406996812
516 0.778421209702
517 0.781441269756
518 0.784467176973
519 0.787498931354
520 0.790536532898
521 0.793579981607
522 0.796629277479
523 0.799684420515
524 0.802745410714
525 0.805812248077
526 0.808884932604
527 0.811963464295
528 0.815047843149
529 0.818138069167
530 0.821234142349
531 0.824336062694
532 0.827443830204
533 0.830557444876
534 0.833676906713
535 0.836802215713
536 0.839933371877
537 0.843070375205
538 0.846213225696
539 0.849361923351
540 0.85251646817
541 0.855676860153
542 0.858843099299
543 0.862015185609
544 0.865193119082
545 0.86837689972
546 0.871566527521
547 0.874762002485
548 0.877963324614
549 0.881170493906
550 0.884383510362
551 0.887602373981
552 0.890827084764
553 0.894057642711
554 0.897294047822
555 0.900536300096
556 0.903784399534
557 0.907038346136
558 0.910298139902
559 0.913563780831
560 0.916835268924
561 0.92011260418
562 0.9233957866
563 0.926684816184
564 0.929979692932
565 0.933280416844
566 0.936586987919
567 0.939899406157
568 0.94321767156
569 0.946541784126
570 0.949871743856
571 0.95320755075
572 0.956549204807
573 0.959896706028
574 0.963250054413
575 0.966609249961
576 0.969974292673
577 0.973345182549
578 0.976721919589
579 0.980104503792
580 0.983492935159
581 0.98688721369
582 0.990287339384
583 0.993693312242
584 0.997105132264
585 1.00052279945
586 1.0039463138
587 1.00737567531
588 1.01081088399
589 1.01425193983
590 1.01769884283
591 1.021151593
592 1.02461019033
593 1.02807463483
594 1.03154492649
595 1.03502106531
596 1.03850305129
597 1.04199088444
598 1.04548456476
599 1.04898409224
600 1.05248946688
601 1.05600068868
602 1.05951775765
603 1.06304067378
604 1.06656943708
605 1.07010404754
606 1.07364450516
607 1.07719080995
608 1.0807429619
609 1.08430096101
610 1.08786480729
611 1.09143450073
612 1.09501004134
613 1.09859142911
614 1.10217866404
615 1.10577174614
616 1.1093706754
617 1.11297545182
618 1.11658607541
619 1.12020254616
620 1.12382486408
621 1.12745302915
622 1.1310870414
623 1.1347269008
624 1.13837260737
625 1.14202416111
626 1.145681562
627 1.14934481007
628 1.15301390529
629 1.15668884768
630 1.16036963723
631 1.16405627395
632 1.16774875783
633 1.17144708887
634 1.17515126708
635 1.17886129245
636 1.18257716498
637 1.18629888468
638 1.19002645154
639 1.19375986557
640 1.19749912676
641 1.20124423511
642 1.20499519063
643 1.20875199331
644 1.21251464315
645 1.21628314016
646 1.22005748433
647 1.22383767567
648 1.22762371416
649 1.23141559983
650 1.23521333265
651 1.23901691264
652 1.2428263398
653 1.24664161411
654 1.2504627356
655 1.25428970424
656 1.25812252005
657 1.26196118302
658 1.26580569316
659 1.26965605046
660 1.27351225492
661 1.27737430655
662 1.28124220534
663 1.28511595129
664 1.28899554441
665 1.29288098469
666 1.29677227214
667 1.30066940675
668 1.30457238852
669 1.30848121746
670 1.31239589356
671 1.31631641682
672 1.32024278725
673 1.32417500484
674 1.3281130696
675 1.33205698152
676 1.3360067406
677 1.33996234684
678 1.34392380025
679 1.34789110083
680 1.35186424857
681 1.35584324347
682 1.35982808553
683 1.36381877476
684 1.36781531115
685 1.37181769471
686 1.37582592543
687 1.37984000331
688 1.38385992836
689 1.38788570057
690 1.39191731994
691 1.39595478648
692 1.39999810018
693 1.40404726105
694 1.40810226908
695 1.41216312427
696 1.41622982663
697 1.42030237615
698 1.42438077283
699 1.42846501668
700 1.43255510769
701 1.43665104587
702 1.44075283121
703 1.44486046371
704 1.44897394338
705 1.45309327021
706 1.4572184442
707 1.46134946536
708 1.46548633368
709 1.46962904916
710 1.47377761181
711 1.47793202162
712 1.4820922786
713 1.48625838274
714 1.49043033404
715 1.49460813251
716 1.49879177814
717 1.50298127094
718 1.50717661089
719 1.51137779802
720 1.5155848323
721 1.51979771375
722 1.52401644236
723 1.52824101814
724 1.53247144108
725 1.53670771119
726 1.54094982845
727 1.54519779289
728 1.54945160448
729 1.55371126324
730 1.55797676916
731 1.56224812225
732 1.5665253225
733 1.57080836991
734 1.57509726449
735 1.57939200623
736 1.58369259514
737 1.58799903121
738 1.59231131444
739 1.59662944483
740 1.60095342239
741 1.60528324712
742 1.609618919
743 1.61396043805
744 1.61830780427
745 1.62266101765
746 1.62702007819
747 1.6313849859
748 1.63575574076
749 1.6401323428
750 1.64451479199
751 1.64890308836
752 1.65329723188
753 1.65769722257
754 1.66210306042
755 1.66651474543
756 1.67093227761
757 1.67535565696
758 1.67978488346
759 1.68421995713
760 1.68866087797
761 1.69310764596
762 1.69756026113
763 1.70201872345
764 1.70648303294
765 1.71095318959
766 1.71542919341
767 1.71991104439
768 1.72439874253
769 1.72889228784
770 1.73339168031
771 1.73789691994
772 1.74240800674
773 1.7469249407
774 1.75144772183
775 1.75597635012
776 1.76051082557
777 1.76505114819
778 1.76959731797
779 1.77414933491
780 1.77870719902
781 1.78327091029
782 1.78784046873
783 1.79241587433
784 1.79699712709
785 1.80158422702
786 1.80617717411
787 1.81077596836
788 1.81538060978
789 1.81999109836
790 1.8246074341
791 1.82922961701
792 1.83385764709
793 1.83849152432
794 1.84313124872
795 1.84777682029
796 1.85242823901
797 1.8570855049
798 1.86174861796
799 1.86641757818
800 1.87109238556
801 1.8757730401
802 1.88045954181
803 1.88515189069
804 1.88985008672
805 1.89455412992
806 1.89926402029
807 1.90397975782
808 1.90870134251
809 1.91342877436
810 1.91816205338
811 1.92290117957
812 1.92764615291
813 1.93239697342
814 1.9371536411
815 1.94191615593
816 1.94668451793
817 1.9514587271
818 1.95623878343
819 1.96102468692
820 1.96581643758
821 1.9706140354
822 1.97541748038
823 1.98022677253
824 1.98504191184
825 1.98986289831
826 1.99468973195
827 1.99952241275
828 2.00436094072
829 2.00920531585
830 2.01405553814
831 2.0189116076
832 2.02377352422
833 2.028641288
834 2.03351489895
835 2.03839435706
836 2.04327966234
837 2.04817081478
838 2.05306781438
839 2.05797066115
840 2.06287935508
841 2.06779389617
842 2.07271428443
843 2.07764051985
844 2.08257260244
845 2.08751053218
846 2.0924543091
847 2.09740393317
848 2.10235940441
849 2.10732072282
850 2.11228788838
851 2.11726090112
852 2.12223976101
853 2.12722446807
854 2.13221502229
855 2.13721142368
856 2.14221367223
857 2.14722176794
858 2.15223571082
859 2.15725550086
860 2.16228113806
861 2.16731262243
862 2.17234995396
863 2.17739313266
864 2.18244215852
865 2.18749703154
866 2.19255775172
867 2.19762431908
868 2.20269673359
869 2.20777499527
870 2.21285910411
871 2.21794906011
872 2.22304486328
873 2.22814651361
874 2.23325401111
875 2.23836735577
876 2.24348654759
877 2.24861158658
878 2.25374247273
879 2.25887920605
880 2.26402178653
881 2.26917021417
882 2.27432448897
883 2.27948461094
884 2.28465058008
885 2.28982239637
886 2.29500005983
887 2.30018357046
888 2.30537292825
889 2.3105681332
890 2.31576918531
891 2.32097608459
892 2.32618883104
893 2.33140742464
894 2.33663186541
895 2.34186215335
896 2.34709828844
897 2.35234027071
898 2.35758810013
899 2.36284177672
900 2.36810130047
901 2.37336667139
902 2.37863788947
903 2.38391495471
904 2.38919786712
905 2.39448662669
906 2.39978123343
907 2.40508168732
908 2.41038798839
909 2.41570013661
910 2.421018132
911 2.42634197455
912 2.43167166427
913 2.43700720115
914 2.4423485852
915 2.4476958164
916 2.45304889478
917 2.45840782031
918 2.46377259301
919 2.46914321287
920 2.4745196799
921 2.47990199409
922 2.48529015545
923 2.49068416396
924 2.49608401964
925 2.50148972249
926 2.5069012725
927 2.51231866967
928 2.51774191401
929 2.52317100551
930 2.52860594417
931 2.53404673
932 2.53949336299
933 2.54494584314
934 2.55040417046
935 2.55586834494
936 2.56133836659
937 2.5668142354
938 2.57229595137
939 2.57778351451
940 2.58327692481
941 2.58877618228
942 2.5942812869
943 2.5997922387
944 2.60530903765
945 2.61083168377
946 2.61636017705
947 2.6218945175
948 2.62743470511
949 2.63298073988
950 2.63853262182
951 2.64409035092
952 2.64965392719
953 2.65522335062
954 2.66079862121
955 2.66637973897
956 2.67196670389
957 2.67755951597
958 2.68315817522
959 2.68876268163
960 2.6943730352
961 2.69998923594
962 2.70561128384
963 2.71123917891
964 2.71687292114
965 2.72251251053
966 2.72815794709
967 2.73380923081
968 2.7394663617
969 2.74512933974
970 2.75079816496
971 2.75647283733
972 2.76215335687
973 2.76783972357
974 2.77353193744
975 2.77922999847
976 2.78493390667
977 2.79064366202
978 2.79635926454
979 2.80208071423
980 2.80780801108
981 2.81354115509
982 2.81928014627
983 2.82502498461
984 2.83077567011
985 2.83653220278
986 2.84229458261
987 2.8480628096
988 2.85383688376
989 2.85961680509
990 2.86540257357
991 2.87119418922
992 2.87699165203
993 2.88279496201
994 2.88860411915
995 2.89441912346
996 2.90023997493
997 2.90606667356
998 2.91189921935
999 2.91773761231
