10 0.0281248855453
11 0.0340311115098
12 0.0404998351852
13 0.0475310565716
14 0.0551247756688
15 0.0632809924769
16 0.071999706996
17 0.0812809192259
18 0.0911246291668
19 0.101530836819
20 0.112499542181
21 0.124030745255
22 0.136124446039
23 0.148780644535
24 0.161999340741
25 0.175780534658
26 0.190124226286
27 0.205030415625
28 0.220499102675
29 0.236530287436
30 0.253123969908
31 0.27028015009
32 0.287998827984
33 0.306280003588
34 0.325123676904
35 0.34452984793
36 0.364498516667
37 0.385029683115
38 0.406123347274
39 0.427779509144
40 0.449998168725
41 0.472779326017
42 0.496122981019
43 0.520029133733
44 0.544497784157
45 0.569528932293
46 0.595122578139
47 0.621278721696
48 0.647997362964
49 0.675278501943
50 0.703122138633
51 0.731528273034
52 0.760496905145
53 0.790028034968
54 0.820121662501
55 0.850777787746
56 0.881996410701
57 0.913777531367
58 0.946121149744
59 0.979027265832
60 1.01249587963
61 1.04652699114
62 1.08112060036
63 1.11627670729
64 1.15199531194
65 1.18827641429
66 1.22512001435
67 1.26252611213
68 1.30049470762
69 1.33902580081
70 1.37811939172
71 1.41777548034
72 1.45799406667
73 1.49877515071
74 1.54011873246
75 1.58202481192
76 1.6244933891
77 1.66752446398
78 1.71111803658
79 1.75527410688
80 1.7999926749
81 1.84527374063
82 1.89111730407
83 1.93752336522
84 1.98449192408
85 2.03202298065
86 2.08011653493
87 2.12877258692
88 2.17799113663
89 2.22777218404
90 2.27811572917
91 2.32902177201
92 2.38049031256
93 2.43252135081
94 2.48511488678
95 2.53827092046
96 2.59198945186
97 2.64627048096
98 2.70111400777
99 2.7565200323
100 2.81248855453
101 2.86901957448
102 2.92611309213
103 2.9837691075
104 3.04198762058
105 3.10076863137
106 3.16011213987
107 3.22001814608
108 3.28048665001
109 3.34151765164
110 3.40311115098
111 3.46526714804
112 3.5279856428
113 3.59126663528
114 3.65511012547
115 3.71951611337
116 3.78448459898
117 3.8500155823
118 3.91610906333
119 3.98276504207
120 4.04998351852
121 4.11776449269
122 4.18610796456
123 4.25501393415
124 4.32448240145
125 4.39451336645
126 4.46510682917
127 4.5362627896
128 4.60798124774
129 4.6802622036
130 4.75310565716
131 4.82651160843
132 4.90048005741
133 4.97501100411
134 5.05010444852
135 5.12576039063
136 5.20197883046
137 5.278759768
138 5.35610320325
139 5.43400913621
140 5.51247756688
141 5.59150849526
142 5.67110192136
143 5.75125784516
144 5.83197626668
145 5.9132571859
146 5.99510060284
147 6.07750651749
148 6.16047492984
149 6.24400583991
150 6.32809924769
151 6.41275515319
152 6.49797355639
153 6.5837544573
154 6.67009785593
155 6.75700375226
156 6.84447214631
157 6.93250303806
158 7.02109642753
159 7.11025231471
160 7.1999706996
161 7.2902515822
162 7.38109496251
163 7.47250084053
164 7.56446921627
165 7.65700008971
166 7.75009346087
167 7.84374932973
168 7.93796769631
169 8.0327485606
170 8.12809192259
171 8.2239977823
172 8.32046613972
173 8.41749699486
174 8.5150903477
175 8.61324619825
176 8.71196454652
177 8.81124539249
178 8.91108873618
179 9.01149457757
180 9.11246291668
181 9.2139937535
182 9.31608708803
183 9.41874292027
184 9.52196125022
185 9.62574207788
186 9.73008540326
187 9.83499122634
188 9.94045954713
189 10.0464903656
190 10.1530836819
191 10.2602394958
192 10.3679578074
193 10.4762386168
194 10.5850819238
195 10.6944877286
196 10.8044560311
197 10.9149868313
198 11.0260801292
199 11.1377359248
200 11.2499542181
201 11.3627350092
202 11.4760782979
203 11.5899840844
204 11.7044523685
205 11.8194831504
206 11.93507643
207 12.0512322073
208 12.1679504823
209 12.285231255
210 12.4030745255
211 12.5214802936
212 12.6404485595
213 12.7599793231
214 12.8800725843
215 13.0007283433
216 13.1219466
217 13.2437273544
218 13.3660706066
219 13.4889763564
220 13.6124446039
221 13.7364753492
222 13.8610685922
223 13.9862243328
224 14.1119425712
225 14.2382233073
226 14.3650665411
227 14.4924722726
228 14.6204405019
229 14.7489712288
230 14.8780644535
231 15.0077201758
232 15.1379383959
233 15.2687191137
234 15.4000623292
235 15.5319680424
236 15.6644362533
237 15.7974669619
238 15.9310601683
239 16.0652158723
240 16.1999340741
241 16.3352147736
242 16.4710579708
243 16.6074636657
244 16.7444318583
245 16.8819625486
246 17.0200557366
247 17.1587114223
248 17.2979296058
249 17.4377102869
250 17.5780534658
251 17.7189591424
252 17.8604273167
253 18.0024579887
254 18.1450511584
255 18.2882068258
256 18.431924991
257 18.5762056538
258 18.7210488144
259 18.8664544726
260 19.0124226286
261 19.1589532823
262 19.3060464337
263 19.4537020828
264 19.6019202297
265 19.7507008742
266 19.9000440164
267 20.0499496564
268 20.2004177941
269 20.3514484294
270 20.5030415625
271 20.6551971933
272 20.8079153218
273 20.9611959481
274 21.115039072
275 21.2694446936
276 21.424412813
277 21.5799434301
278 21.7360365448
279 21.8926921573
280 22.0499102675
281 22.2076908754
282 22.3660339811
283 22.5249395844
284 22.6844076854
285 22.8444382842
286 23.0050313806
287 23.1661869748
288 23.3279050667
289 23.4901856563
290 23.6530287436
291 23.8164343286
292 23.9804024114
293 24.1449329918
294 24.3100260699
295 24.4756816458
296 24.6418997194
297 24.8086802907
298 24.9760233597
299 25.1439289264
300 25.3123969908
301 25.4814275529
302 25.6510206127
303 25.8211761703
304 25.9918942256
305 26.1631747785
306 26.3350178292
307 26.5074233776
308 26.6803914237
309 26.8539219675
310 27.028015009
311 27.2026705483
312 27.3778885852
313 27.5536691199
314 27.7300121523
315 27.9069176823
316 28.0843857101
317 28.2624162356
318 28.4410092588
319 28.6201647798
320 28.7998827984
321 28.9801633147
322 29.1610063288
323 29.3424118406
324 29.52437985
325 29.7069103572
326 29.8900033621
327 30.0736588647
328 30.2578768651
329 30.4426573631
330 30.6280003588
331 30.8139058523
332 31.0003738435
333 31.1874043323
334 31.3749973189
335 31.5631528032
336 31.7518707852
337 31.941151265
338 32.1309942424
339 32.3213997175
340 32.5123676904
341 32.7038981609
342 32.8959911292
343 33.0886465952
344 33.2818645589
345 33.4756450203
346 33.6699879794
347 33.8648934363
348 34.0603613908
349 34.256391843
350 34.452984793
351 34.6501402407
352 34.8478581861
353 35.0461386292
354 35.24498157
355 35.4443870085
356 35.6443549447
357 35.8448853786
358 36.0459783103
359 36.2476337397
360 36.4498516667
361 36.6526320915
362 36.855975014
363 37.0598804342
364 37.2643483521
365 37.4693787677
366 37.6749716811
367 37.8811270921
368 38.0878450009
369 38.2951254074
370 38.5029683115
371 38.7113737134
372 38.920341613
373 39.1298720103
374 39.3399649054
375 39.5506202981
376 39.7618381885
377 39.9736185767
378 40.1859614626
379 40.3988668461
380 40.6123347274
381 40.8263651064
382 41.0409579831
383 41.2561133576
384 41.4718312297
385 41.6881115995
386 41.9049544671
387 42.1223598324
388 42.3403276953
389 42.558858056
390 42.7779509144
391 42.9976062705
392 43.2178241243
393 43.4386044759
394 43.6599473251
395 43.8818526721
396 44.1043205167
397 44.3273508591
398 44.5509436992
399 44.775099037
400 44.9998168725
401 45.2250972057
402 45.4509400366
403 45.6773453653
404 45.9043131916
405 46.1318435157
406 46.3599363375
407 46.588591657
408 46.8178094741
409 47.0475897891
410 47.2779326017
411 47.508837912
412 47.74030572
413 47.9723360258
414 48.2049288292
415 48.4380841304
416 48.6718019293
417 48.9060822259
418 49.1409250202
419 49.3763303122
420 49.6122981019
421 49.8488283894
422 50.0859211745
423 50.3235764574
424 50.5617942379
425 50.8005745162
426 51.0399172922
427 51.2798225659
428 51.5202903373
429 51.7613206064
430 52.0029133733
431 52.2450686378
432 52.4877864001
433 52.73106666
434 52.9749094177
435 53.2193146731
436 53.4642824262
437 53.709812677
438 53.9559054255
439 54.2025606718
440 54.4497784157
441 54.6975586574
442 54.9459013967
443 55.1948066338
444 55.4442743686
445 55.6943046011
446 55.9448973313
447 56.1960525592
448 56.4477702849
449 56.7000505082
450 56.9528932293
451 57.206298448
452 57.4602661645
453 57.7147963787
454 57.9698890906
455 58.2255443002
456 58.4817620075
457 58.7385422125
458 58.9958849153
459 59.2537901157
460 59.5122578139
461 59.7712880097
462 60.0308807033
463 60.2910358946
464 60.5517535836
465 60.8130337703
466 61.0748764548
467 61.3372816369
468 61.6002493168
469 61.8637794943
470 62.1278721696
471 62.3925273426
472 62.6577450133
473 62.9235251817
474 63.1898678478
475 63.4567730116
476 63.7242406731
477 63.9922708324
478 64.2608634893
479 64.530018644
480 64.7997362964
481 65.0700164465
482 65.3408590943
483 65.6122642398
484 65.884231883
485 66.156762024
486 66.4298546626
487 66.703509799
488 66.977727433
489 67.2525075648
490 67.5278501943
491 67.8037553215
492 68.0802229464
493 68.357253069
494 68.6348456894
495 68.9130008074
496 69.1917184232
497 69.4709985366
498 69.7508411478
499 70.0312462567
500 70.3122138633
501 70.5937439676
502 70.8758365696
503 71.1584916693
504 71.4417092668
505 71.7254893619
506 72.0098319548
507 72.2947370454
508 72.5802046336
509 72.8662347196
510 73.1528273034
511 73.4399823848
512 73.7276999639
513 74.0159800407
514 74.3048226153
515 74.5942276875
516 74.8841952575
517 75.1747253252
518 75.4658178906
519 75.7574729537
520 76.0496905145
521 76.342470573
522 76.6358131293
523 76.9297181832
524 77.2241857349
525 77.5192157843
526 77.8148083313
527 78.1109633761
528 78.4076809186
529 78.7049609589
530 79.0028034968
531 79.3012085324
532 79.6001760658
533 79.8997060968
534 80.1997986256
535 80.5004536521
536 80.8016711763
537 81.1034511982
538 81.4057937178
539 81.7086987351
540 82.0121662501
541 82.3161962629
542 82.6207887733
543 82.9259437815
544 83.2316612874
545 83.537941291
546 83.8447837923
547 84.1521887913
548 84.460156288
549 84.7686862824
550 85.0777787746
551 85.3874337644
552 85.697651252
553 86.0084312373
554 86.3197737202
555 86.6316787009
556 86.9441461794
557 87.2571761555
558 87.5707686293
559 87.8849236008
560 88.1996410701
561 88.5149210371
562 88.8307635017
563 89.1471684641
564 89.4641359242
565 89.781665882
566 90.0997583375
567 90.4184132908
568 90.7376307417
569 91.0574106904
570 91.3777531367
571 91.6986580808
572 92.0201255226
573 92.3421554621
574 92.6647478993
575 92.9879028342
576 93.3116202668
577 93.6359001971
578 93.9607426252
579 94.286147551
580 94.6121149744
581 94.9386448956
582 95.2657373145
583 95.5933922311
584 95.9216096454
585 96.2503895574
586 96.5797319672
587 96.9096368746
588 97.2401042798
589 97.5711341826
590 97.9027265832
591 98.2348814815
592 98.5675988775
593 98.9008787712
594 99.2347211627
595 99.5691260518
596 99.9040934386
597 100.239623323
598 100.575715705
599 100.912370585
600 101.249587963
601 101.587367839
602 101.925710212
603 102.264615082
604 102.604082451
605 102.944112317
606 103.284704681
607 103.625859543
608 103.967576902
609 104.309856759
610 104.652699114
611 104.996103967
612 105.340071317
613 105.684601165
614 106.02969351
615 106.375348354
616 106.721565695
617 107.068345534
618 107.41568787
619 107.763592704
620 108.112060036
621 108.461089866
622 108.810682193
623 109.160837018
624 109.511554341
625 109.862834161
626 110.21467648
627 110.567081295
628 110.920048609
629 111.27357842
630 111.627670729
631 111.982325536
632 112.337542841
633 112.693322643
634 113.049664943
635 113.40656974
636 113.764037035
637 114.122066828
638 114.480659119
639 114.839813907
640 115.199531194
641 115.559810977
642 115.920653259
643 116.282058038
644 116.644025315
645 117.00655509
646 117.369647362
647 117.733302132
648 118.0975194
649 118.462299166
650 118.827641429
651 119.19354619
652 119.560013449
653 119.927043205
654 120.294635459
655 120.662790211
656 121.03150746
657 121.400787207
658 121.770629452
659 122.141034195
660 122.512001435
661 122.883531173
662 123.255623409
663 123.628278143
664 124.001495374
665 124.375275103
666 124.749617329
667 125.124522054
668 125.499989276
669 125.876018995
670 126.252611213
671 126.629765928
672 127.007483141
673 127.385762852
674 127.76460506
675 128.144009766
676 128.52397697
677 128.904506671
678 129.28559887
679 129.667253567
680 130.049470762
681 130.432250454
682 130.815592644
683 131.199497331
684 131.583964517
685 131.9689942
686 132.354586381
687 132.740741059
688 133.127458236
689 133.51473791
690 133.902580081
691 134.290984751
692 134.679951918
693 135.069481582
694 135.459573745
695 135.850228405
696 136.241445563
697 136.633225219
698 137.025567372
699 137.418472023
700 137.811939172
701 138.205968819
702 138.600560963
703 138.995715605
704 139.391432744
705 139.787712382
706 140.184554517
707 140.581959149
708 140.97992628
709 141.378455908
710 141.777548034
711 142.177202658
712 142.577419779
713 142.978199398
714 143.379541515
715 143.781446129
716 144.183913241
717 144.586942851
718 144.990534959
719 145.394689564
720 145.799406667
721 146.204686268
722 146.610528366
723 147.016932962
724 147.423900056
725 147.831429648
726 148.239521737
727 148.648176324
728 149.057393408
729 149.467172991
730 149.877515071
731 150.288419649
732 150.699886724
733 151.111916298
734 151.524508368
735 151.937662937
736 152.351380004
737 152.765659568
738 153.180501629
739 153.595906189
740 154.011873246
741 154.428402801
742 154.845494854
743 155.263149404
744 155.681366452
745 156.100145998
746 156.519488041
747 156.939392583
748 157.359859621
749 157.780889158
750 158.202481192
751 158.624635724
752 159.047352754
753 159.470632282
754 159.894474307
755 160.31887883
756 160.74384585
757 161.169375369
758 161.595467385
759 162.022121898
760 162.44933891
761 162.877118419
762 163.305460426
763 163.73436493
764 164.163831933
765 164.593861433
766 165.02445343
767 165.455607926
768 165.887324919
769 166.31960441
770 166.752446398
771 167.185850884
772 167.619817868
773 168.05434735
774 168.489439329
775 168.925093807
776 169.361310781
777 169.798090254
778 170.235432224
779 170.673336692
780 171.111803658
781 171.550833121
782 171.990425082
783 172.430579541
784 172.871296497
785 173.312575952
786 173.754417904
787 174.196822353
788 174.6397893
789 175.083318746
790 175.527410688
791 175.972065129
792 176.417282067
793 176.863061503
794 177.309403436
795 177.756307868
796 178.203774797
797 178.651804224
798 179.100396148
799 179.54955057
800 179.99926749
801 180.449546908
802 180.900388823
803 181.351793236
804 181.803760147
805 182.256289555
806 182.709381461
807 183.163035865
808 183.617252767
809 184.072032166
810 184.527374063
811 184.983278457
812 185.43974535
813 185.89677474
814 186.354366628
815 186.812521013
816 187.271237897
817 187.730517278
818 188.190359156
819 188.650763533
820 189.111730407
821 189.573259778
822 190.035351648
823 190.498006015
824 190.96122288
825 191.425002243
826 191.889344103
827 192.354248461
828 192.819715317
829 193.28574467
830 193.752336522
831 194.219490871
832 194.687207717
833 195.155487061
834 195.624328904
835 196.093733243
836 196.563700081
837 197.034229416
838 197.505321249
839 197.976975579
840 198.449192408
841 198.921971734
842 199.395313557
843 199.869217879
844 200.343684698
845 200.818714015
846 201.294305829
847 201.770460142
848 202.247176952
849 202.724456259
850 203.202298065
851 203.680702368
852 204.159669169
853 204.639198467
854 205.119290264
855 205.599944558
856 206.081161349
857 206.562940639
858 207.045282426
859 207.528186711
860 208.011653493
861 208.495682773
862 208.980274551
863 209.465428827
864 209.9511456
865 210.437424871
866 210.92426664
867 211.411670907
868 211.899637671
869 212.388166933
870 212.877258692
871 213.36691295
872 213.857129705
873 214.347908958
874 214.839250708
875 215.331154956
876 215.823621702
877 216.316650946
878 216.810242687
879 217.304396926
880 217.799113663
881 218.294392897
882 218.79023463
883 219.286638859
884 219.783605587
885 220.281134812
886 220.779226535
887 221.277880756
888 221.777097474
889 222.276876691
890 222.777218404
891 223.278122616
892 223.779589325
893 224.281618532
894 224.784210237
895 225.287364439
896 225.791081139
897 226.295360337
898 226.800202033
899 227.305606226
900 227.811572917
901 228.318102106
902 228.825193792
903 229.332847976
904 229.841064658
905 230.349843837
906 230.859185515
907 231.36908969
908 231.879556362
909 232.390585533
910 232.902177201
911 233.414331366
912 233.92704803
913 234.440327191
914 234.95416885
915 235.468573007
916 235.983539661
917 236.499068813
918 237.015160463
919 237.53181461
920 238.049031256
921 238.566810398
922 239.085152039
923 239.604056177
924 240.123522813
925 240.643551947
926 241.164143579
927 241.685297708
928 242.207014335
929 242.729293459
930 243.252135081
931 243.775539201
932 244.299505819
933 244.824034935
934 245.349126548
935 245.874780658
936 246.400997267
937 246.927776373
938 247.455117977
939 247.983022079
940 248.511488678
941 249.040517775
942 249.57010937
943 250.100263463
944 250.630980053
945 251.162259141
946 251.694100727
947 252.22650481
948 252.759471391
949 253.29300047
950 253.827092046
951 254.361746121
952 254.896962693
953 255.432741762
954 255.96908333
955 256.505987395
956 257.043453957
957 257.581483018
958 258.120074576
959 258.659228632
960 259.198945186
961 259.739224237
962 260.280065786
963 260.821469833
964 261.363436377
965 261.905965419
966 262.449056959
967 262.992710997
968 263.536927532
969 264.081706565
970 264.627048096
971 265.172952124
972 265.71941865
973 266.266447674
974 266.814039196
975 267.362193215
976 267.910909732
977 268.460188747
978 269.010030259
979 269.560434269
980 270.111400777
981 270.662929783
982 271.215021286
983 271.767675287
984 272.320891786
985 272.874670782
986 273.429012276
987 273.983916268
988 274.539382757
989 275.095411745
990 275.65200323
991 276.209157212
992 276.766873693
993 277.325152671
994 277.883994146
995 278.44339812
996 279.003364591
997 279.56389356
998 280.124985027
999 280.686638991
