10 9.74527284145
11 11.7917801382
12 14.0331928917
13 16.4695111021
14 19.1007347692
15 21.9268638933
16 24.9478984741
17 28.1638385118
18 31.5746840063
19 35.1804349576
20 38.9810913658
21 42.9766532308
22 47.1671205526
23 51.5524933313
24 56.1327715668
25 60.9079552591
26 65.8780444082
27 71.0430390142
28 76.402939077
29 81.9577445966
30 87.7074555731
31 93.6520720063
32 99.7915938964
33 106.126021243
34 112.655354047
35 119.379592308
36 126.298736025
37 133.412785199
38 140.721739831
39 148.225599918
40 155.924365463
41 163.818036465
42 171.906612923
43 180.190094838
44 188.66848221
45 197.341775039
46 206.209973325
47 215.273077068
48 224.531086267
49 233.984000923
50 243.631821036
51 253.474546606
52 263.512177633
53 273.744714116
54 284.172156057
55 294.794503454
56 305.611756308
57 316.623914619
58 327.830978386
59 339.232947611
60 350.829822292
61 362.62160243
62 374.608288025
63 386.789879077
64 399.166375586
65 411.737777551
66 424.504084974
67 437.465297853
68 450.621416189
69 463.972439981
70 477.518369231
71 491.259203937
72 505.194944101
73 519.325589721
74 533.651140798
75 548.171597332
76 562.886959322
77 577.79722677
78 592.902399674
79 608.202478035
80 623.697461853
81 639.387351128
82 655.272145859
83 671.351846047
84 687.626451693
85 704.095962795
86 720.760379354
87 737.619701369
88 754.673928842
89 771.923061771
90 789.367100157
91 807.006044
92 824.8398933
93 842.868648057
94 861.092308271
95 879.510873941
96 898.124345068
97 916.932721652
98 935.936003693
99 955.134191191
100 974.527284145
101 994.115282556
102 1013.89818642
103 1033.87599575
104 1054.04871053
105 1074.41633077
106 1094.97885647
107 1115.73628762
108 1136.68862423
109 1157.83586629
110 1179.17801382
111 1200.7150668
112 1222.44702523
113 1244.37388912
114 1266.49565847
115 1288.81233328
116 1311.32391355
117 1334.03039927
118 1356.93179044
119 1380.02808708
120 1403.31928917
121 1426.80539672
122 1450.48640972
123 1474.36232818
124 1498.4331521
125 1522.69888148
126 1547.15951631
127 1571.8150566
128 1596.66550234
129 1621.71085355
130 1646.95111021
131 1672.38627232
132 1698.01633989
133 1723.84131292
134 1749.86119141
135 1776.07597535
136 1802.48566475
137 1829.09025961
138 1855.88975993
139 1882.8841657
140 1910.07347692
141 1937.45769361
142 1965.03681575
143 1992.81084335
144 2020.7797764
145 2048.94361491
146 2077.30235888
147 2105.85600831
148 2134.60456319
149 2163.54802353
150 2192.68638933
151 2222.01966058
152 2251.54783729
153 2281.27091946
154 2311.18890708
155 2341.30180016
156 2371.6095987
157 2402.11230269
158 2432.80991214
159 2463.70242705
160 2494.78984741
161 2526.07217323
162 2557.54940451
163 2589.22154124
164 2621.08858344
165 2653.15053108
166 2685.40738419
167 2717.85914275
168 2750.50580677
169 2783.34737625
170 2816.38385118
171 2849.61523157
172 2883.04151741
173 2916.66270872
174 2950.47880548
175 2984.48980769
176 3018.69571537
177 3053.0965285
178 3087.69224709
179 3122.48287113
180 3157.46840063
181 3192.64883559
182 3228.024176
183 3263.59442187
184 3299.3595732
185 3335.31962999
186 3371.47459223
187 3407.82445993
188 3444.36923308
189 3481.10891169
190 3518.04349576
191 3555.17298529
192 3592.49738027
193 3630.01668071
194 3667.73088661
195 3705.63999796
196 3743.74401477
197 3782.04293704
198 3820.53676476
199 3859.22549794
200 3898.10913658
201 3937.18768067
202 3976.46113023
203 4015.92948523
204 4055.5927457
205 4095.45091162
206 4135.503983
207 4175.75195983
208 4216.19484212
209 4256.83262987
210 4297.66532308
211 4338.69292174
212 4379.91542586
213 4421.33283544
214 4462.94515047
215 4504.75237096
216 4546.75449691
217 4588.95152831
218 4631.34346517
219 4673.93030749
220 4716.71205526
221 4759.68870849
222 4802.86026718
223 4846.22673132
224 4889.78810093
225 4933.54437598
226 4977.4955565
227 5021.64164247
228 5065.9826339
229 5110.51853078
230 5155.24933313
231 5200.17504093
232 5245.29565418
233 5290.61117289
234 5336.12159706
235 5381.82692669
236 5427.72716177
237 5473.82230231
238 5520.11234831
239 5566.59729976
240 5613.27715668
241 5660.15191904
242 5707.22158687
243 5754.48616015
244 5801.94563889
245 5849.60002308
246 5897.44931273
247 5945.49350784
248 5993.73260841
249 6042.16661443
250 6090.79552591
251 6139.61934284
252 6188.63806523
253 6237.85169308
254 6287.26022639
255 6336.86366515
256 6386.66200937
257 6436.65525905
258 6486.84341418
259 6537.22647477
260 6587.80444082
261 6638.57731232
262 6689.54508928
263 6740.7077717
264 6792.06535958
265 6843.61785291
266 6895.3652517
267 6947.30755594
268 6999.44476564
269 7051.7768808
270 7104.30390142
271 7157.02582749
272 7209.94265902
273 7263.054396
274 7316.36103845
275 7369.86258635
276 7423.5590397
277 7477.45039852
278 7531.53666279
279 7585.81783251
280 7640.2939077
281 7694.96488834
282 7749.83077443
283 7804.89156599
284 7860.147263
285 7915.59786547
286 7971.24337339
287 8027.08378677
288 8083.11910561
289 8139.34932991
290 8195.77445966
291 8252.39449487
292 8309.20943553
293 8366.21928166
294 8423.42403324
295 8480.82369027
296 8538.41825276
297 8596.20772071
298 8654.19209412
299 8712.37137298
300 8770.74555731
301 8829.31464708
302 8888.07864232
303 8947.03754301
304 9006.19134915
305 9065.54006076
306 9125.08367782
307 9184.82220034
308 9244.75562831
309 9304.88396174
310 9365.20720063
311 9425.72534498
312 9486.43839478
313 9547.34635004
314 9608.44921076
315 9669.74697693
316 9731.23964856
317 9792.92722564
318 9854.80970819
319 9916.88709619
320 9979.15938964
321 10041.6265886
322 10104.2886929
323 10167.1457028
324 10230.197618
325 10293.4444388
326 10356.886165
327 10420.5227966
328 10484.3543337
329 10548.3807763
330 10612.6021243
331 10677.0183778
332 10741.6295368
333 10806.4356012
334 10871.436571
335 10936.6324463
336 11002.0232271
337 11067.6089133
338 11133.389505
339 11199.3650021
340 11265.5354047
341 11331.9007128
342 11398.4609263
343 11465.2160452
344 11532.1660697
345 11599.3109995
346 11666.6508349
347 11734.1855757
348 11801.9152219
349 11869.8397736
350 11937.9592308
351 12006.2735934
352 12074.7828615
353 12143.487035
354 12212.386114
355 12281.4800984
356 12350.7689883
357 12420.2527837
358 12489.9314845
359 12559.8050908
360 12629.8736025
361 12700.1370197
362 12770.5953423
363 12841.2485705
364 12912.096704
365 12983.139743
366 13054.3776875
367 13125.8105374
368 13197.4382928
369 13269.2609536
370 13341.2785199
371 13413.4909917
372 13485.8983689
373 13558.5006516
374 13631.2978397
375 13704.2899333
376 13777.4769323
377 13850.8588368
378 13924.4356468
379 13998.2073622
380 14072.1739831
381 14146.3355094
382 14220.6919412
383 14295.2432784
384 14369.9895211
385 14444.9306692
386 14520.0667228
387 14595.3976819
388 14670.9235464
389 14746.6443164
390 14822.5599918
391 14898.6705727
392 14974.9760591
393 15051.4764509
394 15128.1717482
395 15205.0619509
396 15282.147059
397 15359.4270727
398 15436.9019918
399 15514.5718163
400 15592.4365463
401 15670.4961818
402 15748.7507227
403 15827.2001691
404 15905.8445209
405 15984.6837782
406 16063.7179409
407 16142.9470091
408 16222.3709828
409 16301.9898619
410 16381.8036465
411 16461.8123365
412 16542.015932
413 16622.4144329
414 16703.0078393
415 16783.7961512
416 16864.7793685
417 16945.9574913
418 17027.3305195
419 17108.8984532
420 17190.6612923
421 17272.6190369
422 17354.771687
423 17437.1192425
424 17519.6617034
425 17602.3990699
426 17685.3313417
427 17768.4585191
428 17851.7806019
429 17935.2975901
430 18019.0094838
431 18102.916283
432 18187.0179876
433 18271.3145977
434 18355.8061132
435 18440.4925342
436 18525.3738607
437 18610.4500926
438 18695.72123
439 18781.1872728
440 18866.848221
441 18952.7040748
442 19038.754834
443 19125.0004986
444 19211.4410687
445 19298.0765443
446 19384.9069253
447 19471.9322118
448 19559.1524037
449 19646.5675011
450 19734.1775039
451 19821.9824122
452 19909.982226
453 19998.1769452
454 20086.5665699
455 20175.1511
456 20263.9305356
457 20352.9048766
458 20442.0741231
459 20531.4382751
460 20620.9973325
461 20710.7512954
462 20800.7001637
463 20890.8439375
464 20981.1826167
465 21071.7162014
466 21162.4446916
467 21253.3680872
468 21344.4863883
469 21435.7995948
470 21527.3077068
471 21619.0107242
472 21710.9086471
473 21803.0014754
474 21895.2892093
475 21987.7718485
476 22080.4493932
477 22173.3218434
478 22266.3891991
479 22359.6514602
480 22453.1086267
481 22546.7606987
482 22640.6076762
483 22734.6495591
484 22828.8863475
485 22923.3180413
486 23017.9446406
487 23112.7661453
488 23207.7825555
489 23302.9938712
490 23398.4000923
491 23494.0012189
492 23589.7972509
493 23685.7881884
494 23781.9740314
495 23878.3547798
496 23974.9304336
497 24071.7009929
498 24168.6664577
499 24265.8268279
500 24363.1821036
501 24460.7322848
502 24558.4773714
503 24656.4173634
504 24754.5522609
505 24852.8820639
506 24951.4067723
507 25050.1263862
508 25149.0409056
509 25248.1503304
510 25347.4546606
511 25446.9538963
512 25546.6480375
513 25646.5370841
514 25746.6210362
515 25846.8998937
516 25947.3736567
517 26048.0423252
518 26148.9058991
519 26249.9643785
520 26351.2177633
521 26452.6660536
522 26554.3092493
523 26656.1473505
524 26758.1803571
525 26860.4082692
526 26962.8310868
527 27065.4488098
528 27168.2614383
529 27271.2689722
530 27374.4714116
531 27477.8687565
532 27581.4610068
533 27685.2481625
534 27789.2302238
535 27893.4071904
536 27997.7790626
537 28102.3458402
538 28207.1075232
539 28312.0641117
540 28417.2156057
541 28522.5620051
542 28628.10331
543 28733.8395203
544 28839.7706361
545 28945.8966573
546 29052.217584
547 29158.7334162
548 29265.4441538
549 29372.3497969
550 29479.4503454
551 29586.7457994
552 29694.2361588
553 29801.9214237
554 29909.8015941
555 30017.8766699
556 30126.1466511
557 30234.6115379
558 30343.2713301
559 30452.1260277
560 30561.1756308
561 30670.4201393
562 30779.8595533
563 30889.4938728
564 30999.3230977
565 31109.3472281
566 31219.566264
567 31329.9802052
568 31440.589052
569 31551.3928042
570 31662.3914619
571 31773.585025
572 31884.9734936
573 31996.5568676
574 32108.3351471
575 32220.308332
576 32332.4764224
577 32444.8394183
578 32557.3973196
579 32670.1501264
580 32783.0978386
581 32896.2404563
582 33009.5779795
583 33123.1104081
584 33236.8377421
585 33350.7599817
586 33464.8771266
587 33579.1891771
588 33693.6961329
589 33808.3979943
590 33923.2947611
591 34038.3864333
592 34153.6730111
593 34269.1544942
594 34384.8308829
595 34500.7021769
596 34616.7683765
597 34733.0294815
598 34849.4854919
599 34966.1364079
600 35082.9822292
601 35200.022956
602 35317.2585883
603 35434.6891261
604 35552.3145693
605 35670.1349179
606 35788.150172
607 35906.3603316
608 36024.7653966
609 36143.3653671
610 36262.160243
611 36381.1500244
612 36500.3347113
613 36619.7143036
614 36739.2888014
615 36859.0582046
616 36979.0225133
617 37099.1817274
618 37219.535847
619 37340.084872
620 37460.8288025
621 37581.7676385
622 37702.9013799
623 37824.2300268
624 37945.7535791
625 38067.4720369
626 38189.3854002
627 38311.4936689
628 38433.796843
629 38556.2949226
630 38678.9879077
631 38801.8757982
632 38924.9585942
633 39048.2362957
634 39171.7089026
635 39295.3764149
636 39419.2388328
637 39543.296156
638 39667.5483848
639 39791.9955189
640 39916.6375586
641 40041.4745037
642 40166.5063542
643 40291.7331102
644 40417.1547717
645 40542.7713386
646 40668.582811
647 40794.5891889
648 40920.7904722
649 41047.1866609
650 41173.7777551
651 41300.5637548
652 41427.5446599
653 41554.7204705
654 41682.0911865
655 41809.656808
656 41937.417335
657 42065.3727674
658 42193.5231053
659 42321.8683486
660 42450.4084974
661 42579.1435516
662 42708.0735113
663 42837.1983764
664 42966.518147
665 43096.0328231
666 43225.7424046
667 43355.6468916
668 43485.746284
669 43616.0405819
670 43746.5297853
671 43877.2138941
672 44008.0929083
673 44139.1668281
674 44270.4356532
675 44401.8993839
676 44533.5580199
677 44665.4115615
678 44797.4600085
679 44929.7033609
680 45062.1416189
681 45194.7747822
682 45327.6028511
683 45460.6258254
684 45593.8437051
685 45727.2564903
686 45860.864181
687 45994.6667771
688 46128.6642786
689 46262.8566857
690 46397.2439981
691 46531.8262161
692 46666.6033395
693 46801.5753683
694 46936.7423026
695 47072.1041424
696 47207.6608876
697 47343.4125383
698 47479.3590945
699 47615.5005561
700 47751.8369231
701 47888.3681956
702 48025.0943736
703 48162.015457
704 48299.1314459
705 48436.4423402
706 48573.94814
707 48711.6488453
708 48849.544456
709 48987.6349721
710 49125.9203937
711 49264.4007208
712 49403.0759534
713 49541.9460914
714 49681.0111348
715 49820.2710837
716 49959.7259381
717 50099.3756979
718 50239.2203632
719 50379.2599339
720 50519.4944101
721 50659.9237917
722 50800.5480788
723 50941.3672714
724 51082.3813694
725 51223.5903729
726 51364.9942818
727 51506.5930962
728 51648.386816
729 51790.3754413
730 51932.5589721
731 52074.9374083
732 52217.51075
733 52360.2789971
734 52503.2421497
735 52646.4002077
736 52789.7531712
737 52933.3010402
738 53077.0438146
739 53220.9814945
740 53365.1140798
741 53509.4415706
742 53653.9639668
743 53798.6812685
744 53943.5934756
745 54088.7005883
746 54234.0026063
747 54379.4995298
748 54525.1913588
749 54671.0780933
750 54817.1597332
751 54963.4362785
752 55109.9077293
753 55256.5740856
754 55403.4353473
755 55550.4915145
756 55697.7425871
757 55845.1885652
758 55992.8294487
759 56140.6652378
760 56288.6959322
761 56436.9215321
762 56585.3420375
763 56733.9574483
764 56882.7677646
765 57031.7729864
766 57180.9731136
767 57330.3681462
768 57479.9580844
769 57629.7429279
770 57779.722677
771 57929.8973314
772 58080.2668914
773 58230.8313568
774 58381.5907276
775 58532.545004
776 58683.6941857
777 58835.038273
778 58986.5772656
779 59138.3111638
780 59290.2399674
781 59442.3636764
782 59594.6822909
783 59747.1958109
784 59899.9042363
785 60052.8075672
786 60205.9058036
787 60359.1989454
788 60512.6869926
789 60666.3699453
790 60820.2478035
791 60974.3205671
792 61128.5882362
793 61283.0508107
794 61437.7082907
795 61592.5606762
796 61747.6079671
797 61902.8501634
798 62058.2872653
799 62213.9192725
800 62369.7461853
801 62525.7680035
802 62681.9847271
803 62838.3963562
804 62995.0028908
805 63151.8043308
806 63308.8006763
807 63465.9919272
808 63623.3780836
809 63780.9591455
810 63938.7351128
811 64096.7059855
812 64254.8717637
813 64413.2324474
814 64571.7880365
815 64730.5385311
816 64889.4839312
817 65048.6242367
818 65207.9594476
819 65367.489564
820 65527.2145859
821 65687.1345132
822 65847.249346
823 66007.5590843
824 66168.063728
825 66328.7632771
826 66489.6577317
827 66650.7470918
828 66812.0313573
829 66973.5105283
830 67135.1846047
831 67297.0535866
832 67459.117474
833 67621.3762668
834 67783.8299651
835 67946.4785688
836 68109.322078
837 68272.3604926
838 68435.5938127
839 68599.0220383
840 68762.6451693
841 68926.4632057
842 69090.4761477
843 69254.683995
844 69419.0867479
845 69583.6844062
846 69748.4769699
847 69913.4644391
848 70078.6468138
849 70244.0240939
850 70409.5962795
851 70575.3633705
852 70741.325367
853 70907.4822689
854 71073.8340763
855 71240.3807892
856 71407.1224075
857 71574.0589313
858 71741.1903605
859 71908.5166952
860 72076.0379354
861 72243.754081
862 72411.665132
863 72579.7710885
864 72748.0719505
865 72916.5677179
866 73085.2583908
867 73254.1439692
868 73423.224453
869 73592.4998422
870 73761.9701369
871 73931.6353371
872 74101.4954427
873 74271.5504538
874 74441.8003704
875 74612.2451924
876 74782.8849198
877 74953.7195527
878 75124.7490911
879 75295.9735349
880 75467.3928842
881 75639.0071389
882 75810.8162991
883 75982.8203648
884 76155.0193359
885 76327.4132124
886 76500.0019945
887 76672.7856819
888 76845.7642749
889 77018.9377733
890 77192.3061771
891 77365.8694864
892 77539.6277012
893 77713.5808214
894 77887.7288471
895 78062.0717782
896 78236.6096148
897 78411.3423569
898 78586.2700044
899 78761.3925573
900 78936.7100157
901 79112.2223796
902 79287.929649
903 79463.8318237
904 79639.928904
905 79816.2208897
906 79992.7077808
907 80169.3895775
908 80346.2662795
909 80523.3378871
910 80700.6044
911 80878.0658185
912 81055.7221424
913 81233.5733717
914 81411.6195066
915 81589.8605468
916 81768.2964926
917 81946.9273437
918 82125.7531004
919 82304.7737625
920 82483.98933
921 82663.399803
922 82843.0051815
923 83022.8054654
924 83202.8006548
925 83382.9907497
926 83563.37575
927 83743.9556557
928 83924.7304669
929 84105.7001836
930 84286.8648057
931 84468.2243333
932 84649.7787663
933 84831.5281048
934 85013.4723488
935 85195.6114982
936 85377.945553
937 85560.4745134
938 85743.1983791
939 85926.1171504
940 86109.2308271
941 86292.5394092
942 86476.0428968
943 86659.7412899
944 86843.6345884
945 87027.7227924
946 87212.0059018
947 87396.4839167
948 87581.156837
949 87766.0246628
950 87951.0873941
951 88136.3450308
952 88321.797573
953 88507.4450206
954 88693.2873737
955 88879.3246322
956 89065.5567962
957 89251.9838657
958 89438.6058406
959 89625.422721
960 89812.4345068
961 89999.6411981
962 90187.0427948
963 90374.639297
964 90562.4307047
965 90750.4170178
966 90938.5982364
967 91126.9743604
968 91315.5453899
969 91504.3113248
970 91693.2721652
971 91882.4279111
972 92071.7785624
973 92261.3241191
974 92451.0645814
975 92640.999949
976 92831.1302222
977 93021.4554008
978 93211.9754848
979 93402.6904743
980 93593.6003693
981 93784.7051697
982 93976.0048756
983 94167.4994869
984 94359.1890037
985 94551.073426
986 94743.1527537
987 94935.4269868
988 95127.8961254
989 95320.5601695
990 95513.4191191
991 95706.472974
992 95899.7217345
993 96093.1654004
994 96286.8039717
995 96480.6374486
996 96674.6658308
997 96868.8891186
998 97063.3073118
999 97257.9204104
