10 0.779621827316
11 0.943342411052
12 1.12265543134
13 1.31756088816
14 1.52805878154
15 1.75414911146
16 1.99583187793
17 2.25310708094
18 2.5259747205
19 2.81443479661
20 3.11848730926
21 3.43813225846
22 3.77336964421
23 4.1241994665
24 4.49062172534
25 4.87263642073
26 5.27024355266
27 5.68344312113
28 6.11223512616
29 6.55661956773
30 7.01659644584
31 7.49216576051
32 7.98332751172
33 8.49008169947
34 9.01242832377
35 9.55036738462
36 10.103898882
37 10.673022816
38 11.2577391864
39 11.8580479935
40 12.4739492371
41 13.1054429172
42 13.7525290339
43 14.4152075871
44 15.0934785768
45 15.7873420031
46 16.496797866
47 17.2218461654
48 17.9624869014
49 18.7187200739
50 19.4905456829
51 20.2779637285
52 21.0809742106
53 21.8995771293
54 22.7337724845
55 23.5835602763
56 24.4489405046
57 25.3299131695
58 26.2264782709
59 27.1386358089
60 28.0663857834
61 29.0097281944
62 29.968663042
63 30.9431903262
64 31.9333100469
65 32.9390222041
66 33.9603267979
67 34.9972238282
68 36.0497132951
69 37.1177951985
70 38.2014695385
71 39.300736315
72 40.4155955281
73 41.5460471777
74 42.6920912638
75 43.8537277865
76 45.0309567458
77 46.2237781416
78 47.4321919739
79 48.6561982428
80 49.8957969482
81 51.1509880902
82 52.4217716687
83 53.7081476838
84 55.0101161354
85 56.3276770236
86 57.6608303483
87 59.0095761095
88 60.3739143074
89 61.7538449417
90 63.1493680126
91 64.56048352
92 65.987191464
93 67.4294918446
94 68.8873846616
95 70.3608699153
96 71.8499476054
97 73.3546177322
98 74.8748802954
99 76.4107352952
100 77.9621827316
101 79.5292226045
102 81.111854914
103 82.71007966
104 84.3238968425
105 85.9533064616
106 87.5983085172
107 89.2589030094
108 90.9350899381
109 92.6268693034
110 94.3342411052
111 96.0572053436
112 97.7957620185
113 99.54991113
114 101.319652678
115 103.104986663
116 104.905913084
117 106.722431941
118 108.554543235
119 110.402246966
120 112.265543134
121 114.144431737
122 116.038912778
123 117.948986255
124 119.874652168
125 121.815910518
126 123.772761305
127 125.745204528
128 127.733240187
129 129.736868284
130 131.756088816
131 133.790901786
132 135.841307192
133 137.907305034
134 139.988895313
135 142.086078028
136 144.19885318
137 146.327220769
138 148.471180794
139 150.630733256
140 152.805878154
141 154.996615489
142 157.20294526
143 159.424867468
144 161.662382112
145 163.915489193
146 166.184188711
147 168.468480665
148 170.768365055
149 173.083841882
150 175.414911146
151 177.761572846
152 180.123826983
153 182.501673556
154 184.895112566
155 187.304144013
156 189.728767896
157 192.168984215
158 194.624792971
159 197.096194164
160 199.583187793
161 202.085773859
162 204.603952361
163 207.1377233
164 209.687086675
165 212.252042487
166 214.832590735
167 217.42873142
168 220.040464542
169 222.6677901
170 225.310708094
171 227.969218525
172 230.643321393
173 233.333016697
174 236.038304438
175 238.759184616
176 241.495657229
177 244.24772228
178 247.015379767
179 249.79862969
180 252.59747205
181 255.411906847
182 258.24193408
183 261.08755375
184 263.948765856
185 266.825570399
186 269.717967378
187 272.625956794
188 275.549538647
189 278.488712936
190 281.443479661
191 284.413838823
192 287.399790422
193 290.401334457
194 293.418470929
195 296.451199837
196 299.499521182
197 302.563434963
198 305.642941181
199 308.738039835
200 311.848730926
201 314.975014454
202 318.116890418
203 321.274358819
204 324.447419656
205 327.63607293
206 330.84031864
207 334.060156787
208 337.29558737
209 340.54661039
210 343.813225846
211 347.095433739
212 350.393234069
213 353.706626835
214 357.035612038
215 360.380189677
216 363.740359753
217 367.116122265
218 370.507477214
219 373.914424599
220 377.336964421
221 380.775096679
222 384.228821374
223 387.698138506
224 391.183048074
225 394.683550079
226 398.19964452
227 401.731331398
228 405.278610712
229 408.841482463
230 412.41994665
231 416.014003274
232 419.623652335
233 423.248893832
234 426.889727765
235 430.546154135
236 434.218172942
237 437.905784185
238 441.608987865
239 445.327783981
240 449.062172534
241 452.812153523
242 456.577726949
243 460.358892812
244 464.155651111
245 467.968001846
246 471.795945019
247 475.639480627
248 479.498608672
249 483.373329154
250 487.263642073
251 491.169547427
252 495.091045219
253 499.028135447
254 502.980818111
255 506.949093212
256 510.93296075
257 514.932420724
258 518.947473135
259 522.978117982
260 527.024355266
261 531.086184986
262 535.163607143
263 539.256621736
264 543.365228766
265 547.489428233
266 551.629220136
267 555.784604475
268 559.955581251
269 564.142150464
270 568.344312113
271 572.562066199
272 576.795412721
273 581.04435168
274 585.308883076
275 589.589006908
276 593.884723176
277 598.196031881
278 602.522933023
279 606.865426601
280 611.223512616
281 615.597191067
282 619.986461955
283 624.391325279
284 628.81178104
285 633.247829237
286 637.699469871
287 642.166702942
288 646.649528449
289 651.147946393
290 655.661956773
291 660.191559589
292 664.736754843
293 669.297542533
294 673.873922659
295 678.465895222
296 683.073460221
297 687.696617657
298 692.33536753
299 696.989709839
300 701.659644584
301 706.345171767
302 711.046291385
303 715.763003441
304 720.495307932
305 725.243204861
306 730.006694226
307 734.785776027
308 739.580450265
309 744.39071694
310 749.216576051
311 754.058027598
312 758.915071582
313 763.787708003
314 768.67593686
315 773.579758154
316 778.499171885
317 783.434178052
318 788.384776655
319 793.350967695
320 798.332751172
321 803.330127085
322 808.343095434
323 813.371656221
324 818.415809443
325 823.475555103
326 828.550893198
327 833.641823731
328 838.7483467
329 843.870462105
330 849.008169947
331 854.161470226
332 859.330362941
333 864.514848092
334 869.714925681
335 874.930595705
336 880.161858167
337 885.408713065
338 890.671160399
339 895.94920017
340 901.242832377
341 906.552057021
342 911.876874102
343 917.217283619
344 922.573285573
345 927.944879963
346 933.33206679
347 938.734846053
348 944.153217753
349 949.587181889
350 955.036738462
351 960.501887472
352 965.982628918
353 971.4789628
354 976.990889119
355 982.518407875
356 988.061519067
357 993.620222696
358 999.194518761
359 1004.78440726
360 1010.3898882
361 1016.01096158
362 1021.64762739
363 1027.29988564
364 1032.96773632
365 1038.65117944
366 1044.350215
367 1050.06484299
368 1055.79506342
369 1061.54087629
370 1067.3022816
371 1073.07927934
372 1078.87186951
373 1084.68005213
374 1090.50382718
375 1096.34319466
376 1102.19815459
377 1108.06870695
378 1113.95485174
379 1119.85658897
380 1125.77391864
381 1131.70684075
382 1137.65535529
383 1143.61946227
384 1149.59916169
385 1155.59445354
386 1161.60533783
387 1167.63181455
388 1173.67388371
389 1179.73154531
390 1185.80479935
391 1191.89364582
392 1197.99808473
393 1204.11811607
394 1210.25373985
395 1216.40495607
396 1222.57176472
397 1228.75416581
398 1234.95215934
399 1241.16574531
400 1247.39492371
401 1253.63969454
402 1259.90005782
403 1266.17601353
404 1272.46756167
405 1278.77470226
406 1285.09743527
407 1291.43576073
408 1297.78967862
409 1304.15918895
410 1310.54429172
411 1316.94498692
412 1323.36127456
413 1329.79315463
414 1336.24062715
415 1342.70369209
416 1349.18234948
417 1355.6765993
418 1362.18644156
419 1368.71187625
420 1375.25290339
421 1381.80952295
422 1388.38173496
423 1394.9695394
424 1401.57293628
425 1408.19192559
426 1414.82650734
427 1421.47668153
428 1428.14244815
429 1434.82380721
430 1441.52075871
431 1448.23330264
432 1454.96143901
433 1461.70516782
434 1468.46448906
435 1475.23940274
436 1482.02990885
437 1488.83600741
438 1495.6576984
439 1502.49498182
440 1509.34785768
441 1516.21632598
442 1523.10038672
443 1530.00003989
444 1536.9152855
445 1543.84612354
446 1550.79255402
447 1557.75457694
448 1564.7321923
449 1571.72540009
450 1578.73420031
451 1585.75859298
452 1592.79857808
453 1599.85415562
454 1606.92532559
455 1614.012088
456 1621.11444285
457 1628.23239013
458 1635.36592985
459 1642.51506201
460 1649.6797866
461 1656.86010363
462 1664.0560131
463 1671.267515
464 1678.49460934
465 1685.73729611
466 1692.99557533
467 1700.26944698
468 1707.55891106
469 1714.86396758
470 1722.18461654
471 1729.52085794
472 1736.87269177
473 1744.24011804
474 1751.62313674
475 1759.02174788
476 1766.43595146
477 1773.86574747
478 1781.31113592
479 1788.77211681
480 1796.24869014
481 1803.7408559
482 1811.24861409
483 1818.77196473
484 1826.3109078
485 1833.8654433
486 1841.43557125
487 1849.02129163
488 1856.62260444
489 1864.2395097
490 1871.87200739
491 1879.52009751
492 1887.18378007
493 1894.86305507
494 1902.55792251
495 1910.26838238
496 1917.99443469
497 1925.73607943
498 1933.49331662
499 1941.26614624
500 1949.05456829
501 1956.85858278
502 1964.67818971
503 1972.51338907
504 1980.36418088
505 1988.23056511
506 1996.11254179
507 2004.0101109
508 2011.92327244
509 2019.85202643
510 2027.79637285
511 2035.75631171
512 2043.731843
513 2051.72296673
514 2059.7296829
515 2067.7519915
516 2075.78989254
517 2083.84338601
518 2091.91247193
519 2099.99715028
520 2108.09742106
521 2116.21328428
522 2124.34473994
523 2132.49178804
524 2140.65442857
525 2148.83266154
526 2157.02648694
527 2165.23590479
528 2173.46091506
529 2181.70151778
530 2189.95771293
531 2198.22950052
532 2206.51688054
533 2214.819853
534 2223.1384179
535 2231.47257524
536 2239.82232501
537 2248.18766721
538 2256.56860186
539 2264.96512894
540 2273.37724845
541 2281.80496041
542 2290.2482648
543 2298.70716162
544 2307.18165089
545 2315.67173259
546 2324.17740672
547 2332.69867329
548 2341.2355323
549 2349.78798375
550 2358.35602763
551 2366.93966395
552 2375.5388927
553 2384.1537139
554 2392.78412753
555 2401.43013359
556 2410.09173209
557 2418.76892303
558 2427.4617064
559 2436.17008222
560 2444.89405046
561 2453.63361115
562 2462.38876427
563 2471.15950983
564 2479.94584782
565 2488.74777825
566 2497.56530112
567 2506.39841642
568 2515.24712416
569 2524.11142434
570 2532.99131695
571 2541.886802
572 2550.79787949
573 2559.72454941
574 2568.66681177
575 2577.62466656
576 2586.5981138
577 2595.58715346
578 2604.59178557
579 2613.61201011
580 2622.64782709
581 2631.69923651
582 2640.76623836
583 2649.84883265
584 2658.94701937
585 2668.06079853
586 2677.19017013
587 2686.33513416
588 2695.49569064
589 2704.67183954
590 2713.86358089
591 2723.07091467
592 2732.29384088
593 2741.53235954
594 2750.78647063
595 2760.05617416
596 2769.34147012
597 2778.64235852
598 2787.95883936
599 2797.29091263
600 2806.63857834
601 2816.00183648
602 2825.38068707
603 2834.77513009
604 2844.18516554
605 2853.61079343
606 2863.05201376
607 2872.50882653
608 2881.98123173
609 2891.46922937
610 2900.97281944
611 2910.49200195
612 2920.0267769
613 2929.57714429
614 2939.14310411
615 2948.72465637
616 2958.32180106
617 2967.93453819
618 2977.56286776
619 2987.20678976
620 2996.8663042
621 3006.54141108
622 3016.23211039
623 3025.93840214
624 3035.66028633
625 3045.39776295
626 3055.15083201
627 3064.91949351
628 3074.70374744
629 3084.50359381
630 3094.31903262
631 3104.15006386
632 3113.99668754
633 3123.85890365
634 3133.73671221
635 3143.63011319
636 3153.53910662
637 3163.46369248
638 3173.40387078
639 3183.35964151
640 3193.33100469
641 3203.31796029
642 3213.32050834
643 3223.33864882
644 3233.37238174
645 3243.42170709
646 3253.48662488
647 3263.56713511
648 3273.66323777
649 3283.77493287
650 3293.90222041
651 3304.04510038
652 3314.20357279
653 3324.37763764
654 3334.56729492
655 3344.77254464
656 3354.9933868
657 3365.22982139
658 3375.48184842
659 3385.74946789
660 3396.03267979
661 3406.33148413
662 3416.6458809
663 3426.97587011
664 3437.32145176
665 3447.68262585
666 3458.05939237
667 3468.45175133
668 3478.85970272
669 3489.28324655
670 3499.72238282
671 3510.17711153
672 3520.64743267
673 3531.13334624
674 3541.63485226
675 3552.15195071
676 3562.6846416
677 3573.23292492
678 3583.79680068
679 3594.37626888
680 3604.97132951
681 3615.58198258
682 3626.20822809
683 3636.85006603
684 3647.50749641
685 3658.18051922
686 3668.86913448
687 3679.57334217
688 3690.29314229
689 3701.02853485
690 3711.77951985
691 3722.54609729
692 3733.32826716
693 3744.12602947
694 3754.93938421
695 3765.76833139
696 3776.61287101
697 3787.47300307
698 3798.34872756
699 3809.24004448
700 3820.14695385
701 3831.06945565
702 3842.00754989
703 3852.96123656
704 3863.93051567
705 3874.91538722
706 3885.9158512
707 3896.93190762
708 3907.96355648
709 3919.01079777
710 3930.0736315
711 3941.15205767
712 3952.24607627
713 3963.35568731
714 3974.48089078
715 3985.6216867
716 3996.77807505
717 4007.95005583
718 4019.13762905
719 4030.34079471
720 4041.55955281
721 4052.79390334
722 4064.04384631
723 4075.30938171
724 4086.59050955
725 4097.88722983
726 4109.19954254
727 4120.52744769
728 4131.87094528
729 4143.23003531
730 4154.60471777
731 4165.99499266
732 4177.40086
733 4188.82231977
734 4200.25937197
735 4211.71201662
736 4223.1802537
737 4234.66408321
738 4246.16350517
739 4257.67851956
740 4269.20912638
741 4280.75532564
742 4292.31711734
743 4303.89450148
744 4315.48747805
745 4327.09604706
746 4338.72020851
747 4350.35996239
748 4362.01530871
749 4373.68624746
750 4385.37277865
751 4397.07490228
752 4408.79261835
753 4420.52592685
754 4432.27482778
755 4444.03932116
756 4455.81940697
757 4467.61508522
758 4479.4263559
759 4491.25321902
760 4503.09567458
761 4514.95372257
762 4526.827363
763 4538.71659587
764 4550.62142117
765 4562.54183891
766 4574.47784909
767 4586.4294517
768 4598.39664675
769 4610.37943423
770 4622.37781416
771 4634.39178652
772 4646.42135131
773 4658.46650854
774 4670.52725821
775 4682.60360032
776 4694.69553486
777 4706.80306184
778 4718.92618125
779 4731.0648931
780 4743.21919739
781 4755.38909411
782 4767.57458328
783 4779.77566487
784 4791.99233891
785 4804.22460538
786 4816.47246429
787 4828.73591563
788 4841.01495941
789 4853.30959563
790 4865.61982428
791 4877.94564537
792 4890.2870589
793 4902.64406486
794 4915.01666326
795 4927.40485409
796 4939.80863737
797 4952.22801308
798 4964.66298122
799 4977.1135418
800 4989.57969482
801 5002.06144028
802 5014.55877817
803 5027.0717085
804 5039.60023126
805 5052.14434646
806 5064.7040541
807 5077.27935418
808 5089.87024669
809 5102.47673164
810 5115.09880902
811 5127.73647884
812 5140.3897411
813 5153.05859579
814 5165.74304292
815 5178.44308249
816 5191.15871449
817 5203.88993893
818 5216.63675581
819 5229.39916512
820 5242.17716687
821 5254.97076106
822 5267.77994768
823 5280.60472674
824 5293.44509824
825 5306.30106217
826 5319.17261854
827 5332.05976734
828 5344.96250859
829 5357.88084226
830 5370.81476838
831 5383.76428693
832 5396.72939792
833 5409.71010134
834 5422.70639721
835 5435.7182855
836 5448.74576624
837 5461.78883941
838 5474.84750502
839 5487.92176306
840 5501.01161354
841 5514.11705646
842 5527.23809181
843 5540.3747196
844 5553.52693983
845 5566.69475249
846 5579.87815759
847 5593.07715513
848 5606.2917451
849 5619.52192751
850 5632.76770236
851 5646.02906964
852 5659.30602936
853 5672.59858152
854 5685.90672611
855 5699.23046314
856 5712.5697926
857 5725.9247145
858 5739.29522884
859 5752.68133562
860 5766.08303483
861 5779.50032648
862 5792.93321056
863 5806.38168708
864 5819.84575604
865 5833.32541744
866 5846.82067127
867 5860.33151753
868 5873.85795624
869 5887.39998738
870 5900.95761095
871 5914.53082697
872 5928.11963542
873 5941.72403631
874 5955.34402963
875 5968.97961539
876 5982.63079358
877 5996.29756422
878 6009.97992729
879 6023.67788279
880 6037.39143074
881 6051.12057111
882 6064.86530393
883 6078.62562918
884 6092.40154687
885 6106.193057
886 6120.00015956
887 6133.82285456
888 6147.66114199
889 6161.51502186
890 6175.38449417
891 6189.26955891
892 6203.1702161
893 6217.08646571
894 6231.01830777
895 6244.96574226
896 6258.92876919
897 6272.90738855
898 6286.90160035
899 6300.91140459
900 6314.93680126
901 6328.97779037
902 6343.03437192
903 6357.1065459
904 6371.19431232
905 6385.29767117
906 6399.41662247
907 6413.5511662
908 6427.70130236
909 6441.86703096
910 6456.048352
911 6470.24526548
912 6484.45777139
913 6498.68586974
914 6512.92956052
915 6527.18884375
916 6541.4637194
917 6555.7541875
918 6570.06024803
919 6584.381901
920 6598.7191464
921 6613.07198424
922 6627.44041452
923 6641.82443723
924 6656.22405239
925 6670.63925997
926 6685.07006
927 6699.51645246
928 6713.97843735
929 6728.45601469
930 6742.94918446
931 6757.45794666
932 6771.98230131
933 6786.52224838
934 6801.0777879
935 6815.64891985
936 6830.23564424
937 6844.83796107
938 6859.45587033
939 6874.08937203
940 6888.73846616
941 6903.40315274
942 6918.08343174
943 6932.77930319
944 6947.49076707
945 6962.21782339
946 6976.96047214
947 6991.71871333
948 7006.49254696
949 7021.28197303
950 7036.08699153
951 7050.90760246
952 7065.74380584
953 7080.59560165
954 7095.4629899
955 7110.34597058
956 7125.2445437
957 7140.15870926
958 7155.08846725
959 7170.03381768
960 7184.99476054
961 7199.97129585
962 7214.96342359
963 7229.97114376
964 7244.99445637
965 7260.03336142
966 7275.08785891
967 7290.15794883
968 7305.24363119
969 7320.34490598
970 7335.46177322
971 7350.59423288
972 7365.74228499
973 7380.90592953
974 7396.08516651
975 7411.27999592
976 7426.49041777
977 7441.71643206
978 7456.95803879
979 7472.21523795
980 7487.48802954
981 7502.77641358
982 7518.08039005
983 7533.39995895
984 7548.7351203
985 7564.08587408
986 7579.45222029
987 7594.83415895
988 7610.23169004
989 7625.64481356
990 7641.07352952
991 7656.51783792
992 7671.97773876
993 7687.45323203
994 7702.94431774
995 7718.45099589
996 7733.97326647
997 7749.51112949
998 7765.06458494
999 7780.63363283
