10 0.34960620059
11 0.423023502714
12 0.50343292885
13 0.590834478997
14 0.685228153157
15 0.786613951328
16 0.894991873511
17 1.01036191971
18 1.13272408991
19 1.26207838413
20 1.39842480236
21 1.5417633446
22 1.69209401086
23 1.84941680112
24 2.0137317154
25 2.18503875369
26 2.36333791599
27 2.5486292023
28 2.74091261263
29 2.94018814696
30 3.14645580531
31 3.35971558767
32 3.57996749404
33 3.80721152443
34 4.04144767882
35 4.28267595723
36 4.53089635965
37 4.78610888608
38 5.04831353652
39 5.31751031098
40 5.59369920944
41 5.87688023192
42 6.16705337841
43 6.46421864891
44 6.76837604343
45 7.07952556195
46 7.39766720449
47 7.72280097104
48 8.0549268616
49 8.39404487617
50 8.74015501475
51 9.09325727735
52 9.45335166396
53 9.82043817458
54 10.1945168092
55 10.5755875679
56 10.9636504505
57 11.3587054572
58 11.7607525879
59 12.1697918425
60 12.5858232212
61 13.008846724
62 13.4388623507
63 13.8758701014
64 14.3198699762
65 14.7708619749
66 15.2288460977
67 15.6938223445
68 16.1657907153
69 16.6447512101
70 17.1307038289
71 17.6236485717
72 18.1235854386
73 18.6305144294
74 19.1444355443
75 19.6653487832
76 20.1932541461
77 20.728151633
78 21.2700412439
79 21.8189229788
80 22.3747968378
81 22.9376628207
82 23.5075209277
83 24.0843711587
84 24.6682135136
85 25.2590479926
86 25.8568745956
87 26.4616933227
88 27.0735041737
89 27.6923071487
90 28.3181022478
91 28.9508894709
92 29.5906688179
93 30.237440289
94 30.8912038841
95 31.5519596033
96 32.2197074464
97 32.8944474135
98 33.5761795047
99 34.2649037198
100 34.960620059
101 35.6633285222
102 36.3730291094
103 37.0897218206
104 37.8134066558
105 38.5440836151
106 39.2817526983
107 40.0264139056
108 40.7780672368
109 41.5367126921
110 42.3023502714
111 43.0749799747
112 43.854601802
113 44.6412157534
114 45.4348218287
115 46.235420028
116 47.0430103514
117 47.8575927988
118 48.6791673702
119 49.5077340656
120 50.343292885
121 51.1858438284
122 52.0353868958
123 52.8919220873
124 53.7554494027
125 54.6259688422
126 55.5034804057
127 56.3879840932
128 57.2794799047
129 58.1779678402
130 59.0834478997
131 59.9959200833
132 60.9153843908
133 61.8418408224
134 62.775289378
135 63.7157300576
136 64.6631628612
137 65.6175877888
138 66.5790048404
139 67.547414016
140 68.5228153157
141 69.5052087393
142 70.494594287
143 71.4909719587
144 72.4943417544
145 73.5047036741
146 74.5220577178
147 75.5464038855
148 76.5777421773
149 77.616072593
150 78.6613951328
151 79.7137097966
152 80.7730165843
153 81.8393154961
154 82.912606532
155 83.9928896918
156 85.0801649756
157 86.1744323835
158 87.2756919153
159 88.3839435712
160 89.4991873511
161 90.621423255
162 91.7506512829
163 92.8868714348
164 94.0300837107
165 95.1802881107
166 96.3374846346
167 97.5016732826
168 98.6728540546
169 99.8510269505
170 101.036191971
171 102.228349115
172 103.427498383
173 104.633639775
174 105.846773291
175 107.066898931
176 108.294016695
177 109.528126583
178 110.769228595
179 112.017322731
180 113.272408991
181 114.534487375
182 115.803557883
183 117.079620516
184 118.362675272
185 119.652722152
186 120.949761156
187 122.253792284
188 123.564815537
189 124.882830913
190 126.207838413
191 127.539838037
192 128.878829786
193 130.224813658
194 131.577789654
195 132.937757774
196 134.304718019
197 135.678670387
198 137.059614879
199 138.447551496
200 139.842480236
201 141.2444011
202 142.653314089
203 144.069219201
204 145.492116438
205 146.922005798
206 148.358887282
207 149.802760891
208 151.253626623
209 152.71148448
210 154.17633446
211 155.648176565
212 157.127010793
213 158.612837146
214 160.105655622
215 161.605466223
216 163.112268947
217 164.626063796
218 166.146850768
219 167.674629865
220 169.209401086
221 170.75116443
222 172.299919899
223 173.855667491
224 175.418407208
225 176.988139049
226 178.564863013
227 180.148579102
228 181.739287315
229 183.336987651
230 184.941680112
231 186.553364697
232 188.172041406
233 189.797710238
234 191.430371195
235 193.070024276
236 194.716669481
237 196.370306809
238 198.030936262
239 199.698557839
240 201.37317154
241 203.054777365
242 204.743375314
243 206.438965386
244 208.141547583
245 209.851121904
246 211.567688349
247 213.291246918
248 215.021797611
249 216.759340428
250 218.503875369
251 220.255402434
252 222.013921623
253 223.779432936
254 225.551936373
255 227.331431934
256 229.117919619
257 230.911399428
258 232.711871361
259 234.519335418
260 236.333791599
261 238.155239904
262 239.983680333
263 241.819112886
264 243.661537563
265 245.510954364
266 247.36736329
267 249.230764339
268 251.101157512
269 252.978542809
270 254.86292023
271 256.754289775
272 258.652651445
273 260.558005238
274 262.470351155
275 264.389689196
276 266.316019362
277 268.249341651
278 270.189656064
279 272.136962601
280 274.091261263
281 276.052552048
282 278.020834957
283 279.996109991
284 281.978377148
285 283.967636429
286 285.963887835
287 287.967131364
288 289.977367017
289 291.994594795
290 294.018814696
291 296.050026722
292 298.088230871
293 300.133427145
294 302.185615542
295 304.244796064
296 306.310968709
297 308.384133479
298 310.464290372
299 312.55143939
300 314.645580531
301 316.746713797
302 318.854839186
303 320.9699567
304 323.092066337
305 325.221168099
306 327.357261985
307 329.500347994
308 331.650426128
309 333.807496385
310 335.971558767
311 338.142613273
312 340.320659902
313 342.505698656
314 344.697729534
315 346.896752536
316 349.102767661
317 351.315774911
318 353.535774285
319 355.762765783
320 357.996749404
321 360.23772515
322 362.48569302
323 364.740653014
324 367.002605132
325 369.271549373
326 371.547485739
327 373.830414229
328 376.120334843
329 378.417247581
330 380.721152443
331 383.032049429
332 385.349938538
333 387.674819772
334 390.00669313
335 392.345558612
336 394.691416218
337 397.044265948
338 399.404107802
339 401.77094178
340 404.144767882
341 406.525586108
342 408.913396458
343 411.308198932
344 413.70999353
345 416.118780252
346 418.534559098
347 420.957330069
348 423.387093163
349 425.823848381
350 428.267595723
351 430.718335189
352 433.176066779
353 435.640790493
354 438.112506332
355 440.591214294
356 443.07691438
357 445.56960659
358 448.069290924
359 450.575967383
360 453.089635965
361 455.610296671
362 458.137949501
363 460.672594456
364 463.214231534
365 465.762860736
366 468.318482063
367 470.881095513
368 473.450701087
369 476.027298786
370 478.610888608
371 481.201470554
372 483.799044625
373 486.403610819
374 489.015169137
375 491.63371958
376 494.259262146
377 496.891796837
378 499.531323651
379 502.17784259
380 504.831353652
381 507.491856839
382 510.159352149
383 512.833839584
384 515.515319142
385 518.203790825
386 520.899254631
387 523.601710562
388 526.311158616
389 529.027598795
390 531.751031098
391 534.481455524
392 537.218872075
393 539.963280749
394 542.714681548
395 545.473074471
396 548.238459517
397 551.010836688
398 553.790205983
399 556.576567402
400 559.369920944
401 562.170266611
402 564.977604402
403 567.791934316
404 570.613256355
405 573.441570518
406 576.276876805
407 579.119175216
408 581.96846575
409 584.824748409
410 587.688023192
411 590.558290099
412 593.43554913
413 596.319800285
414 599.211043563
415 602.109278966
416 605.014506493
417 607.926726144
418 610.845937919
419 613.772141818
420 616.705337841
421 619.645525988
422 622.592706259
423 625.546878654
424 628.508043173
425 631.476199816
426 634.451348583
427 637.433489474
428 640.422622489
429 643.418747628
430 646.421864891
431 649.431974278
432 652.449075789
433 655.473169424
434 658.504255184
435 661.542333067
436 664.587403074
437 667.639465205
438 670.69851946
439 673.764565839
440 676.837604343
441 679.91763497
442 683.004657721
443 686.098672596
444 689.199679595
445 692.307678719
446 695.422669966
447 698.544653337
448 701.673628832
449 704.809596452
450 707.952556195
451 711.102508062
452 714.259452054
453 717.423388169
454 720.594316408
455 723.772236772
456 726.957149259
457 730.14905387
458 733.347950606
459 736.553839465
460 739.766720449
461 742.986593556
462 746.213458788
463 749.447316143
464 752.688165623
465 755.936007226
466 759.190840954
467 762.452666805
468 765.721484781
469 768.99729488
470 772.280097104
471 775.569891451
472 778.866677923
473 782.170456518
474 785.481227238
475 788.798990081
476 792.123745049
477 795.455492141
478 798.794231356
479 802.139962696
480 805.49268616
481 808.852401747
482 812.219109459
483 815.592809295
484 818.973501254
485 822.361185338
486 825.755861546
487 829.157529878
488 832.566190333
489 835.981842913
490 839.404487617
491 842.834124445
492 846.270753397
493 849.714374472
494 853.164987672
495 856.622592996
496 860.087190444
497 863.558780016
498 867.037361712
499 870.522935531
500 874.015501475
501 877.515059543
502 881.021609735
503 884.535152051
504 888.055686491
505 891.583213055
506 895.117731743
507 898.659242555
508 902.207745491
509 905.763240551
510 909.325727735
511 912.895207043
512 916.471678475
513 920.055142031
514 923.645597711
515 927.243045515
516 930.847485443
517 934.458917495
518 938.077341671
519 941.702757972
520 945.335166396
521 948.974566944
522 952.620959616
523 956.274344412
524 959.934721332
525 963.602090377
526 967.276451545
527 970.957804837
528 974.646150253
529 978.341487793
530 982.043817458
531 985.753139246
532 989.469453158
533 993.192759195
534 996.923057355
535 1000.66034764
536 1004.40463005
537 1008.15590458
538 1011.91417124
539 1015.67943002
540 1019.45168092
541 1023.23092395
542 1027.0171591
543 1030.81038638
544 1034.61060578
545 1038.4178173
546 1042.23202095
547 1046.05321672
548 1049.88140462
549 1053.71658464
550 1057.55875679
551 1061.40792105
552 1065.26407745
553 1069.12722596
554 1072.9973666
555 1076.87449937
556 1080.75862426
557 1084.64974127
558 1088.54785041
559 1092.45295167
560 1096.36504505
561 1100.28413056
562 1104.21020819
563 1108.14327795
564 1112.08333983
565 1116.03039383
566 1119.98443996
567 1123.94547822
568 1127.91350859
569 1131.88853109
570 1135.87054572
571 1139.85955247
572 1143.85555134
573 1147.85854234
574 1151.86852546
575 1155.8855007
576 1159.90946807
577 1163.94042756
578 1167.97837918
579 1172.02332292
580 1176.07525879
581 1180.13418677
582 1184.20010689
583 1188.27301912
584 1192.35292348
585 1196.43981997
586 1200.53370858
587 1204.63458931
588 1208.74246217
589 1212.85732715
590 1216.97918425
591 1221.10803348
592 1225.24387484
593 1229.38670831
594 1233.53653391
595 1237.69335164
596 1241.85716149
597 1246.02796346
598 1250.20575756
599 1254.39054378
600 1258.58232212
601 1262.78109259
602 1266.98685519
603 1271.1996099
604 1275.41935674
605 1279.64609571
606 1283.8798268
607 1288.12055001
608 1292.36826535
609 1296.62297281
610 1300.8846724
611 1305.15336411
612 1309.42904794
613 1313.7117239
614 1318.00139198
615 1322.29805218
616 1326.60170451
617 1330.91234896
618 1335.22998554
619 1339.55461424
620 1343.88623507
621 1348.22484802
622 1352.57045309
623 1356.92305029
624 1361.28263961
625 1365.64922106
626 1370.02279462
627 1374.40336032
628 1378.79091814
629 1383.18546808
630 1387.58701014
631 1391.99554433
632 1396.41107065
633 1400.83358908
634 1405.26309964
635 1409.69960233
636 1414.14309714
637 1418.59358407
638 1423.05106313
639 1427.51553431
640 1431.98699762
641 1436.46545305
642 1440.9509006
643 1445.44334028
644 1449.94277208
645 1454.44919601
646 1458.96261205
647 1463.48302023
648 1468.01042053
649 1472.54481295
650 1477.08619749
651 1481.63457416
652 1486.18994296
653 1490.75230387
654 1495.32165692
655 1499.89800208
656 1504.48133937
657 1509.07166879
658 1513.66899032
659 1518.27330398
660 1522.88460977
661 1527.50290768
662 1532.12819771
663 1536.76047987
664 1541.39975415
665 1546.04602056
666 1550.69927909
667 1555.35952974
668 1560.02677252
669 1564.70100742
670 1569.38223445
671 1574.0704536
672 1578.76566487
673 1583.46786827
674 1588.17706379
675 1592.89325144
676 1597.61643121
677 1602.3466031
678 1607.08376712
679 1611.82792326
680 1616.57907153
681 1621.33721192
682 1626.10234443
683 1630.87446907
684 1635.65358583
685 1640.43969472
686 1645.23279573
687 1650.03288886
688 1654.83997412
689 1659.6540515
690 1664.47512101
691 1669.30318264
692 1674.13823639
693 1678.98028227
694 1683.82932027
695 1688.6853504
696 1693.54837265
697 1698.41838702
698 1703.29539352
699 1708.17939215
700 1713.07038289
701 1717.96836576
702 1722.87334076
703 1727.78530787
704 1732.70426712
705 1737.63021848
706 1742.56316197
707 1747.50309759
708 1752.45002533
709 1757.40394519
710 1762.36485717
711 1767.33276129
712 1772.30765752
713 1777.28954588
714 1782.27842636
715 1787.27429897
716 1792.2771637
717 1797.28702055
718 1802.30386953
719 1807.32771063
720 1812.35854386
721 1817.39636921
722 1822.44118668
723 1827.49299628
724 1832.55179801
725 1837.61759185
726 1842.69037782
727 1847.77015592
728 1852.85692614
729 1857.95068848
730 1863.05144294
731 1868.15918954
732 1873.27392825
733 1878.39565909
734 1883.52438205
735 1888.66009714
736 1893.80280435
737 1898.95250368
738 1904.10919514
739 1909.27287872
740 1914.44355443
741 1919.62122226
742 1924.80588222
743 1929.9975343
744 1935.1961785
745 1940.40181483
746 1945.61444328
747 1950.83406385
748 1956.06067655
749 1961.29428137
750 1966.53487832
751 1971.78246739
752 1977.03704859
753 1982.2986219
754 1987.56718735
755 1992.84274491
756 1998.1252946
757 2003.41483642
758 2008.71137036
759 2014.01489642
760 2019.32541461
761 2024.64292492
762 2029.96742735
763 2035.29892191
764 2040.6374086
765 2045.9828874
766 2051.33535833
767 2056.69482139
768 2062.06127657
769 2067.43472387
770 2072.8151633
771 2078.20259485
772 2083.59701853
773 2088.99843432
774 2094.40684225
775 2099.82224229
776 2105.24463447
777 2110.67401876
778 2116.11039518
779 2121.55376372
780 2127.00412439
781 2132.46147718
782 2137.9258221
783 2143.39715914
784 2148.8754883
785 2154.36080959
786 2159.853123
787 2165.35242853
788 2170.85872619
789 2176.37201598
790 2181.89229788
791 2187.41957191
792 2192.95383807
793 2198.49509635
794 2204.04334675
795 2209.59858928
796 2215.16082393
797 2220.73005071
798 2226.30626961
799 2231.88948063
800 2237.47968378
801 2243.07687905
802 2248.68106644
803 2254.29224596
804 2259.91041761
805 2265.53558137
806 2271.16773727
807 2276.80688528
808 2282.45302542
809 2288.10615768
810 2293.76628207
811 2299.43339858
812 2305.10750722
813 2310.78860798
814 2316.47670086
815 2322.17178587
816 2327.873863
817 2333.58293226
818 2339.29899364
819 2345.02204714
820 2350.75209277
821 2356.48913052
822 2362.2331604
823 2367.9841824
824 2373.74219652
825 2379.50720277
826 2385.27920114
827 2391.05819163
828 2396.84417425
829 2402.637149
830 2408.43711587
831 2414.24407486
832 2420.05802597
833 2425.87896921
834 2431.70690458
835 2437.54183206
836 2443.38375168
837 2449.23266341
838 2455.08856727
839 2460.95146326
840 2466.82135136
841 2472.6982316
842 2478.58210395
843 2484.47296843
844 2490.37082504
845 2496.27567376
846 2502.18751462
847 2508.10634759
848 2514.03217269
849 2519.96498992
850 2525.90479926
851 2531.85160074
852 2537.80539433
853 2543.76618005
854 2549.7339579
855 2555.70872786
856 2561.69048996
857 2567.67924417
858 2573.67499051
859 2579.67772898
860 2585.68745956
861 2591.70418228
862 2597.72789711
863 2603.75860407
864 2609.79630316
865 2615.84099437
866 2621.8926777
867 2627.95135315
868 2634.01702073
869 2640.08968044
870 2646.16933227
871 2652.25597622
872 2658.3496123
873 2664.4502405
874 2670.55786082
875 2676.67247327
876 2682.79407784
877 2688.92267454
878 2695.05826336
879 2701.2008443
880 2707.35041737
881 2713.50698256
882 2719.67053988
883 2725.84108932
884 2732.01863088
885 2738.20316457
886 2744.39469038
887 2750.59320832
888 2756.79871838
889 2763.01122057
890 2769.23071487
891 2775.45720131
892 2781.69067986
893 2787.93115054
894 2794.17861335
895 2800.43306828
896 2806.69451533
897 2812.96295451
898 2819.23838581
899 2825.52080923
900 2831.81022478
901 2838.10663245
902 2844.41003225
903 2850.72042417
904 2857.03780821
905 2863.36218438
906 2869.69355268
907 2876.03191309
908 2882.37726563
909 2888.7296103
910 2895.08894709
911 2901.455276
912 2907.82859704
913 2914.2089102
914 2920.59621548
915 2926.99051289
916 2933.39180242
917 2939.80008408
918 2946.21535786
919 2952.63762377
920 2959.06688179
921 2965.50313195
922 2971.94637422
923 2978.39660863
924 2984.85383515
925 2991.3180538
926 2997.78926457
927 3004.26746747
928 3010.75266249
929 3017.24484964
930 3023.7440289
931 3030.2502003
932 3036.76336381
933 3043.28351946
934 3049.81066722
935 3056.34480711
936 3062.88593912
937 3069.43406326
938 3075.98917952
939 3082.55128791
940 3089.12038841
941 3095.69648105
942 3102.2795658
943 3108.86964269
944 3115.46671169
945 3122.07077282
946 3128.68182607
947 3135.29987145
948 3141.92490895
949 3148.55693858
950 3155.19596033
951 3161.8419742
952 3168.4949802
953 3175.15497832
954 3181.82196856
955 3188.49595093
956 3195.17692543
957 3201.86489204
958 3208.55985078
959 3215.26180165
960 3221.97074464
961 3228.68667975
962 3235.40960699
963 3242.13952635
964 3248.87643784
965 3255.62034145
966 3262.37123718
967 3269.12912504
968 3275.89400502
969 3282.66587712
970 3289.44474135
971 3296.23059771
972 3303.02344618
973 3309.82328678
974 3316.63011951
975 3323.44394436
976 3330.26476133
977 3337.09257043
978 3343.92737165
979 3350.769165
980 3357.61795047
981 3364.47372806
982 3371.33649778
983 3378.20625962
984 3385.08301359
985 3391.96675968
986 3398.85749789
987 3405.75522823
988 3412.65995069
989 3419.57166527
990 3426.49037198
991 3433.41607082
992 3440.34876178
993 3447.28844486
994 3454.23512006
995 3461.18878739
996 3468.14944685
997 3475.11709842
998 3482.09174213
999 3489.07337795
