10 0.164246171485
11 0.198737867497
12 0.236514486939
13 0.27757602981
14 0.321922496111
15 0.369553885842
16 0.420470199002
17 0.474671435592
18 0.532157595612
19 0.592928679061
20 0.65698468594
21 0.724325616249
22 0.794951469988
23 0.868862247156
24 0.946057947754
25 1.02653857178
26 1.11030411924
27 1.19735459013
28 1.28768998444
29 1.38131030219
30 1.47821554337
31 1.57840570797
32 1.68188079601
33 1.78864080747
34 1.89868574237
35 2.01201560069
36 2.12863038245
37 2.24853008763
38 2.37171471625
39 2.49818426829
40 2.62793874376
41 2.76097814266
42 2.897302465
43 3.03691171076
44 3.17980587995
45 3.32598497257
46 3.47544898862
47 3.62819792811
48 3.78423179102
49 3.94355057736
50 4.10615428713
51 4.27204292033
52 4.44121647696
53 4.61367495702
54 4.78941836051
55 4.96844668742
56 5.15075993777
57 5.33635811155
58 5.52524120876
59 5.7174092294
60 5.91286217346
61 6.11160004096
62 6.31362283189
63 6.51893054624
64 6.72752318403
65 6.93940074525
66 7.15456322989
67 7.37301063797
68 7.59474296947
69 7.81976022441
70 8.04806240277
71 8.27964950456
72 8.51452152979
73 8.75267847844
74 8.99412035052
75 9.23884714604
76 9.48685886498
77 9.73815550735
78 9.99273707315
79 10.2506035624
80 10.511754975
81 10.7761913111
82 11.0439125707
83 11.3149187536
84 11.58920986
85 11.8667858898
86 12.147646843
87 12.4317927197
88 12.7192235198
89 13.0099392433
90 13.3039398903
91 13.6012254607
92 13.9017959545
93 14.2056513717
94 14.5127917124
95 14.8232169765
96 15.1369271641
97 15.453922275
98 15.7742023094
99 16.0977672673
100 16.4246171485
101 16.7547519532
102 17.0881716813
103 17.4248763329
104 17.7648659078
105 18.1081404062
106 18.4546998281
107 18.8045441733
108 19.157673442
109 19.5140876341
110 19.8737867497
111 20.2367707887
112 20.6030397511
113 20.9725936369
114 21.3454324462
115 21.7215561789
116 22.100964835
117 22.4836584146
118 22.8696369176
119 23.258900344
120 23.6514486939
121 24.0472819671
122 24.4464001638
123 24.848803284
124 25.2544913276
125 25.6634642945
126 26.075722185
127 26.4912649988
128 26.9100927361
129 27.3322053968
130 27.757602981
131 28.1862854886
132 28.6182529196
133 29.053505274
134 29.4920425519
135 29.9338647532
136 30.3789718779
137 30.827363926
138 31.2790408976
139 31.7340027926
140 32.1922496111
141 32.653781353
142 33.1185980183
143 33.586699607
144 34.0580861192
145 34.5327575547
146 35.0107139138
147 35.4919551962
148 35.9764814021
149 36.4642925314
150 36.9553885842
151 37.4497695603
152 37.9474354599
153 38.448386283
154 38.9526220294
155 39.4601426993
156 39.9709482926
157 40.4850388094
158 41.0024142495
159 41.5230746132
160 42.0470199002
161 42.5742501107
162 43.1047652446
163 43.6385653019
164 44.1756502826
165 44.7160201868
166 45.2596750144
167 45.8066147655
168 46.35683944
169 46.9103490379
170 47.4671435592
171 48.027223004
172 48.5905873722
173 49.1572366638
174 49.7271708788
175 50.3003900173
176 50.8768940792
177 51.4566830646
178 52.0397569733
179 52.6261158055
180 53.2157595612
181 53.8086882402
182 54.4049018427
183 55.0044003686
184 55.607183818
185 56.2132521908
186 56.822605487
187 57.4352437066
188 58.0511668497
189 58.6703749162
190 59.2928679061
191 59.9186458195
192 60.5477086563
193 61.1800564165
194 61.8156891001
195 62.4546067072
196 63.0968092377
197 63.7422966917
198 64.391069069
199 65.0431263698
200 65.698468594
201 66.3570957417
202 67.0190078128
203 67.6842048073
204 68.3526867252
205 69.0244535666
206 69.6995053314
207 70.3778420197
208 71.0594636313
209 71.7443701664
210 72.4325616249
211 73.1240380069
212 73.8187993123
213 74.5168455411
214 75.2181766933
215 75.922792769
216 76.6306937681
217 77.3418796906
218 78.0563505366
219 78.774106306
220 79.4951469988
221 80.219472615
222 80.9470831547
223 81.6779786178
224 82.4121590044
225 83.1496243143
226 83.8903745477
227 84.6344097046
228 85.3817297848
229 86.1323347885
230 86.8862247156
231 87.6433995662
232 88.4038593401
233 89.1676040376
234 89.9346336584
235 90.7049482027
236 91.4785476703
237 92.2554320615
238 93.035601376
239 93.819055614
240 94.6057947754
241 95.3958188603
242 96.1891278685
243 96.9857218002
244 97.7856006554
245 98.5887644339
246 99.3952131359
247 100.204946761
248 101.01796531
249 101.834268782
250 102.653857178
251 103.476730497
252 104.30288874
253 105.132331906
254 105.965059995
255 106.801073008
256 107.640370944
257 108.482953804
258 109.328821587
259 110.177974294
260 111.030411924
261 111.886134477
262 112.745141954
263 113.607434355
264 114.473011678
265 115.341873925
266 116.214021096
267 117.08945319
268 117.968170207
269 118.850172148
270 119.735459013
271 120.6240308
272 121.515887512
273 122.411029146
274 123.309455704
275 124.211167186
276 125.11616359
277 126.024444919
278 126.936011171
279 127.850862346
280 128.768998444
281 129.690419466
282 130.615125412
283 131.543116281
284 132.474392073
285 133.408952789
286 134.346798428
287 135.287928991
288 136.232344477
289 137.180044886
290 138.131030219
291 139.085300475
292 140.042855655
293 141.003695758
294 141.967820785
295 142.935230735
296 143.905925608
297 144.879905405
298 145.857170126
299 146.837719769
300 147.821554337
301 148.808673827
302 149.799078241
303 150.792767579
304 151.78974184
305 152.790001024
306 153.793545132
307 154.800374163
308 155.810488118
309 156.823886996
310 157.840570797
311 158.860539522
312 159.88379317
313 160.910331742
314 161.940155237
315 162.973263656
316 164.009656998
317 165.049335264
318 166.092298453
319 167.138546565
320 168.188079601
321 169.24089756
322 170.297000443
323 171.356388249
324 172.419060978
325 173.485018631
326 174.554261208
327 175.626788707
328 176.702601131
329 177.781698477
330 178.864080747
331 179.949747941
332 181.038700058
333 182.130937098
334 183.226459062
335 184.325265949
336 185.42735776
337 186.532734494
338 187.641396151
339 188.753342732
340 189.868574237
341 190.987090665
342 192.108892016
343 193.233978291
344 194.362349489
345 195.49400561
346 196.628946655
347 197.767172624
348 198.908683515
349 200.053479331
350 201.201560069
351 202.352925731
352 203.507576317
353 204.665511826
354 205.826732258
355 206.991237614
356 208.159027893
357 209.330103096
358 210.504463222
359 211.682108272
360 212.863038245
361 214.047253141
362 215.234752961
363 216.425537704
364 217.619607371
365 218.816961961
366 220.017601475
367 221.221525912
368 222.428735272
369 223.639229556
370 224.853008763
371 226.070072894
372 227.290421948
373 228.514055926
374 229.740974827
375 230.971178651
376 232.204667399
377 233.44144107
378 234.681499665
379 235.924843183
380 237.171471625
381 238.42138499
382 239.674583278
383 240.93106649
384 242.190834625
385 243.453887684
386 244.720225666
387 245.989848572
388 247.262756401
389 248.538949153
390 249.818426829
391 251.101189428
392 252.387236951
393 253.676569397
394 254.969186767
395 256.26508906
396 257.564276276
397 258.866748416
398 260.172505479
399 261.481547466
400 262.793874376
401 264.10948621
402 265.428382967
403 266.750564647
404 268.076031251
405 269.404782778
406 270.736819229
407 272.072140603
408 273.410746901
409 274.752638122
410 276.097814266
411 277.446275334
412 278.798021326
413 280.15305224
414 281.511368079
415 282.87296884
416 284.237854525
417 285.606025134
418 286.977480666
419 288.352221121
420 289.7302465
421 291.111556802
422 292.496152028
423 293.884032177
424 295.275197249
425 296.669647245
426 298.067382164
427 299.468402007
428 300.872706773
429 302.280296463
430 303.691171076
431 305.105330612
432 306.522775072
433 307.943504456
434 309.367518762
435 310.794817993
436 312.225402146
437 313.659271223
438 315.096425224
439 316.536864148
440 317.980587995
441 319.427596766
442 320.87789046
443 322.331469078
444 323.788332619
445 325.248481083
446 326.711914471
447 328.178632783
448 329.648636017
449 331.121924176
450 332.598497257
451 334.078355262
452 335.561498191
453 337.047926043
454 338.537638818
455 340.030636517
456 341.526919139
457 343.026486685
458 344.529339154
459 346.035476547
460 347.544898862
461 349.057606102
462 350.573598265
463 352.092875351
464 353.615437361
465 355.141284294
466 356.67041615
467 358.20283293
468 359.738534634
469 361.27752126
470 362.819792811
471 364.365349284
472 365.914190681
473 367.466317002
474 369.021728246
475 370.580424413
476 372.142405504
477 373.707671518
478 375.276222456
479 376.848058317
480 378.423179102
481 380.00158481
482 381.583275441
483 383.168250996
484 384.756511474
485 386.348056876
486 387.942887201
487 389.54100245
488 391.142402622
489 392.747087717
490 394.355057736
491 395.966312678
492 397.580852544
493 399.198677333
494 400.819787045
495 402.444181681
496 404.071861241
497 405.702825724
498 407.33707513
499 408.97460946
500 410.615428713
501 412.259532889
502 413.906921989
503 415.557596013
504 417.21155496
505 418.86879883
506 420.529327624
507 422.193141341
508 423.860239981
509 425.530623545
510 427.204292033
511 428.881245444
512 430.561483778
513 432.245007036
514 433.931815217
515 435.621908321
516 437.315286349
517 439.011949301
518 440.711897176
519 442.415129974
520 444.121647696
521 445.831450341
522 447.544537909
523 449.260910402
524 450.980567817
525 452.703510156
526 454.429737418
527 456.159249604
528 457.892046713
529 459.628128746
530 461.367495702
531 463.110147581
532 464.856084384
533 466.60530611
534 468.35781276
535 470.113604333
536 471.87268083
537 473.63504225
538 475.400688593
539 477.16961986
540 478.941836051
541 480.717337164
542 482.496123202
543 484.278194162
544 486.063550046
545 487.852190854
546 489.644116585
547 491.439327239
548 493.237822817
549 495.039603318
550 496.844668742
551 498.653019091
552 500.464654362
553 502.279574557
554 504.097779675
555 505.919269717
556 507.744044682
557 509.572104571
558 511.403449383
559 513.238079118
560 515.075993777
561 516.91719336
562 518.761677865
563 520.609447295
564 522.460501647
565 524.314840923
566 526.172465123
567 528.033374246
568 529.897568292
569 531.765047262
570 533.635811155
571 535.509859972
572 537.387193712
573 539.267812375
574 541.151715962
575 543.038904473
576 544.929377906
577 546.823136264
578 548.720179544
579 550.620507748
580 552.524120876
581 554.431018927
582 556.341201901
583 558.254669799
584 560.17142262
585 562.091460365
586 564.014783033
587 565.941390625
588 567.871283139
589 569.804460578
590 571.74092294
591 573.680670225
592 575.623702434
593 577.570019566
594 579.519621621
595 581.4725086
596 583.428680503
597 585.388137328
598 587.350879078
599 589.31690575
600 591.286217346
601 593.258813866
602 595.234695309
603 597.213861675
604 599.196312965
605 601.182049178
606 603.171070315
607 605.163376375
608 607.158967359
609 609.157843266
610 611.160004096
611 613.16544985
612 615.174180527
613 617.186196128
614 619.201496652
615 621.2200821
616 623.241952471
617 625.267107765
618 627.295547983
619 629.327273124
620 631.362283189
621 633.400578177
622 635.442158088
623 637.487022923
624 639.535172682
625 641.586607364
626 643.641326969
627 645.699331498
628 647.76062095
629 649.825195325
630 651.893054624
631 653.964198847
632 656.038627993
633 658.116342062
634 660.197341055
635 662.281624971
636 664.36919381
637 666.460047573
638 668.55418626
639 670.65160987
640 672.752318403
641 674.85631186
642 676.96359024
643 679.074153543
644 681.18800177
645 683.305134921
646 685.425552995
647 687.549255992
648 689.676243913
649 691.806516757
650 693.940074525
651 696.076917216
652 698.21704483
653 700.360457368
654 702.507154829
655 704.657137214
656 706.810404522
657 708.966956754
658 711.126793909
659 713.289915987
660 715.456322989
661 717.626014914
662 719.798991763
663 721.975253535
664 724.154800231
665 726.33763185
666 728.523748393
667 730.713149858
668 732.905836248
669 735.10180756
670 737.301063797
671 739.503604956
672 741.709431039
673 743.918542046
674 746.130937976
675 748.346618829
676 750.565584606
677 752.787835306
678 755.01337093
679 757.242191477
680 759.474296947
681 761.709687341
682 763.948362658
683 766.190322899
684 768.435568063
685 770.684098151
686 772.935913162
687 775.191013097
688 777.449397954
689 779.711067736
690 781.976022441
691 784.244262069
692 786.51578662
693 788.790596096
694 791.068690494
695 793.350069816
696 795.634734061
697 797.92268323
698 800.213917322
699 802.508436338
700 804.806240277
701 807.10732914
702 809.411702925
703 811.719361635
704 814.030305268
705 816.344533824
706 818.662047304
707 820.982845707
708 823.306929033
709 825.634297283
710 827.964950456
711 830.298888553
712 832.636111573
713 834.976619517
714 837.320412384
715 839.667490175
716 842.017852889
717 844.371500526
718 846.728433087
719 849.088650571
720 851.452152979
721 853.81894031
722 856.189012564
723 858.562369742
724 860.939011844
725 863.318938869
726 865.702150817
727 868.088647689
728 870.478429484
729 872.871496202
730 875.267847844
731 877.66748441
732 880.070405898
733 882.476612311
734 884.886103646
735 887.298879905
736 889.714941088
737 892.134287194
738 894.556918223
739 896.982834176
740 899.412035052
741 901.844520852
742 904.280291575
743 906.719347222
744 909.161687792
745 911.607313285
746 914.056223702
747 916.508419042
748 918.963899306
749 921.422664493
750 923.884714604
751 926.350049638
752 928.818669595
753 931.290574476
754 933.76576428
755 936.244239008
756 938.725998659
757 941.211043234
758 943.699372732
759 946.190987153
760 948.685886498
761 951.184070766
762 953.685539958
763 956.190294073
764 958.698333112
765 961.209657074
766 963.724265959
767 966.242159768
768 968.7633385
769 971.287802156
770 973.815550735
771 976.346584238
772 978.880902664
773 981.418506013
774 983.959394286
775 986.503567482
776 989.051025602
777 991.601768645
778 994.155796612
779 996.713109502
780 999.273707315
781 1001.83759005
782 1004.40475771
783 1006.9752103
784 1009.5489478
785 1012.12597023
786 1014.70627759
787 1017.28986987
788 1019.87674707
789 1022.46690919
790 1025.06035624
791 1027.65708821
792 1030.2571051
793 1032.86040692
794 1035.46699366
795 1038.07686533
796 1040.69002192
797 1043.30646343
798 1045.92618986
799 1048.54920122
800 1051.1754975
801 1053.80507871
802 1056.43794484
803 1059.07409589
804 1061.71353187
805 1064.35625277
806 1067.00225859
807 1069.65154934
808 1072.304125
809 1074.9599856
810 1077.61913111
811 1080.28156155
812 1082.94727692
813 1085.6162772
814 1088.28856241
815 1090.96413255
816 1093.6429876
817 1096.32512758
818 1099.01055249
819 1101.69926232
820 1104.39125707
821 1107.08653674
822 1109.78510134
823 1112.48695086
824 1115.1920853
825 1117.90050467
826 1120.61220896
827 1123.32719818
828 1126.04547231
829 1128.76703138
830 1131.49187536
831 1134.22000427
832 1136.9514181
833 1139.68611686
834 1142.42410053
835 1145.16536914
836 1147.90992266
837 1150.65776111
838 1153.40888448
839 1156.16329278
840 1158.920986
841 1161.68196414
842 1164.44622721
843 1167.2137752
844 1169.98460811
845 1172.75872595
846 1175.53612871
847 1178.31681639
848 1181.100789
849 1183.88804653
850 1186.67858898
851 1189.47241636
852 1192.26952866
853 1195.06992588
854 1197.87360803
855 1200.6805751
856 1203.49082709
857 1206.30436401
858 1209.12118585
859 1211.94129262
860 1214.7646843
861 1217.59136092
862 1220.42132245
863 1223.25456891
864 1226.09110029
865 1228.93091659
866 1231.77401782
867 1234.62040397
868 1237.47007505
869 1240.32303105
870 1243.17927197
871 1246.03879782
872 1248.90160859
873 1251.76770428
874 1254.63708489
875 1257.50975043
876 1260.3857009
877 1263.26493628
878 1266.14745659
879 1269.03326182
880 1271.92235198
881 1274.81472706
882 1277.71038706
883 1280.60933199
884 1283.51156184
885 1286.41707661
886 1289.32587631
887 1292.23796093
888 1295.15333048
889 1298.07198494
890 1300.99392433
891 1303.91914865
892 1306.84765789
893 1309.77945205
894 1312.71453113
895 1315.65289514
896 1318.59454407
897 1321.53947792
898 1324.4876967
899 1327.4392004
900 1330.39398903
901 1333.35206258
902 1336.31342105
903 1339.27806445
904 1342.24599276
905 1345.21720601
906 1348.19170417
907 1351.16948726
908 1354.15055527
909 1357.13490821
910 1360.12254607
911 1363.11346885
912 1366.10767656
913 1369.10516919
914 1372.10594674
915 1375.11000922
916 1378.11735662
917 1381.12798894
918 1384.14190619
919 1387.15910836
920 1390.17959545
921 1393.20336747
922 1396.23042441
923 1399.26076627
924 1402.29439306
925 1405.33130477
926 1408.3715014
927 1411.41498296
928 1414.46174944
929 1417.51180085
930 1420.56513717
931 1423.62175843
932 1426.6816646
933 1429.7448557
934 1432.81133172
935 1435.88109267
936 1438.95413853
937 1442.03046933
938 1445.11008504
939 1448.19298568
940 1451.27917124
941 1454.36864173
942 1457.46139714
943 1460.55743747
944 1463.65676273
945 1466.7593729
946 1469.86526801
947 1472.97444803
948 1476.08691298
949 1479.20266286
950 1482.32169765
951 1485.44401737
952 1488.56962202
953 1491.69851158
954 1494.83068607
955 1497.96614549
956 1501.10488982
957 1504.24691908
958 1507.39223327
959 1510.54083238
960 1513.69271641
961 1516.84788536
962 1520.00633924
963 1523.16807804
964 1526.33310176
965 1529.50141041
966 1532.67300398
967 1535.84788248
968 1539.0260459
969 1542.20749424
970 1545.3922275
971 1548.58024569
972 1551.7715488
973 1554.96613684
974 1558.1640098
975 1561.36516768
976 1564.56961049
977 1567.77733822
978 1570.98835087
979 1574.20264844
980 1577.42023094
981 1580.64109837
982 1583.86525071
983 1587.09268798
984 1590.32341017
985 1593.55741729
986 1596.79470933
987 1600.03528629
988 1603.27914818
989 1606.52629499
990 1609.77672673
991 1613.03044338
992 1616.28744496
993 1619.54773147
994 1622.81130289
995 1626.07815925
996 1629.34830052
997 1632.62172672
998 1635.89843784
999 1639.17843388
