10 0.437007750738
11 0.528779378393
12 0.629291161062
13 0.738543098747
14 0.856535191446
15 0.98326743916
16 1.11873984189
17 1.26295239963
18 1.41590511239
19 1.57759798016
20 1.74803100295
21 1.92720418075
22 2.11511751357
23 2.3117710014
24 2.51716464425
25 2.73129844211
26 2.95417239499
27 3.18578650288
28 3.42614076578
29 3.6752351837
30 3.93306975664
31 4.19964448459
32 4.47495936755
33 4.75901440553
34 5.05180959853
35 5.35334494654
36 5.66362044956
37 5.9826361076
38 6.31039192065
39 6.64688788872
40 6.9921240118
41 7.3461002899
42 7.70881672301
43 8.08027331114
44 8.46047005428
45 8.84940695244
46 9.24708400561
47 9.6535012138
48 10.068658577
49 10.4925560952
50 10.9251937684
51 11.3665715967
52 11.8166895799
53 12.2755477182
54 12.7431460115
55 13.2194844598
56 13.7045630631
57 14.1983818215
58 14.7009407348
59 15.2122398032
60 15.7322790266
61 16.2610584049
62 16.7985779384
63 17.3448376268
64 17.8998374702
65 18.4635774687
66 19.0360576221
67 19.6172779306
68 20.2072383941
69 20.8059390126
70 21.4133797861
71 22.0295607147
72 22.6544817982
73 23.2881430368
74 23.9305444304
75 24.581685979
76 25.2415676826
77 25.9101895412
78 26.5875515549
79 27.2736537235
80 27.9684960472
81 28.6720785259
82 29.3844011596
83 30.1054639483
84 30.835266892
85 31.5738099908
86 32.3210932446
87 33.0771166533
88 33.8418802171
89 34.6153839359
90 35.3976278098
91 36.1886118386
92 36.9883360224
93 37.7968003613
94 38.6140048552
95 39.4399495041
96 40.274634308
97 41.1180592669
98 41.9702243808
99 42.8311296498
100 43.7007750738
101 44.5791606527
102 45.4662863867
103 46.3621522758
104 47.2667583198
105 48.1801045188
106 49.1021908729
107 50.033017382
108 50.972584046
109 51.9208908651
110 52.8779378393
111 53.8437249684
112 54.8182522525
113 55.8015196917
114 56.7935272859
115 57.7942750351
116 58.8037629393
117 59.8219909985
118 60.8489592127
119 61.884667582
120 62.9291161062
121 63.9823047855
122 65.0442336198
123 66.1149026091
124 67.1943117534
125 68.2824610528
126 69.3793505071
127 70.4849801165
128 71.5993498809
129 72.7224598003
130 73.8543098747
131 74.9949001041
132 76.1442304885
133 77.302301028
134 78.4691117225
135 79.6446625719
136 80.8289535764
137 82.021984736
138 83.2237560505
139 84.43426752
140 85.6535191446
141 86.8815109242
142 88.1182428587
143 89.3637149483
144 90.617927193
145 91.8808795926
146 93.1525721472
147 94.4330048569
148 95.7221777216
149 97.0200907413
150 98.326743916
151 99.6421372457
152 100.96627073
153 102.29914437
154 103.640758165
155 104.991112115
156 106.35020622
157 107.718040479
158 109.094614894
159 110.479929464
160 111.873984189
161 113.276779069
162 114.688314104
163 116.108589293
164 117.537604638
165 118.975360138
166 120.421855793
167 121.877091603
168 123.341067568
169 124.813783688
170 126.295239963
171 127.785436393
172 129.284372978
173 130.792049718
174 132.308466613
175 133.833623663
176 135.367520869
177 136.910158229
178 138.461535744
179 140.021653414
180 141.590511239
181 143.168109219
182 144.754447354
183 146.349525645
184 147.95334409
185 149.56590269
186 151.187201445
187 152.817240355
188 154.456019421
189 156.103538641
190 157.759798016
191 159.424797547
192 161.098537232
193 162.781017072
194 164.472237068
195 166.172197218
196 167.880897523
197 169.598337984
198 171.324518599
199 173.05943937
200 174.803100295
201 176.555501376
202 178.316642611
203 180.086524001
204 181.865145547
205 183.652507248
206 185.448609103
207 187.253451114
208 189.067033279
209 190.8893556
210 192.720418075
211 194.560220706
212 196.408763492
213 198.266046432
214 200.132069528
215 202.006832778
216 203.890336184
217 205.782579745
218 207.683563461
219 209.593287331
220 211.511751357
221 213.438955538
222 215.374899874
223 217.319584364
224 219.27300901
225 221.235173811
226 223.206078767
227 225.185723878
228 227.174109143
229 229.171234564
230 231.17710014
231 233.191705871
232 235.215051757
233 237.247137798
234 239.287963994
235 241.337530345
236 243.395836851
237 245.462883512
238 247.538670328
239 249.623197299
240 251.716464425
241 253.818471706
242 255.929219142
243 258.048706733
244 260.176934479
245 262.31390238
246 264.459610436
247 266.614058648
248 268.777247014
249 270.949175535
250 273.129844211
251 275.319253042
252 277.517402028
253 279.72429117
254 281.939920466
255 284.164289917
256 286.397399523
257 288.639249285
258 290.889839201
259 293.149169272
260 295.417239499
261 297.69404988
262 299.979600416
263 302.273891108
264 304.576921954
265 306.888692956
266 309.209204112
267 311.538455423
268 313.87644689
269 316.223178511
270 318.578650288
271 320.942862219
272 323.315814306
273 325.697506547
274 328.087938944
275 330.487111495
276 332.895024202
277 335.311677064
278 337.73707008
279 340.171203252
280 342.614076578
281 345.06569006
282 347.526043697
283 349.995137488
284 352.472971435
285 354.959545537
286 357.454859793
287 359.958914205
288 362.471708772
289 364.993243494
290 367.52351837
291 370.062533402
292 372.610288589
293 375.166783931
294 377.732019428
295 380.305995079
296 382.888710886
297 385.480166848
298 388.080362965
299 390.689299237
300 393.306975664
301 395.933392246
302 398.568548983
303 401.212445875
304 403.865082922
305 406.526460124
306 409.196577481
307 411.875434993
308 414.56303266
309 417.259370482
310 419.964448459
311 422.678266591
312 425.400824878
313 428.13212332
314 430.872161917
315 433.620940669
316 436.378459577
317 439.144718639
318 441.919717856
319 444.703457228
320 447.495936755
321 450.297156438
322 453.107116275
323 455.925816267
324 458.753256414
325 461.589436717
326 464.434357174
327 467.288017786
328 470.150418554
329 473.021559476
330 475.901440553
331 478.790061786
332 481.687423173
333 484.593524715
334 487.508366413
335 490.431948265
336 493.364270273
337 496.305332435
338 499.255134753
339 502.213677225
340 505.180959853
341 508.156982635
342 511.141745573
343 514.135248665
344 517.137491913
345 520.148475316
346 523.168198873
347 526.196662586
348 529.233866453
349 532.279810476
350 535.334494654
351 538.397918986
352 541.470083474
353 544.550988117
354 547.640632914
355 550.739017867
356 553.846142975
357 556.962008238
358 560.086613655
359 563.219959228
360 566.362044956
361 569.512870839
362 572.672436877
363 575.84074307
364 579.017789417
365 582.20357592
366 585.398102578
367 588.601369391
368 591.813376359
369 595.034123482
370 598.26361076
371 601.501838193
372 604.748805781
373 608.004513524
374 611.268961422
375 614.542149475
376 617.824077683
377 621.114746046
378 624.414154564
379 627.722303237
380 631.039192065
381 634.364821048
382 637.699190186
383 641.04229948
384 644.394148928
385 647.754738531
386 651.124068289
387 654.502138202
388 657.888948271
389 661.284498494
390 664.688788872
391 668.101819405
392 671.523590094
393 674.954100937
394 678.393351935
395 681.841343088
396 685.298074397
397 688.76354586
398 692.237757478
399 695.720709252
400 699.21240118
401 702.712833264
402 706.222005502
403 709.739917896
404 713.266570444
405 716.801963147
406 720.346096006
407 723.898969019
408 727.460582188
409 731.030935511
410 734.61002899
411 738.197862624
412 741.794436412
413 745.399750356
414 749.013804454
415 752.636598708
416 756.268133117
417 759.90840768
418 763.557422399
419 767.215177273
420 770.881672301
421 774.556907485
422 778.240882824
423 781.933598317
424 785.635053966
425 789.34524977
426 793.064185729
427 796.791861842
428 800.528278111
429 804.273434535
430 808.027331114
431 811.789967848
432 815.561344737
433 819.341461781
434 823.130318979
435 826.927916333
436 830.734253842
437 834.549331506
438 838.373149325
439 842.205707299
440 846.047005428
441 849.897043712
442 853.755822151
443 857.623340745
444 861.499599494
445 865.384598398
446 869.278337457
447 873.180816671
448 877.092036041
449 881.011995565
450 884.940695244
451 888.878135078
452 892.824315067
453 896.779235211
454 900.74289551
455 904.715295965
456 908.696436574
457 912.686317338
458 916.684938257
459 920.692299332
460 924.708400561
461 928.733241945
462 932.766823485
463 936.809145179
464 940.860207028
465 944.920009033
466 948.988551192
467 953.065833506
468 957.151855976
469 961.2466186
470 965.35012138
471 969.462364314
472 973.583347403
473 977.713070648
474 981.851534047
475 985.998737602
476 990.154681311
477 994.319365176
478 998.492789195
479 1002.67495337
480 1006.8658577
481 1011.06550218
482 1015.27388682
483 1019.49101162
484 1023.71687657
485 1027.95148167
486 1032.19482693
487 1036.44691235
488 1040.70773792
489 1044.97730364
490 1049.25560952
491 1053.54265556
492 1057.83844175
493 1062.14296809
494 1066.45623459
495 1070.77824124
496 1075.10898805
497 1079.44847502
498 1083.79670214
499 1088.15366941
500 1092.51937684
501 1096.89382443
502 1101.27701217
503 1105.66894006
504 1110.06960811
505 1114.47901632
506 1118.89716468
507 1123.32405319
508 1127.75968186
509 1132.20405069
510 1136.65715967
511 1141.1190088
512 1145.58959809
513 1150.06892754
514 1154.55699714
515 1159.05380689
516 1163.5593568
517 1168.07364687
518 1172.59667709
519 1177.12844746
520 1181.66895799
521 1186.21820868
522 1190.77619952
523 1195.34293052
524 1199.91840167
525 1204.50261297
526 1209.09556443
527 1213.69725605
528 1218.30768782
529 1222.92685974
530 1227.55477182
531 1232.19142406
532 1236.83681645
533 1241.49094899
534 1246.15382169
535 1250.82543455
536 1255.50578756
537 1260.19488072
538 1264.89271405
539 1269.59928752
540 1274.31460115
541 1279.03865494
542 1283.77144888
543 1288.51298297
544 1293.26325722
545 1298.02227163
546 1302.79002619
547 1307.5665209
548 1312.35175578
549 1317.1457308
550 1321.94844598
551 1326.75990132
552 1331.58009681
553 1336.40903245
554 1341.24670825
555 1346.09312421
556 1350.94828032
557 1355.81217659
558 1360.68481301
559 1365.56618958
560 1370.45630631
561 1375.3551632
562 1380.26276024
563 1385.17909744
564 1390.10417479
565 1395.03799229
566 1399.98054995
567 1404.93184777
568 1409.89188574
569 1414.86066387
570 1419.83818215
571 1424.82444058
572 1429.81943917
573 1434.82317792
574 1439.83565682
575 1444.85687588
576 1449.88683509
577 1454.92553445
578 1459.97297397
579 1465.02915365
580 1470.09407348
581 1475.16773347
582 1480.25013361
583 1485.3412739
584 1490.44115436
585 1495.54977496
586 1500.66713572
587 1505.79323664
588 1510.92807771
589 1516.07165894
590 1521.22398032
591 1526.38504185
592 1531.55484355
593 1536.73338539
594 1541.92066739
595 1547.11668955
596 1552.32145186
597 1557.53495433
598 1562.75719695
599 1567.98817972
600 1573.22790266
601 1578.47636574
602 1583.73356898
603 1588.99951238
604 1594.27419593
605 1599.55761964
606 1604.8497835
607 1610.15068752
608 1615.46033169
609 1620.77871601
610 1626.10584049
611 1631.44170513
612 1636.78630992
613 1642.13965487
614 1647.50173997
615 1652.87256523
616 1658.25213064
617 1663.64043621
618 1669.03748193
619 1674.4432678
620 1679.85779384
621 1685.28106002
622 1690.71306636
623 1696.15381286
624 1701.60329951
625 1707.06152632
626 1712.52849328
627 1718.0042004
628 1723.48864767
629 1728.9818351
630 1734.48376268
631 1739.99443041
632 1745.51383831
633 1751.04198635
634 1756.57887456
635 1762.12450291
636 1767.67887142
637 1773.24198009
638 1778.81382891
639 1784.39441789
640 1789.98374702
641 1795.58181631
642 1801.18862575
643 1806.80417535
644 1812.4284651
645 1818.06149501
646 1823.70326507
647 1829.35377529
648 1835.01302566
649 1840.68101618
650 1846.35774687
651 1852.0432177
652 1857.7374287
653 1863.44037984
654 1869.15207115
655 1874.8725026
656 1880.60167421
657 1886.33958598
658 1892.0862379
659 1897.84162998
660 1903.60576221
661 1909.3786346
662 1915.16024714
663 1920.95059984
664 1926.74969269
665 1932.5575257
666 1938.37409886
667 1944.19941218
668 1950.03346565
669 1955.87625928
670 1961.72779306
671 1967.588067
672 1973.45708109
673 1979.33483534
674 1985.22132974
675 1991.1165643
676 1997.02053901
677 2002.93325388
678 2008.8547089
679 2014.78490408
680 2020.72383941
681 2026.6715149
682 2032.62793054
683 2038.59308634
684 2044.56698229
685 2050.5496184
686 2056.54099466
687 2062.54111108
688 2068.54996765
689 2074.56756438
690 2080.59390126
691 2086.6289783
692 2092.67279549
693 2098.72535284
694 2104.78665034
695 2110.856688
696 2116.93546581
697 2123.02298378
698 2129.1192419
699 2135.22424018
700 2141.33797861
701 2147.4604572
702 2153.59167595
703 2159.73163484
704 2165.8803339
705 2172.0377731
706 2178.20395247
707 2184.37887198
708 2190.56253166
709 2196.75493149
710 2202.95607147
711 2209.16595161
712 2215.3845719
713 2221.61193235
714 2227.84803295
715 2234.09287371
716 2240.34645462
717 2246.60877569
718 2252.87983691
719 2259.15963829
720 2265.44817982
721 2271.74546151
722 2278.05148336
723 2284.36624535
724 2290.68974751
725 2297.02198981
726 2303.36297228
727 2309.7126949
728 2316.07115767
729 2322.4383606
730 2328.81430368
731 2335.19898692
732 2341.59241031
733 2347.99457386
734 2354.40547756
735 2360.82512142
736 2367.25350544
737 2373.6906296
738 2380.13649393
739 2386.59109841
740 2393.05444304
741 2399.52652783
742 2406.00735277
743 2412.49691787
744 2418.99522312
745 2425.50226853
746 2432.0180541
747 2438.54257981
748 2445.07584569
749 2451.61785172
750 2458.1685979
751 2464.72808424
752 2471.29631073
753 2477.87327738
754 2484.45898418
755 2491.05343114
756 2497.65661826
757 2504.26854552
758 2510.88921295
759 2517.51862053
760 2524.15676826
761 2530.80365615
762 2537.45928419
763 2544.12365239
764 2550.79676075
765 2557.47860925
766 2564.16919792
767 2570.86852674
768 2577.57659571
769 2584.29340484
770 2591.01895412
771 2597.75324356
772 2604.49627316
773 2611.24804291
774 2618.00855281
775 2624.77780287
776 2631.55579308
777 2638.34252345
778 2645.13799397
779 2651.94220465
780 2658.75515549
781 2665.57684648
782 2672.40727762
783 2679.24644892
784 2686.09436037
785 2692.95101198
786 2699.81640375
787 2706.69053567
788 2713.57340774
789 2720.46501997
790 2727.36537235
791 2734.27446489
792 2741.19229759
793 2748.11887044
794 2755.05418344
795 2761.9982366
796 2768.95102991
797 2775.91256338
798 2782.88283701
799 2789.86185079
800 2796.84960472
801 2803.84609881
802 2810.85133305
803 2817.86530745
804 2824.88802201
805 2831.91947672
806 2838.95967158
807 2846.0086066
808 2853.06628178
809 2860.13269711
810 2867.20785259
811 2874.29174823
812 2881.38438402
813 2888.48575997
814 2895.59587608
815 2902.71473234
816 2909.84232875
817 2916.97866532
818 2924.12374205
819 2931.27755893
820 2938.44011596
821 2945.61141315
822 2952.79145049
823 2959.98022799
824 2967.17774565
825 2974.38400346
826 2981.59900142
827 2988.82273954
828 2996.05521782
829 3003.29643625
830 3010.54639483
831 3017.80509357
832 3025.07253247
833 3032.34871152
834 3039.63363072
835 3046.92729008
836 3054.2296896
837 3061.54082927
838 3068.86070909
839 3076.18932907
840 3083.5266892
841 3090.87278949
842 3098.22762994
843 3105.59121054
844 3112.96353129
845 3120.3445922
846 3127.73439327
847 3135.13293449
848 3142.54021586
849 3149.95623739
850 3157.38099908
851 3164.81450092
852 3172.25674291
853 3179.70772506
854 3187.16744737
855 3194.63590983
856 3202.11311245
857 3209.59905522
858 3217.09373814
859 3224.59716122
860 3232.10932446
861 3239.63022785
862 3247.15987139
863 3254.69825509
864 3262.24537895
865 3269.80124296
866 3277.36584712
867 3284.93919144
868 3292.52127592
869 3300.11210055
870 3307.71166533
871 3315.31997027
872 3322.93701537
873 3330.56280062
874 3338.19732602
875 3345.84059159
876 3353.4925973
877 3361.15334317
878 3368.8228292
879 3376.50105538
880 3384.18802171
881 3391.8837282
882 3399.58817485
883 3407.30136165
884 3415.0232886
885 3422.75395572
886 3430.49336298
887 3438.2415104
888 3445.99839798
889 3453.76402571
890 3461.53839359
891 3469.32150163
892 3477.11334983
893 3484.91393818
894 3492.72326669
895 3500.54133535
896 3508.36814416
897 3516.20369313
898 3524.04798226
899 3531.90101154
900 3539.76278098
901 3547.63329057
902 3555.51254031
903 3563.40053021
904 3571.29726027
905 3579.20273048
906 3587.11694085
907 3595.03989137
908 3602.97158204
909 3610.91201287
910 3618.86118386
911 3626.819095
912 3634.7857463
913 3642.76113775
914 3650.74526935
915 3658.73814111
916 3666.73975303
917 3674.7501051
918 3682.76919733
919 3690.79702971
920 3698.83360224
921 3706.87891493
922 3714.93296778
923 3722.99576078
924 3731.06729394
925 3739.14756725
926 3747.23658072
927 3755.33433434
928 3763.44082811
929 3771.55606204
930 3779.68003613
931 3787.81275037
932 3795.95420477
933 3804.10439932
934 3812.26333403
935 3820.43100889
936 3828.6074239
937 3836.79257907
938 3844.9864744
939 3853.18910988
940 3861.40048552
941 3869.62060131
942 3877.84945726
943 3886.08705336
944 3894.33338961
945 3902.58846603
946 3910.85228259
947 3919.12483931
948 3927.40613619
949 3935.69617322
950 3943.99495041
951 3952.30246775
952 3960.61872525
953 3968.9437229
954 3977.2774607
955 3985.61993867
956 3993.97115678
957 4002.33111505
958 4010.69981348
959 4019.07725206
960 4027.4634308
961 4035.85834969
962 4044.26200874
963 4052.67440794
964 4061.0955473
965 4069.52542681
966 4077.96404647
967 4086.4114063
968 4094.86750627
969 4103.3323464
970 4111.80592669
971 4120.28824713
972 4128.77930773
973 4137.27910848
974 4145.78764939
975 4154.30493045
976 4162.83095167
977 4171.36571304
978 4179.90921457
979 4188.46145625
980 4197.02243808
981 4205.59216008
982 4214.17062222
983 4222.75782453
984 4231.35376698
985 4239.95844959
986 4248.57187236
987 4257.19403528
988 4265.82493836
989 4274.46458159
990 4283.11296498
991 4291.77008852
992 4300.43595222
993 4309.11055607
994 4317.79390008
995 4326.48598424
996 4335.18680856
997 4343.89637303
998 4352.61467766
999 4361.34172244
