50 1.83072977908
51 1.90469126215
52 1.98011732905
53 2.05700797977
54 2.13536321432
55 2.21518303268
56 2.29646743488
57 2.37921642089
58 2.46342999073
59 2.54910814439
60 2.63625088187
61 2.72485820318
62 2.81493010831
63 2.90646659727
64 2.99946767004
65 3.09393332664
66 3.18986356707
67 3.28725839131
68 3.38611779938
69 3.48644179128
70 3.58823036699
71 3.69148352653
72 3.7962012699
73 3.90238359708
74 4.01003050809
75 4.11914200293
76 4.22971808158
77 4.34175874406
78 4.45526399037
79 4.57023382049
80 4.68666823444
81 4.80456723221
82 4.92393081381
83 5.04475897923
84 5.16705172847
85 5.29080906154
86 5.41603097843
87 5.54271747914
88 5.67086856367
89 5.80048423203
90 5.93156448421
91 6.06410932022
92 6.19811874005
93 6.3335927437
94 6.47053133118
95 6.60893450247
96 6.74880225759
97 6.89013459654
98 7.03293151931
99 7.1771930259
100 7.32291911631
101 7.47010979055
102 7.61876504861
103 7.7688848905
104 7.92046931621
105 8.07351832574
106 8.22803191909
107 8.38401009627
108 8.54145285727
109 8.70036020209
110 8.86073213074
111 9.02256864321
112 9.1858697395
113 9.35063541962
114 9.51686568356
115 9.68456053133
116 9.85371996291
117 10.0243439783
118 10.1964325776
119 10.3699857606
120 10.5450035275
121 10.7214858782
122 10.8994328127
123 11.0788443311
124 11.2597204332
125 11.4420611192
126 11.6258663891
127 11.8111362427
128 11.9978706802
129 12.1860697015
130 12.3757333066
131 12.5668614955
132 12.7594542683
133 12.9535116248
134 13.1490335653
135 13.3460200895
136 13.5444711975
137 13.7443868894
138 13.9457671651
139 14.1486120246
140 14.352921468
141 14.5586954951
142 14.7659341061
143 14.974637301
144 15.1848050796
145 15.3964374421
146 15.6095343883
147 15.8240959184
148 16.0401220324
149 16.2576127301
