1  1.107520E-03  1.107520E-05
2  1.106180E-03  1.106180E-05
3  1.104840E-03  1.104840E-05
4  1.103430E-03  1.103430E-05
5  1.102010E-03  1.102010E-05
6  1.100520E-03  1.100520E-05
7  1.099030E-03  1.099030E-05
8  1.097470E-03  1.097470E-05
9  1.095920E-03  1.095920E-05
10  1.094290E-03  1.094290E-05
11  1.092660E-03  1.092660E-05
12  1.090970E-03  1.090970E-05
13  1.089280E-03  1.089280E-05
14  1.087520E-03  1.087520E-05
15  1.085770E-03  1.085770E-05
16  1.083950E-03  1.083950E-05
17  1.082140E-03  1.082140E-05
18  1.080260E-03  1.080260E-05
19  1.078390E-03  1.078390E-05
20  1.076460E-03  1.076460E-05
21  1.074530E-03  1.074530E-05
22  1.072550E-03  1.072550E-05
23  1.070570E-03  1.070570E-05
24  1.068540E-03  1.068540E-05
25  1.066510E-03  1.066510E-05
26  1.064420E-03  1.064420E-05
27  1.062340E-03  1.062340E-05
28  1.060210E-03  1.060210E-05
29  1.058080E-03  1.058080E-05
30  1.055910E-03  1.055910E-05
31  1.053730E-03  1.053730E-05
32  1.051510E-03  1.051510E-05
33  1.049300E-03  1.049300E-05
34  1.047040E-03  1.047040E-05
35  1.044780E-03  1.044780E-05
36  1.042480E-03  1.042480E-05
37  1.040180E-03  1.040180E-05
38  1.037850E-03  1.037850E-05
39  1.035510E-03  1.035510E-05
40  1.033140E-03  1.033140E-05
41  1.030770E-03  1.030770E-05
42  1.028370E-03  1.028370E-05
43  1.025960E-03  1.025960E-05
44  1.023530E-03  1.023530E-05
45  1.021090E-03  1.021090E-05
46  1.018620E-03  1.018620E-05
47  1.016160E-03  1.016160E-05
48  1.013660E-03  1.013660E-05
49  1.011160E-03  1.011160E-05
50  1.008640E-03  1.008640E-05
51  1.006110E-03  1.006110E-05
52  1.003560E-03  1.003560E-05
53  1.001010E-03  1.001010E-05
54  9.984371E-04  9.984370E-06
55  9.958621E-04  9.958620E-06
56  9.932640E-04  9.932640E-06
57  9.906660E-04  9.906660E-06
58  9.880459E-04  9.880460E-06
59  9.854260E-04  9.854260E-06
60  9.827850E-04  9.827850E-06
61  9.801451E-04  9.801450E-06
62  9.774860E-04  9.774860E-06
63  9.748259E-04  9.748261E-06
64  9.721490E-04  9.721490E-06
65  9.694720E-04  9.694721E-06
66  9.667780E-04  9.667780E-06
67  9.640830E-04  9.640830E-06
68  9.613730E-04  9.613730E-06
69  9.586631E-04  9.586630E-06
70  9.559390E-04  9.559390E-06
71  9.532140E-04  9.532139E-06
72  9.504770E-04  9.504770E-06
73  9.477400E-04  9.477400E-06
74  9.449890E-04  9.449890E-06
75  9.422390E-04  9.422390E-06
76  9.394769E-04  9.394770E-06
77  9.367160E-04  9.367161E-06
78  9.339450E-04  9.339450E-06
79  9.311750E-04  9.311751E-06
80  9.283930E-04  9.283930E-06
81  9.256120E-04  9.256119E-06
82  9.228240E-04  9.228240E-06
83  9.200351E-04  9.200350E-06
84  9.172400E-04  9.172400E-06
85  9.144440E-04  9.144440E-06
86  9.116400E-04  9.116400E-06
87  9.088370E-04  9.088370E-06
88  9.060290E-04  9.060290E-06
89  9.032210E-04  9.032210E-06
90  9.004080E-04  9.004079E-06
91  8.975950E-04  8.975951E-06
92  8.947781E-04  8.947780E-06
93  8.919610E-04  8.919610E-06
94  8.891400E-04  8.891400E-06
95  8.863200E-04  8.863200E-06
96  8.834981E-04  8.834980E-06
97  8.806750E-04  8.806750E-06
98  8.778510E-04  8.778510E-06
99  8.750260E-04  8.750260E-06
100  8.722010E-04  8.722010E-06
101  8.693760E-04  8.693760E-06
102  8.665511E-04  8.665510E-06
103  8.637250E-04  8.637250E-06
104  8.609000E-04  8.609000E-06
105  8.580750E-04  8.580750E-06
106  8.552510E-04  8.552510E-06
107  8.524259E-04  8.524260E-06
108  8.496030E-04  8.496030E-06
109  8.467800E-04  8.467800E-06
110  8.439600E-04  8.439600E-06
111  8.411400E-04  8.411400E-06
112  8.383220E-04  8.383220E-06
113  8.355030E-04  8.355030E-06
114  8.326890E-04  8.326890E-06
115  8.298740E-04  8.298740E-06
116  8.270630E-04  8.270630E-06
117  8.242520E-04  8.242519E-06
118  8.214470E-04  8.214471E-06
119  8.186420E-04  8.186420E-06
120  8.158400E-04  8.158400E-06
121  8.130390E-04  8.130390E-06
122  8.102420E-04  8.102420E-06
123  8.074450E-04  8.074450E-06
124  8.046550E-04  8.046550E-06
125  8.018661E-04  8.018660E-06
126  7.990810E-04  7.990810E-06
127  7.962960E-04  7.962960E-06
128  7.935190E-04  7.935190E-06
129  7.907421E-04  7.907420E-06
130  7.879720E-04  7.879720E-06
131  7.852020E-04  7.852020E-06
132  7.824390E-04  7.824390E-06
133  7.796760E-04  7.796760E-06
134  7.769210E-04  7.769210E-06
135  7.741650E-04  7.741650E-06
136  7.714180E-04  7.714179E-06
137  7.686700E-04  7.686700E-06
138  7.659320E-04  7.659320E-06
139  7.631950E-04  7.631950E-06
140  7.604660E-04  7.604660E-06
141  7.577370E-04  7.577370E-06
142  7.550160E-04  7.550160E-06
143  7.522950E-04  7.522950E-06
144  7.495850E-04  7.495850E-06
145  7.468750E-04  7.468750E-06
146  7.441730E-04  7.441730E-06
147  7.414720E-04  7.414720E-06
148  7.387820E-04  7.387810E-06
149  7.360910E-04  7.360910E-06
150  7.334110E-04  7.334110E-06
151  7.307300E-04  7.307300E-06
152  7.280610E-04  7.280610E-06
153  7.253920E-04  7.253920E-06
154  7.227330E-04  7.227330E-06
155  7.200740E-04  7.200740E-06
156  7.174260E-04  7.174260E-06
157  7.147790E-04  7.147790E-06
158  7.121420E-04  7.121420E-06
159  7.095050E-04  7.095050E-06
160  7.068810E-04  7.068810E-06
161  7.042560E-04  7.042560E-06
162  7.016430E-04  7.016430E-06
163  6.990300E-04  6.990300E-06
164  6.964280E-04  6.964280E-06
165  6.938270E-04  6.938270E-06
166  6.912380E-04  6.912380E-06
167  6.886490E-04  6.886490E-06
168  6.860730E-04  6.860731E-06
169  6.834970E-04  6.834970E-06
170  6.809320E-04  6.809320E-06
171  6.783680E-04  6.783680E-06
172  6.758170E-04  6.758170E-06
173  6.732660E-04  6.732660E-06
174  6.707270E-04  6.707270E-06
175  6.681880E-04  6.681880E-06
176  6.656630E-04  6.656630E-06
177  6.631370E-04  6.631371E-06
178  6.606240E-04  6.606240E-06
179  6.581120E-04  6.581120E-06
180  6.556130E-04  6.556130E-06
181  6.531140E-04  6.531140E-06
182  6.506280E-04  6.506280E-06
183  6.481420E-04  6.481420E-06
184  6.456700E-04  6.456700E-06
185  6.431970E-04  6.431970E-06
186  6.407380E-04  6.407380E-06
187  6.382780E-04  6.382780E-06
188  6.358340E-04  6.358330E-06
189  6.333890E-04  6.333890E-06
190  6.309570E-04  6.309570E-06
191  6.285260E-04  6.285260E-06
192  6.261080E-04  6.261080E-06
193  6.236900E-04  6.236900E-06
194  6.212860E-04  6.212860E-06
195  6.188820E-04  6.188819E-06
196  6.164930E-04  6.164930E-06
197  6.141030E-04  6.141030E-06
198  6.117270E-04  6.117270E-06
199  6.093500E-04  6.093500E-06
200  6.069890E-04  6.069890E-06
201  6.046280E-04  6.046280E-06
202  6.005450E-04  6.005450E-06
203  5.964630E-04  5.964630E-06
204  5.940600E-04  5.940600E-06
205  5.916580E-04  5.916580E-06
206  5.892860E-04  5.892860E-06
207  5.869140E-04  5.869140E-06
208  5.845730E-04  5.845730E-06
209  5.822320E-04  5.822320E-06
210  5.799210E-04  5.799210E-06
211  5.776090E-04  5.776090E-06
212  5.753280E-04  5.753280E-06
213  5.730460E-04  5.730460E-06
214  5.707930E-04  5.707930E-06
215  5.685410E-04  5.685410E-06
216  5.663160E-04  5.663160E-06
217  5.640920E-04  5.640920E-06
218  5.618960E-04  5.618960E-06
219  5.596990E-04  5.596990E-06
220  5.575300E-04  5.575300E-06
221  5.553610E-04  5.553610E-06
222  5.532190E-04  5.532190E-06
223  5.510780E-04  5.510780E-06
224  5.489620E-04  5.489620E-06
225  5.468470E-04  5.468470E-06
226  5.447570E-04  5.447570E-06
227  5.426680E-04  5.426680E-06
228  5.406050E-04  5.406050E-06
229  5.385410E-04  5.385410E-06
230  5.365020E-04  5.365020E-06
231  5.344640E-04  5.344640E-06
232  5.324500E-04  5.324500E-06
233  5.304370E-04  5.304370E-06
234  5.284470E-04  5.284470E-06
235  5.264580E-04  5.264580E-06
236  5.244930E-04  5.244930E-06
237  5.225270E-04  5.225270E-06
238  5.205860E-04  5.205860E-06
239  5.186440E-04  5.186440E-06
240  5.167250E-04  5.167250E-06
241  5.148070E-04  5.148070E-06
242  5.129110E-04  5.129110E-06
243  5.110150E-04  5.110150E-06
244  5.091420E-04  5.091420E-06
245  5.072680E-04  5.072680E-06
246  5.054170E-04  5.054170E-06
247  5.035660E-04  5.035660E-06
248  5.017360E-04  5.017360E-06
249  4.999070E-04  4.999070E-06
250  4.980980E-04  4.980980E-06
251  4.962900E-04  4.962900E-06
252  4.945030E-04  4.945030E-06
253  4.927160E-04  4.927160E-06
254  4.909490E-04  4.909490E-06
255  4.891830E-04  4.891830E-06
256  4.874360E-04  4.874360E-06
257  4.856900E-04  4.856900E-06
258  4.839640E-04  4.839640E-06
259  4.822380E-04  4.822380E-06
260  4.805310E-04  4.805310E-06
261  4.788250E-04  4.788250E-06
262  4.771380E-04  4.771380E-06
263  4.754510E-04  4.754510E-06
264  4.737830E-04  4.737830E-06
265  4.721150E-04  4.721150E-06
266  4.704660E-04  4.704660E-06
267  4.688170E-04  4.688170E-06
268  4.671860E-04  4.671860E-06
269  4.655550E-04  4.655550E-06
270  4.639430E-04  4.639430E-06
271  4.623300E-04  4.623300E-06
272  4.607360E-04  4.607360E-06
273  4.591420E-04  4.591420E-06
274  4.575650E-04  4.575650E-06
275  4.559880E-04  4.559880E-06
276  4.544280E-04  4.544280E-06
277  4.528690E-04  4.528690E-06
278  4.513270E-04  4.513270E-06
279  4.497850E-04  4.497850E-06
280  4.482590E-04  4.482590E-06
281  4.467340E-04  4.467340E-06
282  4.452250E-04  4.452250E-06
283  4.437160E-04  4.437160E-06
284  4.422240E-04  4.422240E-06
285  4.407310E-04  4.407310E-06
286  4.392550E-04  4.392550E-06
287  4.377790E-04  4.377790E-06
288  4.363190E-04  4.363190E-06
289  4.348580E-04  4.348580E-06
290  4.334140E-04  4.334140E-06
291  4.319690E-04  4.319690E-06
292  4.305400E-04  4.305400E-06
293  4.291100E-04  4.291100E-06
294  4.276960E-04  4.276960E-06
295  4.262820E-04  4.262820E-06
296  4.248830E-04  4.248830E-06
297  4.234840E-04  4.234840E-06
298  4.221000E-04  4.221000E-06
299  4.207150E-04  4.207150E-06
300  4.193450E-04  4.193450E-06
301  4.179760E-04  4.179760E-06
302  4.166200E-04  4.166200E-06
303  4.152650E-04  4.152650E-06
304  4.139230E-04  4.139230E-06
305  4.125820E-04  4.125820E-06
306  4.112550E-04  4.112550E-06
307  4.099270E-04  4.099270E-06
308  4.086130E-04  4.086130E-06
309  4.073000E-04  4.073000E-06
310  4.060000E-04  4.060000E-06
311  4.046990E-04  4.046990E-06
312  4.034130E-04  4.034130E-06
313  4.021260E-04  4.021260E-06
314  4.008520E-04  4.008520E-06
315  3.995790E-04  3.995780E-06
316  3.983180E-04  3.983180E-06
317  3.970570E-04  3.970570E-06
318  3.958090E-04  3.958090E-06
319  3.945610E-04  3.945610E-06
320  3.933260E-04  3.933260E-06
321  3.920910E-04  3.920910E-06
322  3.908680E-04  3.908680E-06
323  3.896450E-04  3.896450E-06
324  3.884340E-04  3.884340E-06
325  3.872240E-04  3.872240E-06
326  3.860250E-04  3.860250E-06
327  3.848270E-04  3.848270E-06
328  3.836400E-04  3.836400E-06
329  3.824540E-04  3.824540E-06
330  3.812790E-04  3.812790E-06
331  3.801040E-04  3.801040E-06
332  3.789410E-04  3.789410E-06
333  3.777770E-04  3.777770E-06
334  3.766260E-04  3.766260E-06
335  3.754740E-04  3.754740E-06
336  3.743330E-04  3.743330E-06
337  3.731930E-04  3.731930E-06
338  3.720640E-04  3.720640E-06
339  3.709340E-04  3.709340E-06
340  3.698160E-04  3.698160E-06
341  3.686970E-04  3.686970E-06
342  3.675900E-04  3.675900E-06
343  3.664820E-04  3.664820E-06
344  3.653860E-04  3.653860E-06
345  3.642890E-04  3.642890E-06
346  3.632030E-04  3.632030E-06
347  3.621160E-04  3.621160E-06
348  3.610400E-04  3.610400E-06
349  3.599650E-04  3.599650E-06
350  3.588990E-04  3.588990E-06
351  3.578330E-04  3.578330E-06
352  3.567780E-04  3.567780E-06
353  3.557220E-04  3.557220E-06
354  3.546770E-04  3.546770E-06
355  3.536320E-04  3.536320E-06
356  3.525960E-04  3.525960E-06
357  3.515610E-04  3.515610E-06
358  3.505350E-04  3.505350E-06
359  3.495090E-04  3.495090E-06
360  3.484930E-04  3.484930E-06
361  3.474770E-04  3.474770E-06
362  3.464700E-04  3.464700E-06
363  3.454630E-04  3.454630E-06
364  3.444660E-04  3.444660E-06
365  3.434690E-04  3.434690E-06
366  3.424810E-04  3.424810E-06
367  3.414930E-04  3.414930E-06
368  3.405140E-04  3.405140E-06
369  3.395350E-04  3.395350E-06
370  3.385650E-04  3.385650E-06
371  3.375950E-04  3.375950E-06
372  3.366340E-04  3.366340E-06
373  3.356730E-04  3.356730E-06
374  3.347210E-04  3.347210E-06
375  3.337690E-04  3.337690E-06
376  3.328250E-04  3.328250E-06
377  3.318820E-04  3.318820E-06
378  3.309470E-04  3.309470E-06
379  3.300120E-04  3.300120E-06
380  3.290850E-04  3.290850E-06
381  3.281590E-04  3.281590E-06
382  3.272410E-04  3.272410E-06
383  3.263230E-04  3.263230E-06
384  3.254130E-04  3.254130E-06
385  3.245030E-04  3.245030E-06
386  3.236020E-04  3.236020E-06
387  3.227000E-04  3.227000E-06
388  3.218060E-04  3.218060E-06
389  3.209130E-04  3.209130E-06
390  3.200270E-04  3.200270E-06
391  3.191410E-04  3.191410E-06
392  3.182640E-04  3.182640E-06
393  3.173860E-04  3.173860E-06
394  3.165160E-04  3.165160E-06
395  3.156460E-04  3.156460E-06
396  3.147840E-04  3.147840E-06
397  3.139210E-04  3.139210E-06
398  3.130660E-04  3.130660E-06
399  3.122120E-04  3.122120E-06
400  3.113640E-04  3.113640E-06
401  3.105170E-04  3.105170E-06
402  3.096770E-04  3.096770E-06
403  3.088370E-04  3.088370E-06
404  3.080050E-04  3.080050E-06
405  3.071720E-04  3.071720E-06
406  3.063470E-04  3.063470E-06
407  3.055210E-04  3.055210E-06
408  3.047030E-04  3.047030E-06
409  3.038850E-04  3.038850E-06
410  3.030740E-04  3.030740E-06
411  3.022630E-04  3.022630E-06
412  3.014580E-04  3.014580E-06
413  3.006540E-04  3.006540E-06
414  2.998570E-04  2.998570E-06
415  2.990590E-04  2.990590E-06
416  2.982690E-04  2.982690E-06
417  2.974780E-04  2.974780E-06
418  2.966950E-04  2.966950E-06
419  2.959110E-04  2.959110E-06
420  2.951340E-04  2.951340E-06
421  2.943560E-04  2.943560E-06
422  2.935860E-04  2.935860E-06
423  2.928150E-04  2.928150E-06
424  2.920510E-04  2.920510E-06
425  2.912870E-04  2.912870E-06
426  2.905290E-04  2.905290E-06
427  2.897720E-04  2.897720E-06
428  2.890200E-04  2.890200E-06
429  2.882690E-04  2.882690E-06
430  2.875240E-04  2.875240E-06
431  2.867790E-04  2.867790E-06
432  2.860400E-04  2.860400E-06
433  2.853010E-04  2.853010E-06
434  2.845680E-04  2.845680E-06
435  2.838350E-04  2.838350E-06
436  2.831090E-04  2.831090E-06
437  2.823820E-04  2.823820E-06
438  2.816610E-04  2.816610E-06
439  2.809400E-04  2.809400E-06
440  2.802260E-04  2.802260E-06
441  2.795110E-04  2.795110E-06
442  2.788020E-04  2.788020E-06
443  2.780930E-04  2.780930E-06
444  2.773900E-04  2.773900E-06
445  2.766870E-04  2.766870E-06
446  2.759890E-04  2.759890E-06
447  2.752920E-04  2.752920E-06
448  2.746000E-04  2.746000E-06
449  2.739080E-04  2.739080E-06
450  2.732220E-04  2.732220E-06
451  2.725360E-04  2.725360E-06
452  2.718550E-04  2.718550E-06
453  2.711740E-04  2.711740E-06
454  2.704990E-04  2.704990E-06
455  2.698240E-04  2.698240E-06
456  2.691540E-04  2.691540E-06
457  2.684840E-04  2.684840E-06
458  2.678200E-04  2.678200E-06
459  2.671550E-04  2.671550E-06
460  2.664960E-04  2.664960E-06
461  2.658370E-04  2.658370E-06
462  2.651830E-04  2.651830E-06
463  2.645290E-04  2.645290E-06
464  2.638800E-04  2.638800E-06
465  2.632320E-04  2.632320E-06
466  2.625880E-04  2.625880E-06
467  2.619440E-04  2.619440E-06
468  2.613060E-04  2.613060E-06
469  2.606670E-04  2.606670E-06
470  2.600340E-04  2.600340E-06
471  2.594000E-04  2.594000E-06
472  2.587710E-04  2.587710E-06
473  2.581430E-04  2.581430E-06
474  2.575190E-04  2.575190E-06
475  2.568950E-04  2.568950E-06
476  2.562770E-04  2.562770E-06
477  2.556580E-04  2.556580E-06
478  2.550440E-04  2.550440E-06
479  2.544300E-04  2.544300E-06
480  2.538200E-04  2.538200E-06
481  2.532110E-04  2.532110E-06
482  2.526060E-04  2.526060E-06
483  2.520020E-04  2.520020E-06
484  2.514020E-04  2.514020E-06
485  2.508020E-04  2.508020E-06
486  2.502060E-04  2.502060E-06
487  2.496110E-04  2.496110E-06
488  2.490200E-04  2.490200E-06
489  2.484290E-04  2.484290E-06
490  2.478430E-04  2.478430E-06
491  2.472570E-04  2.472570E-06
492  2.466750E-04  2.466750E-06
493  2.460930E-04  2.460930E-06
494  2.455150E-04  2.455150E-06
495  2.449380E-04  2.449380E-06
496  2.443650E-04  2.443650E-06
497  2.437920E-04  2.437920E-06
498  2.432230E-04  2.432230E-06
499  2.426540E-04  2.426540E-06
500  2.420900E-04  2.420900E-06
501  2.415250E-04  2.415250E-06
502  2.409650E-04  2.409650E-06
503  2.404040E-04  2.404040E-06
504  2.398480E-04  2.398480E-06
505  2.392920E-04  2.392920E-06
506  2.387400E-04  2.387400E-06
507  2.381880E-04  2.381880E-06
508  2.376400E-04  2.376400E-06
509  2.370920E-04  2.370920E-06
510  2.365490E-04  2.365490E-06
511  2.360050E-04  2.360050E-06
512  2.354650E-04  2.354650E-06
513  2.349250E-04  2.349250E-06
514  2.343890E-04  2.343890E-06
515  2.338540E-04  2.338540E-06
516  2.333220E-04  2.333220E-06
517  2.327900E-04  2.327900E-06
518  2.322620E-04  2.322620E-06
519  2.317340E-04  2.317340E-06
520  2.312090E-04  2.312090E-06
521  2.306850E-04  2.306850E-06
522  2.301650E-04  2.301650E-06
523  2.296450E-04  2.296450E-06
524  2.291280E-04  2.291280E-06
525  2.286120E-04  2.286120E-06
526  2.280990E-04  2.280990E-06
527  2.275860E-04  2.275860E-06
528  2.270770E-04  2.270770E-06
529  2.265680E-04  2.265680E-06
530  2.260620E-04  2.260620E-06
531  2.255570E-04  2.255570E-06
532  2.250550E-04  2.250550E-06
533  2.245530E-04  2.245530E-06
534  2.240550E-04  2.240550E-06
535  2.235570E-04  2.235570E-06
536  2.230620E-04  2.230620E-06
537  2.225670E-04  2.225670E-06
538  2.220760E-04  2.220760E-06
539  2.215850E-04  2.215850E-06
540  2.210970E-04  2.210970E-06
541  2.206100E-04  2.206100E-06
542  2.201250E-04  2.201250E-06
543  2.196410E-04  2.196410E-06
544  2.191600E-04  2.191600E-06
545  2.186800E-04  2.186800E-06
546  2.182020E-04  2.182020E-06
547  2.177250E-04  2.177250E-06
548  2.172510E-04  2.172510E-06
549  2.167770E-04  2.167770E-06
550  2.163060E-04  2.163060E-06
551  2.158350E-04  2.158350E-06
552  2.153680E-04  2.153680E-06
553  2.149000E-04  2.149000E-06
554  2.144360E-04  2.144360E-06
555  2.139720E-04  2.139720E-06
556  2.135110E-04  2.135110E-06
557  2.130500E-04  2.130500E-06
558  2.125920E-04  2.125920E-06
559  2.121340E-04  2.121340E-06
560  2.116800E-04  2.116800E-06
561  2.112250E-04  2.112250E-06
562  2.107740E-04  2.107740E-06
563  2.103220E-04  2.103220E-06
564  2.098740E-04  2.098740E-06
565  2.094260E-04  2.094260E-06
566  2.089800E-04  2.089800E-06
567  2.085350E-04  2.085350E-06
568  2.080930E-04  2.080930E-06
569  2.076510E-04  2.076510E-06
570  2.072110E-04  2.072110E-06
571  2.067720E-04  2.067720E-06
572  2.063360E-04  2.063360E-06
573  2.059000E-04  2.059000E-06
574  2.054660E-04  2.054660E-06
575  2.050330E-04  2.050330E-06
576  2.046030E-04  2.046030E-06
577  2.041730E-04  2.041730E-06
578  2.037450E-04  2.037450E-06
579  2.033180E-04  2.033180E-06
580  2.028930E-04  2.028930E-06
581  2.024690E-04  2.024690E-06
582  2.020470E-04  2.020470E-06
583  2.016250E-04  2.016250E-06
584  2.012060E-04  2.012060E-06
585  2.007880E-04  2.007880E-06
586  2.003720E-04  2.003720E-06
587  1.999550E-04  1.999550E-06
588  1.995420E-04  1.995420E-06
589  1.991290E-04  1.991290E-06
590  1.987180E-04  1.987180E-06
591  1.983080E-04  1.983080E-06
592  1.979000E-04  1.979000E-06
593  1.974920E-04  1.974920E-06
594  1.970870E-04  1.970870E-06
595  1.966820E-04  1.966820E-06
596  1.962800E-04  1.962800E-06
597  1.958770E-04  1.958770E-06
598  1.954770E-04  1.954770E-06
599  1.950780E-04  1.950780E-06
600  1.946800E-04  1.946800E-06
601  1.942830E-04  1.942830E-06
602  1.938890E-04  1.938890E-06
603  1.934940E-04  1.934940E-06
604  1.931020E-04  1.931020E-06
605  1.927100E-04  1.927100E-06
606  1.923210E-04  1.923210E-06
607  1.919310E-04  1.919310E-06
608  1.915440E-04  1.915440E-06
609  1.911580E-04  1.911580E-06
610  1.907730E-04  1.907730E-06
611  1.903890E-04  1.903890E-06
612  1.900070E-04  1.900070E-06
613  1.896250E-04  1.896250E-06
614  1.892460E-04  1.892460E-06
615  1.888660E-04  1.888660E-06
616  1.884890E-04  1.884890E-06
617  1.881120E-04  1.881120E-06
618  1.877380E-04  1.877380E-06
619  1.873630E-04  1.873630E-06
620  1.869910E-04  1.869910E-06
621  1.866190E-04  1.866190E-06
622  1.862490E-04  1.862490E-06
623  1.858790E-04  1.858790E-06
624  1.855120E-04  1.855120E-06
625  1.851440E-04  1.851440E-06
626  1.847790E-04  1.847790E-06
627  1.844140E-04  1.844140E-06
628  1.840520E-04  1.840510E-06
629  1.836890E-04  1.836890E-06
630  1.833280E-04  1.833280E-06
631  1.829680E-04  1.829680E-06
632  1.826100E-04  1.826100E-06
633  1.822510E-04  1.822510E-06
634  1.818960E-04  1.818960E-06
635  1.815400E-04  1.815400E-06
636  1.811860E-04  1.811860E-06
637  1.808320E-04  1.808320E-06
638  1.804810E-04  1.804810E-06
639  1.801290E-04  1.801290E-06
640  1.797800E-04  1.797800E-06
641  1.794310E-04  1.794310E-06
642  1.790840E-04  1.790840E-06
643  1.787370E-04  1.787370E-06
644  1.783920E-04  1.783920E-06
645  1.780470E-04  1.780470E-06
646  1.777040E-04  1.777040E-06
647  1.773610E-04  1.773610E-06
648  1.770200E-04  1.770200E-06
649  1.766800E-04  1.766800E-06
650  1.763410E-04  1.763410E-06
651  1.760030E-04  1.760030E-06
652  1.756660E-04  1.756660E-06
653  1.753300E-04  1.753300E-06
654  1.749950E-04  1.749950E-06
655  1.746610E-04  1.746610E-06
656  1.743290E-04  1.743290E-06
657  1.739960E-04  1.739960E-06
658  1.736660E-04  1.736660E-06
659  1.733360E-04  1.733360E-06
660  1.730070E-04  1.730070E-06
661  1.726790E-04  1.726790E-06
662  1.723530E-04  1.723530E-06
663  1.720260E-04  1.720260E-06
664  1.717020E-04  1.717020E-06
665  1.713780E-04  1.713780E-06
666  1.710550E-04  1.710550E-06
667  1.707330E-04  1.707330E-06
668  1.704130E-04  1.704130E-06
669  1.700920E-04  1.700920E-06
670  1.697740E-04  1.697740E-06
671  1.694550E-04  1.694550E-06
672  1.691390E-04  1.691390E-06
673  1.688220E-04  1.688220E-06
674  1.685080E-04  1.685080E-06
675  1.681930E-04  1.681930E-06
676  1.678800E-04  1.678800E-06
677  1.675680E-04  1.675680E-06
678  1.672570E-04  1.672570E-06
679  1.669460E-04  1.669460E-06
680  1.666370E-04  1.666370E-06
681  1.663280E-04  1.663280E-06
682  1.660210E-04  1.660210E-06
683  1.657140E-04  1.657140E-06
684  1.654080E-04  1.654080E-06
685  1.651030E-04  1.651030E-06
686  1.647990E-04  1.647990E-06
687  1.644960E-04  1.644960E-06
688  1.641940E-04  1.641940E-06
689  1.638920E-04  1.638920E-06
690  1.635920E-04  1.635920E-06
691  1.632930E-04  1.632930E-06
692  1.629940E-04  1.629940E-06
693  1.626960E-04  1.626960E-06
694  1.624000E-04  1.624000E-06
695  1.621030E-04  1.621030E-06
696  1.618090E-04  1.618090E-06
697  1.615140E-04  1.615140E-06
698  1.612210E-04  1.612210E-06
699  1.609280E-04  1.609280E-06
700  1.606370E-04  1.606370E-06
701  1.603450E-04  1.603450E-06
702  1.600560E-04  1.600560E-06
703  1.597660E-04  1.597660E-06
704  1.594780E-04  1.594780E-06
705  1.591910E-04  1.591910E-06
706  1.589040E-04  1.589040E-06
707  1.586180E-04  1.586180E-06
708  1.583340E-04  1.583340E-06
709  1.580490E-04  1.580490E-06
710  1.577660E-04  1.577660E-06
711  1.574830E-04  1.574830E-06
712  1.572020E-04  1.572020E-06
713  1.569210E-04  1.569210E-06
714  1.566410E-04  1.566410E-06
715  1.563610E-04  1.563610E-06
716  1.560830E-04  1.560830E-06
717  1.558050E-04  1.558050E-06
718  1.555290E-04  1.555290E-06
719  1.552520E-04  1.552520E-06
720  1.549780E-04  1.549780E-06
721  1.547030E-04  1.547030E-06
722  1.544290E-04  1.544290E-06
723  1.541560E-04  1.541560E-06
724  1.538840E-04  1.538840E-06
725  1.536130E-04  1.536130E-06
726  1.533420E-04  1.533420E-06
727  1.530720E-04  1.530720E-06
728  1.528030E-04  1.528030E-06
729  1.525350E-04  1.525350E-06
730  1.522680E-04  1.522680E-06
731  1.520000E-04  1.520000E-06
732  1.517350E-04  1.517350E-06
733  1.514690E-04  1.514690E-06
734  1.512050E-04  1.512050E-06
735  1.509410E-04  1.509410E-06
736  1.506780E-04  1.506780E-06
737  1.504150E-04  1.504150E-06
738  1.501540E-04  1.501540E-06
739  1.498930E-04  1.498930E-06
740  1.496330E-04  1.496330E-06
741  1.493740E-04  1.493740E-06
742  1.491150E-04  1.491150E-06
743  1.488570E-04  1.488570E-06
744  1.486000E-04  1.486000E-06
745  1.483430E-04  1.483430E-06
746  1.480880E-04  1.480880E-06
747  1.478320E-04  1.478320E-06
748  1.475780E-04  1.475780E-06
749  1.473240E-04  1.473240E-06
750  1.470720E-04  1.470720E-06
751  1.468190E-04  1.468190E-06
752  1.465680E-04  1.465680E-06
753  1.463170E-04  1.463170E-06
754  1.460670E-04  1.460670E-06
755  1.458170E-04  1.458170E-06
756  1.455690E-04  1.455690E-06
757  1.453200E-04  1.453200E-06
758  1.450730E-04  1.450730E-06
759  1.448260E-04  1.448260E-06
760  1.445800E-04  1.445800E-06
761  1.443340E-04  1.443340E-06
762  1.440900E-04  1.440900E-06
763  1.438460E-04  1.438460E-06
764  1.436030E-04  1.436030E-06
765  1.433590E-04  1.433590E-06
766  1.431180E-04  1.431180E-06
767  1.428760E-04  1.428760E-06
768  1.426360E-04  1.426360E-06
769  1.423950E-04  1.423950E-06
770  1.421560E-04  1.421560E-06
771  1.419170E-04  1.419170E-06
772  1.416790E-04  1.416790E-06
773  1.414410E-04  1.414410E-06
774  1.412050E-04  1.412050E-06
775  1.409680E-04  1.409680E-06
776  1.407330E-04  1.407330E-06
777  1.404980E-04  1.404980E-06
778  1.402640E-04  1.402640E-06
779  1.400300E-04  1.400300E-06
780  1.397970E-04  1.397970E-06
781  1.395640E-04  1.395640E-06
782  1.393330E-04  1.393330E-06
783  1.391010E-04  1.391010E-06
784  1.388710E-04  1.388710E-06
785  1.386400E-04  1.386400E-06
786  1.384110E-04  1.384110E-06
787  1.381820E-04  1.381820E-06
788  1.379550E-04  1.379550E-06
789  1.377270E-04  1.377270E-06
790  1.375000E-04  1.375000E-06
791  1.372730E-04  1.372730E-06
792  1.370480E-04  1.370480E-06
793  1.368230E-04  1.368230E-06
794  1.365980E-04  1.365980E-06
795  1.363740E-04  1.363740E-06
796  1.361510E-04  1.361510E-06
797  1.359280E-04  1.359280E-06
798  1.357060E-04  1.357060E-06
799  1.354840E-04  1.354840E-06
800  1.352640E-04  1.352640E-06
801  1.350430E-04  1.350430E-06
802  1.348230E-04  1.348230E-06
803  1.346040E-04  1.346040E-06
804  1.343850E-04  1.343850E-06
805  1.341670E-04  1.341670E-06
806  1.339500E-04  1.339500E-06
807  1.337330E-04  1.337330E-06
808  1.335160E-04  1.335160E-06
809  1.333000E-04  1.333000E-06
810  1.330850E-04  1.330850E-06
811  1.328700E-04  1.328700E-06
812  1.326560E-04  1.326560E-06
813  1.324430E-04  1.324430E-06
814  1.322300E-04  1.322300E-06
815  1.320170E-04  1.320170E-06
816  1.318050E-04  1.318050E-06
817  1.315940E-04  1.315940E-06
818  1.313830E-04  1.313830E-06
819  1.311730E-04  1.311730E-06
820  1.309630E-04  1.309630E-06
821  1.307540E-04  1.307540E-06
822  1.305450E-04  1.305450E-06
823  1.303370E-04  1.303370E-06
824  1.301290E-04  1.301290E-06
825  1.299220E-04  1.299220E-06
826  1.297160E-04  1.297160E-06
827  1.295100E-04  1.295100E-06
828  1.293040E-04  1.293040E-06
829  1.290990E-04  1.290990E-06
830  1.288950E-04  1.288950E-06
831  1.286910E-04  1.286910E-06
832  1.284880E-04  1.284880E-06
833  1.282840E-04  1.282840E-06
834  1.280820E-04  1.280820E-06
835  1.278800E-04  1.278800E-06
836  1.276790E-04  1.276790E-06
837  1.274780E-04  1.274780E-06
838  1.272780E-04  1.272780E-06
839  1.270780E-04  1.270780E-06
840  1.268790E-04  1.268790E-06
841  1.266800E-04  1.266800E-06
842  1.264820E-04  1.264820E-06
843  1.262840E-04  1.262840E-06
844  1.260870E-04  1.260870E-06
845  1.258900E-04  1.258900E-06
846  1.256940E-04  1.256940E-06
847  1.254980E-04  1.254980E-06
848  1.253030E-04  1.253030E-06
849  1.251070E-04  1.251070E-06
850  1.249130E-04  1.249130E-06
851  1.247190E-04  1.247190E-06
852  1.245260E-04  1.245260E-06
853  1.243330E-04  1.243330E-06
854  1.241410E-04  1.241410E-06
855  1.239490E-04  1.239490E-06
856  1.237570E-04  1.237570E-06
857  1.235660E-04  1.235660E-06
858  1.233760E-04  1.233760E-06
859  1.231860E-04  1.231860E-06
860  1.229960E-04  1.229960E-06
861  1.228070E-04  1.228070E-06
862  1.226190E-04  1.226190E-06
863  1.224300E-04  1.224300E-06
864  1.222430E-04  1.222430E-06
865  1.220550E-04  1.220550E-06
866  1.218690E-04  1.218690E-06
867  1.216820E-04  1.216820E-06
868  1.214970E-04  1.214970E-06
869  1.213110E-04  1.213110E-06
870  1.211260E-04  1.211260E-06
871  1.209420E-04  1.209420E-06
872  1.207580E-04  1.207580E-06
873  1.205740E-04  1.205740E-06
874  1.203910E-04  1.203910E-06
875  1.202080E-04  1.202080E-06
876  1.200260E-04  1.200260E-06
877  1.198440E-04  1.198440E-06
878  1.196630E-04  1.196630E-06
879  1.194820E-04  1.194820E-06
880  1.193020E-04  1.193020E-06
881  1.191220E-04  1.191220E-06
882  1.189420E-04  1.189420E-06
883  1.187630E-04  1.187630E-06
884  1.185850E-04  1.185850E-06
885  1.184060E-04  1.184060E-06
886  1.182290E-04  1.182290E-06
887  1.180510E-04  1.180510E-06
888  1.178740E-04  1.178740E-06
889  1.176970E-04  1.176970E-06
890  1.175220E-04  1.175220E-06
891  1.173460E-04  1.173460E-06
892  1.171710E-04  1.171710E-06
893  1.169950E-04  1.169950E-06
894  1.168210E-04  1.168210E-06
895  1.166470E-04  1.166470E-06
896  1.164740E-04  1.164740E-06
897  1.163000E-04  1.163000E-06
898  1.161280E-04  1.161280E-06
899  1.159550E-04  1.159550E-06
900  1.157830E-04  1.157830E-06
901  1.156120E-04  1.156120E-06
902  1.154410E-04  1.154410E-06
903  1.152700E-04  1.152700E-06
904  1.151000E-04  1.151000E-06
905  1.149300E-04  1.149300E-06
906  1.147600E-04  1.147600E-06
907  1.145910E-04  1.145910E-06
908  1.144230E-04  1.144230E-06
909  1.142540E-04  1.142540E-06
910  1.140870E-04  1.140870E-06
911  1.139190E-04  1.139190E-06
912  1.137520E-04  1.137520E-06
913  1.135850E-04  1.135850E-06
914  1.134190E-04  1.134190E-06
915  1.132530E-04  1.132530E-06
916  1.130880E-04  1.130880E-06
917  1.129220E-04  1.129220E-06
918  1.127580E-04  1.127580E-06
919  1.125930E-04  1.125930E-06
920  1.124290E-04  1.124290E-06
921  1.122660E-04  1.122660E-06
922  1.121030E-04  1.121030E-06
923  1.119400E-04  1.119400E-06
924  1.117770E-04  1.117770E-06
925  1.116150E-04  1.116150E-06
926  1.114540E-04  1.114540E-06
927  1.112920E-04  1.112920E-06
928  1.111310E-04  1.111310E-06
929  1.109710E-04  1.109710E-06
930  1.108110E-04  1.108110E-06
931  1.106510E-04  1.106510E-06
932  1.104910E-04  1.104910E-06
933  1.103320E-04  1.103320E-06
934  1.101740E-04  1.101740E-06
935  1.100150E-04  1.100150E-06
936  1.098570E-04  1.098570E-06
937  1.097000E-04  1.097000E-06
938  1.095430E-04  1.095430E-06
939  1.093860E-04  1.093860E-06
940  1.092290E-04  1.092290E-06
941  1.090730E-04  1.090730E-06
942  1.089170E-04  1.089170E-06
943  1.087620E-04  1.087620E-06
944  1.086070E-04  1.086070E-06
945  1.084520E-04  1.084520E-06
946  1.082980E-04  1.082980E-06
947  1.081440E-04  1.081440E-06
948  1.079900E-04  1.079900E-06
949  1.078370E-04  1.078370E-06
950  1.076840E-04  1.076840E-06
951  1.075310E-04  1.075310E-06
952  1.073790E-04  1.073790E-06
953  1.072270E-04  1.072270E-06
954  1.070760E-04  1.070760E-06
955  1.069240E-04  1.069240E-06
956  1.067740E-04  1.067740E-06
957  1.066230E-04  1.066230E-06
958  1.064730E-04  1.064730E-06
959  1.063230E-04  1.063230E-06
960  1.061740E-04  1.061740E-06
961  1.060240E-04  1.060240E-06
962  1.058760E-04  1.058760E-06
963  1.057270E-04  1.057270E-06
964  1.055790E-04  1.055790E-06
965  1.054310E-04  1.054310E-06
966  1.052840E-04  1.052840E-06
967  1.051360E-04  1.051360E-06
968  1.049900E-04  1.049900E-06
969  1.048430E-04  1.048430E-06
970  1.046970E-04  1.046970E-06
971  1.045510E-04  1.045510E-06
972  1.044060E-04  1.044060E-06
973  1.042610E-04  1.042610E-06
974  1.041160E-04  1.041160E-06
975  1.039710E-04  1.039710E-06
976  1.038270E-04  1.038270E-06
977  1.036830E-04  1.036830E-06
978  1.035400E-04  1.035400E-06
979  1.033960E-04  1.033960E-06
980  1.032540E-04  1.032540E-06
981  1.031110E-04  1.031110E-06
982  1.029690E-04  1.029690E-06
983  1.028270E-04  1.028270E-06
984  1.026850E-04  1.026850E-06
985  1.025440E-04  1.025440E-06
986  1.024030E-04  1.024030E-06
987  1.022620E-04  1.022620E-06
988  1.021220E-04  1.021220E-06
989  1.019810E-04  1.019810E-06
990  1.018420E-04  1.018420E-06
991  1.017020E-04  1.017020E-06
992  1.015630E-04  1.015630E-06
993  1.014240E-04  1.014240E-06
994  1.012860E-04  1.012860E-06
995  1.011470E-04  1.011470E-06
996  1.010100E-04  1.010100E-06
997  1.008720E-04  1.008720E-06
998  1.007350E-04  1.007350E-06
999  1.005980E-04  1.005980E-06
1000  1.004610E-04  1.004610E-06
1001  1.003240E-04  1.003240E-06
1002  1.001880E-04  1.001880E-06
1003  1.000520E-04  1.000520E-06
1004  9.991710E-05  9.991710E-07
1005  9.978170E-05  9.978170E-07
1006  9.964690E-05  9.964690E-07
1007  9.951209E-05  9.951210E-07
1008  9.937790E-05  9.937791E-07
1009  9.924370E-05  9.924370E-07
1010  9.911010E-05  9.911010E-07
1011  9.897640E-05  9.897640E-07
1012  9.884340E-05  9.884341E-07
1013  9.871040E-05  9.871039E-07
1014  9.857790E-05  9.857790E-07
1015  9.844539E-05  9.844540E-07
1016  9.831350E-05  9.831350E-07
1017  9.818160E-05  9.818160E-07
1018  9.805030E-05  9.805029E-07
1019  9.791900E-05  9.791900E-07
1020  9.778819E-05  9.778820E-07
1021  9.765750E-05  9.765751E-07
1022  9.752730E-05  9.752730E-07
1023  9.739710E-05  9.739709E-07
1024  9.726740E-05  9.726740E-07
1025  9.713780E-05  9.713780E-07
1026  9.700870E-05  9.700869E-07
1027  9.687960E-05  9.687960E-07
1028  9.675110E-05  9.675110E-07
1029  9.662260E-05  9.662260E-07
1030  9.649460E-05  9.649459E-07
1031  9.636660E-05  9.636660E-07
1032  9.623920E-05  9.623921E-07
1033  9.611181E-05  9.611180E-07
1034  9.598490E-05  9.598490E-07
1035  9.585800E-05  9.585800E-07
1036  9.573160E-05  9.573160E-07
1037  9.560530E-05  9.560530E-07
1038  9.547950E-05  9.547950E-07
1039  9.535370E-05  9.535370E-07
1040  9.522840E-05  9.522840E-07
1041  9.510310E-05  9.510310E-07
1042  9.497830E-05  9.497830E-07
1043  9.485360E-05  9.485360E-07
1044  9.472940E-05  9.472940E-07
1045  9.460510E-05  9.460510E-07
1046  9.448150E-05  9.448140E-07
1047  9.435770E-05  9.435770E-07
1048  9.423460E-05  9.423460E-07
1049  9.411140E-05  9.411140E-07
1050  9.398870E-05  9.398870E-07
1051  9.386610E-05  9.386610E-07
1052  9.374390E-05  9.374390E-07
1053  9.362180E-05  9.362180E-07
1054  9.350020E-05  9.350020E-07
1055  9.337850E-05  9.337850E-07
1056  9.325740E-05  9.325740E-07
1057  9.313630E-05  9.313629E-07
1058  9.301570E-05  9.301569E-07
1059  9.289500E-05  9.289500E-07
1060  9.277490E-05  9.277490E-07
1061  9.265479E-05  9.265480E-07
1062  9.253520E-05  9.253520E-07
1063  9.241560E-05  9.241560E-07
1064  9.229650E-05  9.229649E-07
1065  9.217740E-05  9.217740E-07
1066  9.205870E-05  9.205870E-07
1067  9.194010E-05  9.194010E-07
1068  9.182200E-05  9.182201E-07
1069  9.170390E-05  9.170390E-07
1070  9.158620E-05  9.158620E-07
1071  9.146860E-05  9.146860E-07
1072  9.135140E-05  9.135140E-07
1073  9.123429E-05  9.123430E-07
1074  9.111760E-05  9.111760E-07
1075  9.100090E-05  9.100090E-07
1076  9.088470E-05  9.088470E-07
1077  9.076860E-05  9.076860E-07
1078  9.065280E-05  9.065280E-07
1079  9.053710E-05  9.053709E-07
1080  9.042190E-05  9.042190E-07
1081  9.030670E-05  9.030661E-07
1082  9.019190E-05  9.019190E-07
1083  9.007710E-05  9.007710E-07
1084  8.996280E-05  8.996279E-07
1085  8.984850E-05  8.984850E-07
1086  8.973470E-05  8.973470E-07
1087  8.962089E-05  8.962090E-07
1088  8.950750E-05  8.950750E-07
1089  8.939421E-05  8.939420E-07
1090  8.928130E-05  8.928130E-07
1091  8.916840E-05  8.916840E-07
1092  8.905590E-05  8.905590E-07
1093  8.894350E-05  8.894350E-07
1094  8.883150E-05  8.883150E-07
1095  8.871950E-05  8.871950E-07
1096  8.860799E-05  8.860800E-07
1097  8.849640E-05  8.849640E-07
1098  8.838540E-05  8.838541E-07
1099  8.827430E-05  8.827430E-07
1100  8.816370E-05  8.816370E-07
1101  8.805300E-05  8.805300E-07
1102  8.794290E-05  8.794290E-07
1103  8.783270E-05  8.783269E-07
1104  8.772290E-05  8.772290E-07
1105  8.761320E-05  8.761320E-07
1106  8.750390E-05  8.750391E-07
1107  8.739460E-05  8.739460E-07
1108  8.728570E-05  8.728570E-07
1109  8.717690E-05  8.717690E-07
1110  8.706850E-05  8.706850E-07
1111  8.696010E-05  8.696010E-07
1112  8.685210E-05  8.685209E-07
1113  8.674410E-05  8.674410E-07
1114  8.663650E-05  8.663650E-07
1115  8.652900E-05  8.652900E-07
1116  8.642190E-05  8.642190E-07
1117  8.631470E-05  8.631470E-07
1118  8.620801E-05  8.620800E-07
1119  8.610130E-05  8.610130E-07
1120  8.599510E-05  8.599510E-07
1121  8.588879E-05  8.588880E-07
1122  8.578290E-05  8.578290E-07
1123  8.567710E-05  8.567710E-07
1124  8.557170E-05  8.557170E-07
1125  8.546620E-05  8.546620E-07
1126  8.536120E-05  8.536120E-07
1127  8.525620E-05  8.525620E-07
1128  8.515159E-05  8.515159E-07
1129  8.504700E-05  8.504700E-07
1130  8.494280E-05  8.494280E-07
1131  8.483870E-05  8.483870E-07
1132  8.473490E-05  8.473490E-07
1133  8.463110E-05  8.463110E-07
1134  8.452780E-05  8.452780E-07
1135  8.442440E-05  8.442440E-07
1136  8.432140E-05  8.432140E-07
1137  8.421850E-05  8.421850E-07
1138  8.411591E-05  8.411590E-07
1139  8.401340E-05  8.401340E-07
1140  8.391120E-05  8.391120E-07
1141  8.380910E-05  8.380910E-07
1142  8.370740E-05  8.370740E-07
1143  8.360560E-05  8.360560E-07
1144  8.350430E-05  8.350430E-07
1145  8.340290E-05  8.340290E-07
1146  8.330200E-05  8.330200E-07
1147  8.320100E-05  8.320100E-07
1148  8.310040E-05  8.310041E-07
1149  8.299990E-05  8.299991E-07
1150  8.289970E-05  8.289970E-07
1151  8.279950E-05  8.279950E-07
1152  8.269980E-05  8.269980E-07
1153  8.260000E-05  8.260000E-07
1154  8.250060E-05  8.250060E-07
1155  8.240119E-05  8.240120E-07
1156  8.230220E-05  8.230220E-07
1157  8.220320E-05  8.220320E-07
1158  8.210460E-05  8.210460E-07
1159  8.200600E-05  8.200590E-07
1160  8.190770E-05  8.190770E-07
1161  8.180950E-05  8.180950E-07
1162  8.171160E-05  8.171160E-07
1163  8.161370E-05  8.161370E-07
1164  8.151630E-05  8.151630E-07
1165  8.141880E-05  8.141880E-07
1166  8.132170E-05  8.132170E-07
1167  8.122460E-05  8.122460E-07
1168  8.112780E-05  8.112780E-07
1169  8.103110E-05  8.103110E-07
1170  8.093470E-05  8.093469E-07
1171  8.083840E-05  8.083840E-07
1172  8.074240E-05  8.074240E-07
1173  8.064640E-05  8.064640E-07
1174  8.055070E-05  8.055070E-07
1175  8.045510E-05  8.045510E-07
1176  8.035980E-05  8.035980E-07
1177  8.026460E-05  8.026460E-07
1178  8.016970E-05  8.016970E-07
1179  8.007480E-05  8.007480E-07
1180  7.998020E-05  7.998020E-07
1181  7.988570E-05  7.988571E-07
1182  7.979150E-05  7.979150E-07
1183  7.969730E-05  7.969730E-07
1184  7.960350E-05  7.960350E-07
1185  7.950970E-05  7.950970E-07
1186  7.941630E-05  7.941620E-07
1187  7.932280E-05  7.932280E-07
1188  7.922970E-05  7.922970E-07
1189  7.913660E-05  7.913660E-07
1190  7.904380E-05  7.904380E-07
1191  7.895100E-05  7.895100E-07
1192  7.885860E-05  7.885860E-07
1193  7.876620E-05  7.876620E-07
1194  7.867420E-05  7.867420E-07
1195  7.858210E-05  7.858210E-07
1196  7.849040E-05  7.849040E-07
1197  7.839870E-05  7.839870E-07
1198  7.830730E-05  7.830730E-07
1199  7.821590E-05  7.821590E-07
1200  7.812490E-05  7.812490E-07
1201  7.803390E-05  7.803390E-07
1202  7.794320E-05  7.794320E-07
1203  7.785250E-05  7.785250E-07
1204  7.776220E-05  7.776219E-07
1205  7.767180E-05  7.767180E-07
1206  7.758180E-05  7.758180E-07
1207  7.749180E-05  7.749180E-07
1208  7.740220E-05  7.740220E-07
1209  7.731250E-05  7.731250E-07
1210  7.722320E-05  7.722321E-07
1211  7.713380E-05  7.713380E-07
1212  7.704480E-05  7.704480E-07
1213  7.695580E-05  7.695580E-07
1214  7.686710E-05  7.686710E-07
1215  7.677850E-05  7.677850E-07
1216  7.669010E-05  7.669011E-07
1217  7.660180E-05  7.660180E-07
1218  7.651380E-05  7.651380E-07
1219  7.642580E-05  7.642581E-07
1220  7.633810E-05  7.633810E-07
1221  7.625040E-05  7.625040E-07
1222  7.616300E-05  7.616300E-07
1223  7.607560E-05  7.607560E-07
1224  7.598860E-05  7.598860E-07
1225  7.590160E-05  7.590160E-07
1226  7.581479E-05  7.581480E-07
1227  7.572810E-05  7.572810E-07
1228  7.564170E-05  7.564170E-07
1229  7.555530E-05  7.555530E-07
1230  7.546920E-05  7.546920E-07
1231  7.538320E-05  7.538320E-07
1232  7.529740E-05  7.529740E-07
1233  7.521160E-05  7.521160E-07
1234  7.512620E-05  7.512620E-07
1235  7.504070E-05  7.504070E-07
1236  7.495560E-05  7.495560E-07
1237  7.487040E-05  7.487040E-07
1238  7.478560E-05  7.478560E-07
1239  7.470080E-05  7.470080E-07
1240  7.461620E-05  7.461620E-07
1241  7.453170E-05  7.453170E-07
1242  7.444750E-05  7.444750E-07
1243  7.436330E-05  7.436330E-07
1244  7.427940E-05  7.427940E-07
1245  7.419550E-05  7.419550E-07
1246  7.411190E-05  7.411190E-07
1247  7.402830E-05  7.402830E-07
1248  7.394500E-05  7.394500E-07
1249  7.386169E-05  7.386170E-07
1250  7.377870E-05  7.377870E-07
1251  7.369570E-05  7.369570E-07
1252  7.361300E-05  7.361300E-07
1253  7.353030E-05  7.353030E-07
1254  7.344790E-05  7.344790E-07
1255  7.336550E-05  7.336550E-07
1256  7.328340E-05  7.328340E-07
1257  7.320130E-05  7.320130E-07
1258  7.311950E-05  7.311950E-07
1259  7.303770E-05  7.303770E-07
1260  7.295620E-05  7.295620E-07
1261  7.287470E-05  7.287470E-07
1262  7.279350E-05  7.279350E-07
1263  7.271230E-05  7.271230E-07
1264  7.263140E-05  7.263140E-07
1265  7.255040E-05  7.255040E-07
1266  7.246980E-05  7.246980E-07
1267  7.238920E-05  7.238920E-07
1268  7.230880E-05  7.230880E-07
1269  7.222850E-05  7.222850E-07
1270  7.214840E-05  7.214840E-07
1271  7.206840E-05  7.206840E-07
1272  7.198860E-05  7.198860E-07
1273  7.190880E-05  7.190880E-07
1274  7.182940E-05  7.182940E-07
1275  7.174990E-05  7.174990E-07
1276  7.167070E-05  7.167070E-07
1277  7.159150E-05  7.159150E-07
1278  7.151250E-05  7.151250E-07
1279  7.143360E-05  7.143360E-07
1280  7.135500E-05  7.135500E-07
1281  7.127630E-05  7.127630E-07
1282  7.119800E-05  7.119800E-07
1283  7.111960E-05  7.111960E-07
1284  7.104150E-05  7.104150E-07
1285  7.096350E-05  7.096340E-07
1286  7.088560E-05  7.088560E-07
1287  7.080780E-05  7.080780E-07
1288  7.073030E-05  7.073030E-07
1289  7.065280E-05  7.065280E-07
1290  7.057550E-05  7.057550E-07
1291  7.049830E-05  7.049830E-07
1292  7.042130E-05  7.042130E-07
1293  7.034430E-05  7.034430E-07
1294  7.026760E-05  7.026760E-07
1295  7.019090E-05  7.019090E-07
1296  7.011440E-05  7.011440E-07
1297  7.003800E-05  7.003800E-07
1298  6.996180E-05  6.996180E-07
1299  6.988560E-05  6.988560E-07
1300  6.980970E-05  6.980970E-07
1301  6.973380E-05  6.973380E-07
1302  6.965810E-05  6.965810E-07
1303  6.958250E-05  6.958250E-07
1304  6.950710E-05  6.950710E-07
1305  6.943170E-05  6.943170E-07
1306  6.935660E-05  6.935660E-07
1307  6.928150E-05  6.928150E-07
1308  6.920670E-05  6.920660E-07
1309  6.913180E-05  6.913180E-07
1310  6.905721E-05  6.905720E-07
1311  6.898260E-05  6.898260E-07
1312  6.890830E-05  6.890830E-07
1313  6.883390E-05  6.883390E-07
1314  6.875990E-05  6.875990E-07
1315  6.868580E-05  6.868580E-07
1316  6.861200E-05  6.861200E-07
1317  6.853810E-05  6.853810E-07
1318  6.846460E-05  6.846460E-07
1319  6.839100E-05  6.839100E-07
1320  6.831770E-05  6.831770E-07
1321  6.824440E-05  6.824440E-07
1322  6.817130E-05  6.817130E-07
1323  6.809830E-05  6.809830E-07
1324  6.802550E-05  6.802550E-07
1325  6.795270E-05  6.795270E-07
1326  6.788010E-05  6.788010E-07
1327  6.780760E-05  6.780760E-07
1328  6.773530E-05  6.773530E-07
1329  6.766290E-05  6.766290E-07
1330  6.759090E-05  6.759090E-07
1331  6.751881E-05  6.751880E-07
1332  6.744700E-05  6.744700E-07
1333  6.737520E-05  6.737520E-07
1334  6.730370E-05  6.730370E-07
1335  6.723210E-05  6.723210E-07
1336  6.716080E-05  6.716080E-07
1337  6.708950E-05  6.708950E-07
1338  6.701839E-05  6.701840E-07
1339  6.694730E-05  6.694730E-07
1340  6.687650E-05  6.687650E-07
1341  6.680570E-05  6.680570E-07
1342  6.673510E-05  6.673510E-07
1343  6.666450E-05  6.666450E-07
1344  6.659410E-05  6.659410E-07
1345  6.652380E-05  6.652380E-07
1346  6.645370E-05  6.645370E-07
1347  6.638360E-05  6.638360E-07
1348  6.631370E-05  6.631370E-07
1349  6.624380E-05  6.624380E-07
1350  6.617420E-05  6.617420E-07
1351  6.610451E-05  6.610450E-07
1352  6.603510E-05  6.603510E-07
1353  6.596580E-05  6.596580E-07
1354  6.589660E-05  6.589660E-07
1355  6.582740E-05  6.582740E-07
1356  6.575850E-05  6.575850E-07
1357  6.568960E-05  6.568960E-07
1358  6.562090E-05  6.562090E-07
1359  6.555220E-05  6.555220E-07
1360  6.548370E-05  6.548370E-07
1361  6.541520E-05  6.541520E-07
1362  6.534700E-05  6.534700E-07
1363  6.527880E-05  6.527880E-07
1364  6.521080E-05  6.521080E-07
1365  6.514280E-05  6.514280E-07
1366  6.507500E-05  6.507500E-07
1367  6.500720E-05  6.500720E-07
1368  6.493960E-05  6.493960E-07
1369  6.487210E-05  6.487210E-07
1370  6.480480E-05  6.480480E-07
1371  6.473740E-05  6.473740E-07
1372  6.467040E-05  6.467040E-07
1373  6.460330E-05  6.460330E-07
1374  6.453640E-05  6.453640E-07
1375  6.446950E-05  6.446950E-07
1376  6.440280E-05  6.440280E-07
1377  6.433620E-05  6.433620E-07
1378  6.426980E-05  6.426980E-07
1379  6.420330E-05  6.420330E-07
1380  6.413710E-05  6.413710E-07
1381  6.407090E-05  6.407090E-07
1382  6.400490E-05  6.400490E-07
1383  6.393890E-05  6.393890E-07
1384  6.387320E-05  6.387320E-07
1385  6.380740E-05  6.380740E-07
1386  6.374190E-05  6.374180E-07
1387  6.367630E-05  6.367630E-07
1388  6.361101E-05  6.361100E-07
1389  6.354560E-05  6.354560E-07
1390  6.348050E-05  6.348050E-07
1391  6.341540E-05  6.341540E-07
1392  6.335050E-05  6.335050E-07
1393  6.328560E-05  6.328560E-07
1394  6.322090E-05  6.322090E-07
1395  6.315620E-05  6.315620E-07
1396  6.309171E-05  6.309170E-07
1397  6.302730E-05  6.302730E-07
1398  6.296300E-05  6.296300E-07
1399  6.289870E-05  6.289870E-07
1400  6.283470E-05  6.283470E-07
1401  6.277060E-05  6.277060E-07
1402  6.270680E-05  6.270680E-07
1403  6.264290E-05  6.264290E-07
1404  6.257930E-05  6.257930E-07
1405  6.251570E-05  6.251570E-07
1406  6.245220E-05  6.245220E-07
1407  6.238880E-05  6.238880E-07
1408  6.232561E-05  6.232560E-07
1409  6.226240E-05  6.226240E-07
1410  6.219940E-05  6.219940E-07
1411  6.213640E-05  6.213640E-07
1412  6.207360E-05  6.207360E-07
1413  6.201080E-05  6.201070E-07
1414  6.194810E-05  6.194810E-07
1415  6.188550E-05  6.188550E-07
1416  6.182310E-05  6.182310E-07
1417  6.176080E-05  6.176080E-07
1418  6.169860E-05  6.169860E-07
1419  6.163640E-05  6.163640E-07
1420  6.157440E-05  6.157440E-07
1421  6.151240E-05  6.151240E-07
1422  6.145060E-05  6.145060E-07
1423  6.138880E-05  6.138880E-07
1424  6.132720E-05  6.132720E-07
1425  6.126560E-05  6.126560E-07
1426  6.120420E-05  6.120420E-07
1427  6.114280E-05  6.114280E-07
1428  6.108160E-05  6.108160E-07
1429  6.102040E-05  6.102040E-07
1430  6.095950E-05  6.095950E-07
1431  6.089840E-05  6.089840E-07
1432  6.083760E-05  6.083760E-07
1433  6.077680E-05  6.077680E-07
1434  6.071620E-05  6.071620E-07
1435  6.065560E-05  6.065560E-07
1436  6.059520E-05  6.059520E-07
1437  6.053480E-05  6.053480E-07
1438  6.047460E-05  6.047460E-07
1439  6.041440E-05  6.041440E-07
1440  6.035440E-05  6.035440E-07
1441  6.029430E-05  6.029430E-07
1442  6.023450E-05  6.023450E-07
1443  6.017470E-05  6.017470E-07
1444  6.011500E-05  6.011500E-07
1445  6.005540E-05  6.005540E-07
1446  5.999600E-05  5.999600E-07
1447  5.993650E-05  5.993650E-07
1448  5.987720E-05  5.987720E-07
1449  5.981800E-05  5.981800E-07
1450  5.975890E-05  5.975890E-07
1451  5.969980E-05  5.969980E-07
1452  5.964100E-05  5.964100E-07
1453  5.958210E-05  5.958210E-07
1454  5.952340E-05  5.952340E-07
1455  5.946470E-05  5.946470E-07
1456  5.940620E-05  5.940620E-07
1457  5.934770E-05  5.934770E-07
1458  5.928930E-05  5.928930E-07
1459  5.923100E-05  5.923100E-07
1460  5.917290E-05  5.917290E-07
1461  5.911470E-05  5.911470E-07
1462  5.905680E-05  5.905680E-07
1463  5.899880E-05  5.899880E-07
1464  5.894110E-05  5.894110E-07
1465  5.888330E-05  5.888330E-07
1466  5.882570E-05  5.882570E-07
1467  5.876810E-05  5.876810E-07
1468  5.871070E-05  5.871070E-07
1469  5.865330E-05  5.865330E-07
1470  5.859610E-05  5.859610E-07
1471  5.853880E-05  5.853880E-07
1472  5.848180E-05  5.848180E-07
1473  5.842480E-05  5.842480E-07
1474  5.836790E-05  5.836790E-07
1475  5.831100E-05  5.831100E-07
1476  5.825430E-05  5.825430E-07
1477  5.819760E-05  5.819760E-07
1478  5.814110E-05  5.814110E-07
1479  5.808460E-05  5.808460E-07
1480  5.802830E-05  5.802830E-07
1481  5.797190E-05  5.797190E-07
1482  5.791580E-05  5.791580E-07
1483  5.785960E-05  5.785960E-07
1484  5.780360E-05  5.780360E-07
1485  5.774770E-05  5.774770E-07
1486  5.769190E-05  5.769190E-07
1487  5.763600E-05  5.763600E-07
1488  5.758040E-05  5.758040E-07
1489  5.752480E-05  5.752480E-07
1490  5.746930E-05  5.746930E-07
1491  5.741390E-05  5.741390E-07
1492  5.735860E-05  5.735860E-07
1493  5.730330E-05  5.730330E-07
1494  5.724820E-05  5.724820E-07
1495  5.719300E-05  5.719300E-07
1496  5.713810E-05  5.713810E-07
1497  5.708310E-05  5.708310E-07
1498  5.702840E-05  5.702840E-07
1499  5.697360E-05  5.697360E-07
1500  5.691900E-05  5.691900E-07
1501  5.686440E-05  5.686440E-07
1502  5.680990E-05  5.680990E-07
1503  5.675550E-05  5.675550E-07
1504  5.670120E-05  5.670120E-07
1505  5.664700E-05  5.664690E-07
1506  5.659290E-05  5.659290E-07
1507  5.653870E-05  5.653870E-07
1508  5.648480E-05  5.648480E-07
1509  5.643090E-05  5.643090E-07
1510  5.637710E-05  5.637710E-07
1511  5.632330E-05  5.632330E-07
1512  5.626970E-05  5.626970E-07
1513  5.621610E-05  5.621610E-07
1514  5.616270E-05  5.616270E-07
1515  5.610920E-05  5.610920E-07
1516  5.605600E-05  5.605600E-07
1517  5.600270E-05  5.600270E-07
1518  5.594960E-05  5.594960E-07
1519  5.589650E-05  5.589650E-07
1520  5.584350E-05  5.584350E-07
1521  5.579060E-05  5.579060E-07
1522  5.573780E-05  5.573780E-07
1523  5.568500E-05  5.568500E-07
1524  5.563230E-05  5.563230E-07
1525  5.557970E-05  5.557970E-07
1526  5.552720E-05  5.552720E-07
1527  5.547480E-05  5.547480E-07
1528  5.542250E-05  5.542250E-07
1529  5.537020E-05  5.537020E-07
1530  5.531800E-05  5.531800E-07
1531  5.526590E-05  5.526590E-07
1532  5.521390E-05  5.521390E-07
1533  5.516190E-05  5.516190E-07
1534  5.511000E-05  5.511000E-07
1535  5.505820E-05  5.505820E-07
1536  5.500650E-05  5.500650E-07
1537  5.495480E-05  5.495480E-07
1538  5.490330E-05  5.490330E-07
1539  5.485180E-05  5.485180E-07
1540  5.480040E-05  5.480040E-07
1541  5.474910E-05  5.474910E-07
1542  5.469790E-05  5.469790E-07
1543  5.464670E-05  5.464660E-07
1544  5.459560E-05  5.459560E-07
1545  5.454450E-05  5.454450E-07
1546  5.449360E-05  5.449360E-07
1547  5.444270E-05  5.444270E-07
1548  5.439200E-05  5.439200E-07
1549  5.434120E-05  5.434120E-07
1550  5.429060E-05  5.429060E-07
1551  5.424000E-05  5.424000E-07
1552  5.418960E-05  5.418960E-07
1553  5.413910E-05  5.413920E-07
1554  5.408890E-05  5.408890E-07
1555  5.403860E-05  5.403860E-07
1556  5.398840E-05  5.398840E-07
1557  5.393830E-05  5.393830E-07
1558  5.388830E-05  5.388830E-07
1559  5.383830E-05  5.383830E-07
1560  5.378840E-05  5.378840E-07
1561  5.373860E-05  5.373860E-07
1562  5.368890E-05  5.368890E-07
1563  5.363920E-05  5.363920E-07
1564  5.358970E-05  5.358970E-07
1565  5.354010E-05  5.354010E-07
1566  5.349070E-05  5.349070E-07
1567  5.344130E-05  5.344130E-07
1568  5.339210E-05  5.339210E-07
1569  5.334280E-05  5.334280E-07
1570  5.329370E-05  5.329370E-07
1571  5.324460E-05  5.324460E-07
1572  5.319560E-05  5.319560E-07
1573  5.314670E-05  5.314670E-07
1574  5.309790E-05  5.309790E-07
1575  5.304910E-05  5.304910E-07
1576  5.300040E-05  5.300040E-07
1577  5.295170E-05  5.295170E-07
1578  5.290320E-05  5.290320E-07
1579  5.285470E-05  5.285470E-07
1580  5.280630E-05  5.280630E-07
1581  5.275790E-05  5.275790E-07
1582  5.270960E-05  5.270960E-07
1583  5.266140E-05  5.266140E-07
1584  5.261330E-05  5.261330E-07
1585  5.256520E-05  5.256520E-07
1586  5.251730E-05  5.251730E-07
1587  5.246930E-05  5.246930E-07
1588  5.242150E-05  5.242150E-07
1589  5.237370E-05  5.237370E-07
1590  5.232600E-05  5.232600E-07
1591  5.227830E-05  5.227830E-07
1592  5.223080E-05  5.223080E-07
1593  5.218320E-05  5.218320E-07
1594  5.213580E-05  5.213580E-07
1595  5.208840E-05  5.208840E-07
1596  5.204120E-05  5.204120E-07
1597  5.199390E-05  5.199390E-07
1598  5.194680E-05  5.194680E-07
1599  5.189970E-05  5.189970E-07
1600  5.185270E-05  5.185270E-07
1601  5.180570E-05  5.180570E-07
1602  5.175890E-05  5.175890E-07
1603  5.171200E-05  5.171200E-07
1604  5.166530E-05  5.166530E-07
1605  5.161860E-05  5.161860E-07
1606  5.157210E-05  5.157210E-07
1607  5.152550E-05  5.152550E-07
1608  5.147900E-05  5.147900E-07
1609  5.143260E-05  5.143260E-07
1610  5.138630E-05  5.138630E-07
1611  5.134000E-05  5.134000E-07
1612  5.129380E-05  5.129380E-07
1613  5.124770E-05  5.124770E-07
1614  5.120160E-05  5.120160E-07
1615  5.115560E-05  5.115560E-07
1616  5.110970E-05  5.110970E-07
1617  5.106380E-05  5.106380E-07
1618  5.101800E-05  5.101800E-07
1619  5.097230E-05  5.097230E-07
1620  5.092660E-05  5.092660E-07
1621  5.088100E-05  5.088100E-07
1622  5.083550E-05  5.083550E-07
1623  5.079000E-05  5.079000E-07
1624  5.074460E-05  5.074460E-07
1625  5.069930E-05  5.069930E-07
1626  5.065400E-05  5.065400E-07
1627  5.060880E-05  5.060880E-07
1628  5.056370E-05  5.056370E-07
1629  5.051850E-05  5.051850E-07
1630  5.047360E-05  5.047360E-07
1631  5.042860E-05  5.042860E-07
1632  5.038370E-05  5.038370E-07
1633  5.033890E-05  5.033890E-07
1634  5.029410E-05  5.029410E-07
1635  5.024940E-05  5.024940E-07
1636  5.020480E-05  5.020480E-07
1637  5.016020E-05  5.016020E-07
1638  5.011580E-05  5.011580E-07
1639  5.007130E-05  5.007130E-07
1640  5.002700E-05  5.002700E-07
1641  4.998260E-05  4.998260E-07
1642  4.993840E-05  4.993840E-07
1643  4.989420E-05  4.989420E-07
1644  4.985010E-05  4.985010E-07
1645  4.980600E-05  4.980600E-07
1646  4.976200E-05  4.976200E-07
1647  4.971810E-05  4.971810E-07
1648  4.967420E-05  4.967420E-07
1649  4.963040E-05  4.963040E-07
1650  4.958670E-05  4.958670E-07
1651  4.954300E-05  4.954300E-07
1652  4.949940E-05  4.949940E-07
1653  4.945580E-05  4.945580E-07
1654  4.941230E-05  4.941230E-07
1655  4.936890E-05  4.936890E-07
1656  4.932550E-05  4.932550E-07
1657  4.928220E-05  4.928220E-07
1658  4.923900E-05  4.923900E-07
1659  4.919570E-05  4.919570E-07
1660  4.915260E-05  4.915260E-07
1661  4.910950E-05  4.910950E-07
1662  4.906660E-05  4.906660E-07
1663  4.902360E-05  4.902360E-07
1664  4.898070E-05  4.898070E-07
1665  4.893790E-05  4.893790E-07
1666  4.889510E-05  4.889510E-07
1667  4.885240E-05  4.885240E-07
1668  4.880980E-05  4.880980E-07
1669  4.876720E-05  4.876720E-07
1670  4.872470E-05  4.872470E-07
1671  4.868220E-05  4.868220E-07
1672  4.863980E-05  4.863980E-07
1673  4.859750E-05  4.859740E-07
1674  4.855520E-05  4.855520E-07
1675  4.851290E-05  4.851290E-07
1676  4.847080E-05  4.847080E-07
1677  4.842870E-05  4.842870E-07
1678  4.838660E-05  4.838660E-07
1679  4.834460E-05  4.834460E-07
1680  4.830270E-05  4.830270E-07
1681  4.826080E-05  4.826080E-07
1682  4.821900E-05  4.821900E-07
1683  4.817720E-05  4.817720E-07
1684  4.813560E-05  4.813560E-07
1685  4.809390E-05  4.809390E-07
1686  4.805240E-05  4.805240E-07
1687  4.801080E-05  4.801080E-07
1688  4.796940E-05  4.796940E-07
1689  4.792790E-05  4.792790E-07
1690  4.788660E-05  4.788660E-07
1691  4.784530E-05  4.784530E-07
1692  4.780410E-05  4.780410E-07
1693  4.776290E-05  4.776290E-07
1694  4.772180E-05  4.772180E-07
1695  4.768070E-05  4.768070E-07
1696  4.763970E-05  4.763970E-07
1697  4.759870E-05  4.759870E-07
1698  4.755790E-05  4.755790E-07
1699  4.751700E-05  4.751700E-07
1700  4.747630E-05  4.747630E-07
1701  4.743550E-05  4.743550E-07
1702  4.739490E-05  4.739490E-07
1703  4.735420E-05  4.735420E-07
1704  4.731370E-05  4.731370E-07
1705  4.727320E-05  4.727320E-07
1706  4.723280E-05  4.723280E-07
1707  4.719240E-05  4.719240E-07
1708  4.715210E-05  4.715210E-07
1709  4.711180E-05  4.711180E-07
1710  4.707160E-05  4.707160E-07
1711  4.703140E-05  4.703140E-07
1712  4.699130E-05  4.699130E-07
1713  4.695120E-05  4.695120E-07
1714  4.691120E-05  4.691120E-07
1715  4.687130E-05  4.687130E-07
1716  4.683140E-05  4.683140E-07
1717  4.679150E-05  4.679150E-07
1718  4.675180E-05  4.675180E-07
1719  4.671200E-05  4.671200E-07
1720  4.667240E-05  4.667240E-07
1721  4.663280E-05  4.663270E-07
1722  4.659320E-05  4.659320E-07
1723  4.655370E-05  4.655370E-07
1724  4.651430E-05  4.651430E-07
1725  4.647480E-05  4.647480E-07
1726  4.643550E-05  4.643550E-07
1727  4.639620E-05  4.639620E-07
1728  4.635700E-05  4.635700E-07
1729  4.631780E-05  4.631780E-07
1730  4.627870E-05  4.627870E-07
1731  4.623960E-05  4.623960E-07
1732  4.620050E-05  4.620050E-07
1733  4.616160E-05  4.616150E-07
1734  4.612270E-05  4.612270E-07
1735  4.608380E-05  4.608380E-07
1736  4.604500E-05  4.604500E-07
1737  4.600620E-05  4.600620E-07
1738  4.596750E-05  4.596750E-07
1739  4.592880E-05  4.592880E-07
1740  4.589030E-05  4.589030E-07
1741  4.585170E-05  4.585170E-07
1742  4.581320E-05  4.581320E-07
1743  4.577470E-05  4.577470E-07
1744  4.573640E-05  4.573640E-07
1745  4.569800E-05  4.569800E-07
1746  4.565970E-05  4.565970E-07
1747  4.562150E-05  4.562150E-07
1748  4.558330E-05  4.558330E-07
1749  4.554510E-05  4.554510E-07
1750  4.550710E-05  4.550710E-07
1751  4.546900E-05  4.546900E-07
1752  4.543110E-05  4.543110E-07
1753  4.539310E-05  4.539310E-07
1754  4.535530E-05  4.535530E-07
1755  4.531740E-05  4.531740E-07
1756  4.527960E-05  4.527960E-07
1757  4.524190E-05  4.524190E-07
1758  4.520420E-05  4.520420E-07
1759  4.516660E-05  4.516660E-07
1760  4.512900E-05  4.512900E-07
1761  4.509150E-05  4.509150E-07
1762  4.505400E-05  4.505400E-07
1763  4.501660E-05  4.501660E-07
1764  4.497920E-05  4.497920E-07
1765  4.494190E-05  4.494190E-07
1766  4.490460E-05  4.490460E-07
1767  4.486740E-05  4.486740E-07
1768  4.483020E-05  4.483020E-07
1769  4.479310E-05  4.479310E-07
1770  4.475600E-05  4.475600E-07
1771  4.471900E-05  4.471900E-07
1772  4.468200E-05  4.468200E-07
1773  4.464510E-05  4.464510E-07
1774  4.460820E-05  4.460820E-07
1775  4.457140E-05  4.457140E-07
1776  4.453460E-05  4.453460E-07
1777  4.449790E-05  4.449790E-07
1778  4.446120E-05  4.446120E-07
1779  4.442460E-05  4.442460E-07
1780  4.438800E-05  4.438800E-07
1781  4.435140E-05  4.435140E-07
1782  4.431500E-05  4.431500E-07
1783  4.427850E-05  4.427850E-07
1784  4.424220E-05  4.424220E-07
1785  4.420580E-05  4.420580E-07
1786  4.416950E-05  4.416950E-07
1787  4.413320E-05  4.413320E-07
1788  4.409710E-05  4.409710E-07
1789  4.406090E-05  4.406090E-07
1790  4.402480E-05  4.402480E-07
1791  4.398870E-05  4.398870E-07
1792  4.395280E-05  4.395280E-07
1793  4.391680E-05  4.391680E-07
1794  4.388090E-05  4.388090E-07
1795  4.384500E-05  4.384500E-07
1796  4.380920E-05  4.380920E-07
1797  4.377340E-05  4.377340E-07
1798  4.373770E-05  4.373770E-07
1799  4.370200E-05  4.370200E-07
1800  4.366640E-05  4.366640E-07
1801  4.363080E-05  4.363080E-07
1802  4.359520E-05  4.359520E-07
1803  4.355960E-05  4.355960E-07
1804  4.352400E-05  4.352400E-07
1805  4.348840E-05  4.348840E-07
1806  4.345280E-05  4.345280E-07
1807  4.341720E-05  4.341720E-07
1808  4.338160E-05  4.338160E-07
1809  4.334590E-05  4.334590E-07
1810  4.331030E-05  4.331030E-07
1811  4.327470E-05  4.327470E-07
1812  4.323910E-05  4.323910E-07
1813  4.320350E-05  4.320350E-07
1814  4.316790E-05  4.316790E-07
1815  4.313230E-05  4.313230E-07
1816  4.309670E-05  4.309670E-07
1817  4.306110E-05  4.306110E-07
1818  4.302550E-05  4.302550E-07
1819  4.298990E-05  4.298990E-07
1820  4.295430E-05  4.295430E-07
1821  4.291870E-05  4.291870E-07
1822  4.288310E-05  4.288310E-07
1823  4.284750E-05  4.284750E-07
1824  4.281190E-05  4.281190E-07
1825  4.277630E-05  4.277630E-07
1826  4.274070E-05  4.274070E-07
1827  4.270500E-05  4.270500E-07
1828  4.266940E-05  4.266940E-07
1829  4.263380E-05  4.263380E-07
1830  4.259820E-05  4.259820E-07
1831  4.256260E-05  4.256260E-07
1832  4.252700E-05  4.252700E-07
1833  4.249140E-05  4.249140E-07
1834  4.245580E-05  4.245580E-07
1835  4.242020E-05  4.242020E-07
1836  4.238460E-05  4.238460E-07
1837  4.234900E-05  4.234900E-07
1838  4.231340E-05  4.231340E-07
1839  4.227780E-05  4.227780E-07
1840  4.224220E-05  4.224220E-07
1841  4.220660E-05  4.220660E-07
1842  4.217100E-05  4.217100E-07
1843  4.213540E-05  4.213540E-07
1844  4.209980E-05  4.209980E-07
1845  4.206410E-05  4.206410E-07
1846  4.202850E-05  4.202850E-07
1847  4.199290E-05  4.199290E-07
1848  4.195730E-05  4.195730E-07
1849  4.192170E-05  4.192170E-07
1850  4.188610E-05  4.188610E-07
1851  4.185050E-05  4.185050E-07
1852  4.181490E-05  4.181490E-07
1853  4.177930E-05  4.177930E-07
1854  4.174370E-05  4.174370E-07
1855  4.170810E-05  4.170810E-07
1856  4.167250E-05  4.167250E-07
1857  4.163690E-05  4.163690E-07
1858  4.160130E-05  4.160130E-07
1859  4.156570E-05  4.156570E-07
1860  4.153010E-05  4.153010E-07
1861  4.149450E-05  4.149450E-07
1862  4.145890E-05  4.145890E-07
1863  4.142320E-05  4.142320E-07
1864  4.138760E-05  4.138760E-07
1865  4.135200E-05  4.135200E-07
1866  4.131640E-05  4.131640E-07
1867  4.128080E-05  4.128080E-07
1868  4.124520E-05  4.124520E-07
1869  4.120960E-05  4.120960E-07
1870  4.117400E-05  4.117400E-07
1871  4.113840E-05  4.113840E-07
1872  4.110280E-05  4.110280E-07
1873  4.106720E-05  4.106720E-07
1874  4.103160E-05  4.103160E-07
1875  4.099600E-05  4.099600E-07
1876  4.096040E-05  4.096040E-07
1877  4.092480E-05  4.092480E-07
1878  4.088920E-05  4.088920E-07
1879  4.085360E-05  4.085360E-07
1880  4.081800E-05  4.081790E-07
1881  4.078230E-05  4.078230E-07
1882  4.074670E-05  4.074670E-07
1883  4.071110E-05  4.071110E-07
1884  4.067550E-05  4.067550E-07
1885  4.063990E-05  4.063990E-07
1886  4.060430E-05  4.060430E-07
1887  4.056870E-05  4.056870E-07
1888  4.053310E-05  4.053310E-07
1889  4.049750E-05  4.049750E-07
1890  4.046190E-05  4.046190E-07
1891  4.042630E-05  4.042630E-07
1892  4.039070E-05  4.039070E-07
1893  4.035510E-05  4.035510E-07
1894  4.031950E-05  4.031950E-07
1895  4.028390E-05  4.028390E-07
1896  4.024830E-05  4.024830E-07
1897  4.021270E-05  4.021270E-07
1898  4.017700E-05  4.017700E-07
1899  4.014140E-05  4.014140E-07
1900  4.010580E-05  4.010580E-07
1901  4.007020E-05  4.007020E-07
1902  4.003460E-05  4.003460E-07
1903  3.999900E-05  3.999900E-07
1904  3.996340E-05  3.996340E-07
1905  3.992780E-05  3.992780E-07
1906  3.989220E-05  3.989220E-07
1907  3.985660E-05  3.985660E-07
1908  3.982100E-05  3.982100E-07
1909  3.978540E-05  3.978540E-07
1910  3.974980E-05  3.974980E-07
1911  3.971420E-05  3.971420E-07
1912  3.967860E-05  3.967860E-07
1913  3.964300E-05  3.964300E-07
1914  3.960740E-05  3.960740E-07
1915  3.957180E-05  3.957180E-07
1916  3.953610E-05  3.953610E-07
1917  3.950050E-05  3.950050E-07
1918  3.946490E-05  3.946490E-07
1919  3.942930E-05  3.942930E-07
1920  3.939370E-05  3.939370E-07
1921  3.935810E-05  3.935810E-07
1922  3.932250E-05  3.932250E-07
1923  3.928690E-05  3.928690E-07
1924  3.925130E-05  3.925130E-07
1925  3.921570E-05  3.921570E-07
1926  3.918010E-05  3.918010E-07
1927  3.914450E-05  3.914450E-07
1928  3.910890E-05  3.910890E-07
1929  3.907330E-05  3.907330E-07
1930  3.903770E-05  3.903770E-07
1931  3.900210E-05  3.900210E-07
1932  3.896650E-05  3.896650E-07
1933  3.893090E-05  3.893090E-07
1934  3.889520E-05  3.889520E-07
1935  3.885960E-05  3.885960E-07
1936  3.882400E-05  3.882400E-07
1937  3.878840E-05  3.878840E-07
1938  3.875280E-05  3.875280E-07
1939  3.871720E-05  3.871720E-07
1940  3.868160E-05  3.868160E-07
1941  3.864600E-05  3.864600E-07
1942  3.861040E-05  3.861040E-07
1943  3.857480E-05  3.857480E-07
1944  3.853920E-05  3.853920E-07
1945  3.850360E-05  3.850360E-07
1946  3.846800E-05  3.846800E-07
1947  3.843240E-05  3.843240E-07
1948  3.839680E-05  3.839680E-07
1949  3.836120E-05  3.836120E-07
1950  3.832560E-05  3.832560E-07
1951  3.829000E-05  3.828990E-07
1952  3.825430E-05  3.825430E-07
1953  3.821870E-05  3.821870E-07
1954  3.818310E-05  3.818310E-07
1955  3.814750E-05  3.814750E-07
1956  3.811190E-05  3.811190E-07
1957  3.807630E-05  3.807630E-07
1958  3.804070E-05  3.804070E-07
1959  3.800510E-05  3.800510E-07
1960  3.796950E-05  3.796950E-07
1961  3.793390E-05  3.793390E-07
1962  3.789830E-05  3.789830E-07
1963  3.786270E-05  3.786270E-07
1964  3.782710E-05  3.782710E-07
1965  3.779150E-05  3.779150E-07
1966  3.775590E-05  3.775590E-07
1967  3.772030E-05  3.772030E-07
1968  3.768470E-05  3.768470E-07
1969  3.764900E-05  3.764900E-07
1970  3.761340E-05  3.761340E-07
1971  3.757780E-05  3.757780E-07
1972  3.754220E-05  3.754220E-07
1973  3.750660E-05  3.750660E-07
1974  3.747100E-05  3.747100E-07
1975  3.743540E-05  3.743540E-07
1976  3.739980E-05  3.739980E-07
1977  3.736420E-05  3.736420E-07
1978  3.732860E-05  3.732860E-07
1979  3.729300E-05  3.729300E-07
1980  3.725740E-05  3.725740E-07
1981  3.722180E-05  3.722180E-07
1982  3.718620E-05  3.718620E-07
1983  3.715060E-05  3.715060E-07
1984  3.711500E-05  3.711500E-07
1985  3.707940E-05  3.707940E-07
1986  3.704380E-05  3.704380E-07
1987  3.700810E-05  3.700810E-07
1988  3.697250E-05  3.697250E-07
1989  3.693690E-05  3.693690E-07
1990  3.690130E-05  3.690130E-07
1991  3.686570E-05  3.686570E-07
1992  3.683010E-05  3.683010E-07
1993  3.679450E-05  3.679450E-07
1994  3.675890E-05  3.675890E-07
1995  3.672330E-05  3.672330E-07
1996  3.668770E-05  3.668770E-07
1997  3.665210E-05  3.665210E-07
1998  3.661650E-05  3.661650E-07
1999  3.658090E-05  3.658090E-07
2000  3.654530E-05  3.654530E-07
2001  3.650970E-05  3.650970E-07
2002  3.647410E-05  3.647410E-07
2003  3.643850E-05  3.643850E-07
2004  3.640290E-05  3.640290E-07
2005  3.636720E-05  3.636720E-07
2006  3.633160E-05  3.633160E-07
2007  3.629600E-05  3.629600E-07
2008  3.626040E-05  3.626040E-07
2009  3.622480E-05  3.622480E-07
2010  3.618920E-05  3.618920E-07
2011  3.615360E-05  3.615360E-07
2012  3.611800E-05  3.611800E-07
2013  3.608240E-05  3.608240E-07
2014  3.604680E-05  3.604680E-07
2015  3.601120E-05  3.601120E-07
2016  3.597560E-05  3.597560E-07
2017  3.594000E-05  3.594000E-07
2018  3.590440E-05  3.590440E-07
2019  3.586880E-05  3.586880E-07
2020  3.583320E-05  3.583320E-07
2021  3.579760E-05  3.579760E-07
2022  3.576200E-05  3.576200E-07
2023  3.572630E-05  3.572630E-07
2024  3.569070E-05  3.569070E-07
2025  3.565510E-05  3.565510E-07
2026  3.561950E-05  3.561950E-07
2027  3.558390E-05  3.558390E-07
2028  3.554830E-05  3.554830E-07
2029  3.551270E-05  3.551270E-07
2030  3.547710E-05  3.547710E-07
2031  3.544150E-05  3.544150E-07
2032  3.540590E-05  3.540590E-07
2033  3.537030E-05  3.537030E-07
2034  3.533470E-05  3.533470E-07
2035  3.529910E-05  3.529910E-07
2036  3.526350E-05  3.526350E-07
2037  3.522790E-05  3.522790E-07
2038  3.519230E-05  3.519230E-07
2039  3.515670E-05  3.515670E-07
2040  3.512110E-05  3.512100E-07
2041  3.508540E-05  3.508540E-07
2042  3.504980E-05  3.504980E-07
2043  3.501420E-05  3.501420E-07
2044  3.497860E-05  3.497860E-07
2045  3.494300E-05  3.494300E-07
2046  3.490740E-05  3.490740E-07
2047  3.487180E-05  3.487180E-07
2048  3.483620E-05  3.483620E-07
2049  3.480060E-05  3.480060E-07
2050  3.476500E-05  3.476500E-07
2051  3.472940E-05  3.472940E-07
2052  3.469380E-05  3.469380E-07
2053  3.465820E-05  3.465820E-07
2054  3.462260E-05  3.462260E-07
2055  3.458700E-05  3.458700E-07
2056  3.455140E-05  3.455140E-07
2057  3.451580E-05  3.451580E-07
2058  3.448010E-05  3.448010E-07
2059  3.444450E-05  3.444450E-07
2060  3.440890E-05  3.440890E-07
2061  3.437330E-05  3.437330E-07
2062  3.433770E-05  3.433770E-07
2063  3.430210E-05  3.430210E-07
2064  3.426650E-05  3.426650E-07
2065  3.423090E-05  3.423090E-07
2066  3.419530E-05  3.419530E-07
2067  3.415970E-05  3.415970E-07
2068  3.412410E-05  3.412410E-07
2069  3.408850E-05  3.408850E-07
2070  3.405290E-05  3.405290E-07
2071  3.401730E-05  3.401730E-07
2072  3.398170E-05  3.398170E-07
2073  3.394610E-05  3.394610E-07
2074  3.391050E-05  3.391050E-07
2075  3.387490E-05  3.387490E-07
2076  3.383920E-05  3.383920E-07
2077  3.380360E-05  3.380360E-07
2078  3.376800E-05  3.376800E-07
2079  3.373240E-05  3.373240E-07
2080  3.369680E-05  3.369680E-07
2081  3.366120E-05  3.366120E-07
2082  3.362560E-05  3.362560E-07
2083  3.359000E-05  3.359000E-07
2084  3.355440E-05  3.355440E-07
2085  3.351880E-05  3.351880E-07
2086  3.348320E-05  3.348320E-07
2087  3.344760E-05  3.344760E-07
2088  3.341200E-05  3.341200E-07
2089  3.337640E-05  3.337640E-07
2090  3.334080E-05  3.334080E-07
2091  3.330520E-05  3.330520E-07
2092  3.326960E-05  3.326960E-07
2093  3.323400E-05  3.323400E-07
2094  3.319830E-05  3.319830E-07
2095  3.316270E-05  3.316270E-07
2096  3.312710E-05  3.312710E-07
2097  3.309150E-05  3.309150E-07
2098  3.305590E-05  3.305590E-07
2099  3.302030E-05  3.302030E-07
2100  3.298470E-05  3.298470E-07
2101  3.294910E-05  3.294910E-07
2102  3.291350E-05  3.291350E-07
2103  3.287790E-05  3.287790E-07
2104  3.284230E-05  3.284230E-07
2105  3.280670E-05  3.280670E-07
2106  3.277110E-05  3.277110E-07
2107  3.273550E-05  3.273550E-07
2108  3.269990E-05  3.269990E-07
2109  3.266430E-05  3.266430E-07
2110  3.262870E-05  3.262870E-07
2111  3.259310E-05  3.259310E-07
2112  3.255740E-05  3.255740E-07
2113  3.252180E-05  3.252180E-07
2114  3.248620E-05  3.248620E-07
2115  3.245060E-05  3.245060E-07
2116  3.241500E-05  3.241500E-07
2117  3.237940E-05  3.237940E-07
2118  3.234380E-05  3.234380E-07
2119  3.230820E-05  3.230820E-07
2120  3.227260E-05  3.227260E-07
2121  3.223700E-05  3.223700E-07
2122  3.220140E-05  3.220140E-07
2123  3.216580E-05  3.216580E-07
2124  3.213020E-05  3.213020E-07
2125  3.209460E-05  3.209460E-07
2126  3.205900E-05  3.205900E-07
2127  3.202340E-05  3.202340E-07
2128  3.198780E-05  3.198780E-07
2129  3.195210E-05  3.195210E-07
2130  3.191650E-05  3.191650E-07
2131  3.188090E-05  3.188090E-07
2132  3.184530E-05  3.184530E-07
2133  3.180970E-05  3.180970E-07
2134  3.177410E-05  3.177410E-07
2135  3.173850E-05  3.173850E-07
2136  3.170290E-05  3.170290E-07
2137  3.166730E-05  3.166730E-07
2138  3.163170E-05  3.163170E-07
2139  3.159610E-05  3.159610E-07
2140  3.156050E-05  3.156050E-07
2141  3.152490E-05  3.152490E-07
2142  3.148930E-05  3.148930E-07
2143  3.145370E-05  3.145370E-07
2144  3.141810E-05  3.141810E-07
2145  3.138250E-05  3.138250E-07
2146  3.134690E-05  3.134690E-07
2147  3.131120E-05  3.131120E-07
2148  3.127560E-05  3.127560E-07
2149  3.124000E-05  3.124000E-07
2150  3.120440E-05  3.120440E-07
2151  3.116880E-05  3.116880E-07
2152  3.113320E-05  3.113320E-07
2153  3.109760E-05  3.109760E-07
2154  3.106200E-05  3.106200E-07
2155  3.102640E-05  3.102640E-07
2156  3.099080E-05  3.099080E-07
2157  3.095520E-05  3.095520E-07
2158  3.091960E-05  3.091960E-07
2159  3.088400E-05  3.088400E-07
2160  3.084840E-05  3.084840E-07
2161  3.081280E-05  3.081280E-07
2162  3.077720E-05  3.077720E-07
2163  3.074160E-05  3.074160E-07
2164  3.070600E-05  3.070600E-07
2165  3.067030E-05  3.067030E-07
2166  3.063470E-05  3.063470E-07
2167  3.059910E-05  3.059910E-07
2168  3.056350E-05  3.056350E-07
2169  3.052790E-05  3.052790E-07
2170  3.049230E-05  3.049230E-07
2171  3.045670E-05  3.045670E-07
2172  3.042110E-05  3.042110E-07
2173  3.038550E-05  3.038550E-07
2174  3.034990E-05  3.034990E-07
2175  3.031430E-05  3.031430E-07
2176  3.027870E-05  3.027870E-07
2177  3.024310E-05  3.024310E-07
2178  3.020750E-05  3.020750E-07
2179  3.017190E-05  3.017190E-07
2180  3.013630E-05  3.013630E-07
2181  3.010070E-05  3.010070E-07
2182  3.006510E-05  3.006510E-07
2183  3.002940E-05  3.002940E-07
2184  2.999380E-05  2.999380E-07
2185  2.995820E-05  2.995820E-07
2186  2.992260E-05  2.992260E-07
2187  2.988700E-05  2.988700E-07
2188  2.985140E-05  2.985140E-07
2189  2.981580E-05  2.981580E-07
2190  2.978020E-05  2.978020E-07
2191  2.974460E-05  2.974460E-07
2192  2.970900E-05  2.970900E-07
2193  2.967340E-05  2.967340E-07
2194  2.963780E-05  2.963780E-07
2195  2.960220E-05  2.960220E-07
2196  2.956660E-05  2.956660E-07
2197  2.953100E-05  2.953100E-07
2198  2.949540E-05  2.949540E-07
2199  2.945980E-05  2.945980E-07
2200  2.942420E-05  2.942410E-07
2201  2.938850E-05  2.938850E-07
2202  2.935290E-05  2.935290E-07
2203  2.931730E-05  2.931730E-07
2204  2.928170E-05  2.928170E-07
2205  2.924610E-05  2.924610E-07
2206  2.921050E-05  2.921050E-07
2207  2.917490E-05  2.917490E-07
2208  2.913930E-05  2.913930E-07
2209  2.910370E-05  2.910370E-07
2210  2.906810E-05  2.906810E-07
2211  2.903250E-05  2.903250E-07
2212  2.899690E-05  2.899690E-07
2213  2.896130E-05  2.896130E-07
2214  2.892570E-05  2.892570E-07
2215  2.889010E-05  2.889010E-07
2216  2.885450E-05  2.885450E-07
2217  2.881890E-05  2.881890E-07
2218  2.878320E-05  2.878320E-07
2219  2.874760E-05  2.874760E-07
2220  2.871200E-05  2.871200E-07
2221  2.867640E-05  2.867640E-07
2222  2.864080E-05  2.864080E-07
2223  2.860520E-05  2.860520E-07
2224  2.856960E-05  2.856960E-07
2225  2.853400E-05  2.853400E-07
2226  2.849840E-05  2.849840E-07
2227  2.846280E-05  2.846280E-07
2228  2.842720E-05  2.842720E-07
2229  2.839160E-05  2.839160E-07
2230  2.835600E-05  2.835600E-07
2231  2.832040E-05  2.832040E-07
2232  2.828480E-05  2.828480E-07
2233  2.824920E-05  2.824920E-07
2234  2.821360E-05  2.821360E-07
2235  2.817800E-05  2.817800E-07
2236  2.814230E-05  2.814230E-07
2237  2.810670E-05  2.810670E-07
2238  2.807110E-05  2.807110E-07
2239  2.803550E-05  2.803550E-07
2240  2.799990E-05  2.799990E-07
2241  2.796430E-05  2.796430E-07
2242  2.792870E-05  2.792870E-07
2243  2.789310E-05  2.789310E-07
2244  2.785750E-05  2.785750E-07
2245  2.782190E-05  2.782190E-07
2246  2.778630E-05  2.778630E-07
2247  2.775070E-05  2.775070E-07
2248  2.771510E-05  2.771510E-07
2249  2.767950E-05  2.767950E-07
2250  2.764390E-05  2.764390E-07
2251  2.760830E-05  2.760830E-07
2252  2.757270E-05  2.757270E-07
2253  2.753710E-05  2.753710E-07
2254  2.750140E-05  2.750140E-07
2255  2.746580E-05  2.746580E-07
2256  2.743020E-05  2.743020E-07
2257  2.739460E-05  2.739460E-07
2258  2.735900E-05  2.735900E-07
2259  2.732340E-05  2.732340E-07
2260  2.728780E-05  2.728780E-07
2261  2.725220E-05  2.725220E-07
2262  2.721660E-05  2.721660E-07
2263  2.718100E-05  2.718100E-07
2264  2.714540E-05  2.714540E-07
2265  2.710980E-05  2.710980E-07
2266  2.707420E-05  2.707420E-07
2267  2.703860E-05  2.703860E-07
2268  2.700300E-05  2.700300E-07
2269  2.696740E-05  2.696740E-07
2270  2.693180E-05  2.693180E-07
2271  2.689620E-05  2.689620E-07
2272  2.686050E-05  2.686050E-07
2273  2.682490E-05  2.682490E-07
2274  2.678930E-05  2.678930E-07
2275  2.675370E-05  2.675370E-07
2276  2.671810E-05  2.671810E-07
2277  2.668250E-05  2.668250E-07
2278  2.664690E-05  2.664690E-07
2279  2.661130E-05  2.661130E-07
2280  2.657570E-05  2.657570E-07
2281  2.654010E-05  2.654010E-07
2282  2.650450E-05  2.650450E-07
2283  2.646890E-05  2.646890E-07
2284  2.643330E-05  2.643330E-07
2285  2.639770E-05  2.639770E-07
2286  2.636210E-05  2.636210E-07
2287  2.632650E-05  2.632650E-07
2288  2.629090E-05  2.629090E-07
2289  2.625520E-05  2.625520E-07
2290  2.621960E-05  2.621960E-07
2291  2.618400E-05  2.618400E-07
2292  2.614840E-05  2.614840E-07
2293  2.611280E-05  2.611280E-07
2294  2.607720E-05  2.607720E-07
2295  2.604160E-05  2.604160E-07
2296  2.600600E-05  2.600600E-07
2297  2.597040E-05  2.597040E-07
2298  2.593480E-05  2.593480E-07
2299  2.589920E-05  2.589920E-07
2300  2.586360E-05  2.586360E-07
2301  2.582800E-05  2.582800E-07
2302  2.579240E-05  2.579240E-07
2303  2.575680E-05  2.575680E-07
2304  2.572120E-05  2.572120E-07
2305  2.568560E-05  2.568560E-07
2306  2.565000E-05  2.565000E-07
2307  2.561430E-05  2.561430E-07
2308  2.557870E-05  2.557870E-07
2309  2.554310E-05  2.554310E-07
2310  2.550750E-05  2.550750E-07
2311  2.547190E-05  2.547190E-07
2312  2.543630E-05  2.543630E-07
2313  2.540070E-05  2.540070E-07
2314  2.536510E-05  2.536510E-07
2315  2.532950E-05  2.532950E-07
2316  2.529390E-05  2.529390E-07
2317  2.525830E-05  2.525830E-07
2318  2.522270E-05  2.522270E-07
2319  2.518710E-05  2.518710E-07
2320  2.515150E-05  2.515150E-07
2321  2.511590E-05  2.511590E-07
2322  2.508030E-05  2.508030E-07
2323  2.504470E-05  2.504470E-07
2324  2.500910E-05  2.500910E-07
2325  2.497340E-05  2.497340E-07
2326  2.493780E-05  2.493780E-07
2327  2.490220E-05  2.490220E-07
2328  2.486660E-05  2.486660E-07
2329  2.483100E-05  2.483100E-07
2330  2.479540E-05  2.479540E-07
2331  2.475980E-05  2.475980E-07
2332  2.472420E-05  2.472420E-07
2333  2.468860E-05  2.468860E-07
2334  2.465300E-05  2.465300E-07
2335  2.461740E-05  2.461740E-07
2336  2.458180E-05  2.458180E-07
2337  2.454620E-05  2.454620E-07
2338  2.451060E-05  2.451060E-07
2339  2.447500E-05  2.447500E-07
2340  2.443940E-05  2.443940E-07
2341  2.440380E-05  2.440380E-07
2342  2.436820E-05  2.436820E-07
2343  2.433250E-05  2.433250E-07
2344  2.429690E-05  2.429690E-07
2345  2.426130E-05  2.426130E-07
2346  2.422570E-05  2.422570E-07
2347  2.419010E-05  2.419010E-07
2348  2.415450E-05  2.415450E-07
2349  2.411890E-05  2.411890E-07
2350  2.408330E-05  2.408330E-07
2351  2.404770E-05  2.404770E-07
2352  2.401210E-05  2.401210E-07
2353  2.397650E-05  2.397650E-07
2354  2.394090E-05  2.394090E-07
2355  2.390530E-05  2.390530E-07
2356  2.386970E-05  2.386970E-07
2357  2.383410E-05  2.383410E-07
2358  2.379850E-05  2.379850E-07
2359  2.376290E-05  2.376290E-07
2360  2.372720E-05  2.372730E-07
2361  2.369160E-05  2.369160E-07
2362  2.365600E-05  2.365600E-07
2363  2.362040E-05  2.362040E-07
2364  2.358480E-05  2.358480E-07
2365  2.354920E-05  2.354920E-07
2366  2.351360E-05  2.351360E-07
2367  2.347800E-05  2.347800E-07
2368  2.344240E-05  2.344240E-07
2369  2.340680E-05  2.340680E-07
2370  2.337120E-05  2.337120E-07
2371  2.333560E-05  2.333560E-07
2372  2.330000E-05  2.330000E-07
2373  2.326440E-05  2.326440E-07
2374  2.322880E-05  2.322880E-07
2375  2.319320E-05  2.319320E-07
2376  2.315760E-05  2.315760E-07
2377  2.312200E-05  2.312200E-07
2378  2.308630E-05  2.308630E-07
2379  2.305070E-05  2.305070E-07
2380  2.301510E-05  2.301510E-07
2381  2.297950E-05  2.297950E-07
2382  2.294390E-05  2.294390E-07
2383  2.290830E-05  2.290830E-07
2384  2.287270E-05  2.287270E-07
2385  2.283710E-05  2.283710E-07
2386  2.280150E-05  2.280150E-07
2387  2.276590E-05  2.276590E-07
2388  2.273030E-05  2.273030E-07
2389  2.269470E-05  2.269470E-07
2390  2.265910E-05  2.265910E-07
2391  2.262350E-05  2.262350E-07
2392  2.258790E-05  2.258790E-07
2393  2.255230E-05  2.255230E-07
2394  2.251670E-05  2.251670E-07
2395  2.248110E-05  2.248110E-07
2396  2.244540E-05  2.244540E-07
2397  2.240980E-05  2.240980E-07
2398  2.237420E-05  2.237420E-07
2399  2.233860E-05  2.233860E-07
2400  2.230300E-05  2.230300E-07
2401  2.226740E-05  2.226740E-07
2402  2.223180E-05  2.223180E-07
2403  2.219620E-05  2.219620E-07
2404  2.216060E-05  2.216060E-07
2405  2.212500E-05  2.212500E-07
2406  2.208940E-05  2.208940E-07
2407  2.205380E-05  2.205380E-07
2408  2.201820E-05  2.201820E-07
2409  2.198260E-05  2.198260E-07
2410  2.194700E-05  2.194700E-07
2411  2.191140E-05  2.191140E-07
2412  2.187580E-05  2.187580E-07
2413  2.184020E-05  2.184020E-07
2414  2.180450E-05  2.180450E-07
2415  2.176890E-05  2.176890E-07
2416  2.173330E-05  2.173330E-07
2417  2.169770E-05  2.169770E-07
2418  2.166210E-05  2.166210E-07
2419  2.162650E-05  2.162650E-07
2420  2.159090E-05  2.159090E-07
2421  2.155530E-05  2.155530E-07
2422  2.151970E-05  2.151970E-07
2423  2.148410E-05  2.148410E-07
2424  2.144850E-05  2.144850E-07
2425  2.141290E-05  2.141290E-07
2426  2.137730E-05  2.137730E-07
2427  2.134170E-05  2.134170E-07
2428  2.130610E-05  2.130610E-07
2429  2.127050E-05  2.127050E-07
2430  2.123490E-05  2.123490E-07
2431  2.119930E-05  2.119930E-07
2432  2.116360E-05  2.116360E-07
2433  2.112800E-05  2.112800E-07
2434  2.109240E-05  2.109240E-07
2435  2.105680E-05  2.105680E-07
2436  2.102120E-05  2.102120E-07
2437  2.098560E-05  2.098560E-07
2438  2.095000E-05  2.095000E-07
2439  2.091440E-05  2.091440E-07
2440  2.087880E-05  2.087880E-07
2441  2.084320E-05  2.084320E-07
2442  2.080760E-05  2.080760E-07
2443  2.077200E-05  2.077200E-07
2444  2.073640E-05  2.073640E-07
2445  2.070080E-05  2.070080E-07
2446  2.066520E-05  2.066520E-07
2447  2.062960E-05  2.062960E-07
2448  2.059400E-05  2.059400E-07
2449  2.055830E-05  2.055830E-07
2450  2.052270E-05  2.052270E-07
2451  2.048710E-05  2.048710E-07
2452  2.045150E-05  2.045150E-07
2453  2.041590E-05  2.041590E-07
2454  2.038030E-05  2.038030E-07
2455  2.034470E-05  2.034470E-07
2456  2.030910E-05  2.030910E-07
2457  2.027350E-05  2.027350E-07
2458  2.023790E-05  2.023790E-07
2459  2.020230E-05  2.020230E-07
2460  2.016670E-05  2.016670E-07
2461  2.013110E-05  2.013110E-07
2462  2.009550E-05  2.009550E-07
2463  2.005990E-05  2.005990E-07
2464  2.002430E-05  2.002430E-07
2465  1.998870E-05  1.998870E-07
2466  1.995310E-05  1.995310E-07
2467  1.991740E-05  1.991740E-07
2468  1.988180E-05  1.988180E-07
2469  1.984620E-05  1.984620E-07
2470  1.981060E-05  1.981060E-07
2471  1.977500E-05  1.977500E-07
2472  1.973940E-05  1.973940E-07
2473  1.970380E-05  1.970380E-07
2474  1.966820E-05  1.966820E-07
2475  1.963260E-05  1.963260E-07
2476  1.959700E-05  1.959700E-07
2477  1.956140E-05  1.956140E-07
2478  1.952580E-05  1.952580E-07
2479  1.949020E-05  1.949020E-07
2480  1.945460E-05  1.945460E-07
2481  1.941900E-05  1.941900E-07
2482  1.938340E-05  1.938340E-07
2483  1.934780E-05  1.934780E-07
2484  1.931220E-05  1.931220E-07
2485  1.927650E-05  1.927650E-07
2486  1.924090E-05  1.924090E-07
2487  1.920530E-05  1.920530E-07
2488  1.916970E-05  1.916970E-07
2489  1.913410E-05  1.913410E-07
2490  1.909850E-05  1.909850E-07
2491  1.906290E-05  1.906290E-07
2492  1.902730E-05  1.902730E-07
2493  1.899170E-05  1.899170E-07
2494  1.895610E-05  1.895610E-07
2495  1.892050E-05  1.892050E-07
2496  1.888490E-05  1.888490E-07
2497  1.884930E-05  1.884930E-07
2498  1.881370E-05  1.881370E-07
2499  1.877810E-05  1.877810E-07
2500  1.874250E-05  1.874250E-07
2501  1.870690E-05  1.870690E-07
2502  1.867130E-05  1.867130E-07
2503  1.863560E-05  1.863560E-07
2504  1.860000E-05  1.860000E-07
2505  1.856440E-05  1.856440E-07
2506  1.852880E-05  1.852880E-07
2507  1.849320E-05  1.849320E-07
2508  1.845760E-05  1.845760E-07
2509  1.842200E-05  1.842200E-07
2510  1.838640E-05  1.838640E-07
2511  1.835080E-05  1.835080E-07
2512  1.831520E-05  1.831520E-07
2513  1.827960E-05  1.827960E-07
2514  1.824400E-05  1.824400E-07
2515  1.820840E-05  1.820840E-07
2516  1.817280E-05  1.817280E-07
2517  1.813720E-05  1.813720E-07
2518  1.810160E-05  1.810160E-07
2519  1.806600E-05  1.806600E-07
2520  1.803030E-05  1.803030E-07
2521  1.799470E-05  1.799470E-07
2522  1.795910E-05  1.795910E-07
2523  1.792350E-05  1.792350E-07
2524  1.788790E-05  1.788790E-07
2525  1.785230E-05  1.785230E-07
2526  1.781670E-05  1.781670E-07
2527  1.778110E-05  1.778110E-07
2528  1.774550E-05  1.774550E-07
2529  1.770990E-05  1.770990E-07
2530  1.767430E-05  1.767430E-07
2531  1.763870E-05  1.763870E-07
2532  1.760310E-05  1.760310E-07
2533  1.756750E-05  1.756750E-07
2534  1.753190E-05  1.753190E-07
2535  1.749630E-05  1.749630E-07
2536  1.746070E-05  1.746070E-07
2537  1.742510E-05  1.742510E-07
2538  1.738940E-05  1.738940E-07
2539  1.735380E-05  1.735380E-07
2540  1.731820E-05  1.731820E-07
2541  1.728260E-05  1.728260E-07
2542  1.724700E-05  1.724700E-07
2543  1.721140E-05  1.721140E-07
2544  1.717580E-05  1.717580E-07
2545  1.714020E-05  1.714020E-07
2546  1.710460E-05  1.710460E-07
2547  1.706900E-05  1.706900E-07
2548  1.703340E-05  1.703340E-07
2549  1.699780E-05  1.699780E-07
2550  1.696220E-05  1.696220E-07
2551  1.692660E-05  1.692660E-07
2552  1.689100E-05  1.689100E-07
2553  1.685540E-05  1.685540E-07
2554  1.681980E-05  1.681980E-07
2555  1.678420E-05  1.678420E-07
2556  1.674850E-05  1.674850E-07
2557  1.671290E-05  1.671290E-07
2558  1.667730E-05  1.667730E-07
2559  1.664170E-05  1.664170E-07
2560  1.660610E-05  1.660610E-07
2561  1.657050E-05  1.657050E-07
2562  1.653490E-05  1.653490E-07
2563  1.649930E-05  1.649930E-07
2564  1.646370E-05  1.646370E-07
2565  1.642810E-05  1.642810E-07
2566  1.639250E-05  1.639250E-07
2567  1.635690E-05  1.635690E-07
2568  1.632130E-05  1.632130E-07
2569  1.628570E-05  1.628570E-07
2570  1.625010E-05  1.625010E-07
2571  1.621450E-05  1.621450E-07
2572  1.617890E-05  1.617890E-07
2573  1.614330E-05  1.614330E-07
2574  1.610760E-05  1.610760E-07
2575  1.607200E-05  1.607200E-07
2576  1.603640E-05  1.603640E-07
2577  1.600080E-05  1.600080E-07
2578  1.596520E-05  1.596520E-07
2579  1.592960E-05  1.592960E-07
2580  1.589400E-05  1.589400E-07
2581  1.585840E-05  1.585840E-07
2582  1.582280E-05  1.582280E-07
2583  1.578720E-05  1.578720E-07
2584  1.575160E-05  1.575160E-07
2585  1.571600E-05  1.571600E-07
2586  1.568040E-05  1.568040E-07
2587  1.564480E-05  1.564480E-07
2588  1.560920E-05  1.560920E-07
2589  1.557360E-05  1.557360E-07
2590  1.553800E-05  1.553800E-07
2591  1.550240E-05  1.550230E-07
2592  1.546670E-05  1.546670E-07
2593  1.543110E-05  1.543110E-07
2594  1.539550E-05  1.539550E-07
2595  1.535990E-05  1.535990E-07
2596  1.532430E-05  1.532430E-07
2597  1.528870E-05  1.528870E-07
2598  1.525310E-05  1.525310E-07
2599  1.521750E-05  1.521750E-07
2600  1.518190E-05  1.518190E-07
