1.0 0.00902854791596
2.0 0.00439083168041
3.0 0.00288012948766
4.0 0.00213538368493
5.0 0.00169312787352
6.0 0.00140068854657
7.0 0.00119321112023
8.0 0.00103849905587
9.0 0.000918772494056
10.0 0.000823418767126
11.0 0.000745715206951
12.0 0.000681198357764
13.0 0.000626789573527
14.0 0.000580297260724
15.0 0.000540119257918
16.0 0.000505057413905
17.0 0.000474197961162
18.0 0.000446831982576
19.0 0.000422401132829
20.0 0.000400459734403
21.0 0.000380647764442
22.0 0.000362671250797
23.0 0.000346287811502
24.0 0.000331295830278
25.0 0.000317526245035
26.0 0.000304836242432
27.0 0.000293104361878
28.0 0.000282226654898
29.0 0.00027211364382
30.0 0.000262687892362
31.0 0.000253882049239
32.0 0.000245637260807
33.0 0.000237901874048
34.0 0.000230630369835
35.0 0.000223782480171
36.0 0.00021732245345
37.0 0.000211218439593
38.0 0.000205441972866
39.0 0.000199967534745
40.0 0.000194772182759
41.0 0.000189835233985
42.0 0.00018513799403
43.0 0.000180663524072
44.0 0.000176396439859
45.0 0.000172322737678
46.0 0.000168429643161
47.0 0.000164705479516
48.0 0.000161139552329
49.0 0.000157722048565
50.0 0.000154443947758
51.0 0.00015129694372
52.0 0.000148273375336
53.0 0.000145366165248
54.0 0.000142568765386
55.0 0.000139875108492
56.0 0.000137279564856
57.0 0.000134776903644
58.0 0.000132362258248
59.0 0.000130031095185
60.0 0.000127779186124
61.0 0.000125602582679
62.0 0.000123497593662
63.0 0.000121460764516
64.0 0.000119488858679
65.0 0.000117578840695
66.0 0.000115727860856
67.0 0.000113933241233
68.0 0.000112192462954
69.0 0.000110503154583
70.0 0.000108863081509
71.0 0.000107270136238
72.0 0.000105722329499
73.0 0.000104217782077
74.0 0.000102754717327
75.0 0.000101331454278
76.0 9.99464012951e-05
77.0 9.85980502268e-05
78.0 9.7284971018e-05
79.0 9.60058067258e-05
80.0 9.47592689159e-05
81.0 3.65129516748e-05
82.0 3.46228010856e-05
83.0 3.35737718577e-05
84.0 3.20258533808e-05
85.0 3.1112538601e-05
86.0 2.97677951345e-05
87.0 2.90349620396e-05
88.0 2.7979713103e-05
89.0 2.73180222101e-05
90.0 2.63715138528e-05
91.0 2.57772480418e-05
92.0 2.50493685576e-05
93.0 2.45574109172e-05
94.0 2.38803665143e-05
95.0 2.34249918047e-05
96.0 2.28099075265e-05
97.0 2.2518245161e-05
98.0 2.19711138544e-05
99.0 2.15921143146e-05
100.0 2.10818831096e-05
101.0 2.07272157659e-05
102.0 2.02502647064e-05
103.0 1.99176882354e-05
104.0 1.94786047943e-05
105.0 1.91733951771e-05
106.0 1.8767909878e-05
107.0 1.84803074825e-05
108.0 1.80985938818e-05
109.0 1.78271961773e-05
110.0 1.74673837955e-05
111.0 1.72173914394e-05
112.0 1.68897968629e-05
113.0 1.66529197896e-05
114.0 1.63426422983e-05
115.0 1.61178853824e-05
116.0 1.58237598938e-05
117.0 1.56103157838e-05
118.0 1.53311371793e-05
119.0 1.51331182217e-05
120.0 1.48770004226e-05
121.0 1.46882724224e-05
122.0 1.44443081249e-05
123.0 1.42643121131e-05
124.0 1.40317076074e-05
125.0 1.38598515615e-05
126.0 1.36378801285e-05
127.0 1.34737300422e-05
128.0 1.32658358884e-05
129.0 1.31127747463e-05
130.0 1.29177150873e-05
131.0 1.27710835002e-05
132.0 1.25841821362e-05
133.0 1.2443610646e-05
134.0 1.22644285607e-05
135.0 1.21295444901e-05
136.0 1.195767286e-05
137.0 1.18281884908e-05
138.0 1.1663189674e-05
139.0 1.15418362891e-05
140.0 1.13892349394e-05
141.0 1.12724639215e-05
142.0 1.11255943335e-05
143.0 1.10131438515e-05
144.0 1.08717108396e-05
145.0 1.07633857401e-05
146.0 1.06271361591e-05
147.0 1.05227288301e-05
148.0 1.03914241234e-05
149.0 1.02907398343e-05
150.0 1.01640901272e-05
151.0 1.00669683652e-05
152.0 9.94952050238e-06
153.0 9.85804251821e-06
154.0 9.74454690592e-06
155.0 9.65610017316e-06
156.0 9.5463743827e-06
157.0 9.46083992937e-06
158.0 9.35471179215e-06
159.0 9.27195789235e-06
160.0 9.16926519657e-06
161.0 9.08918559379e-06
162.0 8.98977503346e-06
163.0 8.9122338219e-06
164.0 8.81599510293e-06
165.0 8.74088127127e-06
166.0 8.64765885009e-06
167.0 8.57685008859e-06
168.0 8.49032072981e-06
169.0 8.42161975409e-06
170.0 8.33766477418e-06
171.0 8.27098496928e-06
172.0 8.1894839039e-06
173.0 8.12474334606e-06
174.0 8.04559736758e-06
175.0 7.98271834344e-06
176.0 7.90584786986e-06
177.0 7.84475645319e-06
178.0 7.77007140647e-06
179.0 7.71071104133e-06
180.0 7.63812563753e-06
181.0 7.58042871926e-06
182.0 7.50986144806e-06
183.0 7.45375081626e-06
184.0 7.38513708888e-06
185.0 7.33057744704e-06
186.0 7.26664850884e-06
187.0 7.21492122459e-06
188.0 7.15266405133e-06
189.0 7.10229603916e-06
190.0 7.04165007334e-06
191.0 6.99258042572e-06
192.0 6.9334880678e-06
193.0 6.88567046947e-06
194.0 6.82809913857e-06
195.0 6.78148915496e-06
196.0 6.7253630894e-06
197.0 6.68874975229e-06
198.0 6.63391607392e-06
199.0 6.62156790334e-06
200.0 6.56764766778e-06
201.0 6.55620013958e-06
202.0 6.50317244395e-06
203.0 6.49259371742e-06
204.0 6.44041770859e-06
205.0 6.43344954425e-06
206.0 6.38206840534e-06
207.0 6.37816239391e-06
208.0 6.34628222847e-06
209.0 6.34324875171e-06
210.0 6.31184524542e-06
211.0 6.30967054716e-06
212.0 6.2787281622e-06
213.0 6.27737821876e-06
214.0 6.24688209387e-06
215.0 6.24206940517e-06
216.0 6.21202578877e-06
217.0 6.21073560204e-06
218.0 6.18111724607e-06
219.0 6.18062541518e-06
220.0 6.15141881024e-06
221.0 6.15171411825e-06
222.0 6.12290623609e-06
223.0 6.1244424991e-06
224.0 6.09601861621e-06
225.0 6.09800323788e-06
226.0 6.06995273346e-06
227.0 6.07214034915e-06
228.0 6.04445404855e-06
229.0 6.0473949357e-06
230.0 6.02006145956e-06
231.0 6.02375851317e-06
232.0 5.99676681475e-06
233.0 6.00122386389e-06
234.0 5.97456321209e-06
235.0 5.97798102273e-06
236.0 5.95164892658e-06
237.0 5.9566949659e-06
238.0 5.93067736529e-06
239.0 5.93649331756e-06
240.0 5.91078028032e-06
241.0 5.91731581283e-06
242.0 5.89189791208e-06
243.0 5.89915934312e-06
244.0 5.87402739737e-06
245.0 5.88208014849e-06
246.0 5.85722496314e-06
247.0 5.86349839265e-06
248.0 5.83892180017e-06
249.0 5.84536239161e-06
250.0 5.82105808593e-06
251.0 5.82819369708e-06
252.0 5.80415337299e-06
253.0 5.8119552547e-06
254.0 5.78817095507e-06
255.0 5.79664618069e-06
256.0 5.77311013885e-06
257.0 5.78225440308e-06
258.0 5.75895908196e-06
259.0 5.76906417067e-06
260.0 5.7460010723e-06
261.0 5.75115903197e-06
262.0 5.72834330126e-06
263.0 5.73421172494e-06
264.0 5.71163584973e-06
265.0 5.71805905319e-06
266.0 5.69571632815e-06
267.0 5.7027114201e-06
268.0 5.68059525007e-06
269.0 5.68815480474e-06
270.0 5.66625879537e-06
271.0 5.67438842464e-06
272.0 5.65270632599e-06
273.0 5.66094454615e-06
274.0 5.63947201759e-06
275.0 5.64132684201e-06
276.0 5.62008407008e-06
277.0 5.62303995078e-06
278.0 5.60201866262e-06
279.0 5.60544323397e-06
280.0 5.58463770938e-06
281.0 5.58849318813e-06
282.0 5.56789798902e-06
283.0 5.57219929235e-06
284.0 5.55180906115e-06
285.0 5.55651809398e-06
286.0 5.53632774347e-06
287.0 5.54148672347e-06
288.0 5.5214911389e-06
289.0 5.52561997801e-06
290.0 5.50581946525e-06
291.0 5.49286766551e-06
292.0 5.47331956016e-06
293.0 5.4765611767e-06
294.0 5.45720399945e-06
295.0 5.46077130124e-06
296.0 5.4416006635e-06
297.0 5.44554893796e-06
298.0 5.42656036254e-06
299.0 5.43087729234e-06
300.0 5.41189383326e-06
301.0 5.41658109735e-06
302.0 5.39793219767e-06
303.0 5.40299117074e-06
304.0 5.38451147136e-06
305.0 5.38994419984e-06
306.0 5.37162963586e-06
307.0 5.37743842518e-06
308.0 5.35928503666e-06
309.0 5.36545818007e-06
