1.0 0.000255379958409
2.0 0.000175674149815
3.0 0.000141173275155
4.0 0.000120914382364
5.0 0.000107250332797
6.0 9.72642967504e-05
7.0 8.95727850102e-05
8.0 8.34249560433e-05
9.0 7.83738443049e-05
10.0 7.41347390209e-05
11.0 7.05166312036e-05
12.0 6.73860052731e-05
13.0 6.46463696138e-05
14.0 6.22260357306e-05
15.0 6.00704873891e-05
16.0 5.81374334759e-05
17.0 5.63934966885e-05
18.0 5.48119353759e-05
19.0 5.33710382231e-05
20.0 5.20529690273e-05
21.0 5.08429197458e-05
22.0 4.97284791551e-05
23.0 4.86991551605e-05
24.0 4.77460084663e-05
25.0 4.68613681923e-05
26.0 4.60386086346e-05
27.0 4.52719722294e-05
28.0 4.45564278367e-05
29.0 4.38875563137e-05
30.0 4.32614573818e-05
31.0 4.26746732623e-05
32.0 4.2124125626e-05
33.0 4.16070632028e-05
34.0 4.11210179834e-05
35.0 4.06637683997e-05
36.0 4.02333082058e-05
37.0 3.98278200467e-05
38.0 3.94456529024e-05
39.0 3.90853027542e-05
40.0 3.87453959415e-05
41.0 3.84246747802e-05
42.0 3.81219850855e-05
43.0 3.78362653096e-05
44.0 3.75665370527e-05
45.0 3.73118967461e-05
46.0 3.70715083393e-05
47.0 3.68445968525e-05
48.0 3.66304426738e-05
49.0 3.64283765023e-05
50.0 3.6237774852e-05
51.0 3.60580560442e-05
52.0 3.58886766263e-05
53.0 3.57291281643e-05
54.0 3.5578934364e-05
55.0 3.54376484804e-05
56.0 3.53048509832e-05
57.0 3.51801474471e-05
58.0 3.50631666427e-05
59.0 3.4953558805e-05
60.0 3.48509940607e-05
61.0 3.47551609963e-05
62.0 3.46657653532e-05
63.0 3.45825288354e-05
64.0 3.45051880194e-05
65.0 3.44334933554e-05
66.0 3.43672082508e-05
67.0 3.43061082277e-05
68.0 3.42499801485e-05
69.0 3.41986215011e-05
70.0 3.41518397401e-05
71.0 3.41094516783e-05
72.0 3.40712829227e-05
73.0 3.40371673533e-05
74.0 3.40069466387e-05
75.0 3.39804697872e-05
76.0 3.39575927287e-05
77.0 3.39381779264e-05
78.0 3.39220940145e-05
79.0 3.39092154606e-05
80.0 3.38994222506e-05
81.0 9.99583624304e-06
82.0 9.50195652123e-06
83.0 9.26346367815e-06
84.0 8.86464987756e-06
85.0 8.65838032144e-06
86.0 8.31293205844e-06
87.0 8.15444226099e-06
88.0 7.89094998489e-06
89.0 7.74760577652e-06
90.0 7.51080894881e-06
91.0 7.38239010899e-06
92.0 7.20847563817e-06
93.0 7.10730854246e-06
94.0 6.94400947305e-06
95.0 6.84982432291e-06
96.0 6.70139550901e-06
97.0 6.65649232768e-06
98.0 6.52577298767e-06
99.0 6.44851639227e-06
100.0 6.32572695006e-06
101.0 6.25293308834e-06
102.0 6.13730221584e-06
103.0 6.06856200186e-06
104.0 5.96205389794e-06
105.0 5.8995052838e-06
106.0 5.80109061933e-06
107.0 5.74172178182e-06
108.0 5.64836851211e-06
109.0 5.59193959857e-06
110.0 5.50328002677e-06
111.0 5.45185473462e-06
112.0 5.37181817487e-06
113.0 5.32273477103e-06
114.0 5.24633293609e-06
115.0 5.19941649495e-06
116.0 5.12643869642e-06
117.0 5.08156451472e-06
118.0 5.01176592113e-06
119.0 4.97059969588e-06
120.0 4.90715842932e-06
121.0 4.86763466994e-06
122.0 4.80673647489e-06
123.0 4.76877342957e-06
124.0 4.71026672263e-06
125.0 4.67375964581e-06
126.0 4.61750515263e-06
127.0 4.58239897646e-06
128.0 4.52984318764e-06
129.0 4.4975526164e-06
130.0 4.44837614853e-06
131.0 4.4172298018e-06
132.0 4.36974871491e-06
133.0 4.33968750169e-06
134.0 4.29382655521e-06
135.0 4.26478353469e-06
136.0 4.22047212687e-06
137.0 4.19240785025e-06
138.0 4.14955708285e-06
139.0 4.12364427175e-06
140.0 4.08457735574e-06
141.0 4.05947925621e-06
142.0 4.02160164057e-06
143.0 3.99727071004e-06
144.0 3.96052867033e-06
145.0 3.93694048931e-06
146.0 3.90129302296e-06
147.0 3.87841446062e-06
148.0 3.84382249295e-06
149.0 3.82162225535e-06
150.0 3.78802105074e-06
151.0 3.76647890608e-06
152.0 3.73586482865e-06
153.0 3.71592933913e-06
154.0 3.68613982762e-06
155.0 3.66674439525e-06
156.0 3.63774652668e-06
157.0 3.61887802991e-06
158.0 3.59064047002e-06
159.0 3.57227803286e-06
160.0 3.54477107968e-06
161.0 3.52690286922e-06
162.0 3.50009821914e-06
163.0 3.48269722835e-06
164.0 3.45658342946e-06
165.0 3.43963170836e-06
166.0 3.41417493323e-06
167.0 3.39855803963e-06
168.0 3.37547679739e-06
169.0 3.36024216451e-06
170.0 3.33770691531e-06
171.0 3.32284088851e-06
172.0 3.30082547973e-06
173.0 3.28631509348e-06
174.0 3.26480163354e-06
175.0 3.25063451875e-06
176.0 3.22961263401e-06
177.0 3.21577693679e-06
178.0 3.19522995375e-06
179.0 3.18172088087e-06
180.0 3.16163278572e-06
181.0 3.14843922118e-06
182.0 3.12879471208e-06
183.0 3.11589976517e-06
184.0 3.0966904827e-06
185.0 3.08409653903e-06
186.0 3.06668696607e-06
187.0 3.05505136695e-06
188.0 3.03799975849e-06
189.0 3.0266211225e-06
190.0 3.00991646764e-06
191.0 2.99878091175e-06
192.0 2.9824127111e-06
193.0 2.97151274857e-06
194.0 2.95548228245e-06
195.0 2.94481066414e-06
196.0 2.92909658567e-06
197.0 2.92317920621e-06
198.0 2.90773519476e-06
199.0 2.91407520817e-06
200.0 2.89876088993e-06
201.0 2.90543978293e-06
202.0 2.89025463472e-06
203.0 2.89726798039e-06
204.0 2.88220055371e-06
205.0 2.89102368539e-06
206.0 2.87605828712e-06
207.0 2.88644620082e-06
208.0 2.8817216065e-06
209.0 2.8925947127e-06
210.0 2.88797031785e-06
211.0 2.89933616325e-06
212.0 2.89481052998e-06
213.0 2.90666537565e-06
214.0 2.90223715646e-06
215.0 2.91217594238e-06
216.0 2.90784426342e-06
217.0 2.9197977715e-06
218.0 2.91556107153e-06
219.0 2.92801704045e-06
220.0 2.92387414682e-06
221.0 2.93684119058e-06
222.0 2.93279100835e-06
223.0 2.9465528183e-06
224.0 2.94259432727e-06
225.0 2.95670066748e-06
226.0 2.95283293677e-06
227.0 2.96714508912e-06
228.0 2.9633672277e-06
229.0 2.97822784082e-06
230.0 2.97453902722e-06
231.0 2.98996600939e-06
232.0 2.98636549227e-06
233.0 3.00237783142e-06
234.0 2.99886492918e-06
235.0 3.01433612252e-06
236.0 3.01090997586e-06
237.0 3.02753690515e-06
238.0 3.02419702524e-06
239.0 3.04145612936e-06
240.0 3.03820199769e-06
241.0 3.05607844068e-06
242.0 3.05290959591e-06
243.0 3.07142536301e-06
244.0 3.06834140892e-06
245.0 3.08755913425e-06
246.0 3.08455975504e-06
247.0 3.10273928598e-06
248.0 3.09982351041e-06
249.0 3.11827680182e-06
250.0 3.11544413638e-06
251.0 3.13454780569e-06
252.0 3.13179795241e-06
253.0 3.15155001083e-06
254.0 3.14888272037e-06
255.0 3.16930652885e-06
256.0 3.16672161094e-06
257.0 3.18783296416e-06
258.0 3.18533028335e-06
259.0 3.20736416877e-06
260.0 3.20494377028e-06
261.0 3.2235052754e-06
262.0 3.22116461153e-06
263.0 3.24042042206e-06
264.0 3.23815929416e-06
265.0 3.25800948763e-06
266.0 3.25582767577e-06
267.0 3.27630159761e-06
268.0 3.27419893597e-06
269.0 3.29530764413e-06
270.0 3.29328400892e-06
271.0 3.31504911003e-06
272.0 3.31310442588e-06
273.0 3.33517105338e-06
274.0 3.33330501613e-06
275.0 3.3503718351e-06
276.0 3.34858014938e-06
277.0 3.36667176968e-06
278.0 3.36495450819e-06
279.0 3.38357137881e-06
280.0 3.38192827406e-06
281.0 3.40105196274e-06
282.0 3.39948275788e-06
283.0 3.41913891889e-06
284.0 3.41764340126e-06
285.0 3.43781250565e-06
286.0 3.43639046924e-06
287.0 3.45712242001e-06
288.0 3.45577372199e-06
289.0 3.47576519506e-06
290.0 3.47448858568e-06
291.0 3.47926732646e-06
292.0 3.47804883439e-06
293.0 3.49743384815e-06
294.0 3.49628542549e-06
295.0 3.51611510059e-06
296.0 3.51503650231e-06
297.0 3.53537280878e-06
298.0 3.534363862e-06
299.0 3.55520748421e-06
300.0 3.4906168888e-06
301.0 3.50699104673e-06
302.0 3.50182943556e-06
303.0 3.51858287065e-06
304.0 3.51344651109e-06
305.0 3.5305906529e-06
306.0 3.52547543067e-06
307.0 3.54301700897e-06
308.0 3.53792628244e-06
309.0 3.55586647432e-06
