1.99881409372
50 0.00127517252465
51 0.00183340025495
52 0.00256535016687
53 0.00350063715378
54 0.00467813485324
55 0.00612247841191
56 0.00787994967667
57 0.00995312185345
58 0.0123892991356
59 0.0151980470078
60 0.0183731807636
61 0.0219809854059
62 0.0260242100223
63 0.0304279248099
64 0.0352810503574
65 0.0405682235497
66 0.046260106863
67 0.0523123467089
68 0.0587873235154
69 0.0656516520772
70 0.072860247702
71 0.0803561509435
72 0.0882542699465
73 0.0963244731814
74 0.104695107092
75 0.113319656501
76 0.122144384792
77 0.131054095064
78 0.140203870098
79 0.149524206459
80 0.158933294466
81 0.168442279537
82 0.178037188088
83 0.18770864118
84 0.197411227841
85 0.207096896821
86 0.21685067242
87 0.226544071156
88 0.236227385158
89 0.245863169074
90 0.25546585231
91 0.265001572931
92 0.274492639979
93 0.283850251723
94 0.293160199467
95 0.302334383577
96 0.311471049549
97 0.320416388801
98 0.329275519144
99 0.338027383055
100 0.346650692209
101 0.355197919359
102 0.363577129727
103 0.37176673572
104 0.379903328277
105 0.387894760181
106 0.395724548052
107 0.403460223116
108 0.411004669298
109 0.418428707305
110 0.425720819037
111 0.432869531393
112 0.439954982147
113 0.446784225246
114 0.453624919146
115 0.460187023032
116 0.466746780932
117 0.473104491841
118 0.479349150216
119 0.485474038138
120 0.491472500923
121 0.497337959076
122 0.503063920228
123 0.508749833648
124 0.514285854379
125 0.5196657244
126 0.52499253503
127 0.530153201247
128 0.535253132838
129 0.5401772151
130 0.545033105905
131 0.549818165433
132 0.554529774776
133 0.559049012396
134 0.563605012652
135 0.567961692582
136 0.57223291932
137 0.57641626883
138 0.580630143128
139 0.584631448445
140 0.588537815944
141 0.592470233568
142 0.596304802339
143 0.600039290505
144 0.603671514728
145 0.607199342214
146 0.610747743781
147 0.614061280869
148 0.617521215547
149 0.620742268045
150 0.623980085555
151 0.627104277388
152 0.630244077736
153 0.633267804874
154 0.636306007288
155 0.639225755577
156 0.642025290274
157 0.644837057514
158 0.647526385928
159 0.650226904036
160 0.652938658986
161 0.655525309349
162 0.658122182918
163 0.660591878342
164 0.663070819361
165 0.665420594735
166 0.667778676474
167 0.670145094393
168 0.672379984977
169 0.674622309954
170 0.676731296277
171 0.67898809626
172 0.681110695905
173 0.683097792373
174 0.68523320656
175 0.687232298544
176 0.689093838799
177 0.691104163947
178 0.692976163446
179 0.694853219903
180 0.696590419869
181 0.698477239791
182 0.700223474753
183 0.701974063229
184 0.703582635116
185 0.705341598223
186 0.706957864323
187 0.708577823265
188 0.710201483703
189 0.711828854306
190 0.713311539753
191 0.714797303998
192 0.716286153625
193 0.717778095225
194 0.719273135398
195 0.720621356959
196 0.722122302047
197 0.723475847637
198 0.724831922398
199 0.726190531208
200 0.727400345747
201 0.728763753844
202 0.729977841043
203 0.731193944025
204 0.732564441431
205 0.733784840081
206 0.734854382435
207 0.736078583334
208 0.737304817425
209 0.738379472379
210 0.739455688026
211 0.740687530363
212 0.741767098903
213 0.742848235578
214 0.743930942764
215 0.744860259662
216 0.745945889287
217 0.747033096224
218 0.747966273935
219 0.74905641598
220 0.749992112056
221 0.750928972603
222 0.751866999143
223 0.7528061932
224 0.753746556298
225 0.754688089959
226 0.755630795707
227 0.756417309209
228 0.757362167258
229 0.758150475545
230 0.759097491038
231 0.759887598424
232 0.760678524767
233 0.761628687287
234 0.762421418991
235 0.763214972501
236 0.764009348707
237 0.764804548494
238 0.765441330868
239 0.76623801484
240 0.767035524864
241 0.767833861816
242 0.768473154395
243 0.769272981527
244 0.769913466418
245 0.770714786524
246 0.771356465939
247 0.771998676684
248 0.772802157879
249 0.773445566256
250 0.774089507306
251 0.774733981425
252 0.775378988999
253 0.776024530406
254 0.776670606014
255 0.777317216178
256 0.777964361245
257 0.778612041547
258 0.779260257405
259 0.77974679329
260 0.780395946201
261 0.781045635426
262 0.781533274
263 0.782183901336
264 0.782672241592
265 0.783323807492
266 0.783812849453
267 0.784465354196
268 0.784955097704
269 0.785608541375
270 0.786098986064
271 0.786589730131
272 0.787080773328
273 0.787735957986
274 0.788227700766
275 0.788719741789
276 0.789212080663
277 0.789704716958
278 0.7901976502
279 0.79069087987
280 0.791184405403
281 0.791678226186
282 0.792172341555
283 0.79266675079
284 0.79316145312
285 0.793491374565
286 0.79398655758
287 0.794482030951
288 0.794977793655
289 0.795473844605
290 0.795804628595
291 0.796301149259
292 0.796797954409
293 0.797129213245
294 0.797626479739
295 0.797958024545
296 0.798455745955
297 0.798787569798
298 0.799285738988
299 0.799617834211
300 0.800116443297
301 0.800448801471
302 0.800947841766
303 0.801280453644
304 0.801613154063
305 0.802112771091
306 0.802445709683
307 0.8027787285
308 0.803278897635
309 0.803612136993
310 0.803945447177
311 0.804446140508
312 0.804779651343
313 0.805113222439
314 0.805446849997
315 0.80578053008
316 0.806114258607
317 0.806615798021
318 0.806949680006
319 0.80728359732
320 0.807617545285
321 0.807951519068
322 0.808285513677
323 0.808619523961
324 0.808953544605
325 0.80928757013
326 0.809621594892
327 0.809955613073
328 0.81028961869
329 0.810623605582
330 0.810957567417
331 0.811291497683
332 0.811625389691
333 0.811790359292
334 0.812174764925
335 0.812474650565
336 0.812791349656
337 0.81309104763
338 0.813390637081
339 0.813690110047
340 0.813989458374
341 0.814288673726
342 0.814570803626
343 0.814869721034
344 0.815151523296
345 0.815433145268
346 0.815731545393
347 0.816012784605
348 0.816276835705
349 0.816557641823
350 0.81683821935
351 0.817118558053
352 0.817381645135
353 0.817644461079
354 0.817924008397
355 0.818186254976
356 0.818448197496
357 0.818709824611
358 0.818954089728
359 0.819215045832
360 0.819475651394
361 0.819718843377
362 0.819978706035
363 0.820221119982
364 0.820463123583
365 0.820704704074
366 0.82096292498
367 0.821186543795
368 0.821426776634
369 0.821666533585
370 0.821905801036
371 0.822127464184
372 0.822365706195
373 0.822586306346
374 0.822823466587
375 0.823042946835
376 0.823261843136
377 0.823480140827
378 0.823697825097
379 0.823914880999
380 0.824131293443
381 0.824347047206
382 0.824544975654
383 0.824759361403
384 0.824955882216
385 0.825168837573
386 0.825363887942
387 0.825575349563
388 0.825768865745
389 0.825961588651
390 0.826153502034
391 0.826344589549
392 0.826534834755
393 0.826724221114
394 0.826912732001
395 0.827083146664
396 0.827269852507
397 0.827455632516
398 0.827623254479
399 0.827807128087
400 0.827972802298
401 0.828137475293
402 0.828318359281
403 0.828480981734
404 0.828642551355
405 0.82880305085
406 0.828962462881
407 0.829120770072
408 0.829277955012
409 0.829434000263
410 0.829588888357
411 0.829725342846
412 0.829877860969
413 0.830029169442
414 0.830161982699
415 0.830310816174
416 0.830441113578
417 0.830570125483
418 0.830715113607
419 0.830841504793
420 0.830966558127
421 0.8310902562
422 0.831212581623
423 0.831350809414
424 0.831470339962
425 0.831571148513
426 0.831687810022
427 0.8318030124
428 0.83191673847
429 0.832028971103
430 0.832122384446
431 0.832231576758
432 0.832339224602
433 0.83242799595
434 0.832532502047
435 0.83261809413
436 0.832719391554
437 0.83280173787
438 0.83288243572
439 0.832978794962
440 0.833056148516
441 0.833131804776
442 0.833205747659
443 0.833277961178
444 0.833348429448
445 0.833417136682
446 0.833484067201
447 0.833549205432
448 0.833612535914
449 0.833674043298
450 0.833733712352
451 0.83377418487
452 0.833830130884
453 0.833884193633
454 0.833919012275
455 0.833969263354
456 0.834017587373
457 0.834046621233
458 0.834091047298
459 0.834116153516
460 0.834139274825
461 0.834177748667
462 0.834196859697
463 0.834213945213
464 0.83424634452
465 0.834259339749
466 0.834270270198
467 0.834279123101
468 0.834285885845
469 0.83429054598
470 0.834293091211
471 0.834293509406
472 0.834291788597
473 0.834287916977
474 0.834281882907
475 0.834273674914
476 0.834263281693
477 0.834250692108
478 0.834218542903
479 0.834201528221
480 0.834182284841
481 0.834143451591
482 0.834119720142
483 0.834093729224
484 0.834048120179
485 0.834017581374
486 0.833967406861
487 0.833932282095
488 0.833877504947
489 0.833837757581
490 0.833778342071
491 0.833716595076
492 0.833669848755
493 0.833603412573
494 0.833534620388
495 0.833463464407
496 0.833389937023
497 0.833331364262
498 0.833253070353
499 0.833172383268
500 0.833089296136
501 0.833003802267
502 0.832915895156
503 0.832825568483
504 0.832732816109
505 0.832637632082
506 0.832540010632
507 0.832439946174
508 0.832337433303
509 0.832215156225
510 0.83210773329
511 0.831997846883
512 0.831885492331
513 0.831753364176
514 0.831636062483
515 0.831516279766
516 0.831376718948
517 0.831251965112
518 0.831124718995
519 0.830977692362
520 0.830845454379
521 0.830693435555
522 0.830556193687
523 0.830399171569
524 0.830256915206
525 0.830094880095
526 0.829930336997
527 0.829780543615
528 0.829610975633
529 0.829456147377
530 0.829281548267
531 0.829104433519
532 0.828924802134
533 0.828759891596
534 0.828575220761
535 0.828388031235
536 0.828198322682
537 0.828006094929
538 0.827811347965
539 0.827631296777
540 0.827431507845
541 0.82722920058
542 0.827024375609
543 0.826817033716
544 0.826607175841
545 0.826394803079
546 0.826179916676
547 0.825962518032
548 0.825725433153
549 0.825503019453
550 0.825278098662
551 0.825050672774
552 0.824820743929
553 0.824588314415
554 0.824353386657
555 0.824098821526
556 0.823858910127
557 0.823616508669
558 0.823354493923
559 0.823107126594
560 0.822857278631
561 0.82258784316
562 0.822333049543
563 0.822075785922
564 0.821798962229
565 0.821536775545
566 0.821255048116
567 0.820987954746
568 0.820701340663
569 0.820429357983
570 0.820137875317
571 0.81986102168
572 0.819564689468
573 0.819282984183
574 0.818981822404
575 0.818695285712
576 0.818389315266
577 0.818080951813
578 0.817787211005
579 0.817474071962
580 0.817158557016
581 0.816857662805
582 0.816537407291
583 0.816214793931
584 0.815889828967
585 0.815579482853
586 0.815249826942
587 0.814917838693
588 0.81458352474
589 0.814246891811
590 0.813907946725
591 0.813583618991
592 0.813240063272
593 0.812894216356
594 0.812546085422
595 0.812195677736
596 0.811843000647
597 0.811488061591
598 0.811130868083
599 0.810771427721
