3.26635914794
50 0.00116818861342
51 0.00168919220858
52 0.00237070538303
53 0.00325695473969
54 0.00436146610599
55 0.00572950632548
56 0.00739932769157
57 0.0093741844186
58 0.0117001727636
59 0.0143869719719
60 0.017465890943
61 0.0209342267004
62 0.0248252494855
63 0.0290653920528
64 0.0338127425247
65 0.0389185258187
66 0.0444149908387
67 0.050364595279
68 0.0566263896291
69 0.063395801837
70 0.0703720686183
71 0.0776182008733
72 0.0854280463939
73 0.0932257944875
74 0.101518598052
75 0.109844704519
76 0.11860055924
77 0.127482637979
78 0.136505334406
79 0.145669139223
80 0.15498508129
81 0.16437062758
82 0.173879367064
83 0.183429407269
84 0.193009857886
85 0.202658425721
86 0.212291217849
87 0.221908588333
88 0.231517292733
89 0.2411307087
90 0.250662235004
91 0.260126804832
92 0.26954645931
93 0.278891002048
94 0.288129509116
95 0.297293796884
96 0.306357730294
97 0.31529475136
98 0.324147026923
99 0.332893074091
100 0.341511162835
101 0.349979403031
102 0.358352140088
103 0.366612663161
104 0.374664363845
105 0.382648272852
106 0.390469480175
107 0.3981959966
108 0.405729573455
109 0.413229572257
110 0.420509793067
111 0.427644918253
112 0.43471586051
113 0.441621435531
114 0.448350128449
115 0.454987465618
116 0.461526402155
117 0.467860276522
118 0.474180039314
119 0.48027820036
120 0.486247606898
121 0.49218634331
122 0.497985436517
123 0.503638275345
124 0.50913836006
125 0.514588881993
126 0.519876261742
127 0.52510610504
128 0.530162689172
129 0.535153965646
130 0.540077185142
131 0.544813590178
132 0.549591505221
133 0.554175230441
134 0.558678181061
135 0.563097776364
136 0.567310651977
137 0.571555024222
138 0.5757085246
139 0.579768718472
140 0.58373321357
141 0.587599662336
142 0.591491702495
143 0.595155986336
144 0.598842953225
145 0.602424451112
146 0.60589832029
147 0.609392206092
148 0.61277572738
149 0.616046827271
150 0.619335375081
151 0.622508895014
152 0.625565443475
153 0.628636987446
154 0.63158909829
155 0.634555060927
156 0.637399201075
157 0.640256078251
158 0.6429888201
159 0.645733215871
160 0.648351244125
161 0.650979877496
162 0.653619159148
163 0.656129404997
164 0.658509049011
165 0.661038058012
166 0.663294235768
167 0.665699841459
168 0.667971915371
169 0.67025173687
170 0.672396141773
171 0.674547400865
172 0.676705536197
173 0.678726031453
174 0.68089752335
175 0.682785120321
176 0.684823750193
177 0.68672222041
178 0.688625948245
179 0.690534948368
180 0.692449235489
181 0.694220986958
182 0.695997267042
183 0.697778087411
184 0.699414516649
185 0.701054779378
186 0.702848527033
187 0.704346841598
188 0.70599865928
189 0.707654346837
190 0.709162894839
191 0.710674655085
192 0.712189634487
193 0.71370783997
194 0.715077000779
195 0.71660135471
196 0.717976059976
197 0.719353399369
198 0.720733377994
199 0.722116000967
200 0.723347234984
201 0.724734866602
202 0.725970560464
203 0.727208358625
204 0.728448264718
205 0.72969028238
206 0.730934415254
207 0.732180666987
208 0.733272889646
209 0.734366739425
210 0.735618836472
211 0.736716181456
212 0.73781516131
213 0.738915778507
214 0.740018035523
215 0.740964145807
216 0.742069454583
217 0.743018183946
218 0.744126553066
219 0.745077908888
220 0.746030479319
221 0.747143336629
222 0.748098544336
223 0.749054971656
224 0.749852938757
225 0.750811605962
226 0.751771497278
227 0.752732614292
228 0.753534493389
229 0.754337225371
230 0.755301618341
231 0.756106230138
232 0.756911697791
233 0.757879378079
234 0.758686732075
235 0.7594949449
236 0.760304017483
237 0.761113950757
238 0.761762528748
239 0.762574013433
240 0.763386361416
241 0.764036872531
242 0.764850776624
243 0.765502533497
244 0.766317996717
245 0.766971001762
246 0.767788027122
247 0.768442282749
248 0.769097094868
249 0.769752463953
250 0.77057244802
251 0.771229072203
252 0.771886254875
253 0.7725439965
254 0.773202297538
255 0.773696400908
256 0.774355681788
257 0.775015523327
258 0.775675925974
259 0.776336890171
260 0.77683299106
261 0.777494938745
262 0.777991777171
263 0.778654709609
264 0.779152286446
265 0.779816204855
266 0.780314520924
267 0.780979426465
268 0.781478482526
269 0.781977855696
270 0.782644173036
271 0.783144287122
272 0.783644718619
273 0.784145467581
274 0.784813622788
275 0.785315113535
276 0.785816921902
277 0.786319047886
278 0.78682149147
279 0.787324252619
280 0.787827331279
281 0.788330727377
282 0.788834440819
283 0.789170419654
284 0.789674660063
285 0.79017921733
286 0.790684091266
287 0.791189281655
288 0.791526234883
289 0.792031949749
290 0.792537980176
291 0.792875485212
292 0.793382037867
293 0.793888904895
294 0.794226957517
295 0.79473434389
296 0.795072734719
297 0.795580638083
298 0.79591936441
299 0.796427782059
300 0.796766840813
301 0.797275769665
302 0.797615157382
303 0.797954672014
304 0.798464306737
305 0.798804144296
306 0.799144105447
307 0.799654436502
308 0.799994713482
309 0.800335110172
310 0.800675625136
311 0.801186830583
312 0.801527650042
313 0.801868583058
314 0.802209627901
315 0.80255078276
316 0.802892045741
317 0.803404460603
318 0.803746006513
319 0.804087654379
320 0.80442940196
321 0.804771246922
322 0.805113186834
323 0.80545521917
324 0.805797341303
325 0.806139550504
326 0.806481843941
327 0.806824218674
328 0.807166671656
329 0.807509199728
330 0.807851799618
331 0.808022402664
332 0.808433913855
333 0.808742223858
334 0.809067790457
335 0.809376162813
336 0.809701797391
337 0.81001021611
338 0.810318648413
339 0.810627089919
340 0.810918269586
341 0.81122670925
342 0.811535144166
343 0.811826283559
344 0.812117395461
345 0.81240847467
346 0.812699515847
347 0.812990513506
348 0.81328146202
349 0.813572355614
350 0.813845859522
351 0.814136619176
352 0.814409964851
353 0.814683219028
354 0.814956375195
355 0.815229426685
356 0.815502366682
357 0.815775188216
358 0.816047884161
359 0.816303066086
360 0.816575483065
361 0.816830359779
362 0.817102467447
363 0.817357007998
364 0.817611365762
365 0.81786553254
366 0.818119499972
367 0.818373259545
368 0.818626802591
369 0.818862684644
370 0.819115762616
371 0.819351151087
372 0.819603727467
373 0.819838585241
374 0.820073160868
375 0.820307444616
376 0.820541426602
377 0.820775096791
378 0.821008445
379 0.821241460896
380 0.821474133999
381 0.821706453682
382 0.82192090843
383 0.822152483882
384 0.822366162952
385 0.822579435208
386 0.822809808627
387 0.823022237693
388 0.823234225581
389 0.823445760566
390 0.823656830794
391 0.823867424278
392 0.824077528903
393 0.824287132426
394 0.82447866729
395 0.824687226946
396 0.824877684359
397 0.825085149752
398 0.825274478891
399 0.825480798687
400 0.825668947812
401 0.825856485255
402 0.826060986266
403 0.826247264458
404 0.826432890899
405 0.826617852036
406 0.826802134221
407 0.82698572371
408 0.827150994596
409 0.827333153233
410 0.827514577433
411 0.82767762982
412 0.827857538972
413 0.828036671203
414 0.828197377845
415 0.828357271677
416 0.828533979436
417 0.828692207739
418 0.828849579812
419 0.829006081068
420 0.829179351743
421 0.829334070677
422 0.829487874694
423 0.829640749004
424 0.829792678774
425 0.829925977983
426 0.830075970827
427 0.830224974429
428 0.830372973816
429 0.830519953987
430 0.830648213396
431 0.830793106958
432 0.830919243901
433 0.831061990692
434 0.831185945041
435 0.831326484796
436 0.831448196346
437 0.831568762627
438 0.831688168604
439 0.831824110425
440 0.831941153209
441 0.832056990605
442 0.832171607615
443 0.83228498926
444 0.832397120579
445 0.832507986635
446 0.832617572516
447 0.832725863336
448 0.832815111598
449 0.832920765528
450 0.833025079976
451 0.8331280402
452 0.833211890411
453 0.833312096007
454 0.833410903455
455 0.833490551177
456 0.83358651668
457 0.833663289868
458 0.833738603475
459 0.833830197149
460 0.833902550514
461 0.83397340178
462 0.834060495699
463 0.834128302207
464 0.834194564728
465 0.834259269463
466 0.834322402692
467 0.834383950777
468 0.834443900166
469 0.834502237393
470 0.834558949081
471 0.834614021944
472 0.83466744279
473 0.834719198522
474 0.834769276141
475 0.834817662747
476 0.834864345542
477 0.83489153499
478 0.834934771263
479 0.834976265995
480 0.834998227703
481 0.835036201537
482 0.835054616774
483 0.835089021266
484 0.835121623554
485 0.835134629825
486 0.835145809554
487 0.835172933746
488 0.835180426342
489 0.8352038415
490 0.835207602018
491 0.835209479937
492 0.835209464443
493 0.83522532841
494 0.83522149408
495 0.835215734634
496 0.835208039782
497 0.835198399369
498 0.835186803378
499 0.835173241926
500 0.835157705269
501 0.835157965922
502 0.835120668056
503 0.835099148708
504 0.835075616574
505 0.83505006261
506 0.835022477917
507 0.834992853739
508 0.834961181465
509 0.834927452627
510 0.834873882457
511 0.834836016481
512 0.83479606946
513 0.834736259999
514 0.834692128332
515 0.834645892465
516 0.834579774778
517 0.834529309421
518 0.834458950435
519 0.834404227212
520 0.834329599329
521 0.834270591061
522 0.834191667887
523 0.834128348597
524 0.834045104939
525 0.833977449853
526 0.833889861723
527 0.833800093696
528 0.833725891891
529 0.833631745721
530 0.833535403566
531 0.833436860381
532 0.833353854966
533 0.833250892995
534 0.833145715714
535 0.83303831868
536 0.832928697598
537 0.832816848325
538 0.832720497072
539 0.832604177104
540 0.832485617358
541 0.832364814286
542 0.832241764487
543 0.832116464707
544 0.83198891184
545 0.831859102926
546 0.831709326101
547 0.831574999658
548 0.831438409212
549 0.831299552385
550 0.831158426941
551 0.83101503079
552 0.830869361985
553 0.830703731083
554 0.830553514891
555 0.8304010211
556 0.830228570808
557 0.830071521151
558 0.829912190213
559 0.829750577025
560 0.829569017287
561 0.829402840789
562 0.829216724041
563 0.8290459822
564 0.828872955419
565 0.828679999002
566 0.828502405794
567 0.828304891075
568 0.828122732074
569 0.827920660405
570 0.82773393729
571 0.82752731106
572 0.827318410989
573 0.827124849157
574 0.826911400068
575 0.826713282836
576 0.826495289645
577 0.826275028899
578 0.826052502245
579 0.825845295252
580 0.825618237361
581 0.825388919169
582 0.825174912326
583 0.824941075032
584 0.824704984101
585 0.824466642002
586 0.824226051317
587 0.824000759269
588 0.823755674388
589 0.823508349288
590 0.823258786997
591 0.823006990647
592 0.822752963479
593 0.822496708841
594 0.822238230184
595 0.821977531065
596 0.821714615143
597 0.821449486178
598 0.821182148032
599 0.820912604667
