3.26635914794
50 3.99272549711e-05
51 6.94254341617e-05
52 0.000115429384196
53 0.000185873546376
54 0.000288037314221
55 0.000433686401552
56 0.000636485320495
57 0.000907612021849
58 0.00126557652865
59 0.00172565548542
60 0.00230826739009
61 0.00302890313251
62 0.00391147386282
63 0.00495523525691
64 0.00621756875123
65 0.00767776070355
66 0.00936039908102
67 0.0113028515214
68 0.0134749855863
69 0.0159621265202
70 0.0186681153724
71 0.021624464317
72 0.0249689748701
73 0.028464538032
74 0.0323458387689
75 0.0364056414421
76 0.0408441728384
77 0.0455173073263
78 0.0504341185373
79 0.0555969965574
80 0.0610147509824
81 0.0666402043258
82 0.0725056876822
83 0.078560356222
84 0.0847948031751
85 0.0912319582742
86 0.0978133296002
87 0.104534865794
88 0.111397425249
89 0.118407383345
90 0.125497005024
91 0.132671506224
92 0.139942763922
93 0.147282705753
94 0.154661283151
95 0.16209841616
96 0.169567752903
97 0.17704151275
98 0.184549581169
99 0.192068939965
100 0.199575559645
101 0.207044514681
102 0.214518624527
103 0.22197864332
104 0.229331430886
105 0.236700751141
106 0.243994839676
107 0.25127271601
108 0.258437181852
109 0.265636097025
110 0.272686835186
111 0.279656535704
112 0.286621146205
113 0.293477774916
114 0.300210548356
115 0.306901597296
116 0.313541351199
117 0.320017891721
118 0.326523845434
119 0.332842911236
120 0.339067539999
121 0.345298219341
122 0.351418777118
123 0.35741937586
124 0.363290238821
125 0.369139566753
126 0.374843497221
127 0.380513966022
128 0.386023497022
129 0.39148770032
130 0.396902420267
131 0.40213502294
132 0.407436579423
133 0.412544371088
134 0.417582765135
135 0.422547677047
136 0.427298538219
137 0.432102789647
138 0.436821484311
139 0.441450658335
140 0.44598639143
141 0.45042481239
142 0.454907382658
143 0.459141141289
144 0.463414283009
145 0.467577802922
146 0.471628045651
147 0.475713354303
148 0.479680795313
149 0.483526841777
150 0.487403709322
151 0.491154742818
152 0.494776569513
153 0.498425089324
154 0.501940151849
155 0.505479990082
156 0.508882214139
157 0.512307324638
158 0.515590768231
159 0.51889524382
160 0.522054114359
161 0.525232203867
162 0.528429629502
163 0.531476727472
164 0.53437067972
165 0.537452015445
166 0.540205914435
167 0.543147369153
168 0.545930432816
169 0.548727748009
170 0.551363254388
171 0.554011410783
172 0.556672278076
173 0.559167291314
174 0.561852906402
175 0.564190893741
176 0.566719583554
177 0.569077808338
178 0.571445839499
179 0.573823717946
180 0.576211484754
181 0.578424404317
182 0.580645816612
183 0.582875754347
184 0.584927396464
185 0.586986254724
186 0.589240525995
187 0.591125721695
188 0.593206381636
189 0.595294360182
190 0.597198909799
191 0.599109548148
192 0.60102629478
193 0.602949169306
194 0.604685027009
195 0.606619598509
196 0.608366015047
197 0.610117455501
198 0.611873934395
199 0.613635466292
200 0.615205541223
201 0.616976657296
202 0.618555274223
203 0.620137926934
204 0.621724625804
205 0.623315381238
206 0.624910203663
207 0.626509103532
208 0.627911508569
209 0.629317049993
210 0.630927216453
211 0.632339502781
212 0.633754947743
213 0.635173558448
214 0.636595342023
215 0.637816559284
216 0.639244254043
217 0.640470548142
218 0.641904178828
219 0.643135571032
220 0.644369323283
221 0.645811674144
222 0.647050555735
223 0.648291811837
224 0.649328024085
225 0.650573645135
226 0.651821653714
227 0.65307205443
228 0.654115899757
229 0.655161411771
230 0.656418213673
231 0.65746740212
232 0.658518265868
233 0.659781501976
234 0.660836061133
235 0.661892304243
236 0.662950234015
237 0.664009853165
238 0.664858781149
239 0.665921447812
240 0.666985811477
241 0.667838539918
242 0.668905964848
243 0.669761145425
244 0.670831640484
245 0.6716892803
246 0.672762854366
247 0.673622960534
248 0.674484165033
249 0.675346469269
250 0.676425883277
251 0.677290667318
252 0.678156555669
253 0.679023549735
254 0.679891650921
255 0.680543467923
256 0.681413509679
257 0.682284662406
258 0.6831569275
259 0.684030306359
260 0.68468608458
261 0.685561415572
262 0.68621865887
263 0.6870959462
264 0.687754657668
265 0.688633905505
266 0.689294088194
267 0.690175300665
268 0.690836957576
269 0.691499246955
270 0.692383272832
271 0.693047040587
272 0.693711442511
273 0.694376479082
274 0.69526417411
275 0.695930694174
276 0.696597850458
277 0.697265643391
278 0.69793407339
279 0.698603140855
280 0.69927284617
281 0.699943189702
282 0.700614171801
283 0.701061846866
284 0.701733892423
285 0.702406577267
286 0.703079901662
287 0.70375386585
288 0.704203520718
289 0.704878549511
290 0.705554218454
291 0.706005002992
292 0.706681736456
293 0.707359110164
294 0.70781102265
295 0.708489460225
296 0.708942075094
297 0.709621575629
298 0.710074891257
299 0.710755453528
300 0.71120946796
301 0.711891090404
302 0.71234580133
303 0.712800786868
304 0.713483886734
305 0.71393956446
306 0.714395514257
307 0.715080085313
308 0.715536722027
309 0.715993627762
310 0.716450801352
311 0.717137248552
312 0.717595100274
313 0.718053216041
314 0.718511594417
315 0.718970233896
316 0.719429132892
317 0.720118248512
318 0.720577808218
319 0.721037622308
320 0.72149768888
321 0.721958005947
322 0.722418571434
323 0.722879383179
324 0.723340438926
325 0.723801736327
326 0.724263272937
327 0.724725046214
328 0.725187053518
329 0.725649292104
330 0.726111759126
331 0.72634243152
332 0.726898056907
333 0.727314642162
334 0.727754630169
335 0.728171544747
336 0.728611882478
337 0.72902911221
338 0.729446487248
339 0.729864003689
340 0.730258333782
341 0.730676107491
342 0.731094010153
343 0.731488674349
344 0.731883432609
345 0.732278280263
346 0.732673212511
347 0.73306822442
348 0.733463310924
349 0.733858466821
350 0.734230236209
351 0.73462550212
352 0.734997345934
353 0.73536921246
354 0.7357410958
355 0.736112989917
356 0.736484888632
357 0.736856785623
358 0.737228674424
359 0.737576990988
360 0.737948831565
361 0.738297063258
362 0.73866882802
363 0.739016946676
364 0.739364992332
365 0.73971295751
366 0.740060834589
367 0.740408615802
368 0.740756293234
369 0.741080189517
370 0.741427623971
371 0.741751239293
372 0.742098397382
373 0.742421697798
374 0.742744822511
375 0.743067762608
376 0.743390509033
377 0.743713052591
378 0.744035383942
379 0.744357493608
380 0.744679371971
381 0.745001009274
382 0.745298591601
383 0.745619706709
384 0.745916726913
385 0.746213445959
386 0.746533696144
387 0.746829790984
388 0.74712555305
389 0.747420971549
390 0.74771603556
391 0.74801073404
392 0.74830505582
393 0.748598989613
394 0.748868605983
395 0.749161720094
396 0.749430475684
397 0.749722723598
398 0.749990571493
399 0.750281905794
400 0.750548798197
401 0.75081519041
402 0.751105058859
403 0.751370422315
404 0.751635248515
405 0.751899524914
406 0.752163238876
407 0.752426377669
408 0.752664889221
409 0.752926830772
410 0.753188158463
411 0.7534247957
412 0.753684848075
413 0.753944247164
414 0.754178892064
415 0.754412841298
416 0.754670184013
417 0.754902709155
418 0.755134498298
419 0.755365537882
420 0.755619947145
421 0.755849454045
422 0.75607817036
423 0.756306082321
424 0.756533176114
425 0.756735268646
426 0.756960677299
427 0.757185226127
428 0.757408901162
429 0.757631688407
430 0.757829369658
431 0.758050332158
432 0.758246147256
433 0.75846522883
434 0.758659121634
435 0.758876265955
436 0.759068180207
437 0.759259081014
438 0.759448954318
439 0.759662047987
440 0.759849830108
441 0.760036542525
442 0.760222171189
443 0.760406702063
444 0.760590121122
445 0.760772414354
446 0.760953567766
447 0.761133567385
448 0.761288084635
449 0.761465729169
450 0.761642178176
451 0.761817417789
452 0.761967097868
453 0.762139871716
454 0.762311394822
455 0.762457301508
456 0.762626276628
457 0.762769598094
458 0.762911604414
459 0.763076653148
460 0.763215993474
461 0.763353978572
462 0.763514980168
463 0.763650219494
464 0.763784064042
465 0.763916500769
466 0.764047516705
467 0.764177098949
468 0.764305234672
469 0.76443191112
470 0.764557115617
471 0.764680835563
472 0.764803058442
473 0.764923771819
474 0.765042963344
475 0.765160620754
476 0.765276731873
477 0.765366839747
478 0.765479818515
479 0.765591215068
480 0.765676562841
481 0.765784756194
482 0.76586687143
483 0.765971815365
484 0.766075119162
485 0.766152301569
486 0.766227815739
487 0.766326125461
488 0.766398272783
489 0.766493199411
490 0.766561936835
491 0.766628952378
492 0.766694235668
493 0.766782265736
494 0.766844055854
495 0.766904083255
496 0.766962338042
497 0.767018810434
498 0.767073490774
499 0.767126369527
500 0.767177437281
501 0.767251189
502 0.767274102764
503 0.767319682294
504 0.767363414427
505 0.767405290382
506 0.767445301504
507 0.767483439268
508 0.767519695279
509 0.767554061273
510 0.767562014158
511 0.767592574872
512 0.767621221624
513 0.76762342976
514 0.767648224719
515 0.767671082967
516 0.767667478846
517 0.767686441193
518 0.767678926601
519 0.767693965032
520 0.767682512746
521 0.767693600328
522 0.767678184213
523 0.767685295104
524 0.767665890117
525 0.767668999567
526 0.767645581758
527 0.767620149306
528 0.767617212627
529 0.767587733552
530 0.767556223649
531 0.767522677817
532 0.767511603644
533 0.767473970004
534 0.767434285895
535 0.767392546766
536 0.767348748204
537 0.76730288593
538 0.767279460937
539 0.767229457356
540 0.767177377982
541 0.767123219082
542 0.767066977056
543 0.767008648442
544 0.766948229911
545 0.766885718269
546 0.766796619964
547 0.766729915181
548 0.76666110857
549 0.766590197472
550 0.766517179355
551 0.766442051823
552 0.766364812609
553 0.766260986197
554 0.766179519941
555 0.766095936052
556 0.765985768194
557 0.765897946727
558 0.765808002835
559 0.765715935153
560 0.765597290266
561 0.765500974492
562 0.765378086483
563 0.765277518939
564 0.765174822801
565 0.7650455629
566 0.764938611264
567 0.764805102748
568 0.764693894397
569 0.764556136803
570 0.764440671483
571 0.764298665306
572 0.764154537621
573 0.764032690393
574 0.763884316702
575 0.76375821607
576 0.763605599206
577 0.763450864574
578 0.76329401329
579 0.76315942011
580 0.762998334173
581 0.762835135534
582 0.762694184419
583 0.76252675981
584 0.762357227431
585 0.762185589161
586 0.762011846986
587 0.76186033503
588 0.761682385735
589 0.761502339049
590 0.76132019737
591 0.761135963197
592 0.760949639129
593 0.760761227864
594 0.760570732198
595 0.760378155023
596 0.760183499328
597 0.759986768196
598 0.759787964807
599 0.759587092429
