0.367879441183
0.367879441183
0.367879441183
0.367879441183
0.367879441183
0.367879441183
0.367879441183
0.367879441183
0.367879441183
0.367879441183
0.367879441183
0.367879441183
0.367879441183
0.367879441183
0.367879441183
0.367879441183
0.367879441183
0.367879441183
0.367879441183
0.367879441183
0.367879441183
0.367879441183
0.367879441183
0.367879441183
0.367879441183
0.367879441183
0.367879441183
0.367879441183
0.367879441183
0.367879441183
0.367879441183
0.367879441183
0.367879441183
0.367879441183
0.367879441183
0.367879441183
0.367879441183
0.367879441183
0.367879441182
0.367879441182
0.36787944118
0.367879441176
0.367879441161
0.36787944112
0.367879441014
0.367879440758
0.367879440173
0.367879438906
0.367879436298
0.367879431165
0.367879421479
0.3678794039
0.367879373114
0.367879320956
0.367879235261
0.36787909842
0.36787888561
0.3678785627
0.367878083827
0.367877388674
0.367876399483
0.36787501786
0.367873121458
0.367870560604
0.367867154968
0.367862690382
0.367856915888
0.367849541117
0.367840234078
0.367828619442
0.367814277355
0.367796742853
0.367775505884
0.36775001196
0.367719663431
0.367683821354
0.367641807945
0.367592909538
0.367536380027
0.367471444712
0.367397304489
0.367313140309
0.367218117847
0.367111392297
0.366992113237
0.366859429489
0.366712493923
0.366550468147
0.366372527034
0.366177863038
0.365965690275
0.365735248323
0.365485805735
0.365216663229
0.364927156554
0.364616659022
0.364284583702
0.363930385279
0.363553561584
0.363153654802
0.36273025237
0.362282987577
0.361811539892
0.361315635016
0.360795044698
0.360249586323
0.35967912229
0.359083559204
0.358462846894
0.357816977294
0.357145983173
0.356449936769
0.355728948315
0.354983164487
0.354212766788
0.353417969876
0.35259901986
0.351756192567
0.350889791789
0.350000147539
0.349087614296
0.348152569278
0.347195410726
0.346216556219
0.345216441027
0.344195516493
0.343154248469
0.342093115788
0.341012608796
0.33991322793
0.338795482348
0.337659888625
0.336506969494
0.335337252651
0.334151269617
0.332949554655
0.331732643748
0.330501073632
0.329255380879
0.327996101047
0.326723767873
0.325438912524
0.324142062896
0.322833742961
0.32151447217
0.320184764892
0.318845129901
0.317496069909
0.316138081135
0.314771652918
0.313397267361
0.312015399015
0.310626514599
0.309231072746
0.307829523784
0.306422309542
0.305009863192
0.303592609103
0.302170962731
0.300745330527
0.299316109864
0.29788368899
0.296448446994
0.29501075379
0.293570970122
0.29212944758
0.290686528628
0.289242546647
0.287797825997
0.286352682072
0.284907421386
0.283462341652
0.282017731878
0.280573872467
0.279131035324
0.277689483971
0.276249473665
0.274811251525
0.273375056655
0.271941120281
0.270509665882
0.269080909332
0.267655059038
0.266232316083
0.264812874369
0.263396920761
0.261984635236
0.260576191026
0.259171754766
0.257771486638
0.256375540522
0.254984064136
0.253597199186
0.252215081505
0.250837841199
0.249465602791
0.248098485355
0.24673660266
0.245380063306
0.244028970859
0.242683423984
0.24134351658
0.240009337906
0.238680972711
0.237358501361
0.236041999957
0.234731540466
0.233427190832
0.232129015095
0.230837073508
0.22955142265
0.228272115533
0.22699920171
0.225732727387
0.224472735519
0.223219265913
0.221972355332
0.220732037585
0.219498343624
0.21827130164
0.217050937146
0.215837273071
0.214630329842
0.213430125471
0.212236675633
0.211049993748
0.209870091058
0.208696976701
0.207530657788
0.20637113947
0.205218425012
0.204072515858
0.202933411697
0.20180111053
0.200675608731
0.199556901103
0.198444980947
0.19733984011
0.196241469045
0.195149856866
0.194064991397
0.192986859226
0.191915445756
0.190850735248
0.189792710872
0.188741354751
0.187696648005
0.186658570794
0.185627102358
0.184602221059
0.183583904419
0.182572129159
0.181566871233
0.180568105865
0.179575807583
0.178589950253
0.177610507111
0.176637450792
0.175670753363
0.174710386352
0.173756320774
0.172808527161
0.171866975586
0.170931635689
0.170002476707
0.169079467488
0.168162576523
0.167251771965
0.16634702165
0.165448293118
0.164555553635
0.16366877021
0.162787909617
0.161912938409
0.161043822941
0.160180529379
0.159323023727
0.158471271831
0.157625239405
0.156784892038
0.155950195211
0.155121114312
0.154297614646
0.15347966145
0.152667219905
0.151860255147
0.151058732276
0.150262616373
0.149471872505
0.148686465737
0.14790636114
0.147131523805
0.146361918846
0.145597511412
0.144838266694
0.144084149934
0.143335126433
0.142591161554
0.141852220734
0.141118269491
0.140389273424
0.139665198226
0.138946009686
0.138231673696
0.137522156257
0.136817423483
0.136117441604
0.135422176974
0.134731596076
0.134045665522
0.13336435206
0.132687622578
0.132015444105
0.131347783819
0.130684609044
0.130025887261
0.129371586104
0.128721673365
0.128076116998
0.127434885121
0.126797946016
0.126165268136
0.1255368201
0.124912570703
0.124292488912
0.123676543869
0.123064704893
0.122456941484
0.121853223318
0.121253520254
0.120657802335
0.120066039785
0.119478203011
0.118894262609
0.118314189357
0.117737954222
0.117165528357
0.116596883103
0.116031989989
0.115470820731
0.114913347238
0.114359541603
0.113809376111
0.113262823236
0.112719855641
0.112180446178
0.11164456789
0.111112194007
0.11058329795
0.110057853328
0.109535833937
0.109017213764
0.108501966984
0.107990067956
0.107481491231
0.106976211543
0.106474203813
0.105975443149
0.105479904844
0.104987564373
0.104498397399
0.104012379765
0.103529487497
0.103049696804
0.102572984077
0.102099325884
0.101628698976
0.101161080282
0.100696446907
0.100234776136
0.0997760454293
0.0993202324217
0.0988673149238
0.0984172709193
0.0979700785648
0.0975257161889
0.0970841622909
0.09664539554
0.0962093947745
0.0957761390006
0.0953456073917
0.0949177792869
0.0944926341906
0.094070151771
0.0936503118595
0.0932330944493
0.0928184796945
0.0924064479091
0.0919969795662
0.0915900552964
0.0911856558872
0.0907837622817
0.0903843555777
0.0899874170268
0.0895929280327
0.0892008701509
0.0888112250872
0.0884239746967
0.0880391009827
0.087656586096
0.0872764123331
0.086898562136
0.0865230180904
0.0861497629249
0.0857787795104
0.0854100508581
0.0850435601193
0.0846792905839
0.0843172256793
0.0839573489697
0.0835996441548
0.0832440950685
0.0828906856787
0.0825394000852
0.0821902225193
0.0818431373428
0.0814981290467
0.0811551822501
0.0808142816997
0.0804754122681
0.0801385589533
0.0798037068775
0.079470841286
0.0791399475465
0.0788110111478
0.0784840176988
0.0781589529279
0.0778358026814
0.0775145529233
0.0771951897336
0.0768776993077
0.0765620679556
0.0762482821004
0.075936328278
0.0756261931357
0.0753178634313
0.0750113260326
0.0747065679158
0.0744035761652
0.0741023379719
0.073802840633
0.0735050715508
0.0732090182319
0.072914668286
0.0726220094255
0.0723310294642
0.0720417163166
0.0717540579973
0.0714680426195
0.0711836583948
0.0709008936321
0.0706197367366
0.0703401762092
0.0700622006456
0.0697857987354
0.0695109592614
0.0692376710987
0.068965923214
0.0686957046648
0.0684270045983
0.0681598122512
0.0678941169483
0.0676299081023
0.0673671752125
0.0671059078644
0.066846095729
0.0665877285615
0.0663307962014
0.066075288571
0.0658211956752
0.0655685076003
0.0653172145138
0.0650673066633
0.064818774376
0.064571608058
0.0643257981933
0.0640813353435
0.063838210147
0.0635964133182
0.0633559356469
0.0631167679979
0.0628789013097
0.0626423265946
0.0624070349374
0.0621730174952
0.0619402654966
0.0617087702411
0.0614785230984
0.0612495155079
0.0610217389779
0.0607951850853
0.0605698454745
0.0603457118574
0.0601227760124
0.0599010297839
0.0596804650818
0.0594610738807
0.0592428482197
0.0590257802015
0.058809861992
0.0585950858197
0.058381443975
0.05816892881
0.0579575327377
0.0577472482314
0.0575380678244
0.0573299841094
0.0571229897377
0.0569170774192
0.0567122399214
0.0565084700691
0.056305760744
0.0561041048839
0.0559034954826
0.0557039255891
0.055505388307
0.0553078767947
0.0551113842639
0.0549159039801
0.0547214292614
0.0545279534786
0.0543354700543
0.0541439724627
0.053953454229
0.0537639089291
0.053575330189
0.0533877116845
0.0532010471407
0.0530153303315
0.0528305550792
0.0526467152544
0.052463804775
0.0522818176062
0.0521007477598
0.0519205892944
0.0517413363139
0.0515629829684
0.0513855234528
0.0512089520068
0.0510332629145
0.050858450504
0.050684509147
0.0505114332584
0.050339217296
0.0501678557601
0.049997343193
0.0498276741788
0.049658843343
0.0494908453521
0.0493236749132
0.0491573267739
0.0489917957217
0.0488270765835
0.0486631642257
0.0485000535538
0.0483377395114
0.0481762170809
0.0480154812823
0.0478555271733
0.0476963498491
0.0475379444415
0.0473803061193
0.0472234300874
0.0470673115869
0.0469119458944
0.0467573283221
0.0466034542174
0.0464503189622
0.0462979179731
0.046146246701
0.0459953006306
0.0458450752802
0.0456955662016
0.0455467689795
0.0453986792315
0.0452512926077
0.0451046047903
0.0449586114937
0.0448133084638
0.044668691478
0.0445247563447
0.0443814989034
0.0442389150241
0.0440970006072
0.0439557515832
0.0438151639126
0.0436752335852
0.0435359566205
0.0433973290668
0.0432593470015
0.0431220065305
0.0429853037881
0.0428492349369
0.0427137961672
0.042578983697
0.0424447937719
0.0423112226645
0.0421782666746
0.0420459221287
