0.367879441349
0.367879441349
0.367879441349
0.367879441349
0.367879441349
0.367879441349
0.367879441349
0.367879441349
0.367879441349
0.367879441349
0.367879441349
0.367879441349
0.367879441349
0.367879441349
0.367879441349
0.367879441349
0.367879441349
0.367879441349
0.367879441349
0.367879441349
0.367879441349
0.367879441349
0.367879441349
0.367879441349
0.367879441349
0.367879441349
0.367879441349
0.367879441349
0.367879441349
0.367879441349
0.367879441349
0.367879441349
0.367879441349
0.367879441349
0.367879441349
0.367879441349
0.367879441349
0.367879441349
0.367879441349
0.367879441349
0.367879441349
0.367879441349
0.367879441349
0.367879441349
0.367879441349
0.367879441349
0.367879441349
0.367879441349
0.367879441349
0.367879441349
0.367879441349
0.367879441349
0.367879441349
0.367879441349
0.367879441349
0.367879441349
0.367879441349
0.367879441349
0.367879441349
0.367879441349
0.367879441349
0.367879441349
0.367879441349
0.367879441349
0.367879441349
0.367879441349
0.367879441349
0.367879441349
0.367879441349
0.367879441349
0.367879441349
0.367879441349
0.367879441349
0.367879441349
0.367879441349
0.367879441349
0.367879441349
0.367879441349
0.367879441349
0.367879441349
0.367879441349
0.367879441349
0.367879441349
0.367879441349
0.367879441349
0.367879441349
0.367879441349
0.367879441349
0.367879441349
0.367879441349
0.367879441349
0.367879441349
0.367879441349
0.367879441349
0.367879441349
0.367879441349
0.367879441349
0.367879441349
0.367879441349
0.367879441349
0.367879441349
0.367879441349
0.367879441349
0.367879441349
0.367879441349
0.367879441349
0.367879441349
0.367879441349
0.367879441349
0.367879441349
0.367879441349
0.367879441349
0.367879441349
0.367879441349
0.367879441349
0.367879441349
0.367879441349
0.367879441349
0.367879441349
0.367879441349
0.367879441349
0.367879441349
0.367879441349
0.367879441349
0.367879441349
0.367879441349
0.367879441349
0.367879441349
0.367879441349
0.367879441349
0.367879441349
0.367879441349
0.367879441349
0.367879441349
0.367879441349
0.367879441349
0.367879441349
0.367879441349
0.367879441349
0.367879441349
0.367879441349
0.367879441349
0.367879441349
0.367879441349
0.367879441349
0.367879441349
0.367879441349
0.367879441349
0.367879441349
0.367879441349
0.367879441349
0.367879441349
0.367879441349
0.367879441349
0.367879441349
0.367879441349
0.367879441349
0.367879441349
0.367879441348
0.367879441348
0.367879441348
0.367879441348
0.367879441347
0.367879441347
0.367879441346
0.367879441345
0.367879441344
0.367879441342
0.367879441339
0.367879441336
0.367879441332
0.367879441327
0.36787944132
0.367879441311
0.3678794413
0.367879441286
0.367879441268
0.367879441245
0.367879441216
0.36787944118
0.367879441135
0.367879441078
0.367879441009
0.367879440923
0.367879440817
0.367879440687
0.367879440529
0.367879440336
0.367879440102
0.367879439818
0.367879439476
0.367879439065
0.367879438573
0.367879437984
0.367879437283
0.367879436449
0.367879435462
0.367879434295
0.367879432919
0.367879431302
0.367879429407
0.367879427189
0.367879424603
0.367879421592
0.367879418096
0.367879414047
0.367879409366
0.367879403968
0.367879397757
0.367879390625
0.367879382453
0.367879373108
0.367879362444
0.367879350298
0.367879336492
0.367879320829
0.367879303092
0.367879283043
0.367879260422
0.367879234944
0.367879206298
0.367879174145
0.367879138116
0.36787909781
0.367879052793
0.367879002592
0.367878946699
0.367878884562
0.367878815589
0.36787873914
0.367878654527
0.367878561012
0.367878457802
0.36787834405
0.367878218848
0.367878081225
0.367877930147
0.367877764511
0.367877583142
0.367877384793
0.367877168137
0.367876931769
0.367876674198
0.367876393846
0.367876089046
0.367875758037
0.36787539896
0.367875009857
0.367874588666
0.367874133218
0.367873641234
0.367873110321
0.36787253797
0.367871921552
0.367871258315
0.367870545379
0.367869779737
0.367868958249
0.367868077639
0.367867134492
0.367866125252
0.367865046222
0.367863893554
0.367862663252
0.36786135117
0.367859953005
0.3678584643
0.367856880437
0.367855196637
0.367853407961
0.367851509301
0.367849495385
0.367847360773
0.367845099853
0.367842706845
0.367840175793
0.367837500572
0.367834674878
0.367831692236
0.367828545992
0.367825229318
0.367821735208
0.367818056479
0.367814185773
0.367810115552
0.367805838104
0.36780134554
0.367796629797
0.367791682633
0.367786495636
0.36778106022
0.367775367627
0.367769408927
0.367763175023
0.367756656651
0.36774984438
0.367742728615
0.367735299601
0.367727547422
0.367719462006
0.367711033125
0.367702250402
0.367693103306
0.367683581164
0.367673673156
0.367663368325
0.367652655573
0.367641523672
0.36762996126
0.367617956851
0.367605498833
0.367592575478
0.367579174938
0.367565285256
0.367550894366
0.3675359901
0.367520560188
0.367504592265
0.367488073876
0.36747099248
0.36745333545
0.367435090084
0.367416243607
0.367396783173
0.367376695873
0.367355968738
0.367334588744
0.367312542817
0.367289817837
0.367266400643
0.367242278039
0.367217436796
0.36719186366
0.367165545354
0.367138468584
0.367110620045
0.367081986423
0.367052554401
0.367022310667
0.366991241911
0.366959334838
0.366926576167
0.366892952639
0.36685845102
0.366823058105
0.366786760723
0.366749545745
0.366711400081
0.366672310691
0.366632264588
0.36659124884
0.366549250575
0.366506256987
0.366462255339
0.366417232967
0.366371177283
0.366324075781
0.36627591604
0.366226685728
0.366176372604
0.366124964524
0.366072449445
0.366018815426
0.365964050633
0.365908143342
0.365851081943
0.365792854942
0.365733450966
0.365672858764
0.365611067212
0.365548065313
0.365483842204
0.365418387155
0.365351689574
0.365283739009
0.365214525148
0.365144037827
0.365072267026
0.364999202877
0.364924835662
0.364849155816
0.364772153932
0.364693820758
0.364614147203
0.364533124335
0.364450743389
0.36436699576
0.364281873013
0.364195366876
0.36410746925
0.364018172204
0.363927467978
0.363835348986
0.363741807815
0.363646837226
0.363550430155
0.363452579716
0.363353279198
0.363252522069
0.363150301976
0.363046612743
0.362941448374
0.362834803054
0.362726671147
0.362617047197
0.362505925929
0.36239330225
0.362279171245
0.362163528184
0.362046368513
0.361927687863
0.361807482043
0.361685747042
0.361562479032
0.361437674361
0.361311329559
0.361183441335
0.361054006573
0.36092302234
0.360790485876
0.3606563946
0.360520746106
0.360383538165
0.360244768719
0.360104435887
0.359962537959
0.359819073397
0.359674040836
0.359527439079
0.359379267097
0.359229524032
0.359078209189
0.358925322043
0.358770862231
0.358614829552
0.358457223971
0.35829804561
0.358137294754
0.357974971843
0.357811077477
0.357645612409
0.357478577549
0.357309973956
0.357139802845
0.356968065577
0.356794763663
0.356619898763
0.356443472678
0.356265487357
0.356085944889
0.355904847504
0.355722197574
0.355537997605
0.355352250241
0.35516495826
0.354976124572
0.35478575222
0.354593844376
0.354400404338
0.354205435533
0.35400894151
0.353810925942
0.353611392624
0.353410345469
0.353207788509
0.35300372589
0.352798161875
0.352591100838
0.352382547265
0.352172505749
0.351960980994
0.351747977806
0.351533501098
0.351317555885
0.351100147281
0.3508812805
0.350660960854
0.350439193749
0.350215984686
0.349991339257
0.349765263146
0.349537762125
0.349308842053
0.349078508873
0.348846768615
0.348613627389
0.348379091385
0.348143166873
0.347905860199
0.347667177785
0.347427126127
0.347185711794
0.346942941423
0.346698821723
0.34645335947
0.346206561503
0.345958434728
0.345708986114
0.34545822269
0.345206151544
0.344952779824
0.344698114733
0.34444216353
0.344184933527
0.343926432089
0.343666666631
0.343405644616
0.343143373557
0.342879861013
0.342615114586
0.342349141922
0.342081950712
0.341813548683
0.341543943606
0.341273143286
0.341001155568
0.340727988329
0.340453649483
0.340178146975
0.339901488781
0.33962368291
0.339344737396
0.339064660304
0.338783459723
0.338501143767
0.338217720578
0.337933198315
0.337647585163
0.337360889325
0.337073119025
0.336784282505
0.336494388022
0.336203443851
0.335911458282
0.335618439618
0.335324396173
0.335029336277
0.334733268266
0.334436200489
0.334138141303
0.33383909907
0.333539082161
0.333238098954
0.332936157828
0.33263326717
0.332329435365
0.332024670804
0.331718981878
0.331412376977
0.331104864492
0.330796452811
0.33048715032
0.330176965402
0.329865906436
0.329553981797
0.329241199852
0.328927568964
0.328613097488
0.328297793769
0.327981666148
0.327664722952
0.3273469725
0.3270284231
0.326709083048
0.32638896063
0.326068064116
0.325746401763
0.325423981817
0.325100812506
0.324776902043
0.324452258626
0.324126890436
0.323800805638
0.323474012377
0.323146518781
0.322818332959
0.322489463002
0.322159916978
0.321829702936
0.321498828906
0.321167302895
0.320835132887
0.320502326845
0.320168892709
0.319834838395
0.319500171797
0.319164900782
0.318829033196
0.318492576857
0.318155539558
0.317817929068
0.317479753128
0.317141019454
0.316801735732
0.316461909625
0.316121548766
0.315780660759
0.315439253182
0.315097333582
