50 0.0338706217453
51 0.0337101246967
52 0.0334868266457
53 0.0332090101146
54 0.0328850439486
55 0.0325232638518
56 0.0321243810368
57 0.0317040667705
58 0.0312627494293
59 0.0307937699739
60 0.0303192776019
61 0.0298323336536
62 0.0293401856175
63 0.0288429457807
64 0.0283407684987
65 0.0278403367142
66 0.0273351551541
67 0.0268379952903
68 0.02634230865
69 0.0258540899251
70 0.0253670800644
71 0.0248870999608
72 0.0244138578104
73 0.0239526705454
74 0.0234920250813
75 0.0230481361037
76 0.0226043818662
77 0.0221712320539
78 0.0217482318176
79 0.0213349535342
80 0.020930994975
81 0.0205311918629
82 0.0201448494022
83 0.0197621477098
84 0.0193920696594
85 0.0190296225926
86 0.0186745253696
87 0.0183265127322
88 0.0179895264394
89 0.0176589828951
90 0.0173346632035
91 0.0170203267841
92 0.0167155623785
93 0.0164123281234
94 0.016121932889
95 0.0158327423954
96 0.0155556812948
97 0.0152831019458
98 0.015014876817
99 0.0147543233704
100 0.0145011481874
101 0.014255071792
102 0.0140125619423
103 0.0137767398589
104 0.0135442021648
105 0.0133210790125
106 0.0131008822163
107 0.0128835471798
108 0.0126749191524
109 0.0124688398454
110 0.0122681174325
111 0.0120725658312
112 0.0118820069922
113 0.0116935451567
114 0.0115098274848
115 0.0113306944712
116 0.0111559932756
117 0.0109855773908
118 0.0108193063314
119 0.0106545621931
120 0.0104937731987
121 0.010339221652
122 0.0101859319467
123 0.0100338943366
124 0.00988770748619
125 0.00974489008123
126 0.00960310027482
127 0.00946674615514
128 0.00933128644705
129 0.00919886471324
130 0.00907150366075
131 0.00894485889514
132 0.00882098990422
133 0.00869778838813
134 0.0085792577676
135 0.00846326731294
136 0.00834779881487
137 0.00823669895928
138 0.0081260343922
139 0.00801955222106
140 0.00791342611052
141 0.00780948751537
142 0.00770947252913
143 0.00760970724188
144 0.00751195549886
145 0.00741616303975
146 0.00732227742389
147 0.00723024795752
148 0.00713836204379
149 0.00704992005217
150 0.00696319153269
151 0.00687813212675
152 0.00679311579139
153 0.00671128627338
154 0.00662945582486
155 0.00655069379366
156 0.00647189053709
157 0.00639604368758
158 0.00632011871514
159 0.00624558859001
160 0.00617385756925
161 0.00610199885651
162 0.00603143580349
163 0.00596213722698
164 0.00589407287821
165 0.00582857140586
166 0.0057628730302
167 0.00569832368316
168 0.00563489652692
169 0.00557256550443
170 0.00551130531232
171 0.00544982133363
172 0.00539064356966
173 0.00533246476004
174 0.0052752623713
175 0.00521901450332
176 0.00516369986811
177 0.0051081073674
178 0.00505461014875
179 0.00500198556781
180 0.00494906125769
181 0.00489813724273
182 0.00484803011553
183 0.00479760431369
184 0.00474909016196
185 0.00470024618809
186 0.00465325787855
187 0.00460700303
188 0.0045604035674
189 0.00451452846542
190 0.00447040424179
191 0.00442592282045
192 0.00438314321349
193 0.0043399990572
194 0.00429850970934
195 0.00425664923736
196 0.00421541615844
197 0.00417577081186
198 0.00413574585334
199 0.00409631170197
200 0.00405745671506
201 0.00402010615683
202 0.00398236691317
203 0.00394517371563
204 0.00390851601365
205 0.00387328592327
206 0.00383766026933
207 0.00380254007279
208 0.0037679157544
209 0.00373377796129
210 0.00370011756052
211 0.00366692563293
212 0.00363419346714
213 0.00360275193335
214 0.0035709065397
215 0.00353949606486
216 0.00350851257076
217 0.00347794830001
218 0.003447795671
219 0.00341804727316
220 0.00338869586233
221 0.00335973435629
222 0.00333115583043
223 0.00330295351359
224 0.00327435773995
225 0.00324689452125
226 0.00321978799538
227 0.00319303196688
228 0.00316662037455
229 0.00314054728801
230 0.00311480690427
231 0.0030893935445
232 0.00306430165083
233 0.0030388176308
234 0.00301435816445
235 0.00299020411489
236 0.00296635037938
237 0.00294279196163
238 0.00291884377578
239 0.00289586677171
240 0.00287317064335
241 0.00285075079533
242 0.00282794371648
243 0.00280606811415
244 0.00278445549885
245 0.00276310163815
246 0.00274136355191
247 0.0027205196988
248 0.00269992234776
249 0.00267894330922
250 0.00265883201622
251 0.0026389556902
252 0.00261870040773
253 0.00259928758245
254 0.00258009885669
255 0.00256053407354
256 0.00254178758739
257 0.00252325495508
258 0.00250434930999
259 0.00248623886391
260 0.00246775753441
261 0.00245005650434
262 0.00243255350512
263 0.00241468286553
264 0.0023975710654
265 0.00238009386969
266 0.00236336165663
267 0.00234626633052
268 0.00232990252074
269 0.0023131779139
270 0.002297171733
271 0.00228133860462
272 0.00226514816564
273 0.00224965727324
274 0.00223381145332
275 0.00221865296867
276 0.00220314196026
277 0.00218779657694
278 0.00217312074916
279 0.00215809607593
280 0.00214372955148
281 0.00212901662365
282 0.00211495073934
283 0.00210054090442
284 0.00208676729865
285 0.00207265220339
286 0.00205868306317
287 0.00204533438167
288 0.00203164795245
289 0.0020185718527
290 0.0020051604774
291 0.00199188538556
292 0.00197920583967
293 0.00196619476675
294 0.00195376973876
295 0.00194101565531
296 0.001928388975
297 0.00191633446191
298 0.0019039546327
299 0.00189169722031
300 0.00187999860602
301 0.0018679784028
302 0.00185607587262
303 0.00184471925533
304 0.0018330447599
305 0.00182148342225
306 0.0018104555729
307 0.00179911353613
308 0.00178788035725
309 0.00177716868087
310 0.00176614648438
311 0.00175522904903
312 0.00174441504438
313 0.001734107169
314 0.00172349364555
315 0.00171297970958
316 0.00170256411234
317 0.00169263997149
318 0.00168241500109
319 0.00167228476111
320 0.00166224807858
321 0.00165268883757
322 0.00164283352706
323 0.00163306838352
324 0.00162339230428
325 0.00161418027063
326 0.00160467686485
327 0.00159525933513
328 0.00158592664408
329 0.00157667776997
330 0.00156787698576
331 0.00155879062453
332 0.00154978512497
333 0.00154085952494
334 0.0015320128766
335 0.00152359920961
336 0.00151490565165
337 0.00150628830291
338 0.00149774627005
339 0.00148927867279
340 0.00148088464375
341 0.00147290648111
342 0.0014646551141
343 0.0014564748045
344 0.0014483647339
345 0.00144032409567
346 0.00143235209476
347 0.00142444794749
348 0.00141661088135
349 0.0014091684381
350 0.00140146146492
351 0.00139381933564
352 0.00138624132045
353 0.00137872669976
354 0.00137130671567
355 0.00136394837341
356 0.00135665098744
357 0.00134941388175
358 0.00134223638972
359 0.00133511785392
360 0.00132802668214
361 0.0013210242858
362 0.00131407892587
363 0.0013071899803
364 0.00130032653713
365 0.00129354874586
366 0.00128679556875
367 0.00128012653851
368 0.00127348126147
369 0.00126691866318
370 0.00126037898353
371 0.00125392055029
372 0.00124748422659
373 0.00124112775168
374 0.00123479260183
375 0.00122850731184
376 0.00122227135646
377 0.00121611255279
378 0.00120997357529
379 0.00120388239872
380 0.00119783852482
381 0.00119184146182
382 0.00118589072431
383 0.00117998583321
384 0.00117412631562
385 0.00116831170472
386 0.00116254153971
387 0.00115681536571
388 0.00115113273363
389 0.00114546651012
390 0.00113986976793
391 0.00113431525351
392 0.00112880254019
393 0.00112330503306
394 0.00111787478999
395 0.00111248509911
396 0.00110710975856
397 0.00110180008414
398 0.0010965297594
399 0.0010912729665
400 0.00108608029523
401 0.00108090062992
402 0.00107578408469
403 0.00107068003482
404 0.00106561329626
405 0.00106060821608
406 0.00105561489292
407 0.00105065779992
408 0.00104576095137
409 0.00104087515335
410 0.00103602454331
411 0.00103120878196
412 0.00102642753409
413 0.00102170427425
414 0.001016990954
415 0.00101231116638
416 0.00100766459195
417 0.00100305091509
418 0.000998469823917
419 0.000993921010261
420 0.000989404169584
421 0.000984919000945
422 0.000980465206942
423 0.000976042493667
424 0.000971627931212
425 0.000967266613008
426 0.000962935513564
427 0.000958634352459
428 0.000954362852528
429 0.000950098602023
430 0.000945885703897
431 0.000941701653851
432 0.000937524342493
433 0.000933397294034
434 0.000929298308294
435 0.000925205571905
436 0.000921162041919
437 0.00091712444643
438 0.000913135370338
439 0.000909151922714
440 0.000905216321234
441 0.000901286050752
442 0.000897402966567
443 0.000893524924221
444 0.000889672691573
445 0.000885866679312
446 0.000882065290147
447 0.000878289029018
448 0.000874558050699
449 0.000870831294103
450 0.000867129006297
451 0.000863471091011
452 0.000859817012688
453 0.000856186765451
454 0.000852580141187
455 0.000848996934057
456 0.000845436940463
457 0.000841899959023
458 0.000838405325336
459 0.000834913691406
460 0.000831444478996
461 0.000827997495288
462 0.000824572549536
463 0.000821169453045
464 0.000817788019135
465 0.000814409087
466 0.000811070503966
467 0.000807753034856
468 0.000804456500824
469 0.000801180724916
470 0.000797925532053
471 0.000794690748998
472 0.000791457762999
473 0.000788263361561
474 0.000785088860614
475 0.000781934094083
476 0.000778780751669
477 0.000775665035261
478 0.000772568564914
479 0.000769473252275
480 0.000766414869165
481 0.000763375258808
482 0.00076033655063
483 0.000757334094193
484 0.000754332375398
485 0.000751366466276
486 0.00074840113477
487 0.000745471178715
488 0.000742541644637
489 0.000739647059459
490 0.000736752744886
491 0.000733892960158
492 0.000731033298814
493 0.000728207755589
494 0.000725382192565
495 0.000722573506808
496 0.00071979833458
497 0.000717022935108
498 0.000714264012387
499 0.000711538014212
500 0.000708811589833
501 0.000706101253533
502 0.00070340687819
503 0.000700744665224
504 0.000698081773392
505 0.000695434468991
506 0.000692802629831
507 0.000690186134923
508 0.000687584864459
509 0.000685014660577
510 0.000682443424336
511 0.000679887060428
512 0.000677345453644
513 0.000674818489887
514 0.000672306056166
515 0.00066980804058
516 0.000667324332305
517 0.000664854821583
518 0.00066239939971
519 0.000659957959021
520 0.000657530392883
521 0.000655116595677
522 0.000652716462793
523 0.000650329890612
524 0.000647941679176
525 0.000645581976454
526 0.000643235529126
527 0.000640902237443
528 0.000638582002594
529 0.000636274726695
530 0.00063396554111
531 0.000631683946288
532 0.00062941502194
533 0.000627158673794
534 0.000624900248013
535 0.000622668824956
536 0.00062044970023
537 0.000618228378031
538 0.000616033629494
539 0.000613850909064
540 0.000611665876341
541 0.000609506998265
542 0.000607359885471
543 0.000605210350385
544 0.000603086560679
545 0.000600960277955
546 0.000598859472838
547 0.000596756105989
548 0.000594677953098
549 0.000592597171717
550 0.000590541344685
551 0.000588482824316
552 0.00058644900265
553 0.000584412424657
554 0.000582400293604
555 0.000580385345049
556 0.000578381118956
557 0.000576400968995
558 0.000574417913099
559 0.000572458690957
560 0.000570496506037
561 0.00056854466879
562 0.000566616308233
563 0.000564684902761
564 0.000562763627912
565 0.000560852412527
566 0.000558964209867
567 0.000557072858362
568 0.000555191356802
569 0.000553319636487
570 0.00055147047851
571 0.000549618073823
572 0.000547775248082
573 0.000545941934946
574 0.000544118068652
575 0.000542316219898
576 0.000540511010197
577 0.000538715053647
578 0.000536928286721
579 0.000535150646437
580 0.000533382070355
581 0.000531622496567
582 0.000529871863696
583 0.000528130110888
584 0.000526397177807
585 0.000524673004629
586 0.000522957532038
587 0.000521250701222
588 0.000519552453865
589 0.000517862732143
590 0.00051618147872
591 0.000514508636742
592 0.000512844149833
593 0.00051118796209
594 0.000509540018076
595 0.000507900262821
596 0.000506268641809
597 0.000504645100983
598 0.000503017866213
599 0.000501410362825
