50 5.08978424415e-07
51 7.69375627484e-07
52 1.1251824503e-06
53 1.59613671864e-06
54 2.2076325854e-06
55 2.97702375069e-06
56 3.93445625886e-06
57 5.08270859272e-06
58 6.45153271488e-06
59 8.04598209522e-06
60 9.85905692561e-06
61 1.19311488069e-05
62 1.42597591863e-05
63 1.67876077467e-05
64 1.95687735155e-05
65 2.258551675e-05
66 2.58096335562e-05
67 2.92020307809e-05
68 3.27979825993e-05
69 3.65660963817e-05
70 4.04671129958e-05
71 4.44542183939e-05
72 4.85998828291e-05
73 5.2739398083e-05
74 5.69557468998e-05
75 6.12122174286e-05
76 6.5468555639e-05
77 6.96452860987e-05
78 7.38438891904e-05
79 7.80161844909e-05
80 8.21080499005e-05
81 8.61271566499e-05
82 9.00652968122e-05
83 9.39177412643e-05
84 9.76579370462e-05
85 0.000101259151255
86 0.000104776473952
87 0.000108135296915
88 0.000111370091895
89 0.000114462845453
90 0.000117426418075
91 0.000120245830345
92 0.000122938465689
93 0.000125459617067
94 0.000127862210393
95 0.000130103066551
96 0.000132240274212
97 0.000134197070746
98 0.000136034588843
99 0.000137746582239
100 0.000139327131714
101 0.000140807283779
102 0.000142145953719
103 0.000143338284067
104 0.000144454961014
105 0.00014545572534
106 0.000146337548717
107 0.000147135945579
108 0.000147810576243
109 0.000148397808748
110 0.000148896118172
111 0.000149304145089
112 0.000149659607252
113 0.000149883736807
114 0.000150092551862
115 0.000150168403953
116 0.000150227827805
117 0.000150192297722
118 0.000150100526565
119 0.000149952251579
120 0.000149747284094
121 0.000149485510202
122 0.000149166891288
123 0.000148830155206
124 0.00014843650934
125 0.000147986098305
126 0.000147517492289
127 0.000146992355205
128 0.000146449087042
129 0.000145849698023
130 0.000145232378649
131 0.000144597113686
132 0.000143943904987
133 0.000143235525246
134 0.00014254668126
135 0.000141803130934
136 0.000141042202503
137 0.000140263994192
138 0.00013950488662
139 0.000138692265084
140 0.00013786274801
141 0.000137052124452
142 0.000136224500932
143 0.000135380053996
144 0.000134518974649
145 0.000133641468067
146 0.000132782272214
147 0.000131872345376
148 0.000131014794815
149 0.000130106993399
150 0.000129217084042
151 0.000128311267184
152 0.00012742294087
153 0.000126518785384
154 0.000125631745257
155 0.000124728979034
156 0.000123810782726
157 0.000122909416108
158 0.000121992760654
159 0.000121092614251
160 0.000120208591741
161 0.000119309295029
162 0.000118425837466
163 0.000117527294237
164 0.000116644324664
165 0.000115746476291
166 0.000114863954157
167 0.00011399641252
168 0.000113114102081
169 0.000112246553704
170 0.000111364480812
171 0.000110525699797
172 0.000109672202124
173 0.000108804341644
174 0.000107978615486
175 0.000107138358247
176 0.000106283928262
177 0.000105470522946
178 0.000104642798289
179 0.000103828108238
180 0.000102999393643
181 0.000102210157942
182 0.00010140677893
183 0.000100615776074
184 9.98109382643e-05
185 9.90441231871e-05
186 9.82633787878e-05
187 9.74944129593e-05
188 9.67369857501e-05
189 9.59908633838e-05
190 9.52310547748e-05
191 9.44824841425e-05
192 9.37449266733e-05
193 9.30181632283e-05
194 9.2301980171e-05
195 9.15723572931e-05
196 9.08768961308e-05
197 9.01679565214e-05
198 8.9469149379e-05
199 8.87802786378e-05
200 8.80782496925e-05
201 8.74088566122e-05
202 8.67262856737e-05
203 8.60532551354e-05
204 8.54117885462e-05
205 8.47571310375e-05
206 8.40896210363e-05
207 8.34529882573e-05
208 8.2825034584e-05
209 8.21842290494e-05
210 8.1552109002e-05
211 8.09495591304e-05
212 8.03341753788e-05
213 7.97270118159e-05
214 7.91279196882e-05
215 7.85163367277e-05
216 7.79331063257e-05
217 7.73575190667e-05
218 7.67694765785e-05
219 7.62089172631e-05
220 7.5635933186e-05
221 7.50703544871e-05
222 7.45120515755e-05
223 7.39608977112e-05
224 7.34167689293e-05
225 7.28795439674e-05
226 7.23491041948e-05
227 7.18066613845e-05
228 7.12895807422e-05
229 7.07605427029e-05
230 7.02563698932e-05
231 6.97402881941e-05
232 6.92305886782e-05
233 6.87450359723e-05
234 6.82476534852e-05
235 6.77563411529e-05
236 6.72709987499e-05
237 6.67915281291e-05
238 6.6300592775e-05
239 6.58327010019e-05
240 6.53703970778e-05
241 6.49135906902e-05
242 6.44454353689e-05
243 6.39994763723e-05
244 6.35422303112e-05
245 6.31067734559e-05
246 6.2660092828e-05
247 6.22186276406e-05
248 6.17983611314e-05
249 6.13669695621e-05
250 6.09405528266e-05
251 6.05190334238e-05
252 6.01023353676e-05
253 5.96903841512e-05
254 5.92831067126e-05
255 5.88804314009e-05
256 5.84822879439e-05
257 5.80886074159e-05
258 5.76993222068e-05
259 5.72994661941e-05
260 5.69188728727e-05
261 5.65424785451e-05
262 5.61556182278e-05
263 5.57875309017e-05
264 5.54090489177e-05
265 5.50490231759e-05
266 5.46786744404e-05
267 5.43264739134e-05
268 5.39640223118e-05
269 5.36194192797e-05
270 5.32646372747e-05
271 5.29136529506e-05
272 5.25664115042e-05
273 5.22364388325e-05
274 5.18964342866e-05
275 5.15600150035e-05
276 5.12271300051e-05
277 5.08977292218e-05
278 5.05717634734e-05
279 5.02491844498e-05
280 4.99299446928e-05
281 4.9613997578e-05
282 4.93012972972e-05
283 4.89917988412e-05
284 4.86854579832e-05
285 4.83696535175e-05
286 4.80695762535e-05
287 4.77725276525e-05
288 4.74784664685e-05
289 4.718735216e-05
290 4.6886952683e-05
291 4.66016874257e-05
292 4.6319250768e-05
293 4.60276361137e-05
294 4.57508157087e-05
295 4.5464889118e-05
296 4.51935357414e-05
297 4.49131476063e-05
298 4.46471169783e-05
299 4.43721226122e-05
300 4.41112752016e-05
301 4.38415346451e-05
302 4.35857354827e-05
303 4.33211133194e-05
304 4.30590350152e-05
305 4.28105969996e-05
306 4.25534414577e-05
307 4.22987333609e-05
308 4.20573748839e-05
309 4.18074032308e-05
310 4.1559787167e-05
311 4.13252400059e-05
312 4.10821828508e-05
313 4.084139373e-05
314 4.0602844178e-05
315 4.0366506177e-05
316 4.01323521478e-05
317 3.99107303833e-05
318 3.96808035024e-05
319 3.94529809556e-05
320 3.92272368323e-05
321 3.90035456213e-05
322 3.87818822039e-05
323 3.85622218461e-05
324 3.8344540192e-05
325 3.81288132564e-05
326 3.79150174186e-05
327 3.77031294153e-05
328 3.74931263341e-05
329 3.72849856075e-05
330 3.70786850066e-05
331 3.68742026345e-05
332 3.66715169211e-05
333 3.64611254917e-05
334 3.62648499834e-05
335 3.60655884703e-05
336 3.58689932006e-05
337 3.56731736345e-05
338 3.54790475007e-05
339 3.52865951028e-05
340 3.50957970312e-05
341 3.4906634158e-05
342 3.47181849482e-05
343 3.45322410268e-05
344 3.43469834893e-05
345 3.416329685e-05
346 3.39820467203e-05
347 3.38014437068e-05
348 3.3621484493e-05
349 3.34439048796e-05
350 3.32678091271e-05
351 3.3093180561e-05
352 3.29191468325e-05
353 3.2746556594e-05
354 3.25762407234e-05
355 3.2406484996e-05
356 3.22381251851e-05
357 3.20711458598e-05
358 3.19047022697e-05
359 3.17404427445e-05
360 3.15775186447e-05
361 3.14150985702e-05
362 3.12548058975e-05
363 3.10949969411e-05
364 3.09364743965e-05
365 3.0779224348e-05
366 3.06240292824e-05
367 3.04684870146e-05
368 3.03149728283e-05
369 3.01626773289e-05
370 3.00115875129e-05
371 2.98609141566e-05
372 2.97122012557e-05
373 2.95638873575e-05
374 2.94175012856e-05
375 2.92714973025e-05
376 2.91266319892e-05
377 2.89828934147e-05
378 2.88402698045e-05
379 2.86987495383e-05
380 2.85583211472e-05
381 2.84189733116e-05
382 2.82799595706e-05
383 2.81427430409e-05
384 2.8005845792e-05
385 2.78707169151e-05
386 2.77358929592e-05
387 2.76028091987e-05
388 2.7470016438e-05
389 2.73382255363e-05
390 2.72074263414e-05
391 2.70776088296e-05
392 2.69487631041e-05
393 2.68208793932e-05
394 2.66939480479e-05
395 2.65672687827e-05
396 2.64422169565e-05
397 2.63180892451e-05
398 2.6194195416e-05
399 2.60718917041e-05
400 2.59498101962e-05
401 2.58286230429e-05
402 2.5708989872e-05
403 2.55895620395e-05
404 2.54710025159e-05
405 2.53533028238e-05
406 2.52364545896e-05
407 2.51204495418e-05
408 2.50052795093e-05
409 2.48909364203e-05
410 2.47774123007e-05
411 2.46640579986e-05
412 2.45521511884e-05
413 2.44410399763e-05
414 2.43300841748e-05
415 2.42205443065e-05
416 2.41111505978e-05
417 2.40025282507e-05
418 2.38952912338e-05
419 2.37881870092e-05
420 2.36818325216e-05
421 2.35762207258e-05
422 2.34713446594e-05
423 2.3367804997e-05
424 2.32643771394e-05
425 2.31610624331e-05
426 2.30590612787e-05
427 2.29577622451e-05
428 2.28571588433e-05
429 2.27572446595e-05
430 2.2657424253e-05
431 2.25588721209e-05
432 2.24609903877e-05
433 2.23631914792e-05
434 2.22666347533e-05
435 2.21701538159e-05
436 2.20748980905e-05
437 2.19797113231e-05
438 2.18851641126e-05
439 2.17918172725e-05
440 2.16985295159e-05
441 2.16058642271e-05
442 2.15138158321e-05
443 2.14223788191e-05
444 2.13315477381e-05
445 2.12413172001e-05
446 2.11516818758e-05
447 2.10626364951e-05
448 2.09741758467e-05
449 2.08862947763e-05
450 2.07989881871e-05
451 2.07117125265e-05
452 2.06255420724e-05
453 2.05399311274e-05
454 2.04543429946e-05
455 2.03698386872e-05
456 2.02858794029e-05
457 2.02019351654e-05
458 2.01190539758e-05
459 2.00361828431e-05
460 1.99538424155e-05
461 1.98725448132e-05
462 1.97912500534e-05
463 1.97104724807e-05
464 1.96307180729e-05
465 1.95509596052e-05
466 1.94717052358e-05
467 1.93929506902e-05
468 1.93146917389e-05
469 1.92369241975e-05
470 1.91596439257e-05
471 1.90828468268e-05
472 1.90065288472e-05
473 1.89306859761e-05
474 1.88553142445e-05
475 1.8780409725e-05
476 1.87059685311e-05
477 1.86319868169e-05
478 1.85579782625e-05
479 1.84849060289e-05
480 1.8412281963e-05
481 1.83396255395e-05
482 1.82678886456e-05
483 1.81965889547e-05
484 1.81252516278e-05
485 1.80548174821e-05
486 1.798434231e-05
487 1.79147596509e-05
488 1.7845132674e-05
489 1.77763877281e-05
490 1.77075952692e-05
491 1.76392159158e-05
492 1.7571703199e-05
493 1.7504138352e-05
494 1.74369767398e-05
495 1.73702151346e-05
496 1.73038503409e-05
497 1.7238327386e-05
498 1.71727450513e-05
499 1.7107550142e-05
500 1.7042739588e-05
501 1.69783103499e-05
502 1.6914259418e-05
503 1.68505838127e-05
504 1.67872805835e-05
505 1.67243468091e-05
506 1.66617795968e-05
507 1.65995760823e-05
508 1.65377334293e-05
509 1.64758204523e-05
510 1.64146927131e-05
511 1.63539174822e-05
512 1.6293492032e-05
513 1.62329915985e-05
514 1.61732591861e-05
515 1.61138685207e-05
516 1.60543995589e-05
517 1.59956860687e-05
518 1.59373065215e-05
519 1.58788455133e-05
520 1.58211277312e-05
521 1.57633264586e-05
522 1.57062604065e-05
523 1.5649108896e-05
524 1.55926847287e-05
525 1.5536173195e-05
526 1.54799787686e-05
527 1.54245000955e-05
528 1.5368931304e-05
529 1.53140706984e-05
530 1.52591182095e-05
531 1.52044711371e-05
532 1.51501272052e-05
533 1.50964766623e-05
534 1.50427308705e-05
535 1.49892815252e-05
536 1.49361264337e-05
537 1.48832634238e-05
538 1.48306903432e-05
539 1.4778789303e-05
540 1.47267883514e-05
541 1.46750709979e-05
542 1.46236351684e-05
543 1.45724788076e-05
544 1.45215998791e-05
545 1.44709963651e-05
546 1.44206662659e-05
547 1.43706076003e-05
548 1.43204460685e-05
549 1.42709256853e-05
550 1.42216708918e-05
551 1.41726797775e-05
552 1.41239504491e-05
553 1.40754810301e-05
554 1.4027269661e-05
555 1.39789510417e-05
556 1.39312515007e-05
557 1.38838045238e-05
558 1.383624857e-05
559 1.37893025761e-05
560 1.37426038058e-05
561 1.36957944173e-05
562 1.36495860715e-05
563 1.36036197497e-05
564 1.35575412504e-05
565 1.35120550721e-05
566 1.34664557219e-05
567 1.34214429789e-05
568 1.33763161037e-05
569 1.33317702048e-05
570 1.32871092467e-05
571 1.32430237153e-05
572 1.31988222302e-05
573 1.3155190702e-05
574 1.31114423571e-05
575 1.30682585778e-05
576 1.30249571494e-05
577 1.29818774388e-05
578 1.29393543433e-05
579 1.28967124078e-05
580 1.28542876697e-05
581 1.28124117643e-05
582 1.27704158929e-05
583 1.27286328133e-05
584 1.26870610802e-05
585 1.2646028053e-05
586 1.26048736558e-05
587 1.25639263475e-05
588 1.25231847312e-05
589 1.24826474216e-05
590 1.24423130451e-05
591 1.24025027007e-05
592 1.23625690778e-05
593 1.23228343414e-05
594 1.22832971635e-05
595 1.22439562271e-05
596 1.22048102264e-05
597 1.21658578661e-05
598 1.2127097862e-05
599 1.20885289405e-05
600 1.20501498383e-05
601 1.20119593029e-05
602 1.1973956092e-05
603 1.19361389735e-05
604 1.18985067255e-05
605 1.18610581361e-05
606 1.18237920034e-05
607 1.17864006849e-05
608 1.17494968586e-05
609 1.17127719372e-05
610 1.16762247576e-05
611 1.16398541662e-05
612 1.16036590188e-05
613 1.15673374256e-05
614 1.15314907024e-05
615 1.14958160412e-05
616 1.14603123344e-05
617 1.14246814376e-05
618 1.13895172665e-05
619 1.13545207758e-05
620 1.13193965848e-05
621 1.12847331472e-05
622 1.12502341941e-05
623 1.12156070689e-05
624 1.11814348409e-05
625 1.11474239773e-05
626 1.11132845071e-05
627 1.10795941905e-05
628 1.10457749984e-05
629 1.10124011884e-05
630 1.09791837047e-05
631 1.09458369696e-05
632 1.09129300551e-05
633 1.08798936583e-05
634 1.08472934294e-05
635 1.08145635018e-05
636 1.07822661357e-05
637 1.07498388686e-05
638 1.07178406019e-05
639 1.06857122458e-05
640 1.06537323729e-05
641 1.06221762369e-05
642 1.05904897553e-05
643 1.05592235598e-05
644 1.05278268632e-05
645 1.04965741303e-05
646 1.04657365821e-05
647 1.04347683245e-05
648 1.04039414008e-05
649 1.03735246547e-05
650 1.0342977018e-05
651 1.03125681453e-05
652 1.0282297192e-05
653 1.02524298794e-05
654 1.02224314762e-05
655 1.01925684999e-05
656 1.01628401312e-05
657 1.01335090246e-05
658 1.01040466715e-05
659 1.00747165082e-05
660 1.00455177398e-05
661 1.00164495773e-05
662 9.98751123767e-06
663 9.95896087345e-06
664 9.93027910834e-06
665 9.90172485543e-06
666 9.87329735487e-06
667 9.84499585247e-06
668 9.81681959967e-06
669 9.78876785345e-06
670 9.76083987634e-06
671 9.73303493632e-06
672 9.70535230678e-06
673 9.67779126649e-06
674 9.65035109955e-06
675 9.62303109532e-06
676 9.59583054841e-06
677 9.5687487586e-06
678 9.5417850308e-06
679 9.51493867503e-06
680 9.48820900635e-06
681 9.46159534481e-06
682 9.43509701544e-06
683 9.40871334817e-06
684 9.38244367782e-06
685 9.35628734402e-06
686 9.3302436912e-06
687 9.30407015956e-06
688 9.27825059225e-06
689 9.25254176464e-06
690 9.22694303992e-06
691 9.20145378585e-06
692 9.17607337475e-06
693 9.15056326571e-06
694 9.12539932974e-06
695 9.10034237778e-06
696 9.07539179995e-06
697 9.05054699071e-06
698 9.02557268091e-06
699 9.00093825001e-06
700 8.97640779415e-06
701 8.95198072487e-06
702 8.92742434181e-06
703 8.90320292666e-06
704 8.8790831549e-06
705 8.85483422586e-06
706 8.83091665079e-06
707 8.8070990126e-06
708 8.78315238634e-06
709 8.75953355993e-06
710 8.73601299961e-06
711 8.7123636327e-06
712 8.68903856998e-06
713 8.6655848293e-06
714 8.64245309147e-06
715 8.61941691128e-06
716 8.59625225386e-06
717 8.57340619836e-06
718 8.55043180665e-06
719 8.52777377759e-06
720 8.50498755805e-06
721 8.48251548609e-06
722 8.46013533465e-06
723 8.43762721826e-06
724 8.41542997552e-06
725 8.3931049248e-06
726 8.37108859167e-06
727 8.34894461181e-06
728 8.32689071453e-06
729 8.30514233985e-06
730 8.2832665697e-06
731 8.26169422309e-06
732 8.2399946524e-06
733 8.21859642842e-06
734 8.19707115559e-06
735 8.17584517455e-06
736 8.15449232366e-06
737 8.13322526465e-06
738 8.11225445162e-06
739 8.09115704566e-06
740 8.07014405779e-06
741 8.0494243178e-06
742 8.02857826959e-06
743 8.00781529317e-06
744 7.98734261324e-06
745 7.96674391728e-06
746 7.94622697361e-06
747 7.92599742078e-06
748 7.90564215126e-06
749 7.8853673407e-06
750 7.86537706015e-06
751 7.84526136905e-06
752 7.82522486914e-06
753 7.80526714272e-06
754 7.78559019756e-06
755 7.76578826119e-06
756 7.74606386369e-06
757 7.72641659824e-06
758 7.70704644131e-06
759 7.68755172335e-06
760 7.66813293493e-06
761 7.64878967979e-06
762 7.62952156426e-06
763 7.61052606834e-06
764 7.59140656415e-06
765 7.5723610358e-06
766 7.55338909975e-06
767 7.53449037497e-06
768 7.51566448287e-06
769 7.49691104733e-06
770 7.47842413117e-06
771 7.45981400623e-06
772 7.44127522586e-06
773 7.42280742352e-06
774 7.40441023506e-06
775 7.38608329863e-06
776 7.36782625475e-06
777 7.3496387462e-06
778 7.33152041807e-06
779 7.31347091771e-06
780 7.29548989471e-06
781 7.27757700091e-06
782 7.25973189035e-06
783 7.24195421929e-06
784 7.22424364614e-06
785 7.20659983151e-06
786 7.18902243814e-06
787 7.17151113089e-06
788 7.15406557677e-06
789 7.13668544487e-06
790 7.11937040635e-06
791 7.10212013448e-06
792 7.08493430454e-06
793 7.06781259387e-06
794 7.05075468183e-06
795 7.03376024979e-06
796 7.0168289811e-06
797 6.9999605611e-06
798 6.98315467709e-06
799 6.9664110183e-06
800 6.94972927592e-06
801 6.93310914304e-06
802 6.91637048669e-06
803 6.89987308864e-06
804 6.88343638918e-06
805 6.86706008893e-06
806 6.85074389038e-06
807 6.83448749784e-06
808 6.81829061747e-06
809 6.80197610353e-06
810 6.78589779115e-06
811 6.76987811862e-06
812 6.75391679923e-06
813 6.73801354804e-06
814 6.72199330774e-06
815 6.70620575553e-06
816 6.69047542558e-06
817 6.67480203986e-06
818 6.65918532199e-06
819 6.64345226529e-06
820 6.62794846387e-06
821 6.61250050981e-06
822 6.5971081334e-06
823 6.58159994273e-06
824 6.56631831634e-06
825 6.55109146678e-06
826 6.53591913081e-06
827 6.52063150815e-06
828 6.5055678076e-06
829 6.49055783895e-06
830 6.47543298179e-06
831 6.46053009505e-06
832 6.44568017251e-06
833 6.43088296179e-06
834 6.41597139459e-06
835 6.40127923837e-06
836 6.38663904445e-06
837 6.37188489525e-06
838 6.3573482661e-06
839 6.34269795074e-06
840 6.32826390699e-06
841 6.31388060534e-06
842 6.29938402045e-06
843 6.28510185813e-06
844 6.27086972324e-06
845 6.25652470902e-06
846 6.24239229284e-06
847 6.22814726805e-06
848 6.21411363653e-06
849 6.20012886869e-06
850 6.18603189744e-06
851 6.17214453489e-06
852 6.15814524041e-06
853 6.14435437612e-06
854 6.13045185164e-06
855 6.11675658914e-06
856 6.10310861719e-06
857 6.08934939166e-06
858 6.07579569749e-06
859 6.06213102201e-06
860 6.04867073489e-06
861 6.0350997389e-06
862 6.02173199815e-06
863 6.00825382111e-06
864 5.99497777595e-06
865 5.98159156721e-06
866 5.96840637665e-06
867 5.9551112953e-06
868 5.94201612798e-06
869 5.92881134274e-06
870 5.91580537682e-06
871 5.90269006589e-06
872 5.88977248888e-06
873 5.87674583981e-06
874 5.8639158485e-06
875 5.85097705808e-06
876 5.83808206626e-06
877 5.82538213247e-06
878 5.81257381037e-06
879 5.79995949275e-06
880 5.78723705968e-06
881 5.7747075864e-06
882 5.76207027048e-06
883 5.74947539012e-06
884 5.73707191643e-06
885 5.72456101052e-06
886 5.71224048833e-06
887 5.69981280647e-06
888 5.68742661888e-06
889 5.67522929407e-06
890 5.66292521955e-06
891 5.65066208687e-06
892 5.6385863149e-06
893 5.62640420283e-06
894 5.61426248934e-06
895 5.60230665309e-06
896 5.59024488591e-06
897 5.57822298308e-06
898 5.56638549228e-06
899 5.55444247925e-06
900 5.54253880516e-06
901 5.53081809585e-06
902 5.51899227249e-06
903 5.50720527131e-06
904 5.49559980535e-06
905 5.48388963292e-06
906 5.4722177744e-06
907 5.46072603892e-06
908 5.44913000394e-06
909 5.43757178291e-06
910 5.42605121067e-06
911 5.41470890356e-06
912 5.40326283943e-06
913 5.39185393498e-06
914 5.3804820286e-06
915 5.36928655924e-06
916 5.35798787401e-06
917 5.34672570831e-06
918 5.33549990403e-06
919 5.32444873777e-06
920 5.31329489542e-06
921 5.3021769462e-06
922 5.2910947354e-06
923 5.28004810914e-06
924 5.2691739111e-06
925 5.2581977102e-06
926 5.24725663804e-06
927 5.23635054403e-06
928 5.22547927838e-06
929 5.21477827456e-06
930 5.20397593857e-06
931 5.19320798724e-06
932 5.18247427395e-06
933 5.17177465287e-06
934 5.16110897893e-06
935 5.15061102199e-06
936 5.1400125347e-06
937 5.12944756486e-06
938 5.11891597048e-06
939 5.1084176103e-06
940 5.09795234384e-06
941 5.08752003132e-06
942 5.07725254058e-06
943 5.0668854501e-06
944 5.05655089956e-06
945 5.04624875213e-06
946 5.03597887169e-06
947 5.02574112284e-06
948 5.0155353709e-06
949 5.00536148189e-06
950 4.99521932253e-06
951 4.98510876024e-06
952 4.97515901558e-06
953 4.96511099122e-06
954 4.95509417113e-06
955 4.9451084255e-06
956 4.93515362515e-06
957 4.92522964161e-06
958 4.91533634705e-06
959 4.90547361431e-06
960 4.8956413169e-06
961 4.88583932898e-06
962 4.87606752536e-06
963 4.86632578149e-06
964 4.85661397347e-06
965 4.84693197805e-06
966 4.8372796726e-06
967 4.82765693512e-06
968 4.81806364425e-06
969 4.80849967925e-06
970 4.79896492e-06
971 4.78945924697e-06
972 4.77998254129e-06
973 4.77053468467e-06
974 4.76111555941e-06
975 4.75172504845e-06
976 4.74236303529e-06
977 4.73302940406e-06
978 4.72372403944e-06
979 4.71444682672e-06
980 4.70519765177e-06
981 4.69597640105e-06
982 4.68678296157e-06
983 4.67761722093e-06
984 4.66847906729e-06
985 4.65936838938e-06
986 4.65028507651e-06
987 4.6412290185e-06
988 4.63220010578e-06
989 4.6231982293e-06
990 4.61422328055e-06
991 4.6052751516e-06
992 4.59635373504e-06
993 4.58745892399e-06
994 4.57847157031e-06
995 4.5696298817e-06
996 4.56081448052e-06
997 4.55202526201e-06
998 4.54326212195e-06
999 4.53452495665e-06
