0.367879442502
0.367879442451
0.367879442402
0.367879442356
0.367879442313
0.367879442272
0.367879442233
0.367879442196
0.367879442161
0.367879442128
0.367879442097
0.367879442067
0.367879442038
0.367879442011
0.367879441985
0.36787944196
0.367879441937
0.367879441914
0.367879441892
0.367879441872
0.367879441852
0.367879441833
0.367879441815
0.367879441797
0.36787944178
0.367879441764
0.367879441749
0.367879441734
0.36787944172
0.367879441706
0.367879441692
0.367879441679
0.367879441667
0.367879441654
0.367879441642
0.367879441629
0.367879441614
0.367879441598
0.367879441577
0.367879441551
0.367879441514
0.367879441461
0.367879441384
0.367879441271
0.367879441103
0.367879440856
0.367879440494
0.367879439971
0.367879439219
0.367879438151
0.367879436649
0.367879434559
0.367879431677
0.367879427742
0.367879422419
0.367879415285
0.367879405806
0.367879393315
0.36787937699
0.367879355821
0.367879328576
0.367879293767
0.367879249604
0.367879193951
0.367879124278
0.3678790376
0.367878930421
0.367878798667
0.367878637622
0.367878441849
0.367878205116
0.367877920313
0.367877579371
0.36787717317
0.367876691453
0.36787612273
0.367875454189
0.367874671596
0.367873759202
0.367872699649
0.367871473875
0.367870061021
0.367868438342
0.367866581116
0.367864462565
0.36786205377
0.3678593236
0.367856238638
0.367852763121
0.367848858877
0.367844485282
0.367839599206
0.367834154986
0.367828104393
0.367821396611
0.36781397823
0.367805793238
0.367796783029
0.367786886415
0.367776039653
0.367764176471
0.367751228111
0.367737123378
0.367721788693
0.367705148159
0.367687123634
0.367667634808
0.367646599291
0.367623932702
0.367599548773
0.367573359449
0.367545275001
0.367515204137
0.367483054125
0.367448730915
0.367412139261
0.367373182856
0.367331764464
0.367287786047
0.367241148908
0.367191753823
0.36713950118
0.367084291115
0.367026023651
0.366964598831
0.366899916859
0.366831878227
0.366760383853
0.366685335209
0.366606634447
0.366524184529
0.366437889345
0.366347653832
0.366253384093
0.366154987506
0.366052372833
0.365945450324
0.365834131817
0.365718330836
0.365597962678
0.365472944502
0.365343195414
0.365208636541
0.365069191106
0.364924784497
0.364775344329
0.364620800505
0.36446108527
0.364296133263
0.364125881558
0.363950269709
0.363769239786
0.363582736403
0.363390706754
0.36319310063
0.362989870439
0.362780971225
0.362566360678
0.362345999142
0.362119849619
0.361887877769
0.361650051911
0.361406343011
0.36115672468
0.360901173154
0.360639667287
0.360372188527
0.360098720898
0.359819250978
0.359533767871
0.359242263182
0.358944730985
0.358641167792
0.358331572521
0.358015946459
0.357694293224
0.357366618729
0.357032931138
0.356693240831
0.356347560356
0.355995904386
0.35563828968
0.355274735028
0.354905261215
0.354529890967
0.354148648906
0.353761561505
0.353368657032
0.352969965511
0.352565518663
0.352155349867
0.351739494102
0.351317987902
0.350890869307
0.350458177812
0.350019954319
0.349576241087
0.349127081685
0.348672520941
0.348212604898
0.34774738076
0.347276896853
0.346801202571
0.346320348334
0.345834385539
0.345343366518
0.344847344491
0.344346373523
0.343840508482
0.343329804992
0.342814319396
0.342294108711
0.341769230591
0.341239743281
0.340705705586
0.340167176825
0.3396242168
0.339076885753
0.338525244334
0.337969353566
0.337409274806
0.336845069717
0.336276800232
0.335704528521
0.335128316963
0.334548228112
0.333964324669
0.333376669454
0.332785325376
0.332190355406
0.33159182255
0.330989789827
0.330384320236
0.329775476741
0.32916332224
0.328547919546
0.327929331365
0.327307620271
0.32668284869
0.326055078878
0.325424372899
0.324790792612
0.324154399649
0.323515255398
0.322873420987
0.32222895727
0.321581924808
0.320932383856
0.32028039435
0.31962601589
0.318969307732
0.318310328771
0.317649137531
0.316985792154
0.316320350388
0.315652869579
0.314983406657
0.314312018133
0.313638760083
0.312963688145
0.31228685751
0.311608322911
0.310928138623
0.310246358448
0.309563035716
0.308878223275
0.308191973488
0.307504338227
0.306815368867
0.306125116284
0.305433630851
0.304740962432
0.304047160381
0.30335227354
0.302656350232
0.301959438263
0.301261584919
0.300562836963
0.299863240635
0.299162841649
0.298461685194
0.297759815931
0.297057277996
0.296354114996
0.295650370011
0.294946085594
0.294241303772
0.293536066043
0.292830413384
0.292124386243
0.291418024548
0.290711367703
0.290004454593
0.289297323582
0.288590012519
0.287882558737
0.287174999055
0.286467369783
0.28575970672
0.285052045161
0.284344419895
0.283636865212
0.282929414904
0.282222102266
0.281514960101
0.280808020723
0.280101315961
0.279394877159
0.278688735181
0.277982920418
0.277277462785
0.276572391728
0.275867736228
0.275163524804
0.274459785516
0.273756545968
0.273053833314
0.272351674262
0.271650095075
0.270949121577
0.270248779155
0.269549092766
0.268850086939
0.268151785779
0.267454212972
0.266757391787
0.266061345083
0.26536609531
0.264671664515
0.263978074347
0.263285346058
0.262593500509
0.261902558176
0.261212539151
0.260523463145
0.259835349499
0.259148217179
0.258462084787
0.257776970563
0.257092892387
0.256409867787
0.25572791394
0.255047047677
0.254367285486
0.253688643521
0.253011137597
0.252334783204
0.251659595503
0.250985589334
0.250312779221
0.249641179372
0.248970803685
0.248301665754
0.247633778869
0.246967156022
0.246301809911
0.245637752943
0.244974997239
0.244313554635
0.24365343669
0.242994654685
0.242337219631
0.24168114227
0.241026433077
0.240373102271
0.239721159809
0.239070615395
0.238421478484
0.237773758283
0.237127463754
0.236482603623
0.235839186374
0.235197220262
0.23455671331
0.233917673314
0.233280107847
0.232644024263
0.232009429696
0.23137633107
0.230744735096
0.230114648276
0.229486076911
0.228859027099
0.228233504738
0.227609515533
0.226987064996
0.226366158448
0.225746801025
0.225128997679
0.22451275318
0.22389807212
0.223284958917
0.222673417816
0.222063452891
0.221455068049
0.220848267033
0.220243053424
0.219639430644
0.219037401957
0.218436970472
0.21783813915
0.217240910798
0.21664528808
0.216051273512
0.21545886947
0.214868078191
0.214278901773
0.213691342178
0.213105401238
0.212521080652
0.211938381991
0.211357306701
0.210777856102
0.210200031394
0.209623833654
0.209049263846
0.208476322813
0.207905011288
0.207335329891
0.206767279132
0.206200859413
0.205636071031
0.205072914177
0.204511388943
0.203951495317
0.203393233191
0.20283660236
0.202281602523
0.201728233286
0.201176494163
0.200626384581
0.200077903875
0.199531051296
0.198985826009
0.198442227096
0.197900253558
0.197359904314
0.196821178206
0.196284073998
0.19574859038
0.195214725966
0.194682479297
0.194151848845
0.193622833011
0.193095430126
0.192569638457
0.192045456202
0.191522881497
0.191001912414
0.190482546963
0.189964783093
0.189448618696
0.188934051602
0.188421079589
0.187909700375
0.187399911626
0.186891710953
0.186385095918
0.185880064028
0.185376612743
0.184874739473
0.18437444158
0.183875716379
0.183378561142
0.182882973092
0.182388949413
0.181896487244
0.181405583682
0.180916235784
0.180428440567
0.17994219501
0.179457496055
0.178974340604
0.178492725526
0.178012647653
0.177534103783
0.177057090683
0.176581605083
0.176107643685
0.175635203159
0.175164280143
0.174694871249
0.174226973058
0.173760582124
0.173295694974
0.172832308108
0.172370418
0.171910021102
0.171451113839
0.170993692613
0.170537753803
0.170083293768
0.169630308843
0.169178795344
0.168728749564
0.16828016778
0.167833046249
0.167387381207
0.166943168876
0.166500405458
0.166059087141
0.165619210095
0.165180770474
0.16474376442
0.164308188058
0.1638740375
0.163441308845
0.163009998179
0.162580101574
0.162151615094
0.161724534788
0.161298856697
0.160874576848
0.160451691262
0.160030195948
0.159610086908
0.159191360132
0.158774011606
0.158358037305
0.157943433199
0.157530195249
0.157118319411
0.156707801635
0.156298637864
0.155890824036
0.155484356085
0.15507922994
0.154675441524
0.154272986759
0.15387186156
0.153472061843
0.153073583518
0.152676422492
0.152280574672
0.151886035963
0.151492802266
0.151100869482
0.150710233512
0.150320890255
0.149932835609
0.149546065474
0.149160575749
0.148776362332
0.148393421123
0.148011748023
0.147631338935
0.14725218976
0.146874296405
0.146497654776
0.146122260782
