50 1.0
51 1.0
52 1.0
53 1.0
54 1.0
55 1.0
56 1.0
57 1.0
58 1.0
59 1.0
60 1.0
61 1.0
62 1.0
63 1.0
64 1.0
65 1.0
66 1.0
67 1.0
68 1.0
69 1.0
70 1.0
71 1.0
72 1.0
73 1.0
74 1.0
75 1.0
76 1.0
77 1.0
78 1.0
79 1.0
80 1.0
81 1.0
82 1.0
83 1.0
84 1.0
85 1.0
86 1.0
87 1.0
88 1.0
89 1.0
90 1.0
91 1.0
92 1.0
93 1.0
94 1.0
95 1.0
96 1.0
97 1.0
98 1.0
99 1.0
100 1.0
101 1.0
102 1.0
103 1.0
104 1.0
105 1.0
106 1.0
107 1.0
108 1.0
109 1.0
110 1.0
111 1.0
112 1.0
113 1.0
114 1.0
115 1.0
116 1.0
117 1.0
118 1.0
119 1.0
120 1.0
121 1.0
122 1.0
123 1.0
124 1.0
125 1.0
126 1.0
127 1.0
128 1.0
129 1.0
130 1.0
131 1.0
132 1.0
133 1.0
134 1.0
135 1.0
136 1.0
137 1.0
138 1.0
139 1.0
140 1.0
141 1.0
142 1.0
143 1.0
144 1.0
145 1.0
146 1.0
147 1.0
148 1.0
149 1.0
150 1.0
151 1.0
152 1.0
153 1.0
154 1.0
155 1.0
156 1.0
157 1.0
158 1.0
159 1.0
160 1.0
161 1.0
162 1.0
163 1.0
164 1.0
165 1.0
166 1.0
167 1.0
168 1.0
169 1.0
170 1.0
171 1.0
172 1.0
173 1.0
174 1.0
175 1.0
176 1.0
177 1.0
178 1.0
179 1.0
180 1.0
181 1.0
182 1.0
183 1.0
184 1.0
185 1.0
186 1.0
187 1.0
188 1.0
189 1.0
190 1.0
191 1.0
192 1.0
193 1.0
194 1.0
195 1.0
196 1.0
197 1.0
198 1.0
199 1.0
200 1.0
201 1.0
202 1.0
203 1.0
204 1.0
205 1.0
206 0.999999999999
207 0.999999999999
208 0.999999999999
209 0.999999999999
210 0.999999999998
211 0.999999999998
212 0.999999999997
213 0.999999999996
214 0.999999999995
215 0.999999999994
216 0.999999999992
217 0.99999999999
218 0.999999999987
219 0.999999999984
220 0.999999999979
221 0.999999999974
222 0.999999999968
223 0.99999999996
224 0.999999999951
225 0.999999999939
226 0.999999999925
227 0.999999999908
228 0.999999999888
229 0.999999999863
230 0.999999999833
231 0.999999999797
232 0.999999999754
233 0.999999999703
234 0.999999999642
235 0.999999999569
236 0.999999999483
237 0.999999999381
238 0.99999999926
239 0.999999999118
240 0.999999998952
241 0.999999998756
242 0.999999998527
243 0.999999998259
244 0.999999997946
245 0.999999997583
246 0.999999997161
247 0.999999996672
248 0.999999996105
249 0.999999995451
250 0.999999994697
251 0.99999999383
252 0.999999992833
253 0.999999991691
254 0.999999990383
255 0.999999988888
256 0.999999987182
257 0.999999985239
258 0.999999983029
259 0.99999998052
260 0.999999977675
261 0.999999974455
262 0.999999970816
263 0.999999966709
264 0.99999996208
265 0.999999956871
266 0.999999951017
267 0.999999944449
268 0.999999937088
269 0.999999928851
270 0.999999919644
271 0.999999909368
272 0.999999897914
273 0.999999885162
274 0.999999870982
275 0.999999855236
276 0.999999837771
277 0.999999818423
278 0.999999797013
279 0.99999977335
280 0.999999747228
281 0.999999718421
282 0.999999686692
283 0.99999965178
284 0.999999613409
285 0.999999571281
286 0.999999525078
287 0.999999474456
288 0.99999941905
289 0.99999935847
290 0.999999292298
291 0.999999220089
292 0.999999141369
293 0.999999055631
294 0.999998962338
295 0.999998860919
296 0.999998750767
297 0.999998631237
298 0.999998501647
299 0.999998361274
300 0.99999820935
301 0.999998045068
302 0.999997867571
303 0.999997675955
304 0.999997469267
305 0.999997246502
306 0.999997006601
307 0.999996748449
308 0.999996470875
309 0.999996172644
310 0.999995852464
311 0.999995508974
312 0.999995140751
313 0.999994746299
314 0.999994324055
315 0.99999387238
316 0.999993389562
317 0.999992873809
318 0.999992323251
319 0.999991735933
320 0.999991109819
321 0.999990442783
322 0.999989732611
323 0.999988976997
324 0.999988173541
325 0.999987319746
326 0.999986413017
327 0.999985450658
328 0.99998442987
329 0.999983347745
330 0.999982201271
331 0.999980987324
332 0.999979702667
333 0.999978343947
334 0.999976907697
335 0.999975390327
336 0.999973788128
337 0.999972097266
338 0.999970313782
339 0.999968433587
340 0.999966452464
341 0.999964366064
342 0.999962169903
343 0.999959859361
344 0.99995742968
345 0.999954875964
346 0.999952193174
347 0.999949376128
348 0.999946419499
349 0.999943317814
350 0.999940065453
351 0.999936656643
352 0.999933085464
353 0.999929345842
354 0.999925431547
355 0.999921336199
356 0.999917053258
357 0.999912576028
358 0.999907897655
359 0.999903011126
360 0.999897909267
361 0.999892584744
362 0.999887030062
363 0.999881237563
364 0.999875199424
365 0.999868907664
366 0.999862354133
367 0.999855530521
368 0.99984842835
369 0.999841038981
370 0.999833353608
371 0.999825363262
372 0.999817058809
373 0.999808430951
374 0.999799470225
375 0.999790167005
376 0.999780511502
377 0.999770493764
378 0.999760103677
379 0.999749330965
380 0.999738165192
381 0.99972659576
382 0.999714611915
383 0.999702202743
384 0.999689357174
385 0.999676063981
386 0.999662311784
387 0.999648089049
388 0.999633384089
389 0.99961818507
390 0.999602480005
391 0.999586256762
392 0.999569503064
393 0.99955220649
394 0.999534354476
395 0.999515934318
396 0.999496933176
397 0.999477338072
398 0.999457135895
399 0.999436313403
400 0.999414857222
401 0.999392753855
402 0.999369989676
403 0.99934655094
404 0.99932242378
405 0.999297594212
406 0.999272048139
407 0.999245771349
408 0.999218749524
409 0.999190968236
410 0.999162412956
411 0.999133069052
412 0.999102921795
413 0.999071956359
414 0.999040157828
415 0.999007511196
416 0.99897400137
417 0.998939613174
418 0.998904331353
419 0.998868140574
420 0.99883102543
421 0.998792970444
422 0.998753960073
423 0.998713978706
424 0.998673010676
425 0.998631040255
426 0.998588051661
427 0.998544029062
428 0.998498956579
429 0.998452818287
430 0.998405598222
431 0.99835728038
432 0.998307848724
433 0.998257287188
434 0.998205579675
435 0.998152710067
436 0.998098662225
437 0.998043419991
438 0.997986967194
439 0.997929287654
440 0.997870365181
441 0.997810183584
442 0.997748726672
443 0.997685978253
444 0.997621922146
445 0.997556542177
446 0.997489822186
447 0.99742174603
448 0.997352297584
449 0.997281460747
450 0.997209219444
451 0.99713555763
452 0.997060459292
453 0.996983908451
454 0.996905889172
455 0.996826385556
456 0.996745381755
457 0.996662861965
458 0.996578810436
459 0.996493211472
460 0.996406049433
461 0.996317308741
462 0.996226973881
463 0.996135029405
464 0.996041459933
465 0.995946250158
466 0.995849384847
467 0.995750848845
468 0.995650627079
469 0.995548704556
470 0.995445066372
471 0.995339697708
472 0.995232583839
473 0.995123710133
474 0.995013062052
475 0.994900625159
476 0.994786385116
477 0.99467032769
478 0.994552438754
479 0.994432704285
480 0.994311110376
481 0.994187643229
482 0.994062289161
483 0.993935034606
484 0.993805866118
485 0.99367477037
486 0.99354173416
487 0.993406744409
488 0.993269788166
489 0.993130852609
490 0.992989925045
491 0.992846992915
492 0.992702043792
493 0.992555065388
494 0.992406045548
495 0.992254972259
496 0.992101833649
497 0.991946617986
498 0.991789313682
499 0.991629909294
500 0.991468393526
501 0.99130475523
502 0.991138983405
503 0.990971067202
504 0.990800995922
505 0.990628759019
506 0.990454346101
507 0.990277746931
508 0.990098951427
509 0.989917949664
510 0.989734731874
511 0.989549288448
512 0.989361609938
513 0.989171687053
514 0.988979510665
515 0.988785071808
516 0.988588361677
517 0.988389371632
518 0.988188093195
519 0.987984518052
520 0.987778638056
521 0.987570445222
522 0.987359931733
523 0.987147089937
524 0.986931912351
525 0.986714391654
526 0.986494520697
527 0.986272292495
528 0.986047700233
529 0.985820737261
530 0.985591397099
531 0.985359673435
532 0.985125560124
533 0.984889051191
534 0.984650140827
535 0.984408823393
536 0.984165093417
537 0.983918945595
538 0.983670374792
539 0.983419376039
540 0.983165944537
541 0.982910075652
542 0.982651764918
543 0.982391008038
544 0.982127800878
545 0.981862139473
546 0.981594020021
547 0.98132343889
548 0.981050392609
549 0.980774877873
550 0.980496891543
551 0.98021643064
552 0.979933492352
553 0.979648074028
554 0.979360173179
555 0.979069787478
556 0.978776914758
557 0.978481553015
558 0.9781837004
559 0.977883355229
560 0.97758051597
561 0.977275181254
562 0.976967349865
563 0.976657020746
564 0.976344192992
565 0.976028865857
566 0.975711038745
567 0.975390711214
568 0.975067882974
569 0.974742553887
570 0.974414723965
571 0.974084393368
572 0.973751562407
573 0.973416231538
574 0.973078401366
575 0.972738072639
576 0.972395246253
577 0.972049923245
578 0.971702104796
579 0.971351792229
580 0.970998987006
581 0.970643690731
582 0.970285905144
583 0.969925632126
584 0.969562873692
585 0.969197631993
586 0.968829909314
587 0.968459708074
588 0.968087030824
589 0.967711880246
590 0.967334259152
591 0.966954170482
592 0.966571617305
593 0.966186602815
594 0.965799130334
595 0.965409203305
596 0.965016825296
597 0.964621999997
598 0.964224731217
599 0.963825022887
