50 0.0341787743113
51 0.0410997835588
52 0.0486898899468
53 0.0570697357598
54 0.0660413969112
55 0.0756935025315
56 0.0860193448683
57 0.0968203719193
58 0.108167336861
59 0.119945704266
60 0.132158582555
61 0.144686650042
62 0.157560304282
63 0.170485753225
64 0.183882414941
65 0.197277788458
66 0.210748643741
67 0.224420576773
68 0.237963000547
69 0.251785229585
70 0.265277342829
71 0.278600432292
72 0.292280766377
73 0.305328993853
74 0.318619833111
75 0.331428279601
76 0.344384319097
77 0.357047108907
78 0.369466283179
79 0.381666266814
80 0.393681446464
81 0.405426476171
82 0.416988449557
83 0.428286594781
84 0.439328872129
85 0.450175994163
86 0.460750711176
87 0.471071744359
88 0.48116243903
89 0.491050617248
90 0.500661797029
91 0.51002627857
92 0.519178639112
93 0.528101317976
94 0.536776964032
95 0.54524654688
96 0.553495917143
97 0.561511132
98 0.569339114169
99 0.576968867523
100 0.584389564277
101 0.591590570438
102 0.598625208363
103 0.60548547725
104 0.612098328575
105 0.618585703724
106 0.624875571754
107 0.631027730453
108 0.636969052196
109 0.64282934925
110 0.648467264453
111 0.653945653899
112 0.659329857135
113 0.66454603718
114 0.669589522356
115 0.674527586995
116 0.679357344963
117 0.684003126105
118 0.688607318661
119 0.693021067761
120 0.69731456811
121 0.701559935651
122 0.705680831904
123 0.709674767302
124 0.713539319211
125 0.717348508044
126 0.721024452943
127 0.724642053044
128 0.728122715737
129 0.731542183094
130 0.734899438796
131 0.738114889552
132 0.741344390429
133 0.744429466398
134 0.74744777815
135 0.750398411755
136 0.753200273484
137 0.756012582052
138 0.758754587861
139 0.761425451684
140 0.764024354042
141 0.76655049562
142 0.769084977421
143 0.771463535325
144 0.773849438344
145 0.776160067971
146 0.77839470726
147 0.780635770441
148 0.782799928066
149 0.784886505981
150 0.786978636992
151 0.788992328869
152 0.790926952047
153 0.792866311206
154 0.794725800695
155 0.796589643999
156 0.798372845903
157 0.8001600329
158 0.801865836721
159 0.803575270818
160 0.805202610605
161 0.806833240203
162 0.808467166401
163 0.81001815103
164 0.811485704749
165 0.813042469993
166 0.814428778819
167 0.815904309009
168 0.817295488408
169 0.818689035513
170 0.819997647419
171 0.821308347008
172 0.822621137703
173 0.823848306093
174 0.825165149137
175 0.826308126743
176 0.82754078461
177 0.828687046122
178 0.829834892159
179 0.830984324983
180 0.832135346857
181 0.833199248054
182 0.834264506641
183 0.835331124412
184 0.836310060115
185 0.8372901405
186 0.838360618727
187 0.83925374089
188 0.840237263682
189 0.841221936731
190 0.842118100292
191 0.843015216402
192 0.843913286118
193 0.844812310499
194 0.845622256554
195 0.846523097565
196 0.847334680027
197 0.848147038767
198 0.848960174563
199 0.849774088195
200 0.850498227502
201 0.851313612367
202 0.85203906041
203 0.852765125123
204 0.85349180706
205 0.854219106776
206 0.854947024823
207 0.855675561757
208 0.856313546341
209 0.856952005322
210 0.857682246798
211 0.858321723748
212 0.858961676276
213 0.859602104761
214 0.860243009577
215 0.860792742657
216 0.861434532967
217 0.861985025364
218 0.862627702472
219 0.863178955313
220 0.86373055945
221 0.864374534933
222 0.86492690116
223 0.865479619444
224 0.865940493785
225 0.866493858019
226 0.867047574995
227 0.867601644953
228 0.868063645954
229 0.868525892196
230 0.8690809044
231 0.869543690793
232 0.870006722882
233 0.870562679053
234 0.871026252284
235 0.871490071662
236 0.871954137328
237 0.872418449423
238 0.872790082954
239 0.873254838868
240 0.873719841603
241 0.874092027619
242 0.874557474878
243 0.874930016494
244 0.875395908722
245 0.875768806295
246 0.876235143934
247 0.876608397813
248 0.876981810107
249 0.877355380883
250 0.877822560914
251 0.878196488631
252 0.878570575037
253 0.87894482019
254 0.87931922415
255 0.879600137162
256 0.879974819028
257 0.880349659843
258 0.880724659656
259 0.881099818512
260 0.881381297106
261 0.881756734219
262 0.882038421201
263 0.882414136647
264 0.882696032023
265 0.883072025841
266 0.88335412958
267 0.883730401771
268 0.884012713799
269 0.884295114904
270 0.884671784509
271 0.884954393682
272 0.885237091772
273 0.885519878706
274 0.885897064246
275 0.886180058723
276 0.886463141776
277 0.886746313291
278 0.887029573143
279 0.887312921192
280 0.887596357285
281 0.887879881255
282 0.888163492918
283 0.888352610897
284 0.888636367137
285 0.888920210412
286 0.889204140465
287 0.889488157023
288 0.889677537619
289 0.889961696033
290 0.890245939981
291 0.890435466273
292 0.890719849894
293 0.891004317852
294 0.891193986155
295 0.89147859111
296 0.891668344923
297 0.891953084775
298 0.892142921841
299 0.892427794215
300 0.892617711987
301 0.892902714207
302 0.893092709824
303 0.893282733076
304 0.893567909144
305 0.893758005297
306 0.893948126399
307 0.8942334683
308 0.894423656493
309 0.894613866491
310 0.894804097133
311 0.895089635146
312 0.895279923609
313 0.895470228881
314 0.895660549556
315 0.895850884161
316 0.896041231156
317 0.896327008531
318 0.89651739565
319 0.896707790099
320 0.896898190042
321 0.897088593559
322 0.89727899865
323 0.897469403231
324 0.897659805132
325 0.897850202095
326 0.89804059177
327 0.898230971714
328 0.898421339391
329 0.898611692167
330 0.898802027306
331 0.898896638771
332 0.899125197938
333 0.899296302261
334 0.899476945223
335 0.899647973512
336 0.899828537548
337 0.89999947631
338 0.900170364052
339 0.900341197052
340 0.900502384522
341 0.90067309458
342 0.900843738008
343 0.901004718299
344 0.901165619882
345 0.901326438291
346 0.901487168929
347 0.901647807066
348 0.901808347839
349 0.90196878625
350 0.902119513004
351 0.902279729437
352 0.902430220218
353 0.902580583953
354 0.902730814946
355 0.902880907359
356 0.903030855209
357 0.903180652365
358 0.903330292551
359 0.903470150813
360 0.903619456046
361 0.903758962987
362 0.90390790638
363 0.904047034517
364 0.90418596183
365 0.904324680994
366 0.904463184534
367 0.90460146482
368 0.90473951407
369 0.904867690946
370 0.905005252694
371 0.905132922915
372 0.905269964195
373 0.905397094187
374 0.905523940416
375 0.905650494031
376 0.905776746027
377 0.905902687247
378 0.906028308381
379 0.906153599968
380 0.906278552395
381 0.906403155898
382 0.906517749605
383 0.906641624053
384 0.906755465905
385 0.906868915775
386 0.906991619069
387 0.907104254551
388 0.907216466138
389 0.907328242906
390 0.90743957379
391 0.907550447588
392 0.907660852958
393 0.90777077842
394 0.907870547007
395 0.90797947652
396 0.908078223326
397 0.908186109397
398 0.908283786432
399 0.908390580535
400 0.908487138794
401 0.908583118468
402 0.908688180895
403 0.908782966453
404 0.908877135234
405 0.908970674278
406 0.909063570517
407 0.909155810773
408 0.909237701861
409 0.909328589228
410 0.909418780457
411 0.909498579286
412 0.909587336438
413 0.909675356412
414 0.909752939956
415 0.909829756759
416 0.909915479812
417 0.909990721796
418 0.910065154734
419 0.910138764369
420 0.910221226634
421 0.910293147366
422 0.910364201586
423 0.91043437476
424 0.910503652289
425 0.910562325525
426 0.910629767025
427 0.910696268759
428 0.910761815909
429 0.910826393613
430 0.910880289587
431 0.910942882971
432 0.910994763482
433 0.911055312645
434 0.911105117699
435 0.911163562477
436 0.911211231838
437 0.911257810455
438 0.911303283213
439 0.911357337331
440 0.911400553427
441 0.911442618223
442 0.911483516561
443 0.911523233277
444 0.911561753206
445 0.911599061186
446 0.911635142062
447 0.911669980685
448 0.911693855888
449 0.911726164269
450 0.91175718505
451 0.911786903148
452 0.911805596283
453 0.911832663573
454 0.911858383098
455 0.91187303195
456 0.91189601082
457 0.911907888827
458 0.911918359094
459 0.911937115367
460 0.911944725978
461 0.911950884673
462 0.911965285645
463 0.911968496739
464 0.911970212212
465 0.911970417619
466 0.911969098576
467 0.911966240767
468 0.911961829944
469 0.911955851928
470 0.911948292614
471 0.911939137974
472 0.911928374057
473 0.911915986992
474 0.911901962992
475 0.911886288354
476 0.911868949463
477 0.911840225214
478 0.911819517553
479 0.911797105358
480 0.911763268626
481 0.911737408006
482 0.911700097351
483 0.911670736203
484 0.911639605343
485 0.911596987051
486 0.911552574534
487 0.911516059357
488 0.911468020619
489 0.911427853687
490 0.911376139731
491 0.911322570365
492 0.911267133711
493 0.911219518875
494 0.911160311864
495 0.911099202639
496 0.911036179812
497 0.910971232124
498 0.910904348442
499 0.910835517763
500 0.910764729215
501 0.910701667405
502 0.910617235683
503 0.91054050962
504 0.91046178353
505 0.910381047215
506 0.910298290611
507 0.910213503794
508 0.910126676982
509 0.910037800531
510 0.909937177629
511 0.90984417453
512 0.909749093739
513 0.909642242016
514 0.909542979832
515 0.909441613202
516 0.909328452666
517 0.909222852517
518 0.909105444035
519 0.908995577105
520 0.9088738881
521 0.908759722316
522 0.908633721404
523 0.908515225894
524 0.908384882895
525 0.908262027988
526 0.908127313931
527 0.90799040459
528 0.907860958298
529 0.907719636742
530 0.907576100045
531 0.907430341899
532 0.907292015194
533 0.907141794249
534 0.906989333834
535 0.906834628256
536 0.906677671975
537 0.906518459605
538 0.9063666351
539 0.90620289326
540 0.906036880066
541 0.905868590744
542 0.905698020671
543 0.905525165378
544 0.905350020548
545 0.905172582018
546 0.904983211212
547 0.904801175329
548 0.904616834184
549 0.904430184219
550 0.904241222023
551 0.904049944339
552 0.903856348056
553 0.903650809841
554 0.903452569741
555 0.903252002635
556 0.90303949214
557 0.902834265805
558 0.902626705383
559 0.9024168088
560 0.902194969252
561 0.901980396987
562 0.901753883053
563 0.901534628644
564 0.901313029919
565 0.90107949267
566 0.900853204231
567 0.900614980242
568 0.900383998475
569 0.900141084791
570 0.899905407201
571 0.899657801981
572 0.899407851978
573 0.899165129681
574 0.898910487465
575 0.898663067943
576 0.898403734399
577 0.89814205725
578 0.897878037142
579 0.897621230927
580 0.8973525245
581 0.897081477808
582 0.896817639536
583 0.896541913001
584 0.896263850053
585 0.895983452235
586 0.895700721218
587 0.895425191489
588 0.895137796514
589 0.89484807406
590 0.894556026285
591 0.894261655468
592 0.893964964004
593 0.893665954408
594 0.893364629311
595 0.89306099146
596 0.892755043716
597 0.892446789053
598 0.892136230559
599 0.891823371432
