0.367879449724
0.367879449393
0.36787944908
0.367879448785
0.367879448506
0.367879448242
0.367879447992
0.367879447755
0.36787944753
0.367879447317
0.367879447114
0.367879446921
0.367879446737
0.367879446562
0.367879446395
0.367879446235
0.367879446083
0.367879445938
0.367879445799
0.367879445666
0.367879445538
0.367879445416
0.367879445299
0.367879445187
0.367879445079
0.367879444976
0.367879444876
0.367879444781
0.367879444689
0.367879444601
0.367879444515
0.367879444433
0.367879444354
0.367879444278
0.367879444205
0.367879444134
0.367879444065
0.367879443999
0.367879443935
0.367879443874
0.367879443814
0.367879443756
0.3678794437
0.367879443646
0.367879443594
0.367879443543
0.367879443494
0.367879443446
0.3678794434
0.367879443355
0.367879443312
0.36787944327
0.367879443229
0.367879443189
0.367879443151
0.367879443113
0.367879443077
0.367879443041
0.367879443007
0.367879442973
0.367879442941
0.367879442909
0.367879442878
0.367879442848
0.367879442819
0.36787944279
0.367879442762
0.367879442735
0.367879442709
0.367879442683
0.367879442658
0.367879442634
0.36787944261
0.367879442586
0.367879442564
0.367879442542
0.36787944252
0.367879442499
0.367879442478
0.367879442458
0.367879442438
0.367879442419
0.3678794424
0.367879442382
0.367879442364
0.367879442346
0.367879442329
0.367879442312
0.367879442296
0.36787944228
0.367879442264
0.367879442248
0.367879442233
0.367879442218
0.367879442204
0.36787944219
0.367879442176
0.367879442162
0.367879442149
0.367879442136
0.367879442123
0.36787944211
0.367879442098
0.367879442086
0.367879442074
0.367879442063
0.367879442051
0.36787944204
0.367879442029
0.367879442018
0.367879442008
0.367879441997
0.367879441987
0.367879441977
0.367879441967
0.367879441958
0.367879441948
0.367879441939
0.36787944193
0.367879441921
0.367879441912
0.367879441904
0.367879441895
0.367879441887
0.367879441879
0.367879441871
0.367879441863
0.367879441855
0.367879441847
0.36787944184
0.367879441832
0.367879441825
0.367879441818
0.367879441811
0.367879441804
0.367879441797
0.36787944179
0.367879441784
0.367879441777
0.367879441771
0.367879441765
0.367879441758
0.367879441752
0.367879441746
0.36787944174
0.367879441735
0.367879441729
0.367879441723
0.367879441718
0.367879441712
0.367879441707
0.367879441701
0.367879441696
0.367879441691
0.367879441686
0.367879441681
0.367879441676
0.367879441671
0.367879441666
0.367879441661
0.367879441656
0.367879441651
0.367879441646
0.367879441641
0.367879441636
0.36787944163
0.367879441625
0.367879441619
0.367879441614
0.367879441607
0.367879441601
0.367879441593
0.367879441586
0.367879441577
0.367879441567
0.367879441556
0.367879441544
0.36787944153
0.367879441514
0.367879441496
0.367879441474
0.367879441449
0.36787944142
0.367879441387
0.367879441347
0.367879441301
0.367879441248
0.367879441185
0.367879441112
0.367879441027
0.367879440928
0.367879440813
0.36787944068
0.367879440525
0.367879440345
0.367879440137
0.367879439898
0.367879439621
0.367879439303
0.367879438937
0.367879438516
0.367879438035
0.367879437485
0.367879436856
0.367879436139
0.367879435323
0.367879434395
0.367879433341
0.367879432148
0.367879430797
0.36787942927
0.367879427548
0.367879425608
0.367879423425
0.367879420972
0.36787941822
0.367879415138
0.367879411688
0.367879407834
0.367879403533
0.36787939874
0.367879393404
0.367879387473
0.367879380888
0.367879373586
0.367879365498
0.367879356551
0.367879346664
0.367879335751
0.367879323721
0.367879310473
0.3678792959
0.367879279887
0.36787926231
0.367879243038
0.367879221929
0.367879198831
0.367879173582
0.367879146011
0.367879115932
0.367879083151
0.367879047457
0.367879008629
0.367878966432
0.367878920614
0.36787887091
0.36787881704
0.367878758705
0.367878695589
0.36787862736
0.367878553665
0.367878474134
0.367878388375
0.367878295974
0.367878196498
0.367878089489
0.367877974466
0.367877850925
0.367877718335
0.36787757614
0.367877423757
0.367877260576
0.367877085956
0.367876899228
0.367876699694
0.367876486622
0.36787625925
0.36787601678
0.367875758384
0.367875483196
0.367875190314
0.367874878801
0.367874547681
0.367874195939
0.367873822523
0.367873426337
0.367873006246
0.367872561072
0.367872089594
0.367871590547
0.367871062619
0.367870504457
0.367869914656
0.367869291768
0.367868634293
0.367867940685
0.367867209345
0.367866438627
0.367865626829
0.367864772201
0.367863872937
0.367862927179
0.367861933014
0.367860888474
0.367859791535
0.367858640117
0.367857432083
0.367856165239
0.367854837331
0.367853446048
0.367851989019
0.367850463815
0.367848867945
0.367847198858
0.367845453942
0.367843630525
0.367841725871
0.367839737183
0.367837661604
0.367835496211
0.36783323802
0.367830883984
0.367828430994
0.367825875876
0.367823215393
0.367820446246
0.367817565071
0.367814568443
0.36781145287
0.367808214801
0.367804850619
0.367801356644
0.367797729135
0.367793964287
0.367790058232
0.367786007043
0.367781806728
0.367777453234
0.367772942449
0.367768270197
0.367763432244
0.367758424296
0.367753241999
0.367747880941
0.367742336651
0.3677366046
0.367730680203
0.367724558819
0.367718235749
0.36771170624
0.367704965487
0.367698008628
0.367690830751
0.367683426889
0.367675792027
0.367667921098
0.367659808985
0.367651450526
0.367642840507
0.367633973669
0.36762484471
0.367615448279
0.367605778985
0.367595831393
0.367585600026
0.367575079368
0.367564263862
0.367553147914
0.367541725894
0.367529992133
0.367517940929
0.367505566548
0.36749286322
0.367479825148
0.367466446501
0.367452721423
0.367438644027
0.367424208403
0.367409408613
0.367394238698
0.367378692675
0.36736276454
0.367346448269
0.36732973782
0.367312627134
0.367295110135
0.367277180733
0.367258832825
0.367240060295
0.367220857018
0.367201216857
0.367181133669
0.367160601304
0.367139613606
0.367118164416
0.36709624757
0.367073856906
0.367050986259
0.367027629466
0.367003780366
0.366979432803
0.366954580626
0.366929217688
0.366903337853
0.366876934991
0.366850002985
0.366822535726
0.366794527121
0.36676597109
0.366736861566
0.366707192502
0.366676957865
0.366646151644
0.366614767845
0.366582800498
0.366550243655
0.366517091388
0.366483337798
0.36644897701
0.366414003176
0.366378410476
0.366342193119
0.366305345344
0.366267861423
0.366229735657
0.366190962383
0.366151535972
0.36611145083
0.366070701398
0.366029282158
0.365987187626
0.36594441236
0.365900950956
0.365856798055
0.365811948335
0.36576639652
0.365720137376
0.365673165716
0.365625476395
0.365577064317
0.365527924431
0.365478051735
0.365427441274
0.365376088145
0.365323987491
0.365271134509
0.365217524446
0.3651631526
0.365108014324
0.365052105022
0.364995420153
0.36493795523
0.364879705821
0.36482066755
0.364760836097
0.364700207199
0.36463877665
0.364576540301
0.364513494062
0.3644496339
0.364384955844
0.364319455979
0.364253130454
0.364185975473
0.364117987305
0.364049162279
0.363979496783
0.363908987269
0.363837630251
0.363765422304
0.363692360066
0.363618440237
0.363543659581
0.363468014926
0.363391503161
0.36331412124
0.363235866181
0.363156735066
0.36307672504
0.362995833313
0.36291405716
0.362831393918
0.362747840992
0.36266339585
0.362578056022
0.362491819108
0.362404682768
0.36231664473
0.362227702784
0.362137854788
0.362047098661
0.36195543239
0.361862854024
0.361769361679
0.361674953534
0.361579627833
0.361483382884
0.36138621706
0.361288128797
0.361189116595
0.361089179019
0.360988314698
0.360886522322
0.360783800647
0.360680148491
0.360575564736
0.360470048325
0.360363598265
0.360256213625
0.360147893537
0.360038637193
0.359928443848
0.359817312818
0.359705243481
0.359592235274
0.359478287697
0.359363400309
0.359247572728
0.359130804633
0.359013095762
0.358894445913
0.358774854941
0.358654322761
0.358532849345
0.358410434723
0.358287078983
0.358162782269
0.358037544782
0.357911366781
0.357784248577
0.357656190541
0.357527193095
0.35739725672
0.357266381948
0.357134569365
0.357001819614
0.356868133387
0.356733511431
0.356597954546
0.356461463581
0.356324039439
0.356185683074
0.356046395488
0.355906177737
0.355765030924
0.355622956202
0.355479954773
0.355336027887
0.355191176843
0.355045402987
0.354898707712
0.354751092456
0.354602558706
0.354453107992
0.354302741893
0.354151462027
0.353999270063
0.353846167707
0.353692156714
0.353537238879
