50 0.01219014521
51 0.0154930780223
52 0.0193067413548
53 0.0237166838297
54 0.028719388863
55 0.0342826941786
56 0.040413935099
57 0.0471325949997
58 0.0543809815703
59 0.0621849517777
60 0.0704753489508
61 0.0793011612917
62 0.0884376904904
63 0.0980986197493
64 0.10803912214
65 0.118349945764
66 0.128950921381
67 0.139749630231
68 0.150911613432
69 0.162093373038
70 0.173450978016
71 0.184908732822
72 0.196419712362
73 0.208013996802
74 0.21958493745
75 0.231178712539
76 0.242689545114
77 0.254182115362
78 0.265601019602
79 0.276938265037
80 0.288140819264
81 0.299207743347
82 0.310200320579
83 0.32096527558
84 0.331629312417
85 0.342158149767
86 0.352454062223
87 0.362605937733
88 0.372583923317
89 0.382357987506
90 0.391968026344
91 0.401389100164
92 0.410596271445
93 0.419639608061
94 0.428499202997
95 0.437155217484
96 0.445587953919
97 0.453858928847
98 0.461953236069
99 0.469856080076
100 0.477638061238
101 0.485115591739
102 0.492534120542
103 0.499709014527
104 0.506716847859
105 0.51363939372
106 0.520284775308
107 0.52682788278
108 0.533167575516
109 0.539390841158
110 0.545491859477
111 0.551464874932
112 0.557204756483
113 0.562803338949
114 0.568356612888
115 0.573657357744
116 0.578904108946
117 0.583990268663
118 0.589015889831
119 0.593872664464
120 0.598662549584
121 0.60327562641
122 0.607707232507
123 0.612171312734
124 0.616448056171
125 0.620643840048
126 0.624756613881
127 0.628784357931
128 0.632612186375
129 0.636463256072
130 0.640223453894
131 0.643890899754
132 0.647348225881
133 0.650824064424
134 0.654201767176
135 0.657596951918
136 0.660773847938
137 0.663966048002
138 0.667054586236
139 0.670037877836
140 0.67303447285
141 0.675923809267
142 0.678704395304
143 0.681496385539
144 0.684177733445
145 0.68674704679
146 0.689325978273
147 0.691914564664
148 0.694388927853
149 0.696747776462
150 0.699114611884
151 0.70148946181
152 0.7037467704
153 0.705885354105
154 0.708156761546
155 0.710181970682
156 0.712340043918
157 0.714377175029
158 0.716292291503
159 0.718340686181
160 0.720266390645
161 0.722068389143
162 0.724004051544
163 0.725815367308
164 0.72750137935
165 0.72932141302
166 0.731015538862
167 0.732713585388
168 0.734284533473
169 0.735858836271
170 0.737436501249
171 0.739017535882
172 0.740601947655
173 0.742057329703
174 0.743515560238
175 0.74497664509
176 0.746307418006
177 0.747773967522
178 0.749109716652
179 0.750447841921
180 0.75178834777
181 0.752996873922
182 0.754341914454
183 0.75555452776
184 0.756769081848
185 0.757985580001
186 0.759204025508
187 0.760424421654
188 0.761510889106
189 0.762598901568
190 0.763688461387
191 0.764779570911
192 0.765872232487
193 0.766966448462
194 0.767925195044
195 0.769022331253
196 0.769983635508
197 0.770946135553
198 0.772047569492
199 0.77287472943
200 0.773840826468
201 0.774808125709
202 0.775776628756
203 0.776607763187
204 0.777578505577
205 0.778411560765
206 0.779245503807
207 0.780080335738
208 0.780916057592
209 0.781752670402
210 0.7825901752
211 0.783428573017
212 0.784127950245
213 0.784967987433
214 0.785668731258
215 0.786510411313
216 0.787212524688
217 0.787915261312
218 0.788759336977
219 0.789463447444
220 0.790168183122
221 0.790873544626
222 0.791438314739
223 0.792144803792
224 0.792851920399
225 0.793559665172
226 0.794126341706
227 0.794835218268
228 0.795402800153
229 0.796112810515
230 0.796681299389
231 0.797392445554
232 0.797961843051
233 0.798531644688
234 0.799101850793
235 0.799672461694
236 0.800243477719
237 0.800814899194
238 0.801386726447
239 0.801958959801
240 0.802531599584
241 0.803104646119
242 0.803678099731
243 0.804108484273
244 0.804682650649
245 0.805257224998
246 0.805688449521
247 0.806263738219
248 0.806695498143
249 0.8072715022
250 0.807703798306
251 0.808280518728
252 0.808713351794
253 0.809146415035
254 0.809724160382
255 0.810157761693
256 0.810591593665
257 0.811025656443
258 0.811459950173
259 0.811894475003
260 0.812329231076
261 0.812764218538
262 0.813199437535
263 0.813634888209
264 0.814070570707
265 0.81450648517
266 0.814942631744
267 0.815379010571
268 0.815815621795
269 0.816252465557
270 0.816543848766
271 0.816981080085
272 0.817418544327
273 0.817856241635
274 0.818148192912
275 0.81858627867
276 0.819024597875
277 0.819316963076
278 0.819755671379
279 0.820048295548
280 0.820487393356
281 0.820780276781
282 0.821219764497
283 0.821512907464
284 0.821952785492
285 0.822246188283
286 0.822539694937
287 0.822980119923
288 0.8232738868
289 0.823567757706
290 0.824008730444
291 0.82430286197
292 0.824597097687
293 0.825038618968
294 0.825333115697
295 0.82562771678
296 0.825922422265
297 0.826217232199
298 0.826659616875
299 0.826954688437
300 0.827249864608
301 0.827545145434
302 0.827840530961
303 0.828136021237
304 0.828431616308
305 0.828727316218
306 0.829023121016
307 0.829319030745
308 0.829615045453
309 0.829911165185
310 0.830207389986
311 0.830503719901
312 0.830800154976
313 0.831096695257
314 0.831393340787
315 0.831690091613
316 0.831986947778
317 0.832135436605
318 0.832432450632
319 0.832729570113
320 0.833026795093
321 0.833324125617
322 0.833621561728
323 0.833770339284
324 0.834067933645
325 0.834365633707
326 0.834663439514
327 0.834812401146
328 0.835110365448
329 0.835408435607
330 0.835706611667
331 0.835855757697
332 0.836154092496
333 0.836452533306
334 0.836646589089
335 0.836900410914
336 0.837139374027
337 0.837378404952
338 0.837617503713
339 0.837856670334
340 0.838095904839
341 0.838335207253
342 0.838574577598
343 0.8388140159
344 0.839038553042
345 0.839278123057
346 0.839502783683
347 0.839727504079
348 0.839967269695
349 0.840192113702
350 0.840417017541
351 0.840641981233
352 0.840852003328
353 0.841077082771
354 0.841302222124
355 0.841512408168
356 0.841737663386
357 0.841947957568
358 0.842173328726
359 0.842383731117
360 0.842594185763
361 0.84280469268
362 0.843015251884
363 0.843225863393
364 0.843436527222
365 0.843647243387
366 0.843842957117
367 0.844053774246
368 0.844249581721
369 0.844460499874
370 0.844656401153
371 0.844867420391
372 0.845063415529
373 0.845259455871
374 0.845455541429
375 0.845651672218
376 0.84584784825
377 0.846044069539
378 0.846240336097
379 0.846436647938
380 0.846617900815
381 0.846814299759
382 0.846995633031
383 0.847192119127
384 0.847373532838
385 0.847570106134
386 0.84775160033
387 0.847933133167
388 0.848114704656
389 0.848296314807
390 0.848493101052
391 0.848674791798
392 0.848841377338
393 0.849023142242
394 0.84920494586
395 0.849386788202
396 0.849568669279
397 0.849735429262
398 0.849917384595
399 0.850084212635
400 0.850266242262
401 0.850433138394
402 0.850615242352
403 0.850782206612
404 0.850949203459
405 0.851116232903
406 0.851298482387
407 0.851465580025
408 0.851632710284
409 0.851799873172
410 0.851967068695
411 0.852134296863
412 0.852286352362
413 0.852453642858
414 0.85262096602
415 0.852788321855
416 0.852940493391
417 0.853107911612
418 0.853275362528
419 0.853427620481
420 0.853595133825
421 0.853747448516
422 0.853899790227
423 0.854067395766
424 0.854219794251
425 0.854372219773
426 0.854524672337
427 0.854692399894
428 0.854844909277
429 0.854997445717
430 0.85515000922
431 0.85530259979
432 0.855455217433
433 0.855607862151
434 0.855760533951
435 0.855897963123
436 0.856050686374
437 0.856203436717
438 0.856356214157
439 0.856493738362
440 0.85664656728
441 0.856799423305
442 0.856937018201
443 0.857089925721
444 0.857227566937
445 0.857380525962
446 0.857518213504
447 0.857655922984
448 0.857808957913
449 0.857946713724
450 0.858084491473
451 0.85822229116
452 0.858375426396
453 0.858513272413
454 0.858651140364
455 0.858789030249
456 0.858926942065
457 0.859064875808
458 0.859202831477
459 0.859340809068
460 0.859478808577
461 0.859616829999
462 0.85975487333
463 0.859892938565
464 0.860015682566
465 0.860153789127
466 0.860291917571
467 0.860414717646
468 0.86055288737
469 0.860691078953
470 0.86081393502
471 0.860952167824
472 0.861075060435
473 0.861213334415
474 0.861336263519
475 0.861474578623
476 0.861597544162
477 0.861735900328
478 0.861858902238
479 0.86198192121
480 0.862120337608
481 0.862243392837
482 0.862366465066
483 0.862504941515
484 0.862628049869
485 0.862751175152
486 0.862874317335
487 0.862997476392
488 0.863120652292
489 0.863243845005
490 0.863367054498
491 0.863490280737
492 0.863613523687
493 0.863736783311
494 0.863860059569
495 0.863983352421
496 0.864106661824
497 0.864229987734
498 0.864353330104
499 0.864461266486
500 0.864584639429
501 0.864708028681
502 0.864831434186
503 0.864939424962
504 0.865062860599
505 0.86518631231
506 0.865294342777
507 0.86541782424
508 0.865541321575
509 0.865649391125
510 0.865772917784
511 0.865881012373
512 0.866004568041
513 0.866112687343
514 0.866236271682
515 0.866344415346
516 0.866452570086
517 0.866576195641
518 0.866684374166
519 0.866808027434
520 0.866916229324
521 0.867024441767
522 0.867132664645
523 0.867256369803
524 0.867364615117
525 0.867472870495
526 0.867581135802
527 0.867689410903
528 0.86781317755
529 0.86792147374
530 0.868029779285
531 0.868138094031
532 0.868246417816
533 0.868354750477
534 0.868463091841
535 0.868571441735
536 0.868679799976
537 0.86878816638
538 0.868896540753
539 0.869004922899
540 0.869113312615
541 0.869221709691
542 0.869314604968
543 0.869423014181
544 0.869531430089
545 0.869639852461
546 0.869748281055
547 0.869856715624
548 0.869949635648
549 0.870058079467
550 0.87016652848
551 0.87025945662
552 0.870367913256
553 0.87047637424
554 0.870569307959
555 0.870677774808
556 0.870786245093
557 0.87087918165
558 0.870987655904
559 0.871080592175
560 0.871189069055
561 0.871282003662
562 0.871390481756
563 0.871483413256
564 0.871591891087
565 0.871684817965
566 0.871793293981
567 0.871886214652
568 0.871994687232
569 0.872087600037
570 0.872180507433
571 0.872288970686
572 0.872381867585
573 0.872474757716
574 0.872583207561
575 0.872676084385
576 0.872768952992
577 0.872861812877
578 0.872970237383
579 0.873063079928
580 0.873155912175
581 0.873248733579
582 0.87334154358
583 0.873449924019
584 0.873542711152
585 0.873635485139
586 0.873728245379
587 0.873820991256
588 0.873913722143
589 0.8740064374
590 0.874099136377
591 0.874191818411
592 0.874284482825
593 0.874377128933
594 0.874469756034
595 0.874562363415
596 0.874654950349
597 0.874747516099
598 0.874840059913
599 0.874932581027
