1 0.967353534588
2 0.93991281589
3 0.913250502413
4 0.887344513297
5 0.862173394045
6 0.837716298755
7 0.813952972854
8 0.790863736331
9 0.76842946743
10 0.746631586819
11 0.725452042203
12 0.704873293372
13 0.684878297675
14 0.665450495907
15 0.646573798596
16 0.628232572673
17 0.610411628532
18 0.593096207448
19 0.576271969351
20 0.559924980955
21 0.544041704216
22 0.52860898512
23 0.513614042792
24 0.499044458908
25 0.484888167412
26 0.471133444525
27 0.457768899032
28 0.444783462852
29 0.432166381868
30 0.419907207025
31 0.407995785672
32 0.396422253159
33 0.385177024661
34 0.374250787246
35 0.36363449216
36 0.353319347333
37 0.343296810097
38 0.333558580113
39 0.324096592495
40 0.314903011133
41 0.305970222203
42 0.297290827858
43 0.288857640107
44 0.280663674857
45 0.272702146135
46 0.264966460459
47 0.257450211388
48 0.250147174208
49 0.243051300781
50 0.236156714535
51 0.2294577056
52 0.222948726072
53 0.216624385428
54 0.210479446053
55 0.20450881891
56 0.198707559318
57 0.193070862864
58 0.187594061418
59 0.182272619272
