11.0833323456 0.0587626507871
11.5115367447 0.058293664201
11.9368282827 0.0578315728549
12.3584045148 0.0573771334967
12.7759140039 0.0569305974557
13.189539815 0.0564916419974
13.5957456535 0.0560638550271
13.9998244419 0.0556415222038
14.3991401683 0.0552272931345
14.7856760671 0.0548292587274
15.1716650768 0.054434650118
15.5497230999 0.0540509028234
15.9230755212 0.0536745870213
16.2896777935 0.0533076244311
16.647350322 0.0529520184248
17.0005567442 0.0526031807265
17.3406877916 0.0522694288951
17.6798803673 0.0519387067486
18.0096376177 0.0516191904836
18.3360186115 0.0513048811765
18.6498517045 0.0510044606852
18.9576394762 0.0507115358519
19.258253042 0.0504270627987
19.5594676678 0.0501436215299
19.8424726978 0.0498787671656
20.1336633266 0.0496077123329
20.4041745591 0.0493572268793
20.6719502555 0.049110520135
20.9364924052 0.0488680034325
21.1972862432 0.0486300952481
21.4538017548 0.0483972198638
21.6944941473 0.0481797235713
21.940560574 0.0479583815227
22.1692023603 0.0477536248166
22.4025797805 0.0475455287076
22.6288788493 0.0473446101867
22.8475242574 0.0471512934259
23.0579423687 0.0469659962751
23.2722054941 0.0467780614024
23.4775446297 0.0465986596888
23.6733843134 0.0464281985682
23.8724602774 0.0462555596392
24.0748560716 0.0460806998245
24.253160082 0.0459272018648
24.4480203702 0.0457600356458
24.6176577312 0.0456150030937
24.8039730242 0.0454562412598
24.9785101242 0.0453080170973
25.1407141898 0.0451707000019
25.3049969453 0.045032047352
25.4714003413 0.0448920387757
25.6399673745 0.0447506535768
25.795202848 0.0446208440779
25.9522934021 0.0444898666558
26.0953718151 0.0443709067214
26.2560819875 0.0442376664357
26.4024730233 0.0441166459934
26.5340344595 0.0440081675687
26.6834887532 0.0438852592486
26.8178140429 0.0437750856576
26.9534707993 0.0436641007115
27.0904799521 0.043552294933
27.2288628236 0.0434396587429
27.3511755117 0.0433403453636
27.4745680263 0.0432403852731
27.5990555906 0.0431397717088
27.724653677 0.0430384978486
27.8513780135 0.0429365568096
27.9792445913 0.0428339416462
28.0898500982 0.0427453766334
28.2013139135 0.0426563096045
28.3323603147 0.0425518321104
28.4457226198 0.0424616598134
28.5409629366 0.0423860500962
28.6559684781 0.0422949285165
28.7718873544 0.0422032815122
28.8692773621 0.0421264372042
28.9868989866 0.0420338159189
29.0857210817 0.0419561557841
29.185204385 0.0418781209581
29.305373357 0.0417840537867
29.4063383488 0.0417051826778
29.5079876087 0.0416259274298
29.5898935349 0.041562175515
29.6927915284 0.0414822226765
29.7963948081 0.0414018772121
29.879874307 0.041337251185
29.9847649436 0.0412561926166
30.0692813667 0.0411909947125
30.1754849252 0.0411092129194
30.2610591214 0.0410434348574
30.3471094564 0.0409773969333
30.455255022 0.0408945530449
30.5423941042 0.0408279228363
30.6300233751 0.040761027288
30.7181472621 0.0406938646895
30.8067702361 0.040626433324
30.8958968127 0.0405587314681
30.9631593279 0.0405077125857
31.0531767617 0.0404395344093
31.1437104895 0.0403710809366
31.2347652006 0.0403023504185
31.3034796878 0.0402505603768
31.3954562424 0.0401813418834
31.4648650073 0.0401291859757
31.5577783069 0.0400594739822
31.6278927548 0.0400069479435
31.7217579689 0.0399367368886
31.7925897019 0.0398838364322
31.8637317715 0.0398307747352
31.9589831038 0.0397598415302
32.030859422 0.0397063992231
32.103053486 0.0396527929721
32.1755675651 0.0395990219542
32.2484039452 0.0395450853447
32.3459401667 0.0394729731133
32.4195388942 0.0394186458439
32.4934676371 0.0393641502469
32.5677287584 0.0393094854894
32.6423246395 0.0392546507366
32.7172576804 0.0391996451517
32.7674787108 0.0391628228896
32.8429779042 0.0391075316518
32.918820777 0.0390520673185
32.9950097999 0.0389964290452
33.071547464 0.0389406159848
33.1484362808 0.0388846272876
33.199962313 0.0388471522524
33.2774410007 0.0387908697479
33.3552776633 0.0387344093103
33.4074363579 0.0386966209115
33.4858744522 0.0386398627722
33.564677495 0.0385829243861
33.6174814826 0.0385448183233
33.6968977709 0.0384875783151
33.7501112491 0.0384492717875
33.8301483142 0.038391727681
33.9105620074 0.0383339995215
33.9644418914 0.0382953682831
34.018489809 0.0382566556797
34.0997914439 0.0381984959042
34.1542644467 0.0381595776801
34.2362100936 0.0381011063099
34.2911135201 0.0380619807359
34.373711148 0.0380031952469
34.4290504103 0.0379638605875
34.4845650921 0.037924442148
34.5680886914 0.0378652129548
34.6240469313 0.0378255829751
34.6801837349 0.0377858682111
34.7365000177 0.0377460683705
34.8212377682 0.0376862614923
34.8780077737 0.0376462469275
34.9349604808 0.0376061462769
34.9920968269 0.0375659592471
35.0780763139 0.0375055662241
35.1356768119 0.0374651612629
35.193464254 0.0374246689069
35.2514396016 0.037384088861
35.3096038213 0.03734342083
35.3679578855 0.0373026645184
35.4265027717 0.0372618196301
35.4852394633 0.0372208858687
35.5736417262 0.0371593628436
35.6328630651 0.0371182049989
35.692279682 0.0370769572515
35.7518925866 0.0370356193028
35.8117027945 0.0369941908538
35.8717113274 0.0369526716049
35.9319192131 0.0369110612563
35.9923274856 0.0368693595072
36.0529371853 0.0368275660567
36.1137493587 0.0367856806032
36.1747650587 0.0367437028444
36.2054064543 0.0367226401598
36.2667287717 0.036680523874
36.3282572878 0.0366383145165
36.3899930786 0.0365960117832
36.4519372263 0.0365536153693
36.5140908204 0.0365111249697
36.5764549569 0.0364685402784
36.6390307391 0.0364258609887
36.7018192769 0.0363830867936
36.7333449568 0.0363616291181
36.7964541566 0.0363187124147
36.8597789279 0.0362757000275
36.9233204058 0.0362325916472
36.9870797327 0.0361893869635
37.0190899326 0.0361677155962
37.0831776675 0.0361243662677
37.1474861486 0.0360809198507
37.2120165448 0.0360373760327
37.2444117249 0.0360155362307
37.3092767102 0.0359718460919
37.3743665737 0.0359280577612
37.4396825112 0.0358841709235
37.472470071 0.0358621606442
37.538126918 0.0358181257991
37.6040128709 0.0357739916501
37.6370851808 0.0357518584447
37.7033166499 0.0357075750736
37.7697803071 0.0356631915975
37.8031412938 0.0356409344089
37.8699551494 0.03559640049
37.9370043272 0.0355517656603
37.9706579779 0.035529383429
38.0380621137 0.0354845969299
38.1057047587 0.0354397087095
38.1396551232 0.0354172003728
38.2076575655 0.03537215925
38.2417877643 0.0353495748542
38.3101529512 0.0353043800827
38.3787618627 0.0352590822812
38.4131953966 0.035236370068
38.4821720236 0.0351909173743
38.5167894271 0.0351681280638
38.586136797 0.0351225197252
38.6209396127 0.0350996529249
38.6906607839 0.0350538881866
38.7256505692 0.0350309435033
38.7957486316 0.0349850216081
38.8660999001 0.0349389943604
38.9014050342 0.034915918836
38.9721384086 0.0348697331684
39.0076347338 0.0348465787138
39.0787533902 0.0348002338621
39.114442521 0.0347770000814
39.1501960654 0.0347537399208
39.2218332359 0.0347071817753
39.2577817693 0.0346838417551
39.3298117688 0.0346371226286
39.3659569435 0.0346137023512
39.438383061 0.034566821471
39.4747265462 0.0345433205376
39.5475521057 0.0344962771284
39.5840955877 0.0344726951392
39.6207059212 0.034449086175
39.6940691313 0.0344018249774
39.730881742 0.0343781344195
39.8046522942 0.0343307088697
39.8416689093 0.0343069363162
39.8787537332 0.0342831364651
39.9530726132 0.0342354906774
39.9903637772 0.0342116082899
40.0650980994 0.0341637963119
40.1025973734 0.0341398309837
40.1401662454 0.0341158380343
40.2154598433 0.0340678033499
40.2532392186 0.0340437269159
40.2910890015 0.0340196226746
40.3669482589 0.0339713638623
40.4050109722 0.0339471755908
40.443144914 0.0339229593255
40.5195763081 0.0338744749576
40.557925642 0.0338501741144
40.5963470365 0.0338258450907
40.6733571398 0.0337771337328
40.7119964236 0.0337527195817
40.750708612 0.0337282770626
40.8283040941 0.0336793372741
40.867236705 0.0336548090761
40.9062430763 0.0336302523223
40.9453234251 0.0336056669646
41.0236600706 0.0335564396694
41.0629640632 0.0335317679389
41.1023429044 0.0335070674161
41.141796815 0.033482338053
41.2208854078 0.0334328209696
41.2605662427 0.0334080045367
41.3003230338 0.0333831590742
41.340156006 0.0333582845339
41.4200075331 0.0333084753684
41.4600707707 0.0332835130581
41.5002110924 0.0332585214803
41.5404287271 0.0332335005866
41.6210543836 0.0331833970319
41.6615056872 0.0331582876646
41.7020352235 0.0331331487909
41.7426432255 0.0331079803623
41.7833299272 0.0330827823304
41.864899559 0.0330323224891
41.9058241002 0.0330070351338
41.9468282813 0.0329817179837
41.9879123405 0.0329563709902
42.0290765169 0.0329309941046
42.1116069396 0.032880174608
42.1530132215 0.0328547075444
42.194500582 0.0328292103963
42.2360692649 0.032803683115
42.2777195144 0.0327781256515
42.3194515761 0.032752537957
42.4031246542 0.0327012946074
42.4451039238 0.0326756157308
42.4871659927 0.0326499064298
42.5293111109 0.0326241666551
42.5715395294 0.0325983963579
42.6138515001 0.0325725954889
42.6562472758 0.032546763999
42.6987271103 0.0325209018391
42.7839047091 0.0324691067401
42.8266385182 0.0324431520961
42.8694574079 0.032417166587
42.9123616369 0.0323911501636
42.9553514649 0.0323651027763
43.0027360438 0.0323364168915
43.050224914 0.0323076933792
43.0978184244 0.0322789321743
43.1455169254 0.0322501332113
43.1933207689 0.0322212964249
43.2412303083 0.0321924217497
43.2848794224 0.032166137324
43.3329917105 0.032137190148
43.3812107316 0.0321082048923
43.4295368452 0.0320791814911
43.4735657955 0.0320527616939
43.5220973415 0.0320236653009
43.5663136096 0.0319971790658
43.6150519155 0.0319680094401
43.6594567139 0.0319414565475
43.7084031183 0.0319122134482
43.7529976699 0.0318855936781
43.8021535225 0.0318562768636
43.8469390601 0.0318295899959
43.8963057219 0.0318001992243
43.9412834889 0.0317734450382
43.9863532239 0.0317466587245
44.0315152125 0.0317198402331
44.0812974015 0.0316903043831
44.1266540774 0.0316634181411
44.1721038994 0.0316364995654
44.2176471578 0.0316095486053
44.2632841442 0.0315825652105
44.3090151512 0.0315555493305
44.3548404727 0.0315285009146
44.4007604037 0.0315014199124
44.4467752404 0.031474306273
44.4928852804 0.0314471599459
44.5390908221 0.0314199808804
44.5853921655 0.0313927690256
44.6271482026 0.0313682487131
44.6736323819 0.0313409744306
44.7202132395 0.0313136672115
44.7668910801 0.0312863270047
44.8089869085 0.031261691052
44.8558498435 0.0312342880397
44.9028106521 0.0312068518919
44.9451618654 0.0311821294991
44.9923094713 0.0311546302641
45.0395558522 0.0311270977453
45.0821648048 0.0311022885244
45.1295997063 0.0310746926361
45.172378807 0.0310498263206
45.2200033693 0.0310221668775
45.2629536491 0.0309972433002
45.3059853677 0.0309722925457
45.3538915195 0.0309445391099
45.3970959513 0.0309195308465
45.4403825531 0.0308944952887
45.48857282 0.0308666474562
45.5320336871 0.030841554142
45.5755774638 0.0308164334159
45.6192043898 0.0307912852401
45.6629147055 0.0307661095767
45.7115772835 0.0307381057915
45.7554644541 0.0307128719641
45.7994357685 0.0306876105313
45.8434914709 0.0306623214552
45.8876318066 0.0306370046978
45.9318570216 0.0306116602212
45.9761673629 0.0305862879874
46.0205630787 0.0305608879583
46.0650444179 0.0305354600959
46.1096116302 0.0305100043622
46.1542649666 0.0304845207191
46.1940316966 0.0304618437798
46.238848385 0.0304363073242
46.2837519276 0.0304107428491
46.328742579 0.0303851503162
46.3738205946 0.0303595296874
46.4139657912 0.0303367308723
46.4592095151 0.0303110570781
46.5045413471 0.0302853550776
46.5449127439 0.0302624838659
46.5904116975 0.030236728491
46.6359995114 0.0302109447992
46.6765990412 0.0301880009059
46.7223554056 0.0301621636305
46.7631051501 0.0301391720634
46.8090310082 0.0301132810674
46.8499318092 0.0300902417044
46.8960281107 0.0300642968506
46.9370808161 0.0300412095693
46.9833485181 0.0300152107206
47.0245539821 0.0299920753988
47.0658316232 0.0299689174314
47.1123531314 0.029942838933
47.1537847987 0.029919632745
47.195289243 0.0298964038267
47.242066665 0.0298702453809
47.2837264168 0.0298469680617
47.3254595522 0.029823667927
47.3724950186 0.0297974292361
47.4143847568 0.0297740805202
47.4563484914 0.0297507089037
47.4983864202 0.0297273143596
47.5404987414 0.0297038968606
47.5826856541 0.0296804563793
47.6249473579 0.0296569928885
47.6725792414 0.0296305701335
47.7150005548 0.0296070576492
47.7574972879 0.0295835220701
47.8000696431 0.0295599633691
47.8427178238 0.0295363815187
47.8854420341 0.0295127764917
47.9282424785 0.0294891482607
47.9657576639 0.0294684533451
48.0087015904 0.0294447815404
48.0517223439 0.029421086453
48.094820132 0.0293973680558
48.1379951629 0.0293736263212
48.1812476458 0.029349861222
48.2245777903 0.0293260727308
48.2625575586 0.0293052374834
48.3060338758 0.0292814050653
48.3495884621 0.0292575491766
48.3932215301 0.0292336697897
48.4314669877 0.0292127549488
48.4752477742 0.0291888314359
48.5191076583 0.0291648843461
48.5575520549 0.0291439102204
48.6015608182 0.0291199188567
48.6456493012 0.0290959038372
48.684294203 0.0290748702279
48.728532738 0.0290508107865
48.7673092518 0.0290297382785
48.8116986104 0.0290056343187
48.8506074139 0.0289845228274
48.8951483726 0.0289603742526
48.9341901479 0.0289392236932
48.9788834888 0.0289150304069
49.0180589227 0.0288938406947
49.0629054329 0.0288696026002
49.1022152169 0.0288483736507
49.1472156891 0.0288240906514
49.1866605193 0.0288028223797
49.2261686057 0.0287815357318
49.2713963288 0.0287571867007
49.3110404911 0.0287358606063
49.3507483926 0.0287145160777
49.3962051005 0.0286901008067
49.436050118 0.0286687167073
49.4759593625 0.0286473141157
49.5159329903 0.0286258930131
49.5616942176 0.0286013901103
49.6018063484 0.0285799292733
49.6419833569 0.0285584498674
49.6822254014 0.0285369518742
49.7225326409 0.0285154352751
49.7629052347 0.0284939000516
49.8091236751 0.0284692665498
49.8496368626 0.028447691349
49.8902159086 0.0284260974659
49.9308609747 0.0284044848821
49.9715722228 0.028382853579
50.0123498156 0.0283612035381
50.0531939161 0.0283395347411
50.094104688 0.0283178471695
50.1350822953 0.0282961408048
50.1761269028 0.0282744156285
50.2172386757 0.0282526716223
50.2584177797 0.0282309087676
50.2996643812 0.0282091270461
50.3409786468 0.0281873264393
50.3823607441 0.0281655069287
50.4178869909 0.0281467885032
50.4593954984 0.0281249338421
50.5009723188 0.0281030602245
50.5426176215 0.0280811676322
50.5843315767 0.0280592560466
50.6261143548 0.0280373254493
50.661984783 0.0280185117517
50.7038958215 0.0279965458033
50.7458761736 0.0279745607906
50.787926012 0.0279525566953
50.8240258458 0.0279336799628
50.8662051825 0.0279116403844
50.9084545023 0.0278895816708
50.9447256928 0.0278706580953
50.9871054381 0.027848563801
51.029555668 0.027826450319
51.0659994439 0.0278074797715
51.1085810352 0.0277853306112
51.1512336174 0.0277631622108
51.1878512193 0.0277441445626
51.2306361077 0.0277219403864
51.2673673645 0.0277028920553
51.310285178 0.02768065204
51.3471306221 0.0276615729715
51.3901819835 0.027639297054
51.4271421506 0.0276201871938
51.4703276866 0.0275978753107
51.5074031157 0.0275787346046
51.5507234567 0.0275563866928
51.58791469 0.0275372150865
51.6313704706 0.0275148310828
51.6686780539 0.0274956285222
51.7060395183 0.0274764116589
51.7496943947 0.0274539747944
51.7871730128 0.0274347268976
51.8309649072 0.0274122537861
51.8685612331 0.0273929748016
51.9062120698 0.027373681453
51.950205385 0.0273511552542
51.9879747455 0.027331830739
52.0257989953 0.0273124918232
52.0636782546 0.0272931384952
52.1079387261 0.0272705422415
52.1459375944 0.0272511576432
52.1839918553 0.0272317585964
52.2221016304 0.0272123450896
52.2666317071 0.0271896785489
52.3048621897 0.0271702336683
52.3431485742 0.0271507742914
52.3814909838 0.0271313004067
52.4198895419 0.0271118120028
52.4647573732 0.0270890579856
52.5032780194 0.0270695380799
52.5418552078 0.0270500036187
52.5804890634 0.0270304545908
52.6191797115 0.0270108909846
52.6579272781 0.0269913127887
52.6967318891 0.0269717199918
52.7355936712 0.0269521125824
52.7745127511 0.0269324905491
52.8134892563 0.0269128538807
52.8525233142 0.0268932025657
52.8916150529 0.0268735365927
52.9307646008 0.0268538559504
52.9699720865 0.0268341606274
53.0092376394 0.0268144506125
53.0485613888 0.0267947258942
53.0879434647 0.0267749864613
53.1273839973 0.0267552323025
53.1668831173 0.0267354634063
53.2064409558 0.0267156797617
53.2460576442 0.0266958813571
53.2857333143 0.0266760681815
53.3254680984 0.0266562402234
53.3586271343 0.0266397048951
53.3984706324 0.0266198498104
