1 0.444352445031
2 0.43611488706
3 0.428030039763
4 0.420095072137
5 0.412307205661
6 0.404663713324
7 0.397161918668
8 0.389799194854
9 0.382572963738
10 0.375480694972
11 0.368519905116
12 0.361688156769
13 0.354983057715
14 0.348402260086
15 0.34194345954
16 0.335604394452
17 0.329382845127
18 0.323276633016
19 0.317283619958
20 0.311401707432
21 0.305628835816
22 0.299962983674
23 0.294402167041
24 0.288944438733
25 0.283587887664
26 0.278330638175
27 0.27317084938
28 0.268106714518
29 0.263136460324
30 0.258258346407
31 0.253470664638
32 0.248771738556
33 0.244159922775
34 0.239633602417
35 0.235191192538
36 0.230831137576
37 0.226551910808
38 0.222352013812
39 0.218229975948
40 0.214184353834
41 0.21021373085
42 0.206316716636
43 0.202491946608
44 0.198738081478
45 0.195053806787
46 0.191437832443
47 0.187888892271
48 0.184405743569
49 0.180987166671
50 0.177631964525
51 0.174338962266
52 0.171107006812
53 0.167934966456
54 0.164821730471
55 0.161766208723
56 0.158767331285
57 0.155824048064
58 0.152935328438
59 0.150100160885
