11.1534172069 0.367463477632
11.5814726035 0.364531883171
12.0065572245 0.361643780008
12.4278709943 0.358803875446
12.8450671758 0.356013701678
13.2583358608 0.353271187065
13.6641282665 0.35059884399
14.0677695938 0.347960721757
14.4666147061 0.345373445696
14.8526146734 0.342887814938
15.2380632882 0.34042358527
15.6155465048 0.338027444897
15.9883070977 0.33567783322
16.3542949041 0.333386802549
16.7113249456 0.331166914131
17.0638809478 0.328989348795
17.4033241552 0.326906305365
17.7418382251 0.324842098787
18.0708974771 0.322848040136
18.396583546 0.320886475863
18.7096959535 0.319011878776
19.0167605633 0.317184126148
19.3166461123 0.31540921375
19.6171520139 0.313640592645
19.8994128731 0.311988385807
20.1899012025 0.310297107007
20.4596709757 0.308734667487
20.7267173517 0.307195749959
20.9905408372 0.305682937822
21.2506252681 0.304198858623
21.5064393133 0.302746175712
21.7464106167 0.301389765149
21.9917878847 0.300009081875
22.219718819 0.298732232266
22.4524151248 0.297434293218
22.6780356509 0.296181206566
22.8960042431 0.294975632368
23.1057464969 0.293820190761
23.3193596452 0.292648076824
23.5240481643 0.291529320221
23.7192360032 0.290466474988
23.9176835744 0.289389852125
24.1194735196 0.288299187962
24.2971434999 0.28734229437
24.4914159352 0.286299618099
24.6604365323 0.285395548846
24.8461796361 0.284405325226
25.02013934 0.283481036567
25.1817605732 0.28262499712
25.3454787986 0.281760486301
25.5113352873 0.28088738084
25.6793723909 0.280005555227
25.834070884 0.279196175735
25.990640557 0.278379388437
26.1331905646 0.277637816773
26.2934105089 0.276806680498
26.4393030508 0.276052031693
26.5703577487 0.275375887946
26.7193417408 0.274609253742
26.8531878638 0.273922335387
26.9883786226 0.27323026041
27.1249344973 0.272532972178
27.2628763805 0.271830413302
27.3847385266 0.271211257852
27.5076923279 0.2705879852
27.6317526149 0.269960555323
27.7569344836 0.269328927734
27.883253302 0.268693061465
28.0107247161 0.268052915069
28.1209247062 0.26750073301
28.2319930444 0.266945350849
28.3626737114 0.266293376186
28.4756595054 0.265730966111
28.5705127505 0.265259731803
28.6851599119 0.264691275912
28.8007289771 0.264119481875
28.8977582905 0.263640369822
29.0150466189 0.263062382756
29.113524357 0.262578071422
29.2126711909 0.262091370235
29.3325298967 0.261504201024
29.433173344 0.261012180526
29.5345082744 0.260517714838
29.6160887866 0.260120321899
29.7186864071 0.259621411387
29.8219959211 0.259120005976
29.9051704345 0.258717028106
30.0097801014 0.258211087259
30.0940042689 0.257804459211
30.1999389456 0.257293923531
30.2852329199 0.256883597326
30.3710088767 0.256471612367
30.4789025316 0.25595433345
30.5657783106 0.255538579728
30.6531496627 0.255121135493
30.7410208715 0.254701990827
30.8293962692 0.254281135744
30.918280237 0.253858560194
30.9852889914 0.253540448956
31.0750734887 0.253114839035
31.1653788682 0.252687480636
31.2562097019 0.252258363451
31.3246891763 0.251935323919
31.4164505706 0.251503104606
31.4856330657 0.251177727947
31.578339487 0.25074237428
31.6482359771 0.25041463611
31.7419021871 0.249976115489
31.8125238699 0.249645991143
31.8834597596 0.249314836906
31.9785232374 0.248871735109
32.0502007204 0.248538158945
32.1221995476 0.248203537415
32.1945219022 0.24786786582
32.2671699869 0.24753113944
32.3645352742 0.247080565232
32.4379522189 0.246741358459
32.5117023747 0.246401081016
32.5857880307 0.246059728078
32.6602114964 0.245717294801
32.7349751023 0.245373776313
32.7850162026 0.245144119367
32.8603518152 0.244798781954
32.9360338887 0.244452346211
33.0120648317 0.244104807177
33.0884470751 0.243756159868
33.1651830718 0.243406399276
33.216545982 0.243172568952
33.2938769664 0.242820942253
33.3715683587 0.242468188778
33.4235715876 0.242232357342
33.5018692024 0.241877715085
33.5805340446 0.241521932378
33.6331897421 0.241284075393
33.7124723206 0.240926380928
33.7655420756 0.24068724561
33.8454497338 0.240327624867
33.9257360681 0.239966841058
33.9794786843 0.23972563979
34.0333914571 0.239483918439
34.1145717663 0.239120401091
34.1689136548 0.238877371883
34.2507417722 0.238511883966
34.3055179539 0.2382675369
34.3880016966 0.237900063402
34.443217431 0.237654388396
34.4986104281 0.237408179611
34.5820253707 0.237037901074
34.6378654264 0.236790350086
34.6938857833 0.236542259567
34.7500873229 0.23629362786
34.8347229375 0.235919698806
34.8913814356 0.235669706314
34.9482242429 0.235419166799
35.0052522662 0.235168078579
35.0911356466 0.234790448586
35.1486308175 0.234537980726
35.2063144226 0.234284958243
35.2641873951 0.234031379429
35.3222506747 0.233777242575
35.3805052068 0.233522545962
35.4389519431 0.23326728787
35.4975918415 0.233011466569
35.5859088064 0.232626706032
35.6450359303 0.232369468699
35.704359617 0.232111662074
35.763880853 0.231853284405
35.8236006314 0.231594333934
35.8835199517 0.231334808896
35.94363982 0.231074707521
36.0039612493 0.230814028034
36.0644852592 0.230552768654
36.125212876 0.230290927593
36.1861451329 0.23002850306
36.2166946457 0.229897044243
36.2779357419 0.229633741472
36.339384093 0.229369850715
36.4010407566 0.229105370159
36.4629067975 0.228840297985
36.5249832877 0.228574632368
36.5872713063 0.228308371478
36.6497719401 0.228041513479
36.7124862828 0.227774056528
36.7439296349 0.227640078604
36.8069665452 0.227371720055
36.870219933 0.227102757917
36.9336909185 0.226833190326
36.9973806296 0.226563015415
37.0293132474 0.226427676809
37.0933331205 0.226156587672
37.1575745738 0.225884886509
37.2220387627 0.225612571431
37.2543599 0.225476161337
37.3191603212 0.225202922085
37.3841864022 0.224929064161
37.4494393264 0.224654585655
37.482156163 0.224517092345
37.5477515379 0.224241679607
37.6135767518 0.223965641475
37.6465807076 0.22382736726
37.7127529074 0.223550387642
37.7791579945 0.223272777784
37.8124528881 0.223133716565
37.8792095759 0.22285515791
37.946202253 0.222575964127
37.9797919698 0.22243610976
38.0471409437 0.222155959812
38.1147290639 0.221875169811
38.1486175574 0.221734516106
38.2165667539 0.221452762514
38.2506364218 0.221311626295
38.3189496034 0.221028904625
38.3875071 0.220745534942
38.421882017 0.220603589379
38.4908084153 0.220319244099
38.5253684465 0.220176809977
38.594666739 0.219891484559
38.6294133912 0.219748559591
38.6990866027 0.219462249473
38.7340213985 0.219318831362
38.8040725865 0.21903153196
38.8743774973 0.218743570368
38.9096293201 0.218599325109
38.9803173761 0.21831036655
39.0157614833 0.218165621976
39.0868358313 0.217875661811
39.1224738067 0.217730415588
39.1581767358 0.217585001733
39.2297710725 0.217293698938
39.2656700091 0.217147780302
39.3376581151 0.216855464988
39.3737546838 0.216709039213
39.446139822 0.21641570667
39.4824356649 0.216268771386
39.5552211342 0.215974416881
39.5917179116 0.215826969711
39.628282018 0.215679351473
39.7016064381 0.215383627043
39.7383737217 0.215235493726
39.8121063136 0.214938736207
39.8490784779 0.214790085408
39.8861192974 0.214641261666
39.9604014313 0.214343119302
39.9976494326 0.214193774853
40.0723477842 0.213894588157
40.1098047151 0.213744720575
40.1473316623 0.213594678154
40.2225904248 0.213294091538
40.2603286631 0.213143522727
40.2981377114 0.212992777987
40.3739632243 0.212690782765
40.4119859606 0.212539508361
40.4500803124 0.212388056929
40.5264790107 0.212084644366
40.5647894834 0.211932659977
40.6031723894 0.211780497457
40.6801508053 0.211475658766
40.7187523019 0.211322959977
40.7574270619 0.211170081947
40.834991827 0.210863808292
40.8738876848 0.210710390662
40.9128576486 0.210556792677
40.9519019312 0.210403014053
41.0302091026 0.210094934235
41.0694776711 0.209940611823
41.1088214171 0.20978610765
41.1482405575 0.209631421433
41.2273008579 0.209321521462
41.2669475335 0.209166287238
41.3066704787 0.209010869839
41.3464699146 0.208855268982
41.4262942734 0.20854353477
41.4663245563 0.208387381656
41.5064322219 0.208231043946
41.5466174956 0.208074521352
41.627217054 0.207760938714
41.6676365509 0.207603859587
41.7081345651 0.20744659443
41.7487113265 0.207289142957
41.7893670654 0.207131504879
41.8709118691 0.206815685296
41.9118059698 0.206657485513
41.9527799788 0.206499097969
41.9938341313 0.206340522374
42.0349686632 0.206181758438
42.117475454 0.205863681172
42.1588525836 0.205704350319
42.2003110454 0.205544829961
42.2418510799 0.205385119804
42.2834729286 0.205225219557
42.3251768342 0.205065128926
42.408827628 0.204744391286
42.4507792008 0.204583727604
42.4928138096 0.204422872365
42.5349317016 0.204261825271
42.5771331253 0.204100586029
42.6194183298 0.203939154343
42.6617875654 0.203777529915
42.7042410834 0.203615712451
42.7893980583 0.203291512128
42.8321059703 0.203129113646
42.8748991792 0.202966520939
42.9177779414 0.202803733709
42.9607425142 0.202640751657
43.008102585 0.202461247459
43.0555671502 0.202281506742
43.1031365566 0.202101529107
43.1508111524 0.201921314155
43.1985912874 0.201740861487
43.2464773127 0.201560170702
43.2901025782 0.201395698141
43.3381917367 0.201214551667
43.3863878165 0.20103316591
43.434691175 0.200851540467
43.4786970347 0.200686216893
43.527206194 0.20050413276
43.5713997393 0.200338391546
43.6201160189 0.20015584725
43.6644984547 0.199989687055
43.7134231858 0.199806681122
43.7579957273 0.199640100603
43.8071302522 0.199456631554
43.851894125 0.199289629366
43.9012397975 0.199105695719
43.9461962378 0.198938270512
43.9912448134 0.198770643396
44.0363858081 0.198602814065
44.0861476652 0.198417969069
44.1314836716 0.198249714075
44.1769129846 0.198081255911
44.2224358929 0.197912594269
44.2680526863 0.19774372884
44.313763656 0.197574659315
44.3595690943 0.197405385384
44.4054692945 0.197235906738
44.4514645515 0.197066223065
44.4975551611 0.196896334057
44.5437414205 0.196726239401
44.590023628 0.196555938787
44.6317601945 0.196402490793
44.6782255279 0.196231798008
44.7247876818 0.196060898361
44.7714469594 0.195889791539
44.8135238903 0.195735616949
44.860368541 0.195564115641
44.9073112019 0.19539240625
44.9496439333 0.195237688594
44.9967736621 0.19506558299
45.0440022985 0.194893268392
45.0865931727 0.194738005294
45.1340105924 0.19456529275
45.1767718777 0.194409671004
45.2243792159 0.194236559376
45.2673119383 0.194080577955
45.3103262272 0.193924425808
45.3582155329 0.193750723982
45.4014027857 0.193594210647
45.4446723326 0.193437525868
45.4928461206 0.193263231361
45.5362901764 0.193106183875
45.5798172625 0.192948964224
45.6234276174 0.192791572176
45.6671214804 0.1926340075
45.7157681695 0.192458733903
45.7596391197 0.192300804018
45.8035943288 0.19214270078
45.8476340401 0.191984423958
45.8917584975 0.191825973318
45.9359679463 0.191667348626
45.9802626324 0.191508549651
46.0246428028 0.191349576157
46.0691087054 0.191190427912
46.1136605891 0.191031104681
46.1582987037 0.190871606231
46.1980498853 0.190729681603
46.242851564 0.19056985155
46.2877402009 0.190409845599
46.3327160496 0.190249663517
46.3777793647 0.190089305069
46.4179095353 0.189946615068
46.4631387613 0.189785922848
46.5084561948 0.189625053582
46.5488128684 0.189481908968
46.5942976206 0.189320704645
46.6398713299 0.189159322596
46.6804564313 0.18901572162
46.726198883 0.188854003227
46.7669343917 0.188710102916
46.8128465256 0.188548047335
46.8537332799 0.188403846939
46.8998160426 0.188241453327
46.9408548872 0.188096952093
46.9871092323 0.187934219605
47.028301018 0.187789416783
47.0695650715 0.18764447178
47.1160734904 0.187481239409
47.157491748 0.187335991711
47.1989828709 0.187190601309
47.2457474643 0.187026867223
47.2873940681 0.186881173017
47.3291141414 0.186735335585
47.3761370331 0.186571097948
47.4180138781 0.1864249556
47.4599648034 0.186278669505
47.5019900061 0.186132239493
47.5440896836 0.185985665398
47.5862640343 0.185838947051
47.6285132572 0.185692084284
47.6761331349 0.185526691678
47.7185421265 0.185379521457
47.7610266167 0.185232206293
47.8035868075 0.185084746016
47.8462229014 0.184937140458
47.8889351019 0.184789389452
47.9317236131 0.184641492829
47.9692265532 0.184511962894
48.0121586982 0.18436379279
48.0551677447 0.184215476585
48.0982538998 0.18406701411
48.141417371 0.183918405196
48.1846583667 0.183769649675
48.2279770963 0.183620747379
48.26594514 0.183490336564
48.3094101856 0.183341158612
48.3529535705 0.183191833398
48.3965755069 0.183042360755
48.4348095248 0.182911450368
48.4785793184 0.182761700842
48.5224282776 0.182611803399
48.5608614424 0.182480520928
48.6048594162 0.182330345691
48.6489371761 0.182180022051
48.6875710489 0.182048366271
48.731798993 0.181897763924
48.7705646107 0.181765864024
48.8149435083 0.181614982373
48.8538415464 0.181482837832
48.8983721721 0.181331676283
48.9374033107 0.181199286578
48.9820864445 0.181047844534
49.0212513684 0.180915209143
49.0660877954 0.180763486008
49.105387194 0.180630604411
49.1503777049 0.180478599588
49.1898122726 0.180345471261
49.2293101574 0.180212227617
49.274528099 0.180059808576
49.3141621796 0.179926317436
49.3538600591 0.179792710622
49.3993071612 0.179639876077
49.4391422737 0.179506021
49.4790416716 0.179372049892
49.5190055106 0.179237962636
49.5647573602 0.179084578421
49.6048598157 0.178950241893
49.6450272054 0.178815788861
49.6852596872 0.178681219211
49.7255574197 0.178546532828
49.7659205617 0.1784117296
49.812129954 0.178257526248
49.8526337981 0.178122472247
49.8932035548 0.177987301043
49.933839385 0.17785201252
49.9745414505 0.177716606566
50.0153099135 0.177581083066
50.0561449365 0.177445441906
50.0970466829 0.177309682973
50.1380153163 0.177173806152
50.1790510011 0.17703781133
50.2201539022 0.176901698392
50.2613241848 0.176765467224
50.3025620149 0.176629117714
50.3438675589 0.176492649746
50.3852409839 0.176356063208
50.42075827 0.176238893927
50.4622582035 0.176102086887
50.5038264982 0.17596516095
50.5454633231 0.175828116003
50.587168848 0.175690951932
50.628943243 0.175553668624
50.664805002 0.175435901602
50.7067077515 0.175298396553
50.7486798607 0.175160771941
50.7907215021 0.175023027653
50.8268128543 0.17490486517
50.8689840853 0.174766898326
50.9112253443 0.174628811481
50.9474881905 0.174510355129
50.9898599644 0.174372045125
51.0323022668 0.174233614795
51.0687378329 0.17411486378
51.1113115842 0.173976209688
51.1539563693 0.173837434945
51.1905658929 0.17371838847
51.2333430698 0.173579389363
51.2700663347 0.173460150415
51.3129765211 0.173320926552
51.3498140585 0.173201494795
51.3928578761 0.173062045786
51.4298102205 0.172942420884
51.4729882947 0.172802746337
51.5100559838 0.172682927956
51.553368944 0.17254302748
51.590552519 0.172423015285
51.6340009985 0.17228288849
51.671301004 0.172162682145
51.7086549309 0.172042386081
51.752302624 0.171901927811
51.7897737833 0.17178143711
51.8335585716 0.17164075156
51.8711475165 0.171520065886
51.908791011 0.171399290114
51.9527773339 0.171258271688
51.9905394284 0.171137300456
52.0283564501 0.1710162389
52.0662285192 0.170895086949
52.1104821467 0.170753629262
52.1484738989 0.17063228121
52.1865210807 0.170510842539
52.2246238134 0.170389313178
52.2691471905 0.170247414793
52.3073707028 0.17012568869
52.3456501529 0.170003871674
52.3839856639 0.169881963672
52.4223773591 0.169759964614
52.4672386658 0.169617517772
52.5057525187 0.169495321181
52.5443229486 0.16937303331
52.5829500802 0.169250654089
52.6216340387 0.169128183447
52.6603749498 0.169005621314
52.6991729392 0.168882967619
52.7380281333 0.168760222292
52.7769406587 0.168637385263
52.8159106426 0.16851445646
52.8549382122 0.168391435814
52.8940234953 0.168268323254
52.9331666202 0.168145118711
52.9723677154 0.168021822114
53.0116269097 0.167898433392
53.0509443326 0.167774952476
53.0903201136 0.167651379296
53.1297543829 0.167527713782
53.1692472708 0.167403955863
53.2087989084 0.16728010547
53.2484094267 0.167156162533
53.2880789575 0.167032126982
53.3278076327 0.166907998747
53.3609603 0.166804487194
53.4007977502 0.166680188861
