0.588961733521 0.349066743261
0.623129422178 0.348604403659
0.65821094661 0.348130335649
0.694854131403 0.347635852775
0.732327699028 0.347130890677
0.771170579533 0.346608251044
0.811508688734 0.346066325662
0.852757279284 0.345513044549
0.895385986353 0.344942180915
0.939162048525 0.344356934039
0.984295860099 0.343754574882
1.03054458328 0.343138429044
1.07821406612 0.342504510991
1.12640092288 0.341864903033
1.17684954613 0.341196553337
1.22796499786 0.340520702053
1.28018893967 0.339831576841
1.33417256596 0.339120697426
1.38875583465 0.338403433581
1.44573978508 0.337656241597
1.50274082579 0.336910476055
1.56049121813 0.336156586215
1.6214343061 0.33536284737
1.68125399355 0.334585562704
1.7440137854 0.333772011393
1.8063823888 0.332965490753
1.87148897584 0.332125642831
1.93723181537 0.331279737023
2.00388030989 0.330424377426
2.07159130067 0.329557643455
2.14059385506 0.328676715784
2.21041862383 0.327787688237
2.2815993363 0.326883871614
2.35365367573 0.325971500273
2.42661740445 0.325050208917
2.50089454261 0.324115008055
2.57594904789 0.323172752622
2.65187782076 0.322222308695
2.72882611288 0.32126195461
2.80699444471 0.320289304438
2.88575760674 0.319312231245
2.9652997785 0.318328519268
3.04587184731 0.317335159987
3.12727786762 0.316334667143
3.20929395703 0.315329866326
3.2922450158 0.314316857331
3.37593665635 0.313298102265
3.4601489047 0.312276342796
3.5453053497 0.311246515729
3.63123013914 0.310210839039
3.71772506669 0.309171770885
3.8045687487 0.308132014602
3.89232357201 0.307084901389
3.98083058787 0.30603241703
4.06902904325 0.304987190324
4.15844788061 0.303931145311
4.24802486842 0.302876898874
4.33852514788 0.301815499619
4.42877093634 0.300760788964
4.52066293269 0.299690626055
4.61190159301 0.298631839175
4.70335113595 0.297574358681
4.79603977985 0.29650637081
4.88862321999 0.295443421596
4.98087416697 0.294388079826
5.07392082585 0.293327453808
5.16765490831 0.292262855601
5.26048237115 0.29121236246
5.35517023205 0.290144705908
5.44857227791 0.289095382599
5.54200833658 0.288049474177
5.63700471661 0.286989978955
5.73180471454 0.285936558923
5.82622176527 0.284891237496
5.92005803753 0.28385613236
6.0150320223 0.282812306652
6.10911729908 0.281782033222
6.20413537652 0.28074535443
6.29792068773 0.279725865635
6.39240155538 0.278702559217
6.48751181289 0.277676216949
6.58087166018 0.276672439458
6.67695270746 0.27564319306
6.77098705575 0.274639578972
6.86519104894 0.273637818326
6.95946713432 0.272638949215
7.05106231606 0.271671976947
7.14509614026 0.27068282752
7.23887467843 0.26969995029
7.33227792053 0.268724554025
7.42518038383 0.267757886639
7.51745125396 0.266801233082
7.61204011468 0.265824094601
7.70270888978 0.264890811543
7.79555973031 0.263938463587
7.88735707636 0.263000286982
7.97794632984 0.262077726468
8.07063695614 0.261137115153
8.16195282083 0.260213755954
8.25172641879 0.25930917444
8.34349333598 0.258387757759
8.43353045621 0.257486891883
8.5216586774 0.256608167239
8.61164491289 0.255714010623
8.69951548453 0.254843883269
8.7891946015 0.2539588998
8.87653983585 0.25309990226
8.96563550536 0.252226683402
9.05216814511 0.251381468606
9.14038450955 0.250522723352
9.22579851122 0.249694053154
9.31282111462 0.248852595519
9.40149826817 0.247998056348
9.48708138473 0.247176115663
9.56935447921 0.246388532715
9.6580300348 0.245542470152
9.73824938771 0.244779592251
9.82494863564 0.243957756094
9.90797177545 0.243173352747
9.99240760529 0.242378189093
10.0728857426 0.241622716815
10.1546684523 0.240857410395
10.2377877718 0.240082079952
10.3166052138 0.239349182617
10.4024034144 0.238553916607
10.4779312733 0.237856033828
10.5604980713 0.237095446454
10.6383435659 0.236380578317
10.7173432384 0.235657314716
10.797522997 0.234925509903
10.87890953 0.234185014854
10.955135043 0.233493594212
11.0324344153 0.232794517588
11.1108305439 0.232087659919
11.1836820924 0.231432718998
11.2574935563 0.230771033245
11.33912724 0.230041427843
11.4080732924 0.229427015926
11.4848813906 0.228744473664
11.5627290913 0.228054765088
11.634424772 0.227421401395
11.707013539 0.226781940115
11.780512219 0.226136295034
11.8549380633 0.225484378377
11.9227339616 0.224892171108
11.9989704767 0.224228091472
12.068425667 0.223624789686
12.138688197 0.223016126807
12.209772256 0.222402033084
12.281692367 0.221782437615
12.3463408038 0.221226961313
12.4198809215 0.220596776596
12.4859936329 0.220031771769
12.5528126981 0.219462200767
12.6203495243 0.218888009723
12.6886157651 0.218309143972
12.7576233269 0.21772554803
12.8273843763 0.217137165586
12.889058971 0.216618310756
12.9513283709 0.216095709762
13.0232263501 0.215493868242
13.0867998019 0.214963105882
13.1509958769 0.21442847189
13.2158237886 0.213889925242
13.2812929327 0.213347424374
13.3379331948 0.212879193073
13.4046187111 0.212329237083
13.4623160217 0.211854553455
13.530252206 0.211296993432
13.5890365152 0.210815728223
13.6483329008 0.210331381184
13.7181613575 0.209762432288
13.7785905789 0.209271308931
13.8395536234 0.208777012216
13.8907757661 0.208362598782
13.9527360166 0.207862407728
14.0152506027 0.207358958551
14.0783270136 0.206852220673
14.1313318106 0.206427352931
14.184736435 0.206000162874
14.2493485878 0.20548450407
14.3036490361 0.205052139621
14.3583641346 0.204617393732
14.4245689406 0.204092587097
14.4802132714 0.203652534767
14.536287814 0.203210040033
14.5927975905 0.202765083453
14.6497477013 0.202317645398
14.6956353894 0.201957839511
14.7533911489 0.201505885332
14.8116019536 0.201051393694
14.8585087585 0.200685906063
14.9175522816 0.200226796134
14.9651323039 0.199857588295
15.0250265888 0.199393792923
15.0732944742 0.199020810651
15.1340580873 0.19855226151
15.1830289077 0.198175449636
15.2323170641 0.197796918055
15.2819256616 0.197416655588
15.3443838731 0.19693893701
15.3947250946 0.19655473807
15.4453971295 0.196168771314
15.4964032593 0.195781025186
15.5477468088 0.195391488047
15.5864855606 0.195098095018
15.6384276635 0.194705395924
15.6907165593 0.194310873328
15.743355742 0.193914515249
15.7963487522 0.193516309613
15.8363351824 0.193216380774
15.8899559951 0.192814913135
15.9304173472 0.192512524801
15.9846772175 0.192107757363
16.0256220364 0.191802880965
16.0805324884 0.191394775421
16.1219695242 0.191087382004
16.1775423599 0.190675899533
16.2194805737 0.190365959756
16.2616363415 0.190054919896
16.3181764514 0.189638545139
16.360846579 0.189324916311
16.4037400096 0.189010168952
16.4468585073 0.188694297457
16.5046943679 0.188271440291
16.5483450587 0.187952923209
16.5922268313 0.187633263085
16.6363415319 0.187312454174
16.6806910262 0.186990490701
16.7252771999 0.186667366854
16.7701019588 0.186343076793
16.8151672291 0.18601761464
16.8604749576 0.185690974488
16.8908238503 0.185472498946
16.9365399959 0.185143882798
16.9825038955 0.184814072723
17.0287175742 0.18448306269
17.0751830791 0.184150846632
17.1063087617 0.183928640908
17.1531985279 0.18359440176
17.2003456903 0.183258940238
17.2319287532 0.183034563307
17.2795095984 0.182697051223
17.3273535742 0.182358300172
17.3594042213 0.18213172246
17.4076915809 0.181790892964
17.4400397612 0.181562924738
17.4887767149 0.181219999157
17.52142661 0.180990628576
17.5706194838 0.180645589107
17.6035753532 0.180414804223
17.653230592 0.180067632899
17.6864967752 0.179835421656
17.7198882839 0.17960263674
17.7702018635 0.179252450577
17.8039099001 0.179018222233
17.8377457818 0.178783413334
17.8887309175 0.178430176319
17.9228897069 0.178193906706
17.9571789285 0.177957049571
17.9915993344 0.177719602905
18.0434678704 0.177362389879
18.0782196398 0.17712345995
18.1131052705 0.17688393341
18.1481255409 0.17664380822
18.1832812354 0.17640308233
18.2185731444 0.176161753686
18.2717588758 0.175798689314
18.3073948887 0.175555844186
18.3431699302 0.175312389061
18.3790848187 0.175068321851
18.4151403791 0.17482364046
18.4513374426 0.174578342787
18.4876768468 0.174332426722
18.5241594362 0.174085890148
18.5607860616 0.173838730942
18.5975575808 0.173590946971
18.6344748582 0.173342536098
18.6715387651 0.173093496175
18.7087501797 0.17284382505
18.7461099872 0.172593520562
18.7648542256 0.172468073874
18.8099697579 0.172166509783
18.8439530199 0.171939704947
18.8799565701 0.17169974262
18.9141929978 0.17147186875
18.95046529 0.171230774319
18.9849577334 0.171001824625
19.0195757653 0.170772349115
19.0543200751 0.170542346165
19.0872515964 0.170324629608
19.1222434339 0.170093596468
19.1573636095 0.169862031082
19.190652002 0.169642834609
19.2240560925 0.169423160628
19.2575764874 0.169203007744
19.2912137976 0.168982374564
19.324968638 0.168761259687
19.3588416278 0.16853966171
19.3928333906 0.168317579226
19.4249355633 0.168108110921
19.4591596762 0.167885083936
19.4914816445 0.167674724269
19.5239109938 0.167463930633
19.5564482621 0.167252701839
19.589093991 0.167041036694
19.6218487258 0.166828934001
19.6547130152 0.166616392561
19.6876874117 0.166403411174
19.7187022666 0.166203334919
19.751891576 0.165989497743
19.7831088885 0.165788617147
19.8165152261 0.165573919637
19.8479369925 0.165372230425
19.8794584096 0.165170148429
19.9110799541 0.16496767264
19.9428021055 0.164764802048
19.9746253465 0.164561535641
20.0065501627 0.164357872402
20.0364395947 0.164167422295
20.0685621728 0.163962989006
20.0986370319 0.163771818489
20.1309592217 0.163566611329
20.1612212451 0.163374716827
20.1915742491 0.163182471553
20.2220186462 0.162989874668
20.2525548513 0.16279692533
20.2831832818 0.162603622699
20.3139043576 0.162409965929
20.3447185012 0.162215954176
20.3756261376 0.162021586593
20.4066276945 0.16182686233
20.4355001768 0.161645721501
20.4666840777 0.161450306993
20.4957266181 0.161268523829
20.524851574 0.161086430358
20.556308593 0.160889987443
20.585605854 0.160707247252
20.6149866218 0.160524194638
20.6444512553 0.160340828909
20.6740001153 0.160157149373
20.7036335648 0.159973155338
20.7333519688 0.159788846109
20.7631556944 0.15960422099
20.7907437223 0.15943351158
20.8207125623 0.15924827706
20.8484536284 0.15907700401
20.8785889634 0.158891157502
20.9064843495 0.158719318418
20.9367875756 0.158532857327
20.9648385776 0.15836044981
20.9929647372 0.158187768608
21.0235190347 0.158000393174
21.0518027549 0.157827139971
21.0801625739 0.157653611367
21.1085988003 0.157479806804
21.1371117444 0.157305725722
21.1657017182 0.157131367561
21.1919779737 0.156971290226
21.2207164607 0.156796399464
21.2495328968 0.156621229985
21.2760175398 0.156460407608
21.3049842655 0.156284702379
21.3340298746 0.156108716787
21.360725403 0.155947144965
21.3874877286 0.155785336714
21.4167585943 0.155608553753
21.4436614076 0.1554462497
21.4706318009 0.155283707864
21.4976700302 0.155120927806
21.5272430928 0.154943082498
21.5544239982 0.154779802882
21.5816735386 0.154616283683
21.6089919751 0.154452524459
21.6363795701 0.154288524769
21.6613384514 0.154139220125
21.6888588054 0.153974760168
21.7164490892 0.153810058455
21.7441095705 0.153645114542
21.7718405185 0.153479927986
21.7971126558 0.153329542649
21.8249788785 0.15316389166
21.850374435 0.153013083438
21.8783769279 0.15284696639
21.9038968131 0.152695733801
21.9320365814 0.152529149065
21.9576817136 0.152377490625
21.9833868103 0.152225628893
22.0091520829 0.152073563531
22.0375627951 0.151906061012
22.0634551339 0.151753566892
22.0894083099 0.151600868094
22.1154225385 0.151447964278
22.141498036 0.151294855104
22.1676350199 0.151141540233
22.1938337086 0.150988019325
22.2200943216 0.15083429204
22.2464170793 0.150680358037
22.2701616815 0.150541635718
22.2966031211 0.150387308043
22.3231073508 0.150232772661
22.3496745954 0.150078029229
22.3736399653 0.149938577406
22.4003275562 0.149783437769
22.4270788192 0.149628089091
22.4512103576 0.149488091784
22.4780832247 0.149332345011
22.5023245727 0.149191988919
22.5266181962 0.149051462501
22.5536717887 0.148895126817
22.5780763349 0.148754239967
22.6025336875 0.148613182008
22.62976984 0.148456254714
22.6543392434 0.148314834671
22.6789619912 0.148173242738
22.7036382579 0.148031478661
22.7283682187 0.147889542189
22.7531520496 0.147747433069
22.7779899275 0.147605151049
22.8028820297 0.147462695876
22.8278285347 0.147320067296
22.8528296216 0.147177265058
22.8778854701 0.147034288907
22.902996261 0.146891138592
22.9281621756 0.146747813857
22.9533833963 0.14660431445
22.9786601061 0.146460640117
23.0011757883 0.146332778207
23.0265578089 0.146188772793
23.051995852 0.146044591719
23.0746553794 0.145916278836
23.1001997472 0.145771765293
23.1229540749 0.14564315653
23.1486054376 0.14549830961
23.1743137196 0.145353285815
23.1972141966 0.145224222953
23.2201599242 0.145095020006
23.2460273087 0.144949503604
23.2690696459 0.14482000235
23.2950460688 0.144674149842
23.318185629 0.144544349471
23.3413711529 0.144414408071
23.364602778 0.144284325463
23.3907928428 0.144137817939
23.4141228962 0.14400743464
23.4374994841 0.14387690957
23.4609227463 0.14374624255
23.4843928231 0.1436154334
23.5079098554 0.143484481939
23.5314739848 0.143353387988
23.5550853532 0.143222151367
23.581704026 0.143074343624
23.6024503782 0.142959249392
23.6262043216 0.142827583679
23.6500060779 0.142695774574
23.673855792 0.142563821897
23.6977536093 0.142431725468
23.7216996759 0.142299485108
23.7456941385 0.142167100634
23.7697371444 0.142034571868
23.7908154384 0.141918486688
23.8149498581 0.14178568691
23.8391332478 0.14165274232
23.8603347184 0.141536292937
23.8846103268 0.141403076361
23.9089353367 0.141269714455
23.9302610701 0.141152899562
23.9546791129 0.141019264696
23.9760864773 0.14090221073
24.000598089 0.14076830227
24.0220875555 0.140651008675
24.0466932764 0.140516825985
24.0682653195 0.140399292205
24.0929656939 0.140264834651
24.1146207919 0.140147060128
24.1394163684 0.140012327075
24.1611550031 0.139894311254
24.1829327858 0.139776182647
24.2078689916 0.139641044391
24.2297310247 0.139522673671
24.2516325407 0.139404189785
24.2735736471 0.139285592611
24.2986970662 0.139149918143
24.3207233759 0.139031077781
24.3427896159 0.13891212375
24.3648958951 0.138793055931
24.3870423229 0.138673874202
24.4092290091 0.138554578441
24.4346339328 0.138418104544
24.4569072619 0.138298564002
24.4792211969 0.138178909048
24.5015758493 0.138059139562
24.523971331 0.137939255422
24.5464077541 0.137819256508
24.5688852313 0.137699142699
24.5914038757 0.137578913873
24.6107391231 0.137475765224
24.633334519 0.137355322497
24.6559714074 0.137234764409
24.678649903 0.137114090839
24.7013701208 0.136993301667
24.7241321764 0.136872396771
24.7469361857 0.136751376031
24.7665166379 0.136647548078
24.7893988672 0.1365263119
24.8123233838 0.136404959533
24.8320073852 0.136300847111
24.8550107447 0.136179278666
24.8780567287 0.136057593688
24.9011454559 0.135935792057
24.9209705616 0.135831294258
24.944138983 0.135709275687
24.9640325694 0.135604591797
24.9872810994 0.13548235587
25.0105729389 0.135360002724
25.0305725786 0.135255031837
25.0539451695 0.135132460698
25.0740141994 0.135027302819
25.0974679633 0.134904513273
25.1176067461 0.134799168046
25.1411421076 0.134676159681
25.1613510084 0.134570626751
25.1815923938 0.13446500708
25.2052477816 0.134341678167
25.2255598234 0.134235870276
25.2492978664 0.134112321528
25.2696809361 0.134006325063
25.2900969126 0.133900241454
25.3105458756 0.133794070625
25.3344440928 0.133670097978
25.3549648055 0.133563737897
25.3755187598 0.133457290358
25.399539799 0.133332994526
25.420166058 0.133226357221
25.440825816 0.133119632221
25.461519155 0.133012819451
25.482246157 0.132905918836
25.5064696345 0.132781093834
25.5272698591 0.132674002615
25.5481040087 0.132566823314
25.5689721663 0.132459555857
25.5898744157 0.13235220017
25.6108108405 0.132244756177
25.631781525 0.132137223805
25.6527865533 0.132029602979
25.6738260102 0.131921893624
25.6948999804 0.131814095667
25.7160085493 0.131706209033
25.7371518023 0.131598233647
25.7583298251 0.131490169436
