0.59167792635 0.931550615153
0.625890439543 0.930315196014
0.6610152038 0.929048539848
0.697702782306 0.927727367423
0.735218792591 0.926378304874
0.774104338898 0.924982064734
0.814485693164 0.923534342865
0.855775897745 0.922056380503
0.898446283819 0.920531500331
0.942263242487 0.918968270272
0.987437847845 0.917359383561
1.03372645599 0.91571374358
1.08143585261 0.91402068146
1.12965997472 0.912312534409
1.18014829359 0.910527607697
1.23130126064 0.908722744918
1.28356184403 0.90688249602
1.33758293039 0.904984171645
1.39220147954 0.903068891955
1.44922301181 0.901073672858
1.50625811638 0.89908238862
1.56404097212 0.89706948533
1.62502042047 0.894950113889
1.68487072401 0.892874855421
1.74766431813 0.890702713673
1.81006283537 0.888549472875
1.87520192705 0.88630721379
1.9409755685 0.884048853086
2.00765376802 0.881765307681
2.07539370817 0.879451440643
2.14442489485 0.877099713588
2.21427715639 0.874726415773
2.28548518866 0.872313664179
2.35756586168 0.869878122612
2.43055504277 0.86741881254
2.5048574324 0.864922396575
2.57993615182 0.862407194999
2.65588829934 0.859870175104
2.73285937958 0.857306734064
2.81105022443 0.854710494657
2.88983474241 0.852102495075
2.9693974273 0.849476811938
3.04998954527 0.846825404447
3.13141490713 0.84415498832
3.21344937201 0.841473111791
3.29641829999 0.838769352069
3.38012708178 0.836050286261
3.46435550946 0.833323237756
3.54952772439 0.830574677528
3.63546768396 0.827810530168
3.72197698158 0.8250373614
3.80883402387 0.822262391397
3.89660186678 0.819467803171
3.98512140247 0.816658900652
4.07333077799 0.813869417751
4.16276060585 0.811051066575
4.25234756381 0.80823754889
4.34285760842 0.805404952542
4.43311180887 0.802590248337
4.52501276229 0.799734295206
4.61625871839 0.796908751426
4.70771478285 0.7940867188
4.80041014886 0.791236642747
4.89299929462 0.78840004433
4.98525478111 0.785583782433
5.07830584654 0.782753424517
5.17204411541 0.779912474328
5.26487422304 0.777109209813
5.35956553456 0.77426012171
5.45296925623 0.77146000842
5.54640635038 0.76866902671
5.64140434781 0.765841771963
5.73620516743 0.763030752112
5.83062214133 0.760241369307
5.92445733426 0.757479277257
6.0194305419 0.754693905415
6.11351387145 0.751944730765
6.20853017729 0.749178457895
6.30231237493 0.746458093821
6.39679017384 0.74372754034
6.49189736171 0.740988884903
6.58525255539 0.738310486875
6.6813303697 0.735564084462
6.7753597642 0.732886128576
6.86955857074 0.73021312377
6.96382918744 0.727547841471
7.05541693234 0.724967728397
7.14944455501 0.722328400132
7.24321645993 0.719705819437
7.33661258662 0.717103213153
7.42950740188 0.71452391256
7.52177004097 0.711971347757
7.61635178521 0.709364087114
7.70701103006 0.706873917507
7.79985338993 0.70433284309
7.89164150674 0.701829602859
7.98222073265 0.699368053242
8.0749023172 0.696858306788
8.16620827646 0.694394618301
8.25597105629 0.691981059858
8.34772807619 0.689522550308
8.43775432166 0.687118903935
8.52587064314 0.684774365831
8.61584583444 0.682388622796
8.70370427387 0.680067027726
8.79337208054 0.677705765362
8.88070485427 0.675413873778
8.96978885153 0.6730840098
9.05630860754 0.67082890339
9.14451284322 0.668537669064
9.229913445 0.666326720114
9.31692337044 0.66408162689
9.40558856436 0.661801604812
9.49115837542 0.65960860363
9.57341677865 0.657507318727
9.66208038367 0.655249908909
9.74228427456 0.653214563807
9.82897079208 0.65102181698
9.91197973072 0.648928994271
9.99640197763 0.646807439622
10.0768650098 0.644791837211
10.158633203 0.64274997509
10.2417385894 0.640681346775
10.3205405136 0.63872598845
10.4063259236 0.636604128673
10.4818371979 0.634742228443
10.5643901282 0.632712930759
10.6422200978 0.630805673809
10.7212047635 0.628875998281
10.8013700284 0.626923515438
10.8827425756 0.6249478278
10.9589523779 0.623103135764
11.0362365226 0.621237999475
11.1146179016 0.619352085386
11.1874529262 0.617604752856
11.2612483214 0.615839408256
11.3428686442 0.613892750925
11.4117972642 0.612253585954
11.4885906277 0.610432546358
11.5664240285 0.608592370651
11.6381035587 0.606902594918
11.7106765896 0.605196535517
11.7841599429 0.603473962549
11.8585708646 0.60173464195
11.9263499429 0.600154700743
12.0025723247 0.598382899931
12.0720114664 0.596773330203
12.1422583248 0.595149443263
12.2133270843 0.593511053131
12.2852322632 0.591857970747
12.3498638133 0.590376036869
12.4233897164 0.58869467591
12.4894862437 0.587187294448
12.5562894684 0.585667718026
12.623810793 0.584135803044
12.6920618667 0.582591403755
12.7610545915 0.581034372231
12.8308011299 0.579464558328
12.8924592001 0.578080327249
12.9547123902 0.576686090328
13.0265968052 0.575080333012
13.0901546635 0.573664299397
13.1543354467 0.572237925492
13.2191483643 0.570801101948
13.2846028078 0.569353717961
13.3412263187 0.568104572157
13.4078977087 0.566637277375
13.4655788345 0.565370897079
13.5335014512 0.563883294568
13.5922701264 0.562599335302
13.6515511481 0.561307144346
13.721366847 0.559789126885
13.7817812329 0.558478837918
13.8427297011 0.557160073321
13.8939351845 0.556054528752
13.9558813665 0.554720020419
14.0183821328 0.553376810543
14.0814449693 0.55202481762
14.134434098 0.550891347277
14.1878232954 0.549751672978
14.2524225895 0.548375853805
14.3067080803 0.547222358166
14.3614084524 0.546062501067
14.4276010869 0.544662250908
14.4832311417 0.543488220601
14.5392916299 0.542307666401
14.5957875706 0.541120536508
14.6527240612 0.53992677862
14.6985960233 0.538966920831
14.7563385864 0.537761099604
14.8145364015 0.536548501214
14.8614281096 0.535573464069
14.9204590497 0.534348530155
14.9680243814 0.533363554268
15.0279064788 0.532126105916
15.0761600687 0.531131046878
15.1369118794 0.529880902032
15.1858687885 0.528875612896
15.2351432237 0.527865729445
15.2847382874 0.526851221907
15.3471854368 0.525576587154
15.3975134882 0.524551564857
15.4481725329 0.523521820115
15.49916585 0.52248732216
15.5504967619 0.521448039985
15.589220777 0.520665374252
15.641150588 0.519617644832
15.6934273602 0.518565044671
15.746054585 0.517507541849
15.799035801 0.5164451042
15.8390083429 0.515644974638
15.8926176848 0.514573823328
15.9330654754 0.513767121804
15.9873141895 0.512687156182
16.0282457651 0.511873806672
16.0831453675 0.510784924719
16.1245694695 0.509964850166
16.1801317542 0.50886694848
16.2220573356 0.508040070783
16.2642006215 0.507210253516
16.3207306147 0.506099284559
16.3633885499 0.505262550732
16.4062699326 0.504422828249
16.4493765248 0.503580102199
16.5072028228 0.502451819307
16.5508418832 0.501602025964
16.5947121623 0.500749178734
16.6388155047 0.499893262328
16.6831537743 0.499034261374
16.7277288551 0.498172160409
16.7725426512 0.497306943882
16.8175970871 0.496438596153
16.8628941081 0.495567101493
16.8932302526 0.494984303045
16.9389359432 0.494107528746
16.9848895099 0.493227565126
17.0310929762 0.492344396127
17.0775483879 0.491458005596
17.1086619497 0.490865237075
17.1555418595 0.489973441598
17.2026792802 0.489078381065
17.2342505828 0.488479809477
17.2818219144 0.487579270892
17.3296564873 0.486675423069
17.3616957209 0.486070969806
17.4099738974 0.485161569722
17.4423108906 0.484553400116
17.4910388757 0.483638400822
17.5236778043 0.483026483408
17.5728619189 0.482105837516
17.6058070372 0.481490140535
17.655453721 0.480563800215
17.6887093632 0.479944291614
17.7220904369 0.479323249538
17.77239576 0.478388856022
17.8060935642 0.477763956949
17.8399193157 0.477137506125
17.8908964828 0.476194963554
17.9250453373 0.475564609769
17.9593247227 0.474932685723
17.9937353898 0.474299186081
18.045596326 0.473346023442
18.0803385427 0.472708560874
18.1152147148 0.472069503896
18.1502256195 0.471428847087
18.1853720401 0.470786585006
18.220654766 0.470142712194
18.27383342 0.469173920887
18.3094604231 0.468525996786
18.3452265425 0.467876442694
18.3811325956 0.467225253063
18.4171794061 0.466572422324
18.4533678042 0.465917944891
18.4896986268 0.465261815154
18.5261727172 0.464604027487
18.5627909255 0.463944576243
18.5995541082 0.463283455754
18.6364631291 0.462620660334
18.6735188585 0.461956184275
18.7107221736 0.461290021852
18.7480739589 0.460622167317
18.7668082974 0.460287559227
18.8119167428 0.459482888439
18.8458918224 0.458877750036
18.8818874597 0.458237492436
18.9161158547 0.457629497571
18.9523803813 0.456986215225
18.9868649385 0.45637534585
19.0214751563 0.455763071525
19.0562117235 0.455149387937
19.0891353813 0.454568495414
19.1241196172 0.453952059239
19.1592322602 0.453334201029
19.1925129983 0.452749354157
19.2259095028 0.452163231358
19.2594223795 0.451575828933
19.2930522385 0.450987143173
19.3267996938 0.450397170359
19.3606653642 0.449805906762
19.3946498725 0.449213348641
19.4267446676 0.448654456523
19.4609616539 0.448059374823
19.4932763722 0.447498100965
19.5256985344 0.44693566752
19.5582286779 0.446372071326
19.5908673436 0.445807309213
19.6236150762 0.445241378003
19.6564724237 0.44467427451
19.6894399381 0.44410599554
19.7204477867 0.443572159183
19.7536303319 0.443001593643
19.7848407556 0.44246560804
19.8182404445 0.441892743848
19.8496554372 0.441354597643
19.8811701375 0.44081540191
19.9127850215 0.440275153971
19.9445005682 0.439733851142
19.9763172596 0.439191490732
20.0082355807 0.438648070044
20.0381183926 0.43813991407
20.0702345836 0.437594435876
20.1003029301 0.437084354899
20.1326188385 0.436536809049
20.1628744548 0.436024793575
20.1932211039 0.435511840811
20.2236591977 0.434997948531
20.2541891506 0.434483114503
20.2848113794 0.433967336489
20.3155263036 0.433450612249
20.3463343452 0.432932939537
20.3772359287 0.432414316102
20.4082314812 0.431894739689
20.4370978335 0.431411416388
20.4682758261 0.430889995736
20.4973123324 0.430404956076
20.5264313016 0.429919087238
20.5578825533 0.429394918876
20.5871739209 0.428907322036
20.6165488413 0.428418890397
20.6460076731 0.427929622123
20.6755507766 0.427439515378
20.7051785144 0.426948568321
20.7348912511 0.426456779107
20.7646893533 0.425964145889
20.7922716321 0.425508652671
20.8222349356 0.425014391194
20.8499703395 0.424557391861
20.8801002232 0.424061495256
20.9079900323 0.423602983456
20.9382878908 0.423105444833
20.9663333995 0.422645414192
20.9944541071 0.422184652253
21.0250031597 0.42168467076
21.0532815092 0.421222380509
21.0816359977 0.420759354402
21.1100669336 0.420295590957
21.1385746266 0.419831088688
21.1671593884 0.419365846107
21.1934303069 0.418938718066
21.2221636594 0.418472052419
21.2509749991 0.418004642109
21.2774544206 0.41757552324
21.3064161254 0.417106681505
21.3354567505 0.416637090736
21.3621471699 0.416205969352
21.3889044235 0.415774216204
21.4181704149 0.415302495063
21.4450682289 0.414869417169
21.472033659 0.414435703915
21.4990669607 0.414001354138
21.5286352908 0.413526794761
21.5558113388 0.413091110268
21.5830560565 0.412654785637
21.6103697047 0.412217819698
21.6377525456 0.411780211277
21.6627065489 0.411381822992
21.6902222165 0.410942984778
21.7178078471 0.410503500661
21.7454637082 0.410063369461
21.7731900685 0.409622589998
21.7984574945 0.409221314057
21.8263191943 0.408779293745
21.8517101043 0.408376887849
21.8797081379 0.40793362237
21.9052234403 0.407530082589
21.9333588118 0.407085567616
21.9589994239 0.406680890011
21.9847000315 0.406275669212
22.0104608458 0.405869904322
22.0388672831 0.40542293738
22.0647552241 0.405016026952
22.0907040323 0.404608569649
22.1167139227 0.404200564571
22.1427851116 0.403792010819
22.1689178161 0.403382907491
22.1951122544 0.402973253684
22.2213686457 0.402563048496
22.2476872102 0.402152291021
22.2714274974 0.401782132633
22.2978648003 0.401370323347
22.3243649212 0.400957959149
22.3509280844 0.400545039131
22.3748892516 0.400172931525
22.4015728157 0.399758952973
22.4283200789 0.399344415966
22.4524474963 0.398970850884
22.4793164169 0.398555250328
22.5035536974 0.398180726617
22.5278432799 0.397805747795
22.5548930043 0.397388573914
22.5792935617 0.397012632091
22.6037469513 0.396636233084
22.6309793123 0.396217478713
22.6555448037 0.395840112324
22.6801636647 0.395462286672
22.7048360697 0.395084001089
22.7295621937 0.394705254906
22.7543422125 0.394326047453
22.7791763026 0.39394637806
22.8040646415 0.393566246055
22.8290074071 0.393185650769
22.8540047785 0.39280459153
22.8790569352 0.392423067665
22.9041640577 0.392041078503
22.9293263274 0.391658623371
22.9545439261 0.391275701596
22.9798170369 0.390892312505
23.0023290016 0.390551125914
23.0277074689 0.390166852297
23.0531419809 0.389782109416
23.0757978591 0.389439717883
23.1013387404 0.389054086794
23.1240894636 0.388710904714
23.1497373835 0.388324383006
23.1754422444 0.387937388808
23.1983391825 0.387592993495
23.2212813929 0.387248223884
23.2471454202 0.386859913701
23.2701842829 0.386514347103
23.2961573904 0.386125139058
23.3192935181 0.385778773325
23.3424756304 0.385432030793
23.3657038647 0.385084910987
23.3918906958 0.384693953147
23.4152173991 0.384346030028
23.4385906571 0.383997728143
23.4620106094 0.383649047016
23.4854773964 0.383299986169
23.5089911587 0.382950545123
23.5325520376 0.382600723403
23.556160175 0.382250520528
23.5827757707 0.381856089437
23.6035187959 0.381548969408
23.6272695659 0.381197620206
23.6510681677 0.380845887937
23.674914746 0.380493772124
23.6988094462 0.380141272288
23.7227524142 0.379788387951
23.7467437965 0.379435118634
23.7707837401 0.379081463857
23.7918588579 0.378771696189
23.8159902518 0.378417317405
23.8401706333 0.378062551784
23.8613689821 0.377751811053
23.8856416178 0.377396318841
23.9099636724 0.377040438417
23.9312863372 0.376728721154
23.9557014592 0.376372111555
23.9771057899 0.376059755563
24.0016145151 0.375702415104
24.0231009822 0.375389418906
24.0477038502 0.375031345901
24.0692729278 0.374717708023
24.0939704825 0.374358900787
24.1156226483 0.374044619752
24.1404154378 0.3736850766
24.1621511732 0.373370150933
24.1839260732 0.373054923942
24.20885954 0.372694298405
24.2307187225 0.372378424618
24.2526174039 0.372062248497
24.2745556917 0.37174576972
24.2996764347 0.371383711867
24.321699957 0.371066583442
24.3437634251 0.370749151352
24.365866948 0.370431415275
24.3880106349 0.370113374891
24.4101945955 0.369795029877
24.4355969338 0.369430836662
24.4578675672 0.369111837773
24.4801788214 0.368792533247
24.5025308079 0.368472922762
24.5249236383 0.368153005998
24.5473574247 0.367832782633
24.5698322798 0.367512252347
24.5923483165 0.367191414819
24.6116808472 0.366916163487
24.6342736642 0.366594754532
24.6569079877 0.36627303742
24.6795839325 0.36595101183
24.7023016134 0.365628677441
24.7250611459 0.365306033934
24.7478626459 0.364983080988
24.7674404805 0.364706014803
24.7903202278 0.364382486353
24.8132422759 0.364058647549
24.832923701 0.363780821376
24.8559246188 0.36345640537
24.8789681741 0.363131678099
24.9020544859 0.362806639243
24.9218770688 0.362527783531
24.9450431009 0.362202165184
24.9649341909 0.361922812324
24.9881803572 0.361596613387
25.0114698456 0.361270101361
25.0314670276 0.360989981808
25.0548372927 0.360662887501
25.0749038904 0.360382268407
25.0983553534 0.360054590719
25.1184917291 0.359773471143
25.1420248142 0.359445208979
25.1622313328 0.35916358798
25.1824703483 0.358881735246
25.2061234959 0.358552616883
25.2264331921 0.358270261353
25.2501690187 0.357940555818
25.2705497668 0.357657696555
25.2909634336 0.357374604492
25.3114100989 0.357091279428
25.3353061463 0.356760441658
25.3558245847 0.356476611061
25.3763762762 0.356192546832
25.4003951798 0.355860845861
25.4210191989 0.355576274733
25.4416767285 0.355291469344
25.4623678504 0.355006429495
25.4830926466 0.354721154988
25.5073140442 0.354388040656
25.5281120852 0.354102257027
25.5489440621 0.353816238112
25.5698100582 0.353529983713
25.5907101569 0.353243493632
25.6116444419 0.352956767671
25.6326129973 0.352669805632
25.6536159073 0.352382607319
25.6746532564 0.352095172535
25.6957251296 0.351807501081
25.7168316119 0.351519592761
25.7379727887 0.351231447378
25.7591487456 0.350943064736
