0.597420254398 0.336943746866
0.631956991626 0.336501190419
0.667655577092 0.336044356882
0.704470154882 0.335573891604
0.742657126684 0.335086583995
0.781982811119 0.334585484771
0.822837482344 0.33406569637
0.864638552228 0.333534702839
0.907862990707 0.332986516034
0.952282865454 0.332424106995
0.997595804771 0.331851369412
1.04455513974 0.331258863228
1.09300180397 0.330648699432
1.14203695841 0.330032268315
1.19267797122 0.329396855881
1.24475271077 0.328744729705
1.29803350803 0.328078836431
1.35223045702 0.327402877048
1.40801932625 0.326708517445
1.46522112693 0.325998101204
1.52360560579 0.325274589713
1.58288573368 0.324541622032
1.64412176869 0.32378620484
1.70570314315 0.323028300724
1.76878971635 0.322253711192
1.83319263223 0.321464875236
1.8986782023 0.320664758349
1.96456139452 0.319861792862
2.03214592972 0.319040181081
2.10107212147 0.3182044327
2.17088424642 0.317360173811
2.24180589855 0.316504790714
2.31386916485 0.315638000108
2.38713497756 0.314759178581
2.46138277788 0.313871074396
2.53635372373 0.312976862934
2.61281550433 0.312067493662
2.68986316717 0.311153829063
2.76798179557 0.310230195494
2.84695451642 0.30929925041
2.92697774011 0.308358771353
3.00784156725 0.307411317918
3.08980258085 0.306453979721
3.17214410691 0.305495199098
3.2556664228 0.304525733871
3.33962254691 0.303554333835
3.42495423772 0.302570193201
3.51025132289 0.30158964038
3.59652290119 0.300601117388
3.6835943288 0.299606714764
3.77126860774 0.298608750999
3.86010143529 0.297600990166
3.94914490887 0.296594252808
4.03813316592 0.295591542206
4.1285502419 0.294576203749
4.21938806718 0.293559652474
4.31043042952 0.292544332118
4.4024496011 0.291521686526
4.49426361621 0.290504883839
4.58669164165 0.289484863387
4.67956970632 0.288463484051
4.77271804748 0.287442751917
4.86717394958 0.286411379574
4.96030667793 0.28539807841
5.05573440273 0.284363525737
5.14937035421 0.283352043388
5.24510024976 0.282321660989
5.33999233859 0.281303994148
5.43529647802 0.280285600513
5.53087053972 0.279268025078
5.62656111801 0.278252910149
5.72220341944 0.277241994419
5.81762124371 0.276237111189
5.91444745803 0.275221118883
6.01078133364 0.274214001021
6.10641481378 0.2732178507
6.20313115285 0.272214101365
6.29882161059 0.271224628077
6.39537531019 0.270229873983
6.49054120334 0.269252988081
6.58631803803 0.268273396325
6.68263335763 0.267291891045
6.77940921634 0.266309309334
6.87410173729 0.265351376429
6.97147205984 0.264369947391
7.06643391681 0.263416290561
7.16134364331 0.262466594531
7.25609164915 0.261521931932
7.35337583395 0.260555520584
7.44752180204 0.259623684372
7.54114459173 0.258700331327
7.63714694264 0.257756919969
7.73250794779 0.256823217091
7.82708683495 0.255900512918
7.92073768512 0.254990129061
8.01330971916 0.254093415469
8.10806731911 0.253178796951
8.19808799423 0.252312949773
8.29370433938 0.251396524378
8.38425119608 0.250531755701
8.47679343786 0.249651003736
8.56757646077 0.248790003424
8.66032161888 0.247913460235
8.75110647997 0.247058435109
8.84381158108 0.24618836791
8.93434308106 0.245341657937
9.02250615977 0.244519897869
9.1124234742 0.243684621808
9.19974198547 0.242876217887
9.28874717227 0.242054958507
9.37948846141 0.24122053866
9.46735120905 0.240415329821
9.5568728298 0.239597682792
9.6432598318 0.238811302402
9.7312201381 0.238013252084
9.81578146521 0.237248554592
9.90182272822 0.236472995549
9.98938318761 0.23568634554
10.0732212683 0.234935590147
10.1584760853 0.234174600499
10.2397256412 0.233451656139
10.3278296932 0.232670243702
10.4118173872 0.231927775297
10.4914501052 0.231225994072
10.5781266899 0.230464550521
10.660329314 0.229744727001
10.7378152581 0.229068264609
10.8225241651 0.228331023537
10.9023905912 0.227638100998
10.9834425371 0.226937042719
11.0593397248 0.226282528067
11.142747048 0.225565425175
11.2208658069 0.224895852357
11.3000857661 0.22421887068
11.3736964365 0.223591650363
11.4550932252 0.2229001288
11.5307404234 0.222259371549
11.6073916507 0.221611988588
11.6850670689 0.22095787908
11.7637873824 0.22029694022
11.8362810148 0.2196900296
11.9096720664 0.219077309037
11.9839773403 0.218458696833
12.0592140609 0.21783410982
12.1353998873 0.217203463331
12.2047989249 0.216630585304
12.282838272 0.215988187564
12.3539358705 0.215404590802
12.4258599152 0.214815814702
12.4986249309 0.214221791995
12.5640286297 0.213689265855
12.63842294 0.213085145957
12.7052991618 0.212543534658
12.7728856121 0.211997570064
12.8497773776 0.211378142113
12.9189112805 0.21082275562
12.980021575 0.210333041867
13.0505654305 0.209769145613
13.1218790341 0.209200632942
13.1849257129 0.208699307609
13.2485800218 0.208194369395
13.3220766253 0.207612876551
13.3870630803 0.207100067652
13.4526855624 0.206583525153
13.5189534764 0.206063209587
13.5762818676 0.20561414181
13.6437739735 0.205086713201
13.7119394236 0.204555395858
13.7709167406 0.204096806461
13.8403597107 0.203558157155
13.9004473548 0.2030932218
13.9610580575 0.202625315046
14.0221986966 0.202154409436
14.0838762707 0.201680477195
14.1460979014 0.201203490234
14.2088708369 0.200723420141
14.2722024538 0.200240238178
14.325417623 0.199835137979
14.3897930307 0.199346175748
14.443888681 0.198936218435
14.5093339611 0.198441376133
14.5643321916 0.198026477624
14.6197481591 0.197609305137
14.6867979516 0.197105727767
14.7431499787 0.196683488584
14.7999353355 0.196258917487
14.8571590534 0.195831996001
14.9148262414 0.195402705474
14.9612899933 0.19505750111
15.0197684949 0.194623899316
15.078705201 0.194187875288
15.138105531 0.193749409684
15.1859702701 0.193396814854
15.2462189953 0.19295390562
15.2947696157 0.192597731347
15.3558850895 0.192150314075
15.4051364881 0.191790508352
15.4547042046 0.191429072016
15.5171051013 0.19097502743
15.5673958827 0.190609882917
15.6180130969 0.19024307325
15.6689599428 0.189874587626
15.7202396609 0.189504415155
15.771855534 0.189132544868
15.8238108884 0.188758965708
15.8761090939 0.188383666535
15.9287535649 0.188006636123
15.9817477611 0.187627863161
16.0350951885 0.187247336248
16.0753472261 0.186960729597
16.1293213234 0.186577106127
16.1836585375 0.1861916969
16.2246592943 0.185901409126
16.2796408022 0.185512847066
16.3211289638 0.185220182114
16.376766325 0.184828430785
16.4187506677 0.184533361116
16.4750557189 0.184138383593
16.5175452296 0.183840881299
16.5745300926 0.183442640164
16.6175339756 0.183142676965
16.6607611434 0.182841650618
16.7042133466 0.182539555822
16.7624938291 0.18213515322
16.8064780985 0.18183054398
16.8506933699 0.181524848416
16.8951414743 0.181218061093
16.9398242622 0.180910176551
16.9847436035 0.180601189297
17.0299013881 0.180291093806
17.0752995256 0.179979884523
17.1209399463 0.179667555862
17.1668246009 0.179354102205
17.2129554612 0.179039517902
17.2593345199 0.178723797273
17.2904008742 0.178512627715
17.3371980209 0.178195001023
17.3842487867 0.177876222691
17.4315552447 0.177556286921
17.4791194904 0.177235187881
17.510981034 0.177020420249
17.5589795857 0.176697369872
17.6072416265 0.176373140511
17.6395713836 0.176156278695
17.6882773744 0.175830071591
17.7209050258 0.175611886684
17.7700611392 0.175283685129
17.802990841 0.175064165917
17.852603364 0.174733953051
17.8858393491 0.174513088219
17.9359146858 0.174180847028
17.969461266 0.173958625157
18.02000594 0.173624338469
18.053867508 0.173400748039
18.0878562858 0.173176607193
18.1390691965 0.172839427909
18.1733792516 0.172613902192
18.2078190667 0.172387819483
18.2597135895 0.172047713192
18.2944811388 0.171820229095
18.3293810663 0.17159218135
18.3819709344 0.171249113201
18.417205226 0.171019647343
18.4525745842 0.170789611097
18.4880797907 0.17055900252
18.5237216332 0.170327819662
18.5595009052 0.170096060567
18.6134197798 0.169747398325
18.6495462093 0.169514189491
18.6858128938 0.169280397524
18.7222206551 0.169046020437
18.7587703212 0.168811056236
18.7954627265 0.168575502919
18.8322987119 0.168339358478
18.8692791251 0.168102620899
18.9064048201 0.167865288159
18.9436766578 0.16762735823
18.9810955059 0.167388829076
19.0186622388 0.167149698654
19.0563777378 0.166909964915
19.0942428914 0.166669625801
19.1322585949 0.16642867925
19.1704257507 0.166187123191
19.1895748642 0.166066062502
19.2337409698 0.165787180552
19.2684512782 0.165568334886
19.3052249647 0.165336794937
19.3401935748 0.165116920732
19.3752888897 0.164896543829
19.4105116017 0.164675662686
19.4458624083 0.164454275751
19.481342012 0.164232381473
19.5149703073 0.164022341906
19.5507023739 0.163799456706
19.5845703712 0.163588478564
19.6185557211 0.163377042542
19.6546678952 0.163152674181
19.6888967958 0.162940291228
19.7212220416 0.162739973882
19.755682978 0.16252669301
19.7902643765 0.162312947575
19.8249668719 0.162098736232
19.8577401079 0.16189669338
19.8906217046 0.161694235579
19.9256768255 0.161478673835
19.9587836331 0.161275356571
19.9920004675 0.161071620877
20.0253278801 0.160867465613
20.056674138 0.160675682552
20.0902173729 0.160470711151
20.1238728271 0.160265316807
20.1555281064 0.160072369169
20.1894025938 0.159866152132
20.2212642109 0.159672431266
20.2532263936 0.159478334811
20.2852896205 0.159283861808
20.3196014149 0.159076013243
20.3497211368 0.158893782304
20.3820903988 0.158698173872
20.41456265 0.158502185029
20.4471383845 0.158305814804
20.4776370753 0.158122185753
20.5104142844 0.157925075469
20.541101882 0.157740754073
20.5740824472 0.157542900077
20.6049607188 0.157357882917
20.635931676 0.157172528664
20.6669957382 0.156986836514
20.6981533275 0.156800805665
20.7294048684 0.15661443531
20.760750788 0.156427724643
20.7921915158 0.156240672855
20.821472614 0.156066670612
20.8530974039 0.155878958698
20.8825501588 0.155704342154
20.9143606376 0.155515967087
20.9439865689 0.155340733427
20.9759843822 0.155151692171
21.0057850273 0.154975838566
21.0356703448 0.154799685477
21.0656406973 0.154623232246
21.0956964496 0.15444647821
21.1258379686 0.15426942271
21.1560656232 0.154092065083
21.1863797843 0.153914404664
21.2144400506 0.153750136074
21.2449216158 0.153571891532
21.2754907844 0.153393342251
21.3037874053 0.153228251552
21.334526105 0.153049114393
21.3629798589 0.152883479965
21.3915095008 0.15271758375
21.4225017125 0.152537571996
21.4511904421 0.152371128654
21.4799560059 0.152204421891
21.508798714 0.152037451174
21.5377188782 0.15187021597
21.5667168122 0.151702715746
21.595792831 0.151534949967
21.6249472515 0.151366918098
21.6541803925 0.151198619603
21.6810477107 0.151044106443
21.7104326241 0.150875295449
21.7398971969 0.150706216261
21.7669774753 0.150550986188
21.7965956348 0.150381391489
21.8238172435 0.15022568802
21.851106835 0.150069757518
21.8809542496 0.149899397136
21.908386821 0.149742990539
21.9358881706 0.149586355616
21.9634585582 0.149429491945
21.991098245 0.149272399107
22.021329116 0.149100768115
22.0491145559 0.148943194717
22.0744357322 0.148799741383
22.1023552542 0.148641727665
22.1303454011 0.148483482673
22.1584064422 0.148325005983
22.186538648 0.148166297172
22.2121761888 0.148021810003
22.2404450061 0.147862656904
22.2687857829 0.147703270449
22.2946136129 0.14755816626
22.32309253 0.147398333156
22.3490463933 0.147252822277
22.3776644664 0.147092540969
22.403745291 0.146946621985
22.4298868998 0.146800508182
22.4587122684 0.146639562407
22.484982225 0.146493038404
22.5113136309 0.146346318582
22.5377067025 0.146199402619
22.5641616576 0.146052290191
22.5906787148 0.145904980974
22.6172580936 0.145757474646
22.6439000148 0.14560977088
22.6706047002 0.145461869354
22.6973723723 0.145313769741
22.7242032551 0.145165471718
22.7510975734 0.145016974958
22.7753576903 0.14488315324
22.8023731549 0.144734278013
22.8294527132 0.144585203106
22.8538800981 0.144450860331
22.8810820618 0.144301405157
22.9083487862 0.144151749355
22.932945181 0.144016883048
22.9603355874 0.143866845178
22.9850436673 0.143731634532
23.0098049151 0.14359626042
23.0373791315 0.143445657359
23.062253194 0.143309937336
23.0871809631 0.143174053101
23.1149408515 0.143022882273
23.1399825803 0.142886650552
23.1650785616 0.142750253871
23.1902289725 0.14261369199
23.2154339909 0.142476964669
23.2406937953 0.142340071666
23.2660085652 0.142203012741
23.2913784806 0.142065787653
23.3168037226 0.14192839616
23.3422844728 0.141790838021
23.3678209138 0.141653112995
23.3934132289 0.141515220839
23.4190616021 0.141377161313
23.4447662185 0.141238934174
23.4676629083 0.141115920534
23.493474265 0.140977376158
23.5193424035 0.140838663471
23.5423848887 0.140715217721
23.5683607918 0.140576186474
23.5943940224 0.140436986215
23.6175837044 0.140313106554
23.6437257369 0.140173586411
23.6670124279 0.140049422072
23.6932639476 0.139909581179
23.7166482596 0.139785131392
23.7430099578 0.13964496888
23.7664925077 0.139520232872
23.7900215003 0.139395361916
23.8165464913 0.139254724872
23.8401746387 0.139129566558
23.8638496629 0.139004272762
23.887571704 0.138878843311
23.9113409025 0.138753278035
23.9381370036 0.138611858705
23.9620068853 0.138486004204
23.9859243676 0.138360013343
24.0098895933 0.138233885947
24.0339027061 0.138107621847
24.0579638499 0.13798122087
24.0820731695 0.137854682844
24.1062308101 0.137728007598
24.1304369175 0.13760119496
24.154691638 0.137474244758
24.1789951188 0.13734715682
24.2033475074 0.137219930974
24.2246968293 0.137108491205
24.2491413161 0.136981006342
24.2736351382 0.136853383076
24.2981784457 0.136725621237
24.3196952827 0.136613712015
24.3443317776 0.136485689908
24.3690181922 0.136357528731
24.390660595 0.13624526975
24.4154410161 0.136116847378
24.4402717962 0.135988285442
24.4620408705 0.135875675455
24.486966486 0.135746851395
24.5088187726 0.135634011826
24.5338397692 0.135504925038
24.5557757477 0.135391855357
24.5808926753 0.135262505235
24.6029128286 0.135149204912
24.6249724283 0.135035796787
24.6502310564 0.134906059356
24.6723755462 0.134792419811
24.6977314799 0.134662417554
24.7199613521 0.13454854606
24.7422312373 0.134434566152
24.764541244 0.134320477714
24.7900869033 0.134189961763
24.8124832549 0.134075640352
24.8349200713 0.133961210048
24.8573974625 0.133846670737
24.879915539 0.133732022303
24.9024744117 0.13361726463
24.9283053395 0.133485982845
24.9509520111 0.133370990681
24.9736398298 0.133255888916
24.9963689082 0.133140677435
25.0191393592 0.133025356123
25.0419512962 0.132909924865
25.064804833 0.132794383545
25.0877000836 0.132678732048
25.1106371628 0.132562970259
25.1303316042 0.132463654427
25.1533466672 0.132347687524
25.1764038883 0.132231610001
25.199503384 0.132115421742
25.2226452707 0.131999122633
25.2458296656 0.131882712558
25.2690566862 0.131766191402
25.2890002633 0.131666224189
25.3123067559 0.131549496456
25.3356562122 0.131432657314
25.3557049951 0.131332417335
25.3791345548 0.131215371005
25.4026074199 0.13109821294
25.4227622455 0.130997699391
25.4463158518 0.13088033353
25.4699131088 0.130762855606
25.490174823 0.130662067685
25.5138534659 0.130544381358
25.5341851144 0.13044341467
25.557945566 0.130325519545
25.5783475125 0.130224373753
25.6021901983 0.130106269436
25.622662809 0.130004944202
25.6465881576 0.129886630299
25.6671318011 0.129785125285
25.6911402441 0.129666601403
25.7117552917 0.129564916271
25.7358472635 0.129446182017
25.756534089 0.12934431643
25.7772541681 0.129242367452
25.8014690072 0.129123325034
25.8222614152 0.12902119511
25.8430873325 0.128918981566
25.8674259829 0.128799630148
25.8883247858 0.128697235167
25.9092573562 0.128594756341
25.9302237762 0.128492193599
25.9547267904 0.128372434335
25.9757668372 0.12826968951
25.9968409953 0.128166860543
26.0179493481 0.128063947362
26.0390919789 0.127960949897
26.0602689715 0.127857868075
26.085018321 0.12773750256
26.1062700558 0.127634237706
26.1275564195 0.127530888271
26.1488774969 0.127427454184
26.1702333732 0.127323935374
26.1916241339 0.12722033177
26.2130498647 0.127116643303
26.2345106516 0.1270128699
26.2560065809 0.126909011491
