50 0.724697810296
51 0.717557756265
52 0.710624668492
53 0.703888737622
54 0.697340793093
55 0.690972250626
56 0.684775064899
57 0.678741686808
58 0.672865024796
59 0.667138409805
60 0.661555563457
61 0.656110569106
62 0.650797845482
63 0.645612122637
64 0.640548419965
65 0.635602026095
66 0.630768480463
67 0.626043556403
68 0.621423245609
69 0.616903743842
70 0.612481437765
71 0.6081528928
72 0.603914841914
73 0.599764175259
74 0.595697930576
75 0.591713284313
76 0.587807543384
77 3.33356558202e-05
78 1.0561230096e-06
79 2.52450745806e-07
80 1.47644371245e-07
81 1.34435244919e-07
82 1.33160031726e-07
83 1.35453485451e-07
84 1.38664751612e-07
85 1.37530692015e-07
86 1.40939883915e-07
87 1.42421911945e-07
88 1.42547870147e-07
89 1.47019404164e-07
90 1.45613750123e-07
91 1.50171346048e-07
92 1.49384932372e-07
93 1.53114274078e-07
94 1.53361273297e-07
95 1.56529283547e-07
96 1.57002642635e-07
97 1.60225648306e-07
98 1.6021288333e-07
99 1.64274065937e-07
100 1.63152371742e-07
101 1.68536545481e-07
102 1.66732098869e-07
103 1.72270581223e-07
104 1.71605010307e-07
105 1.74444069455e-07
106 1.77492620023e-07
107 1.76399261498e-07
108 1.82357609406e-07
109 1.81291406861e-07
110 1.84090343952e-07
111 1.88435383469e-07
112 1.86577322437e-07
113 1.91699729734e-07
114 1.93807099976e-07
115 1.92580138088e-07
116 1.98491098392e-07
117 1.99866564572e-07
118 1.99087365358e-07
119 2.05175811318e-07
120 2.07025327365e-07
121 2.05673072682e-07
122 2.11077558122e-07
123 2.14583920683e-07
124 2.12653335677e-07
125 2.16085823408e-07
126 2.21945486022e-07
127 2.2135418866e-07
128 2.2160839899e-07
129 2.2777265576e-07
130 2.31215587239e-07
131 2.29530016242e-07
132 2.31915631064e-07
133 2.38350309385e-07
134 2.40187556524e-07
135 2.38567269256e-07
136 2.41526854171e-07
137 2.48009566588e-07
138 2.50005289927e-07
139 2.48426514053e-07
140 2.50684182583e-07
141 2.57146257676e-07
142 2.60989037293e-07
143 2.59929847225e-07
144 2.6036495812e-07
145 2.65842546461e-07
146 2.72014673633e-07
147 2.73393687173e-07
148 2.7210036314e-07
149 2.74105644762e-07
150 2.80293668246e-07
151 2.857030058e-07
152 2.86224221526e-07
153 2.851447679e-07
154 2.87279874739e-07
155 2.93524488873e-07
156 2.99362550847e-07
157 3.01057376739e-07
158 3.00191504005e-07
159 3.01119621795e-07
160 3.06331529254e-07
161 3.13207520593e-07
162 3.17335193229e-07
163 3.17463050545e-07
164 3.16714271818e-07
165 3.18956253876e-07
166 3.24744339893e-07
167 3.31289708233e-07
168 3.34946513009e-07
169 3.35031737097e-07
170 3.34571973274e-07
171 3.36398551116e-07
172 3.41790955192e-07
173 3.48517965746e-07
174 3.53601217681e-07
175 3.55255178436e-07
176 3.54989282331e-07
177 3.5553125284e-07
178 3.59019915312e-07
179 3.65424523053e-07
180 3.7229569309e-07
181 3.77051635307e-07
182 3.78790445983e-07
183 3.78495262121e-07
184 3.79120466844e-07
185 3.82085366804e-07
186 3.87768331044e-07
187 3.94892058041e-07
188 4.00912994554e-07
189 4.04050853135e-07
190 4.04875823911e-07
191 4.04882103582e-07
192 4.06222806539e-07
193 4.0997438101e-07
194 4.16207906034e-07
195 4.23456658017e-07
196 4.29578736857e-07
197 4.33649793216e-07
198 4.35458329018e-07
199 4.36230658325e-07
200 4.37531592105e-07
201 4.40867604414e-07
202 4.46508450259e-07
203 4.53574880061e-07
204 4.60664313866e-07
205 4.66657612527e-07
206 4.70523369803e-07
207 4.72459936074e-07
208 4.73526028258e-07
209 4.75172042887e-07
210 4.78255566395e-07
211 4.83335746678e-07
212 4.89670213026e-07
213 4.96913585069e-07
214 5.03574449441e-07
215 5.08709444247e-07
216 5.1200556955e-07
217 5.13880334821e-07
218 5.15268214301e-07
219 5.17320038676e-07
220 5.20621295396e-07
221 5.25660840506e-07
222 5.32217887294e-07
223 5.3963622922e-07
224 5.46827407577e-07
225 5.5306286572e-07
226 5.57840874372e-07
227 5.61162258879e-07
228 5.63502437256e-07
229 5.65802446384e-07
230 5.68419135477e-07
231 5.72247144696e-07
232 5.77741155693e-07
233 5.84120425148e-07
234 5.90494307094e-07
235 5.95257767108e-07
236 5.95381974175e-07
237 5.88318787347e-07
238 5.73038690979e-07
239 5.53325805278e-07
240 5.34930368043e-07
241 5.22455350197e-07
242 5.16466071905e-07
243 5.15341838681e-07
244 5.17125716869e-07
245 5.20954513159e-07
246 5.25831180301e-07
247 5.31390174812e-07
248 5.36894405034e-07
249 5.41517953548e-07
250 5.45733959108e-07
251 5.49800772965e-07
252 5.52955980966e-07
253 5.5531225949e-07
254 5.57691050125e-07
255 5.60399783254e-07
256 5.63585171529e-07
257 5.67348291499e-07
258 5.71206997184e-07
259 5.75961350712e-07
260 5.81143607152e-07
261 5.86760036016e-07
262 5.92317099795e-07
263 5.97085337533e-07
264 6.01787061956e-07
265 6.06066834247e-07
266 6.10230893561e-07
267 6.1345221004e-07
268 6.16358375812e-07
269 6.19006722024e-07
270 6.22211644701e-07
271 6.26031594118e-07
272 6.29827573029e-07
273 6.34075622881e-07
274 6.38511506427e-07
275 6.43894581952e-07
276 6.49853461686e-07
277 6.55675280718e-07
278 6.61452395215e-07
279 6.66562577898e-07
280 6.71844061742e-07
281 6.76884824302e-07
282 6.82146963248e-07
283 6.86743118483e-07
284 6.91255267506e-07
285 6.95768051389e-07
286 7.0049491094e-07
287 7.06469492986e-07
288 7.12877796745e-07
289 7.20294919568e-07
290 7.28506414254e-07
291 7.37555264194e-07
292 7.48460898133e-07
293 7.60853608368e-07
294 7.75326347813e-07
295 7.91254477496e-07
296 8.08306614737e-07
297 8.27285175468e-07
298 8.48424082076e-07
299 8.71748980692e-07
300 8.61462127329e-07
301 8.86866882648e-07
302 9.14176454551e-07
303 9.44348920109e-07
304 9.77709143506e-07
305 1.01458353668e-06
306 1.05659712523e-06
307 1.10303444944e-06
308 1.15348413886e-06
309 1.20895137774e-06
310 1.26891598886e-06
311 1.33417416814e-06
312 1.40399792185e-06
313 1.47765995499e-06
314 1.55009472124e-06
315 1.61262572553e-06
316 1.65547642647e-06
317 1.67258112716e-06
318 1.66446369037e-06
319 1.64044096816e-06
320 1.61351562539e-06
321 1.59629387485e-06
322 1.59396037768e-06
323 1.60580087901e-06
324 1.62696886823e-06
325 1.6535060891e-06
326 1.68184339872e-06
327 1.71250914195e-06
328 1.74348031879e-06
329 1.77394489554e-06
330 1.80134793357e-06
331 1.8235026421e-06
332 1.84037294961e-06
333 1.85526196486e-06
334 1.87001578949e-06
335 1.88584252136e-06
336 1.90067411811e-06
337 1.91259220002e-06
338 1.92066130579e-06
339 1.92703415515e-06
340 1.93263888986e-06
341 1.93928331728e-06
342 1.94585523118e-06
343 1.95120563291e-06
344 1.95537711004e-06
345 1.95957831551e-06
346 1.96475340143e-06
347 1.97042862852e-06
348 1.97534791136e-06
349 1.9783563457e-06
350 1.97982580892e-06
351 1.98064799067e-06
352 1.98426548835e-06
353 1.98923859367e-06
354 1.99613976407e-06
355 2.003137678e-06
356 2.00759643168e-06
357 2.00958810113e-06
358 2.00953255537e-06
359 2.01058965492e-06
360 2.01373650489e-06
361 2.0190222079e-06
362 2.02523436715e-06
363 2.03042287444e-06
364 2.03406679815e-06
365 2.03573120403e-06
366 2.03730398188e-06
367 2.03946954165e-06
368 2.04272146776e-06
369 2.04670953811e-06
370 2.05014761623e-06
371 2.05316121428e-06
372 2.05563790501e-06
373 2.05881978084e-06
374 2.06316273514e-06
375 2.06814123754e-06
376 2.07312229832e-06
377 2.07705006804e-06
378 2.07942874681e-06
379 2.08057414509e-06
380 2.08189289764e-06
381 2.08457353721e-06
382 2.08928968839e-06
383 2.09567519465e-06
384 2.10269063471e-06
385 2.10846890774e-06
386 2.11213216214e-06
387 2.11361990505e-06
388 2.11393230672e-06
389 2.1146044102e-06
390 2.11644147123e-06
391 2.11942214378e-06
392 2.1225155149e-06
393 2.12385816415e-06
394 2.12117538772e-06
395 2.11366922529e-06
396 2.10003950907e-06
397 2.0820123908e-06
398 2.06120590866e-06
399 2.03941585689e-06
