100 0.512438735972
101 0.509895599997
102 0.507389955349
103 0.504920889819
104 0.50248752197
105 0.500088999817
106 0.497724499574
107 0.495393224465
108 0.493094403595
109 0.49082729088
110 0.48859116403
111 0.486385323582
112 0.484209091978
113 0.482061812698
114 0.479942849417
115 0.477851585223
116 0.475787421857
117 0.473749778996
118 0.471738093564
119 0.469751819085
120 0.467790425053
121 0.465853396339
122 0.463940232624
123 0.462050447854
124 0.460183569723
125 0.458339139176
126 0.456516709934
127 0.454715848042
128 0.452936131436
129 0.451177149524
130 0.449438502788
131 0.44771980241
132 0.446020669895
133 0.444340736732
134 0.442679644052
135 0.441037042305
136 0.439412590958
137 0.437805958189
138 0.436216820611
139 0.434644862991
140 0.433089777995
141 0.431551265928
142 0.430029034497
143 0.428522798575
144 0.427032279977
145 0.425557207245
146 0.424097315439
147 0.422652345939
148 0.42122204625
149 0.419806169819
150 0.418404475857
151 0.417016729162
152 0.41564269996
153 0.41428216374
154 0.412934901103
155 0.411600697612
156 0.410279343648
157 0.408970634273
158 0.407674369097
159 0.406390352147
160 0.405118391743
161 0.40385830038
162 0.40260989461
163 0.401372994929
164 0.400147425672
165 0.398933014902
166 0.397729594318
167 0.396536999146
168 0.395355068055
169 0.394183643056
170 0.39302256942
171 0.39187169559
172 0.390730873095
173 0.389599956473
174 0.388478803195
175 0.387367273583
176 0.386265230742
177 0.385172540489
178 0.384089071281
179 0.383014694152
180 0.381949282647
181 0.380892712759
182 0.379844862871
183 0.378805613692
184 0.377774848207
185 0.376752451615
186 0.375738311278
187 0.374732316672
188 0.373734359329
189 0.372744332797
190 0.371762132585
191 0.370787656118
192 0.369820802696
193 0.368861473447
194 0.367909571284
195 0.366965000864
196 0.366027668552
197 0.365097482376
198 0.364174351993
199 0.363258188649
200 0.362348905149
201 1.24993023146e-07
202 1.25129590601e-07
203 1.25270652482e-07
204 1.25416127921e-07
205 1.25565974781e-07
206 1.25720137411e-07
207 1.2587855962e-07
208 1.26041198054e-07
209 1.31222881442e-07
210 1.31400582254e-07
211 1.31582481612e-07
212 1.31768573502e-07
213 1.31958777776e-07
214 1.32153042918e-07
215 1.32351346775e-07
216 1.32553606569e-07
217 1.32759814097e-07
218 1.38472094484e-07
219 1.38694862685e-07
220 1.38921579359e-07
221 1.39152199033e-07
222 1.3938668393e-07
223 1.39624978596e-07
224 1.3986704367e-07
225 1.4011284771e-07
226 1.40362332702e-07
227 1.40615465627e-07
228 1.48017895245e-07
229 1.48291408119e-07
230 1.48568623701e-07
231 1.48849511096e-07
232 1.49134018942e-07
233 1.49422114694e-07
234 1.49713765117e-07
235 1.50008926137e-07
236 1.50307552678e-07
237 1.50609619069e-07
238 1.57774874336e-07
239 1.58097745523e-07
240 1.58424104959e-07
241 1.58753909324e-07
242 1.59087125771e-07
243 1.59423732244e-07
244 1.59763671116e-07
245 1.60106918556e-07
246 1.60453450129e-07
247 1.60803216971e-07
248 1.61156204894e-07
249 1.69203444322e-07
250 1.69579869362e-07
251 1.69959569721e-07
252 1.7034251314e-07
253 1.70728652915e-07
254 1.711179821e-07
255 1.71510452274e-07
256 1.71906041402e-07
257 1.72304726845e-07
258 1.72706471301e-07
259 1.73111250575e-07
260 1.73519025575e-07
261 1.73929784764e-07
262 1.84599006456e-07
263 1.85040156846e-07
264 1.85484382848e-07
265 1.85931635948e-07
266 1.86381932662e-07
267 1.86835206399e-07
268 1.87291456007e-07
269 1.87750629473e-07
270 1.88212741539e-07
271 1.88677738667e-07
272 1.89145600391e-07
273 1.89616305668e-07
274 1.90089832857e-07
275 1.90566159707e-07
276 2.01189261444e-07
277 2.01696706006e-07
278 2.02207037001e-07
279 2.02720207396e-07
280 2.03236209327e-07
281 2.03755014337e-07
282 2.04276634221e-07
283 2.04800998446e-07
284 2.05328117754e-07
285 2.05857961291e-07
286 2.06390497354e-07
287 2.06925735863e-07
288 2.07463622854e-07
289 2.08004167501e-07
290 2.08547314186e-07
291 2.20817950471e-07
292 2.21397036135e-07
293 2.21978856803e-07
294 2.22563372923e-07
295 2.23150568924e-07
296 2.23740403615e-07
297 2.2433288551e-07
298 2.24927997831e-07
299 2.25525697633e-07
