50 32.0593002876
51 32.7004862933
52 33.3416722991
53 33.9828583048
54 34.6240443106
55 35.2652303163
56 35.9064163221
57 36.5476023278
58 37.1887883336
59 37.8299743393
60 38.4711603451
61 39.1123463508
62 39.7535323566
63 40.3947183623
64 41.0359043681
65 41.6770903738
66 42.3182763796
67 42.9594623853
68 43.6006483911
69 44.2418343969
70 44.8830204026
71 45.5242064084
72 46.1653924141
73 46.8065784199
74 47.4477644256
75 48.0889504314
76 48.7301364371
77 49.3713224429
78 50.0125084486
79 50.6536944544
80 51.2948804601
81 51.9360664659
82 52.5772524716
83 53.2184384774
84 53.8596244831
85 54.5008104889
86 55.1419964946
87 55.7831825004
88 56.4243685061
89 57.0655545119
90 57.7067405176
91 58.3479265234
92 58.9891125291
93 59.6302985349
94 60.2714845406
95 60.9126705464
96 61.5538565521
97 62.1950425579
98 62.8362285636
99 63.4774145694
100 64.1186005751
101 64.7597865809
102 65.4009725866
103 66.0421585924
104 66.6833445982
105 67.3245306039
106 67.9657166097
107 68.6069026154
108 69.2480886212
109 69.8892746269
110 70.5304606327
111 71.1716466384
112 71.8128326442
113 72.4540186499
114 73.0952046557
115 73.7363906614
116 74.3775766672
117 75.0187626729
118 75.6599486787
119 76.3011346844
120 76.9423206902
121 77.5835066959
122 78.2246927017
123 78.8658787074
124 79.5070647132
125 80.1482507189
126 80.7894367247
127 81.4306227304
128 82.0718087362
129 82.7129947419
130 83.3541807477
131 83.9953667534
132 84.6365527592
133 85.2777387649
134 85.9189247707
135 86.5601107764
136 87.2012967822
137 87.8424827879
138 88.4836687937
139 89.1248547995
140 89.7660408052
141 90.407226811
142 91.0484128167
143 91.6895988225
144 92.3307848282
145 92.971970834
146 93.6131568397
147 94.2543428455
148 94.8955288512
149 95.536714857
150 96.1779008627
151 96.8190868685
152 97.4602728742
153 98.10145888
154 98.7426448857
155 99.3838308915
156 100.025016897
157 100.666202903
158 101.307388909
159 101.948574914
160 102.58976092
161 103.230946926
162 103.872132932
163 104.513318937
164 105.154504943
165 105.795690949
166 106.436876955
167 107.07806296
168 107.719248966
169 108.360434972
170 109.001620978
171 109.642806983
172 110.283992989
173 110.925178995
174 111.566365001
175 112.207551007
176 112.848737012
177 113.489923018
178 114.131109024
179 114.77229503
180 115.413481035
181 116.054667041
182 116.695853047
183 117.337039053
184 117.978225058
185 118.619411064
186 119.26059707
187 119.901783076
188 120.542969081
189 121.184155087
190 121.825341093
191 122.466527099
192 123.107713104
193 123.74889911
194 124.390085116
195 125.031271122
196 125.672457127
197 126.313643133
198 126.954829139
199 127.596015145
200 128.23720115
201 128.878387156
202 129.519573162
203 130.160759168
204 130.801945173
205 131.443131179
206 132.084317185
207 132.725503191
208 133.366689196
209 134.007875202
210 134.649061208
211 135.290247214
212 135.931433219
213 136.572619225
214 137.213805231
215 137.854991237
216 138.496177242
217 139.137363248
218 139.778549254
219 140.41973526
220 141.060921265
221 141.702107271
222 142.343293277
223 142.984479283
224 143.625665288
225 144.266851294
226 144.9080373
227 145.549223306
228 146.190409311
229 146.831595317
230 147.472781323
231 148.113967329
232 148.755153334
233 149.39633934
234 150.037525346
235 150.678711352
236 151.319897357
237 151.961083363
238 152.602269369
239 153.243455375
240 153.88464138
241 154.525827386
242 155.167013392
243 155.808199398
244 156.449385403
245 157.090571409
246 157.731757415
247 158.372943421
248 159.014129426
249 159.655315432
250 160.296501438
251 160.937687444
252 161.578873449
253 162.220059455
254 162.861245461
255 163.502431467
256 164.143617472
257 164.784803478
258 165.425989484
259 166.06717549
260 166.708361495
261 167.349547501
262 167.990733507
263 168.631919513
264 169.273105518
265 169.914291524
266 170.55547753
267 171.196663536
268 171.837849541
269 172.479035547
270 173.120221553
271 173.761407559
272 174.402593564
273 175.04377957
274 175.684965576
275 176.326151582
276 176.967337587
277 177.608523593
278 178.249709599
279 178.890895605
280 179.53208161
281 180.173267616
282 180.814453622
283 181.455639628
284 182.096825633
285 182.738011639
286 183.379197645
287 184.020383651
288 184.661569656
289 185.302755662
290 185.943941668
291 186.585127674
292 187.226313679
293 187.867499685
294 188.508685691
295 189.149871697
296 189.791057702
297 190.432243708
298 191.073429714
299 191.71461572
