13.8832081128
50 0.533866035872
51 0.546394718372
52 0.558212953381
53 0.569355571177
54 0.579867133256
55 0.589801204712
56 0.599121840758
57 0.60799333548
58 0.61639161362
59 0.624191778255
60 0.631677571368
61 0.638731191491
62 0.645441593627
63 0.651796387811
64 0.657783746504
65 0.663500697177
66 0.668830098305
67 0.673981725618
68 0.678839987693
69 0.683509420728
70 0.687873294751
71 0.692038123617
72 0.695999778707
73 0.699868447058
74 0.703412486281
75 0.706972404322
76 0.710200187004
77 0.713323441882
78 0.716340189349
79 0.7192484344
80 0.722046166452
81 0.724613130571
82 0.727183327221
83 0.729517885229
84 0.731852419613
85 0.734066235747
86 0.73615726551
87 0.738123443631
88 0.740083441307
89 0.741915063918
90 0.743616225353
91 0.745306444022
92 0.746984453323
93 0.748404729833
94 0.749931509157
95 0.751196467174
96 0.752565250611
97 0.753791194421
98 0.754872351729
99 0.755930166743
100 0.756963312794
101 0.757970476856
102 0.758826566458
103 0.75965381899
104 0.760326963445
105 0.761092762374
106 0.761701878015
107 0.762152909593
108 0.762693385897
109 0.76307356018
110 0.763416824054
111 0.76372228242
112 0.763989093806
113 0.764091819253
114 0.764154341321
115 0.764176007244
116 0.764156222555
117 0.764094451407
118 0.763990216654
119 0.763718509835
120 0.763403643327
121 0.763169814971
122 0.76276777533
123 0.762197553253
124 0.761707796259
125 0.761174030424
126 0.760472189185
127 0.759850533489
128 0.759061174221
129 0.75822833001
130 0.757475755087
131 0.756556451652
132 0.755594402569
133 0.754466861742
134 0.753420523466
135 0.75233255151
136 0.751080860704
137 0.749911161694
138 0.748579131465
139 0.747329735129
140 0.745919533846
141 0.744471242736
142 0.743106686104
143 0.741583852599
144 0.740024848577
145 0.738430352428
146 0.73680105802
147 0.735137673106
148 0.73332129264
149 0.731592180027
150 0.729831173467
151 0.728039021202
152 0.726098031912
153 0.724246160736
154 0.722247610594
155 0.720339096297
156 0.718286091034
157 0.716324028163
158 0.714219682679
159 0.712091007325
160 0.710054590329
161 0.707879233884
162 0.705681870307
163 0.703463266681
164 0.701224184662
165 0.699079398576
166 0.696801248219
167 0.694504862729
168 0.692190976216
169 0.68986031459
170 0.687513595128
171 0.685039779512
172 0.682663447463
173 0.680273156105
174 0.677869584453
175 0.675453401247
176 0.673025264712
177 0.6704764519
178 0.668026739995
179 0.66556698604
180 0.662989655325
181 0.660512052932
182 0.658026218573
183 0.655425817338
184 0.652925655434
185 0.650312887321
186 0.647800629652
187 0.645282926449
188 0.642655468377
189 0.640024438949
190 0.637494311481
191 0.634857199976
192 0.6323211128
193 0.629679827797
194 0.627139642143
195 0.624496000868
196 0.621852050449
197 0.619309217839
198 0.616665469167
199 0.614022640821
200 0.611381120908
201 0.608840585504
202 0.606202374055
203 0.60356657252
204 0.600933527403
205 0.598401170979
206 0.595774209724
207 0.593150985412
208 0.590531805398
209 0.587916967643
210 0.585306760879
211 0.582701464769
212 0.580101350078
213 0.577600881918
214 0.575011485246
215 0.57242803153
216 0.569850757646
217 0.567279892399
218 0.564715656695
219 0.562158263699
220 0.559607919003
221 0.557064820787
222 0.554529159981
223 0.552001120422
224 0.549391262502
225 0.54687939914
226 0.544375666238
227 0.541880220808
228 0.539393213546
229 0.536914788981
230 0.534445085622
231 0.531984236103
232 0.529532367326
233 0.527003636207
234 0.524570484321
235 0.522146659374
236 0.519732266714
237 0.51732740664
238 0.514848193049
239 0.512463068588
240 0.510087747015
241 0.507722309704
242 0.505284412247
243 0.502939352559
244 0.500604393552
245 0.49827959961
246 0.495884143246
247 0.49358023269
248 0.491286655346
249 0.488923707926
250 0.486651311724
251 0.484389384088
252 0.482059331189
253 0.479818819576
254 0.477588881826
255 0.475292018602
256 0.473083674188
257 0.470885981438
258 0.468622520362
259 0.466446545661
260 0.46420555503
261 0.462051353415
262 0.45990787787
263 0.457700477366
264 0.455578822097
265 0.453393951998
266 0.451294124297
267 0.449131776002
268 0.447053766126
269 0.444913914559
270 0.442857696828
271 0.440812194028
272 0.438705835343
273 0.436682060316
274 0.434598072324
275 0.432595963979
276 0.430534272044
277 0.428483863578
278 0.426514274211
279 0.424486025712
280 0.422537895687
281 0.420531703985
282 0.418604932123
283 0.416620684041
284 0.414715159502
285 0.412752732607
286 0.410801326846
287 0.408927598912
288 0.406997813093
289 0.405145016039
290 0.403236707591
291 0.401339236924
292 0.399517721603
293 0.397641499863
294 0.395840553308
295 0.393985421632
296 0.392140924087
297 0.390370682874
298 0.388547025123
299 0.386733870994
300 0.384993964028
301 0.383201388614
302 0.38141918133
303 0.379709222318
304 0.377947323393
305 0.376195652864
306 0.374515242504
307 0.372783602105
308 0.371062046793
309 0.369410774783
310 0.367708964782
311 0.366017093598
312 0.364335111378
313 0.362722124361
314 0.361059498394
315 0.359406612044
316 0.357763414593
317 0.3561879458
318 0.354563708428
319 0.352949008408
320 0.351343794431
321 0.349805064722
322 0.348218409729
323 0.346641087804
324 0.345073047292
325 0.343570269265
326 0.342020383648
327 0.340479625715
328 0.338947943674
329 0.337425285732
330 0.335966392738
331 0.334461382203
332 0.332965241927
333 0.331477920207
334 0.32999936539
335 0.328583114347
336 0.327121700266
337 0.325668899917
338 0.324224661924
339 0.322788935004
340 0.321361667977
341 0.319994997573
342 0.318584267142
343 0.317181845089
344 0.315787680696
345 0.314401723383
346 0.31302392271
347 0.311654228382
348 0.310292590259
349 0.308989351222
350 0.307643456219
351 0.306305469259
352 0.304975340855
353 0.303653021698
354 0.302343393919
355 0.301041434769
356 0.299747095872
357 0.298460329041
358 0.297181086285
359 0.295909319811
360 0.294640176334
361 0.293383240353
362 0.292133638373
363 0.290891323425
364 0.289651524427
365 0.288423663515
366 0.287198265586
367 0.285984672953
368 0.284773490754
369 0.283573982422
370 0.282376832419
371 0.281191226221
372 0.280007926708
373 0.278836042318
374 0.27766641345
375 0.276503562533
376 0.275347445203
377 0.274202489604
378 0.273059688678
379 0.271923489796
380 0.270793849559
381 0.269670724809
382 0.268554072633
383 0.26744385036
384 0.266340015569
385 0.265242526079
386 0.264151339959
387 0.263066415522
388 0.261987711329
389 0.26091093064
390 0.259844560996
391 0.258784288658
392 0.257730073176
393 0.256677687844
394 0.255635482704
395 0.254599214451
396 0.253564707894
397 0.252540211979
398 0.251521535203
399 0.250504553029
400 0.249497415029
401 0.248491927652
402 0.247496175121
403 0.246502029841
404 0.245513507023
405 0.244534557508
406 0.243557151322
407 0.242585255828
408 0.241622775108
409 0.240661775167
410 0.239706176335
411 0.238755942537
412 0.237811037938
413 0.236875290393
414 0.235940922408
415 0.235011777639
416 0.234087821204
417 0.233169018456
418 0.232255334985
419 0.231346736613
420 0.230443189396
421 0.229544659622
422 0.228651113811
423 0.22776251871
424 0.226875140894
425 0.225996362709
426 0.225122436773
427 0.224253330743
428 0.223389012504
429 0.222525820697
430 0.221670996523
431 0.220820865049
432 0.21997180724
433 0.219130981412
434 0.218294755178
435 0.217459551132
436 0.216632446066
437 0.215806329573
438 0.214988224797
439 0.214171075541
440 0.213361851883
441 0.212553551248
442 0.211753091222
443 0.21095352227
444 0.210158282314
445 0.209370757512
446 0.20858407687
447 0.207801639857
448 0.207026795014
449 0.206252748619
450 0.205482862307
451 0.204720447602
452 0.203958786816
453 0.203201204354
454 0.202447673335
455 0.201698167068
456 0.200952659056
457 0.200211122995
458 0.199476786238
459 0.198743103952
460 0.198013315899
461 0.197287396526
462 0.196565320465
463 0.195847062532
464 0.195132597726
465 0.194418730203
466 0.193711788902
467 0.193008566748
468 0.192309039457
469 0.191613182924
470 0.190920973219
471 0.190232386584
472 0.189544307916
473 0.188862907957
474 0.188185060773
475 0.187510743292
476 0.186836885249
477 0.186169569514
478 0.185505715213
479 0.184842285112
480 0.184185297338
481 0.183531704213
482 0.182878501019
483 0.182231642141
484 0.181585150873
485 0.180944939619
486 0.18030507407
487 0.179671425078
488 0.179038100293
489 0.17841092944
490 0.1777840617
491 0.177163286087
492 0.176542792889
493 0.175928330823
494 0.175314130864
495 0.174703052388
496 0.174097914997
497 0.173493009964
498 0.172891167095
499 0.172295177022
