50 0.999999999986 0.599088339881
51 0.999999999963 0.610531912432
52 0.999999999908 0.62128276318
53 0.999999999783 0.631381049596
54 0.999999999508 0.640874443193
55 0.999999998936 0.649817503924
56 0.999999997789 0.658183362781
57 0.999999995578 0.666124145934
58 0.999999991465 0.673621956171
59 0.999999984063 0.680569063928
60 0.999999971149 0.687221431038
61 0.99999994926 0.6934766404
62 0.999999913152 0.699415897756
63 0.999999855074 0.705030140481
64 0.999999763848 0.710310752467
65 0.999999623708 0.715344899492
66 0.999999412874 0.720030846048
67 0.999999101845 0.724554368962
68 0.99999865139 0.728814908485
69 0.999998010235 0.732905155682
70 0.99999711245 0.736723793933
71 0.999995874543 0.740364994793
72 0.999994192307 0.743825935995
73 0.999991937438 0.747203484368
74 0.999988953981 0.750296378525
75 0.999985054661 0.753402075077
76 0.999980017169 0.756218268356
77 0.999973580459 0.758943852478
78 0.999965441147 0.761577773239
79 0.999955250074 0.764119009408
80 0.999942609111 0.766566573391
81 0.99992706828 0.768817060177
82 0.999908123242 0.771074153944
83 0.999885213229 0.77313180702
84 0.999857719451 0.775194951054
85 0.999824964025 0.777160037232
86 0.999786209457 0.779026292658
87 0.999740658691 0.780792982081
88 0.999687455739 0.782563678032
89 0.999625686874 0.784233883479
90 0.999554382404 0.785802938391
91 0.999472518971 0.787375132589
92 0.999379022371 0.788950472351
93 0.999272770852 0.790318316089
94 0.99915259884 0.791794030846
95 0.999017301065 0.793061122179
96 0.99886563701 0.79443609276
97 0.99869633566 0.795707412129
98 0.998508100476 0.79687457536
99 0.998299614547 0.798043450614
100 0.998069545864 0.799214040403
101 0.997816552674 0.800386347242
102 0.997539288843 0.801453572854
103 0.997236409205 0.802522221491
104 0.996906574826 0.80348522352
105 0.996548458169 0.804556581136
106 0.996160748104 0.805522024334
107 0.995742154729 0.806381168592
108 0.995291413993 0.807348801239
109 0.994807292066 0.808209893879
110 0.994288589461 0.809071904934
111 0.993734144877 0.809934835382
112 0.993142838749 0.810798686205
113 0.992513596506 0.81155531144
114 0.991845391512 0.812312642748
115 0.991137247712 0.813070680785
116 0.990388241951 0.813829426213
117 0.989597506 0.81458887969
118 0.988764228271 0.815349041878
119 0.987887655235 0.816001174044
120 0.986967092551 0.816653827799
121 0.986001905924 0.817415916966
122 0.984991521679 0.81806970226
123 0.983935427098 0.818614922766
124 0.982833170502 0.819269667048
125 0.981684361111 0.819924935008
126 0.980488668686 0.820471391974
127 0.979245822972 0.821127621097
128 0.977955612963 0.82167487962
129 0.976617885985 0.822222502876
130 0.975232546636 0.822880132572
131 0.973799555577 0.823428559094
132 0.972318928201 0.823977351128
133 0.970790733185 0.824416648087
134 0.96921509095 0.824966098654
135 0.967592172025 0.825515915415
136 0.965922195346 0.825956032646
137 0.964205426487 0.82650650917
138 0.962442175838 0.826947154529
139 0.960632796751 0.827498291608
140 0.958777683646 0.827939465728
141 0.9568772701 0.828380875056
142 0.954932026919 0.82893296767
143 0.952942460213 0.829374906676
144 0.950909109461 0.829817081298
145 0.948832545596 0.830259491662
146 0.946713369103 0.830702137894
147 0.944552208128 0.831145020119
148 0.942349716627 0.831477336734
149 0.940106572536 0.83192063225
150 0.937823475978 0.832364164105
151 0.935501147507 0.832807932426
152 0.933140326396 0.833140913923
153 0.930741768962 0.833585096362
154 0.928306246945 0.833918388593
155 0.925834545932 0.834362985536
156 0.923327463823 0.83469658879
157 0.920785809362 0.835141600625
158 0.918210400708 0.835475515192
159 0.915602064061 0.835809563268
160 0.912961632344 0.836255168476
161 0.910289943937 0.836589528281
162 0.90758784146 0.836924021773
163 0.904856170615 0.837258649006
164 0.902095779074 0.837593410033
165 0.899307515425 0.838039966284
166 0.896492228164 0.838375039705
167 0.893650764743 0.838710247098
168 0.890783970663 0.839045588517
169 0.887892688614 0.839381064015
170 0.884977757673 0.839716673647
171 0.882040012536 0.839940487946
172 0.8790802828 0.840276321252
173 0.876099392294 0.840612288834
174 0.873098158447 0.840948390746
175 0.870077391695 0.841284627041
176 0.867037894938 0.841620997774
177 0.863980463025 0.841845319643
178 0.860905882287 0.842181914558
179 0.857814930093 0.842518644053
180 0.854708374454 0.842743205177
181 0.851586973655 0.843080159093
182 0.848451475915 0.843417247733
183 0.845302619081 0.843642048367
184 0.842141130358 0.843979361667
185 0.838967726055 0.844204312124
186 0.835783111366 0.844541850234
187 0.832587980174 0.844879523302
188 0.829383014884 0.845104713684
189 0.826168886266 0.845329964087
190 0.82294625334 0.845667952267
191 0.819715763265 0.845893352793
192 0.816478051254 0.846231566232
193 0.81323374051 0.846457116981
194 0.809983442179 0.84679555583
195 0.806727755315 0.847021256903
196 0.803467266867 0.847247018133
197 0.800202551677 0.847585772808
198 0.796934172493 0.847811684501
199 0.793662679999 0.848037656408
200 0.790388612849 0.848263688544
201 0.787112497719 0.848602849715
202 0.783834849371 0.848829032495
203 0.780556170718 0.849055275561
204 0.777276952913 0.84928157893
205 0.773997675429 0.849621147083
206 0.770718806163 0.849847601276
207 0.767440801538 0.850074115827
208 0.764164106613 0.850300690752
209 0.760889155204 0.850527326067
210 0.757616370005 0.850754021789
211 0.754346162717 0.850980777933
212 0.751078934182 0.851207594516
213 0.747815074521 0.851547932748
214 0.744554963274 0.851774900498
215 0.741298969546 0.852001928742
216 0.738047452155 0.852229017498
217 0.734800759784 0.852456166781
218 0.73155923113 0.852683376607
219 0.728323195063 0.852910646993
220 0.725092970783 0.853137977955
221 0.721868867974 0.853365369508
222 0.718651186968 0.853592821669
223 0.715440218903 0.853820334454
224 0.712236245881 0.853934113586
225 0.709039541136 0.854161717337
226 0.705850369187 0.854389381754
227 0.702668986008 0.85461710685
228 0.699495639181 0.854844892644
229 0.696330568061 0.85507273915
230 0.693174003938 0.855300646386
231 0.69002617019 0.855528614367
232 0.686887282448 0.85575664311
233 0.683757548749 0.855870680272
234 0.680637169698 0.856098800187
235 0.677526338615 0.856326980905
236 0.674425241698 0.85655522244
237 0.671334058169 0.85678352481
238 0.668252960428 0.856897698813
239 0.665182114202 0.857126092466
240 0.662121678692 0.857354546993
241 0.659071806721 0.857583062412
242 0.656032644876 0.85769734296
243 0.653004333653 0.857925949746
244 0.649987007595 0.858154617463
245 0.646980795434 0.858383346129
246 0.643985820224 0.858497733323
247 0.641002199479 0.858726553441
248 0.638030045304 0.858955434548
249 0.635069464528 0.859069897977
250 0.632120558829 0.859298870598
251 0.629183424863 0.859527904247
252 0.626258154392 0.859642443963
253 0.623344834397 0.859871569188
254 0.62044354721 0.860100755482
255 0.617554370623 0.860215371535
256 0.614677378009 0.860444649465
257 0.611812638437 0.860673988506
258 0.608960216779 0.860788680947
259 0.606120173825 0.861018111685
260 0.60329256639 0.861132849984
261 0.600477447416 0.861362372454
262 0.597674866081 0.8615919561
263 0.594884867898 0.86170677087
264 0.592107494816 0.86193644631
265 0.589342785316 0.862051306986
266 0.586590774509 0.862281074258
267 0.583851494226 0.862395980858
268 0.581124973117 0.862625839998
269 0.578411236733 0.862740792541
270 0.575710307619 0.862970743585
271 0.573022205398 0.863200755919
272 0.570346946858 0.863315785075
273 0.567684546032 0.863545889375
274 0.565035014278 0.863660964523
275 0.562398360361 0.863891160826
276 0.559774590528 0.864006281985
277 0.557163708585 0.864121418484
278 0.554565715968 0.864351737514
279 0.551980611819 0.864466920049
280 0.549408393053 0.864697331167
281 0.546849054429 0.864812559755
282 0.544302588616 0.865043062999
283 0.541768986259 0.865158337658
284 0.539248236045 0.865388933064
285 0.536740324762 0.865504253814
286 0.534245237363 0.865619589932
287 0.531762957025 0.865850308278
288 0.529293465206 0.86596569051
289 0.526836741703 0.866196501104
290 0.52439276471 0.866311929469
291 0.521961510866 0.866427373217
292 0.519542955312 0.866658306866
293 0.517137071744 0.866773796771
294 0.514743832459 0.867004822754
295 0.512363208405 0.867120358836
296 0.509995169233 0.867235910314
297 0.507639683338 0.867467059466
298 0.505296717905 0.867582657145
299 0.502966238959 0.867698270228
300 0.500648211401 0.867929542616
301 0.498342599052 0.868045201925
302 0.496049364698 0.868160876646
303 0.493768470123 0.868392272335
304 0.491499876155 0.868507993307
305 0.489243542698 0.868623729699
306 0.48699942877 0.868855248755
307 0.484767492543 0.868971031422
308 0.482547691373 0.869086829519
309 0.480339981834 0.869318472007
310 0.478144319756 0.869434316403
311 0.475960660252 0.869550176236
312 0.473788957751 0.869666051509
313 0.47162916603 0.86989784838
314 0.469481238241 0.870013769983
315 0.467345126943 0.870129707034
316 0.465220784125 0.870245659534
317 0.463108161238 0.870477610892
318 0.461007209222 0.870593609753
319 0.458917878527 0.870709624072
320 0.456840119141 0.870825653852
321 0.454773880615 0.871057759798
322 0.452719112086 0.87117383597
323 0.450675762298 0.871289927609
324 0.448643779627 0.871406034719
325 0.446623112103 0.871638295358
326 0.444613707429 0.871754448891
327 0.442615513001 0.871870617903
328 0.44062847593 0.871986802395
329 0.438652543063 0.872103002369
330 0.436687660995 0.872335448775
331 0.434733776095 0.872451695209
332 0.432790834518 0.872567957135
333 0.430858782225 0.872684234554
334 0.428937564999 0.872800527467
335 0.427027128461 0.873033159788
336 0.425127418085 0.873149499199
337 0.423238379214 0.873265854113
338 0.421359957075 0.873382224533
339 0.419492096793 0.87349861046
340 0.417634743402 0.873615011896
341 0.415787841865 0.873847861306
342 0.41395133708 0.873964309283
343 0.412125173895 0.874080772778
344 0.410309297123 0.874197251793
345 0.40850365155 0.87431374633
346 0.406708181948 0.87443025639
347 0.404922833086 0.874546781977
348 0.40314754974 0.874663323091
349 0.401382276705 0.874896451913
350 0.399626958802 0.875013039624
351 0.39788154089 0.875129642872
352 0.396145967878 0.875246261658
353 0.394420184726 0.875362895984
354 0.392704136462 0.875491211695
355 0.390997768185 0.875619546215
356 0.389301025077 0.875747899547
357 0.387613852409 0.875876271694
358 0.385936195547 0.876004662659
359 0.384267999961 0.876133072444
360 0.382609211234 0.876249824945
361 0.380959775066 0.876378270667
362 0.379319637279 0.876506735218
363 0.37768874383 0.876635218599
364 0.37606704081 0.876752038016
365 0.374454474453 0.876880557356
366 0.372850991142 0.876997409467
367 0.371256537412 0.877125964774
368 0.36967105996 0.877242849587
369 0.368094505644 0.877371440873
370 0.366526821492 0.877488358398
371 0.364967954707 0.877616985671
372 0.363417852667 0.877733935918
373 0.361876462934 0.877862599189
374 0.360343733255 0.877979582166
375 0.35881961157 0.878096580732
376 0.357304046009 0.878213594889
377 0.355796984902 0.878342328471
378 0.354298376779 0.878459375376
379 0.352808170375 0.878576437878
380 0.351326314631 0.87869351598
381 0.3498527587 0.878810609684
382 0.348387451946 0.878927718992
383 0.346930343951 0.879044843905
384 0.345481384514 0.879161984426
385 0.344040523656 0.879279140558
386 0.34260771162 0.879396312301
387 0.341182898875 0.879513499658
388 0.339766036118 0.879630702632
389 0.338357074274 0.879736198662
390 0.336955964502 0.879853431313
391 0.33556265819 0.879970679585
392 0.334177106964 0.880087943482
393 0.332799262686 0.88019349435
394 0.331429077453 0.88031078794
395 0.330066503605 0.880428097159
396 0.32871149372 0.880533688822
397 0.327364000616 0.880651027745
398 0.326023977357 0.880768382305
399 0.324691377247 0.880874014779
400 0.323366153838 0.880991399054
401 0.322048260925 0.881097058275
402 0.320737652549 0.881214472272
403 0.319434282999 0.881320158247
404 0.31813810681 0.881425856897
405 0.316849078766 0.88154331471
406 0.315567153898 0.881649040123
407 0.314292287488 0.881754778217
408 0.313024435064 0.881872279861
409 0.311763552406 0.881978044728
410 0.310509595542 0.88208382228
411 0.309262520751 0.882189612518
412 0.308022284561 0.882295415444
413 0.30678884375 0.882412989133
414 0.305562155346 0.882518818848
415 0.304342176627 0.882624661257
416 0.30312886512 0.882730516359
417 0.301922178604 0.882836384156
418 0.300722075105 0.882942264651
419 0.299528512898 0.883048157843
420 0.298341450509 0.883154063736
421 0.297160846712 0.883259982331
422 0.295986660527 0.883365913628
423 0.294818851224 0.88347185763
424 0.293657378321 0.883566040743
425 0.292502201582 0.883672008747
426 0.291353281016 0.88377798946
427 0.29021057688 0.883883982883
428 0.289074049675 0.883989989018
429 0.287943660149 0.884084227367
430 0.286819369291 0.884190257518
431 0.285701138335 0.884296300385
432 0.284588928758 0.884390571389
433 0.283482702279 0.88449663828
434 0.282382420858 0.884602717892
435 0.281288046695 0.884697021562
436 0.28019954223 0.884803125206
437 0.279116870144 0.88489745024
438 0.278039993353 0.885003577923
439 0.276968875013 0.885097924326
440 0.275903478514 0.885204076052
441 0.274843767483 0.885298443829
442 0.273789705781 0.885404619604
443 0.272741257504 0.88549900876
444 0.27169838698 0.885593407979
445 0.270661058767 0.885699619129
446 0.269629237656 0.885794039734
447 0.268602888668 0.885888470405
448 0.267581977052 0.885994716943
449 0.266566468285 0.886089169007
450 0.26555632807 0.88618363114
451 0.264551522338 0.886289913077
452 0.263552017242 0.886384396611
453 0.26255777916 0.886478890217
454 0.261568774693 0.886573393897
455 0.260584970664 0.886667907652
456 0.259606334114 0.886762431482
457 0.258632832306 0.886856965389
458 0.25766443272 0.88696332808
459 0.256701103053 0.887057883404
460 0.255742811218 0.887152448808
461 0.254789525345 0.887247024293
462 0.253841213774 0.88734160986
463 0.25289784506 0.88743620551
464 0.25195938797 0.887530811245
465 0.251025811479 0.887613599537
466 0.250097084775 0.887708224183
467 0.249173177249 0.887802858917
468 0.248254058504 0.887897503739
469 0.247339698345 0.887992158651
470 0.246430066783 0.888086823654
471 0.245525134032 0.888181498749
472 0.24462487051 0.888264347736
473 0.243729246833 0.888359041755
474 0.242838233819 0.88845374587
475 0.241951802485 0.888548460081
476 0.241069924044 0.888631343298
477 0.240192569906 0.888726076441
478 0.239319711677 0.888820819684
479 0.238451321156 0.888903728306
480 0.237587370335 0.888998490488
481 0.236727831398 0.889093262771
482 0.235872676719 0.889176196807
483 0.235021878863 0.889270988035
484 0.234175410581 0.889353938649
485 0.233333244812 0.889448748825
486 0.232495354681 0.88953171602
487 0.231661713497 0.889626545149
488 0.230832294753 0.889709528929
489 0.230007072125 0.889804377013
490 0.229186019467 0.889887377381
491 0.228369110818 0.889982244425
492 0.227556320391 0.890065261385
493 0.22674762258 0.890160147392
494 0.225942991954 0.890243180946
495 0.225142403258 0.890326222245
496 0.224345831411 0.890421136073
497 0.223553251506 0.890504193972
498 0.222764638805 0.890587259618
499 0.221979968744 0.890682201273
500 0.221199216929 0.890765283524
501 0.220422359131 0.890848373525
502 0.219649371291 0.890931471277
503 0.218880229517 0.891026449627
504 0.218114910081 0.891109563989
505 0.217353389418 0.891192686104
506 0.216595644128 0.891275815973
507 0.215841650973 0.891358953596
508 0.215091386873 0.891442098974
509 0.214344828912 0.89153713176
510 0.213601954328 0.891620293758
511 0.212862740519 0.891703463514
512 0.21212716504 0.891786641028
513 0.211395205601 0.8918698263
514 0.210666840064 0.891953019332
515 0.209942046447 0.892036220124
516 0.209220802919 0.892119428677
517 0.2085030878 0.892202644991
518 0.207788879561 0.892285869068
519 0.207078156821 0.892369100908
520 0.206370898347 0.892452340512
521 0.205667083054 0.892535587881
522 0.204966690001 0.892618843014
523 0.204269698394 0.892702105914
524 0.203576087581 0.892773480295
525 0.202885837054 0.89285675762
526 0.202198926447 0.892940042712
527 0.201515335534 0.893023335573
528 0.200835044229 0.893106636203
529 0.200158032585 0.893189944604
530 0.199484280794 0.893261357989
531 0.198813769182 0.893344680822
532 0.198146478214 0.893428011428
533 0.197482388488 0.893511349806
534 0.196821480737 0.893582788889
535 0.196163735826 0.893666141705
536 0.195509134753 0.893749502296
537 0.194857658647 0.89382096042
538 0.194209288766 0.893904335452
539 0.193564006499 0.893987718262
540 0.192921793362 0.894059195432
541 0.192282630999 0.894142592687
542 0.191646501179 0.894225997721
543 0.1910133858 0.894297493942
544 0.190383266881 0.894380913425
545 0.189756126566 0.894452422033
546 0.189131947122 0.894535855967
547 0.188510710939 0.894607376963
548 0.187892400526 0.894690825352
549 0.187276998513 0.894762358737
550 0.18666448765 0.894845821583
551 0.186054850805 0.894917367361
552 0.185448070963 0.895000844666
553 0.184844131226 0.895072402838
554 0.184243014813 0.895155894604
555 0.183644705056 0.895227465174
556 0.183049185403 0.895299041466
557 0.182456439414 0.895382554373
558 0.181866450762 0.895454143064
559 0.181279203233 0.895537670439
560 0.180694680721 0.895609271533
561 0.180112867233 0.895680878351
562 0.179533746884 0.895764426876
563 0.178957303896 0.895836046099
564 0.178383522602 0.895907671049
565 0.177812387439 0.895979301726
566 0.177243882951 0.896062878087
567 0.176677993788 0.896134521172
568 0.176114704703 0.896206169986
569 0.175554000554 0.896277824529
570 0.174995866302 0.896361428736
571 0.17444028701 0.896433095692
572 0.173887247842 0.896504768378
573 0.173336734064 0.896576446794
574 0.172788731039 0.896648130941
575 0.172243224234 0.89673176969
576 0.17170019921 0.896803466256
577 0.171159641629 0.896875168554
578 0.170621537248 0.896946876585
579 0.170085871922 0.897018590349
580 0.1695526316 0.897090309848
581 0.169021802328 0.89716203508
582 0.168493370244 0.897233766047
583 0.167967321581 0.897305502749
584 0.167443642665 0.897377245186
585 0.166922319912 0.89744899336
586 0.166403339834 0.89752074727
587 0.165886689028 0.897592506917
588 0.165372354186 0.897664272302
589 0.164860322088 0.897736043424
590 0.164350579601 0.897807820285
591 0.163843113683 0.897879602884
592 0.163337911377 0.897951391223
593 0.162834959815 0.898023185301
594 0.162334246214 0.89809498512
595 0.161835757877 0.898166790679
596 0.161339482192 0.89823860198
597 0.160845406631 0.898310419021
598 0.160353518749 0.898370270943
599 0.159863806187 0.898442098512
600 0.159376256665 0.898513931824
601 0.158890857988 0.898585770879
602 0.158407598039 0.898657615678
603 0.157926464784 0.898729466222
604 0.157447446268 0.898789346063
605 0.156970530617 0.898861207138
606 0.156495706034 0.898933073959
607 0.156022960801 0.899004946527
608 0.155552283278 0.899064844722
609 0.155083661903 0.899136727825
610 0.154617085189 0.899208616675
611 0.154152541725 0.89926852844
612 0.153690020177 0.899340427828
613 0.153229509285 0.899412332964
614 0.152770997863 0.89948424385
615 0.1523144748 0.899544173979
616 0.151859929058 0.899616095406
617 0.15140734967 0.899676034321
618 0.150956725743 0.89974796629
619 0.150508046455 0.89981990401
620 0.150061301057 0.899879856504
621 0.149616478866 0.899951804769
622 0.149173569275 0.900011766052
623 0.148732561742 0.900083724864
624 0.148293445795 0.900155689429
625 0.147856211034 0.900215664295
626 0.147420847122 0.90028763941
627 0.146987343793 0.900347623067
628 0.146555690847 0.900419608732
629 0.14612587815 0.900479601183
630 0.145697895635 0.9005515974
631 0.145271733301 0.900611598644
632 0.144847381211 0.900683605415
633 0.144424829493 0.900743615455
634 0.144004068339 0.90081563278
635 0.143585088006 0.900875651617
636 0.143167878812 0.900935674452
637 0.14275243114 0.901007707134
638 0.142338735433 0.901067738768
639 0.141926782199 0.901139782008
640 0.141516562005 0.901199822442
641 0.14110806548 0.901259866876
642 0.140701283312 0.901331925477
643 0.140296206251 0.901391978713
644 0.139892825106 0.901464047877
645 0.139491130745 0.901524109916
646 0.139091114094 0.901584175956
647 0.13869276614 0.901656260488
648 0.138296077925 0.901716335333
649 0.137901040549 0.901776414181
650 0.137507645171 0.901836497031
651 0.137115883006 0.901908601736
652 0.136725745323 0.901968693394
653 0.136337223449 0.902028789056
654 0.135950308767 0.902088888722
655 0.135564992714 0.902161013606
656 0.13518126678 0.902221122082
657 0.134799122513 0.902281234562
658 0.134418551511 0.902341351048
659 0.13403954543 0.902413496118
660 0.133662095973 0.902473621415
661 0.133286194902 0.902533750719
662 0.132911834027 0.902593884029
663 0.132539005212 0.902654021345
664 0.132167700371 0.902714162669
665 0.131797911472 0.902786337546
666 0.13142963053 0.902846487685
667 0.131062849614 0.902906641832
668 0.13069756084 0.902966799986
669 0.130333756377 0.903026962149
670 0.12997142844 0.90308712832
671 0.129610569296 0.9031472985
672 0.129251171259 0.903207472689
673 0.128893226692 0.903267650887
674 0.128536728006 0.903327833095
675 0.128181667658 0.903400057037
676 0.127828038155 0.903460248067
677 0.127475832049 0.903520443107
678 0.12712504194 0.903580642157
679 0.126775660472 0.903640845219
680 0.126427680338 0.903701052291
681 0.126081094274 0.903761263375
682 0.125735895063 0.903821478471
683 0.125392075533 0.903881697578
684 0.125049628555 0.903941920698
685 0.124708547046 0.904002147831
686 0.124368823967 0.904050332426
687 0.124030452321 0.904110566781
688 0.123693425156 0.90417080515
689 0.123357735563 0.904231047533
690 0.123023376675 0.904291293929
691 0.122690341669 0.904351544339
692 0.122358623762 0.904411798763
693 0.122028216214 0.904472057202
694 0.121699112328 0.904532319656
695 0.121371305445 0.904592586125
696 0.121044788951 0.90465285661
697 0.120719556269 0.904701075888
698 0.120395600864 0.904761353601
699 0.120072916243 0.90482163533
700 0.119751495949 0.904881921076
701 0.119431333569 0.904942210838
702 0.119112422725 0.905002504616
703 0.11879475708 0.905050742532
704 0.118478330337 0.905111043542
705 0.118163136235 0.90517134857
706 0.117849168554 0.905231657616
707 0.117536421108 0.90529197068
708 0.117224887753 0.905340224024
709 0.11691456238 0.905400544321
710 0.116605438918 0.905460868638
711 0.116297511331 0.905521196974
712 0.115990773623 0.905569462536
713 0.115685219831 0.905629798107
714 0.11538084403 0.905690137698
715 0.115077640331 0.905738412265
716 0.11477560288 0.905798759093
717 0.114474725858 0.905859109941
718 0.114175003482 0.905907393515
719 0.113876430004 0.905967751602
720 0.113578999708 0.906028113709
721 0.113282706917 0.906088479839
722 0.112987545985 0.906136775639
723 0.112693511299 0.906197149008
724 0.112400597284 0.9062454506
725 0.112108798393 0.90630583121
726 0.111818109117 0.906366215843
727 0.111528523977 0.906414526446
728 0.111240037528 0.906474918322
729 0.110952644357 0.906535314221
730 0.110666339084 0.906583633837
731 0.110381116361 0.906644036979
732 0.11009697087 0.906692362391
733 0.109813897327 0.906752772778
734 0.10953189048 0.906801103985
735 0.109250945104 0.906861521617
736 0.108971056011 0.906921943274
737 0.108692218038 0.906970283498
738 0.108414426056 0.907030712402
739 0.108137674967 0.907079058424
740 0.107861959699 0.907139494575
741 0.107587275215 0.907187846395
742 0.107313616505 0.907248289795
743 0.107040978589 0.907296647414
744 0.106769356515 0.907357098062
745 0.106498745363 0.907405461481
746 0.106229140239 0.907465919379
747 0.105960536281 0.907514288598
748 0.105692928653 0.907574753748
749 0.105426312547 0.907623128768
750 0.105160683186 0.907671506366
751 0.104896035817 0.90773198199
752 0.10463236572 0.907780365391
753 0.104369668197 0.907840848268
754 0.104107938581 0.907889237471
755 0.103847172231 0.907949727603
756 0.103587364534 0.907998122609
757 0.103328510903 0.908046520195
758 0.103070606777 0.908107020806
759 0.102813647622 0.908155424196
760 0.102557628933 0.908203830167
761 0.102302546226 0.908264341259
762 0.102048395047 0.908312753035
763 0.101795170967 0.908373271383
764 0.101542869582 0.908421688966
765 0.101291486512 0.908470109129
766 0.101041017406 0.908530637961
767 0.100791457935 0.908579063932
768 0.100542803796 0.908627492483
769 0.100295050711 0.908688031802
770 0.100048194425 0.908736466161
771 0.0998022307105 0.908784903102
772 0.0995571553615 0.908833342625
773 0.0993129641973 0.908893895659
774 0.0990696530609 0.908942340991
775 0.0988272178194 0.908990788906
776 0.0985856543631 0.90905135243
777 0.0983449586061 0.909099806155
778 0.0981051264857 0.909148262462
779 0.0978661539623 0.909196721353
780 0.0976280370194 0.909257298598
781 0.0973907716634 0.9093057633
782 0.0971543539234 0.909354230585
783 0.096918779851 0.909402700454
784 0.0966840455202 0.909451172906
785 0.0964501470273 0.909511767104
786 0.0962170804907 0.90956024537
787 0.0959848420508 0.90960872622
788 0.0957534278699 0.909657209653
789 0.0955228341318 0.909705695671
790 0.0952930570419 0.909766306828
791 0.0950640928271 0.909814798661
792 0.0948359377355 0.909863293078
793 0.0946085880363 0.909911790081
794 0.0943820400196 0.909960289668
795 0.0941562899966 0.910008791841
796 0.0939313342988 0.910057296598
797 0.0937071692786 0.910117931181
798 0.0934837913088 0.910166441756
799 0.0932611967824 0.910214954917
800 0.0930393821126 0.910263470663
801 0.0928183437326 0.910311988996
802 0.0925980780957 0.910360509914
803 0.0923785816746 0.910409033419
804 0.092159850962 0.91045755951
805 0.09194188247 0.910506088188
806 0.0917246727301 0.910566752673
807 0.0915082182931 0.910615287171
808 0.0912925157288 0.910663824255
809 0.0910775616262 0.910712363927
810 0.0908633525932 0.910760906186
811 0.0906498852562 0.910809451033
812 0.0904371562606 0.910857998467
813 0.0902251622701 0.910906548488
814 0.0900138999669 0.910955101098
815 0.0898033660516 0.911003656295
816 0.0895935572427 0.911052214081
817 0.0893844702771 0.911100774454
818 0.0891761019094 0.911149337416
819 0.088968448912 0.911197902967
820 0.0887615080753 0.911246471106
821 0.0885552762069 0.911295041833
822 0.0883497501323 0.91134361515
823 0.0881449266941 0.911392191056
824 0.0879408027522 0.911440769551
825 0.0877373751837 0.911489350635
826 0.0875346408828 0.911537934308
827 0.0873325967605 0.911586520572
828 0.0871312397448 0.911635109424
829 0.0869305667802 0.911683700867
830 0.086730574828 0.9117322949
831 0.086531260866 0.911768742124
832 0.0863326218883 0.91181734069
833 0.0861346549053 0.911865941846
834 0.0859373569437 0.911914545592
835 0.0857407250463 0.911963151929
836 0.0855447562717 0.912011760857
837 0.0853494476946 0.912060372376
838 0.0851547964053 0.912108986486
839 0.0849607995101 0.912157603187
840 0.0847674541305 0.912206222479
841 0.0845747574039 0.912242688649
842 0.0843827064826 0.912291312477
843 0.0841912985347 0.912339938896
844 0.0840005307431 0.912388567907
845 0.0838104003062 0.912437199511
846 0.083620904437 0.912485833706
847 0.0834320403637 0.912522311054
848 0.0832438053292 0.912570949785
849 0.0830561965912 0.91261959111
850 0.0828692114221 0.912668235027
851 0.0826828471085 0.912716881537
852 0.082497100952 0.912765530639
853 0.082311970268 0.912802019168
854 0.0821274523867 0.912850672809
855 0.0819435446521 0.912899329043
856 0.0817602444225 0.91294798787
857 0.08157754907 0.912984483693
858 0.081395455981 0.913033147059
859 0.0812139625554 0.913081813019
860 0.0810330662069 0.913130481573
861 0.080852764363 0.913179152722
862 0.0806730544647 0.913215657785
863 0.0804939339666 0.913264333474
864 0.0803154003364 0.913313011756
865 0.0801374510556 0.913349522171
866 0.0799600836185 0.913398204994
867 0.0797832955329 0.913446890413
868 0.0796070843195 0.913495578426
869 0.0794314475121 0.913532096139
870 0.0792563826573 0.913580788694
871 0.0790818873148 0.913629483844
872 0.0789079590567 0.91366600691
873 0.0787345954681 0.913714706602
874 0.0785617941466 0.913763408891
875 0.0783895527023 0.913812113775
876 0.0782178687578 0.913848644141
877 0.078046739948 0.913897353569
878 0.0778761639203 0.913946065592
879 0.0777061383342 0.913982601314
880 0.0775366608612 0.914031317881
881 0.0773677291852 0.914067857011
882 0.0771993410019 0.914116578122
883 0.0770314940189 0.914165301831
884 0.0768641859558 0.914201846317
885 0.076697414544 0.91425057457
886 0.0765311775264 0.914299305421
887 0.0763654726579 0.914335855264
888 0.0762002977045 0.91438459066
889 0.0760356504442 0.914421143912
890 0.0758715286662 0.914469883854
891 0.0757079301709 0.914518626394
892 0.0755448527704 0.914555185005
893 0.0753822942877 0.914603932092
894 0.075220252557 0.914640494112
895 0.0750587254238 0.914689245746
896 0.0748977107445 0.914737999978
897 0.0747372063863 0.914774567358
898 0.0745772102276 0.914823326139
899 0.0744177201574 0.914859896929
900 0.0742587340756 0.914908660258
901 0.0741002498928 0.91494523446
902 0.07394226553 0.914994002337
903 0.0737847789192 0.915030579951
904 0.0736277880025 0.915079352377
905 0.0734712907327 0.915115933402
906 0.0733152850729 0.915164710378
907 0.0731597689965 0.915201294816
908 0.0730047404872 0.915250076341
909 0.0728501975388 0.915286664192
910 0.0726961381555 0.915335450268
911 0.0725425603513 0.915372041531
912 0.0723894621504 0.915420832157
913 0.0722368415867 0.915457426834
914 0.0720846967044 0.915506222012
915 0.0719330255573 0.915542820102
916 0.0717818262089 0.915591619831
917 0.0716310967326 0.915628221335
918 0.0714808352114 0.915677025616
919 0.071331039738 0.915713630534
920 0.0711817084144 0.915762439368
921 0.0710328393524 0.915799047701
922 0.0708844306732 0.915847861087
923 0.0707364805071 0.915884472834
924 0.070588986994 0.915921086045
925 0.070441948283 0.915969905937
926 0.0702953625325 0.916006522563
927 0.07014922791 0.916055347008
928 0.0700035425921 0.91609196705
929 0.0698583047643 0.916128588556
930 0.0697135126216 0.916177419507
931 0.0695691643674 0.916214044429
932 0.0694252582143 0.916262879935
933 0.0692817923837 0.916299508274
934 0.0691387651058 0.916336138076
935 0.0689961746195 0.91638498009
936 0.0688540191725 0.916421613309
937 0.0687122970211 0.916458247993
938 0.0685710064301 0.916507096516
939 0.0684301456729 0.916543734617
940 0.0682897130315 0.916592587696
941 0.0681497067963 0.916629229214
942 0.068010125266 0.916665872198
943 0.0678709667477 0.916714731787
944 0.0677322295568 0.916751378188
945 0.0675939120171 0.916788026054
946 0.0674560124603 0.916824675386
947 0.0673185292266 0.91687354344
948 0.0671814606641 0.916910196189
949 0.0670448051289 0.916946850404
950 0.0669085609854 0.916995724971
951 0.0667727266057 0.917032382605
952 0.06663730037 0.917069041704
953 0.0665022806662 0.917117922783
954 0.0663676658903 0.917154585302
955 0.0662334544458 0.917191249287
956 0.0660996447441 0.917227914737
957 0.0659662352043 0.917276804285
958 0.0658332242532 0.917313473155
959 0.0657006103251 0.917350143492
960 0.065568391862 0.917386815294
961 0.0654365673132 0.917435713311
962 0.0653051351358 0.917472388534
963 0.065174093794 0.917509065223
964 0.0650434417598 0.917545743378
965 0.0649131775122 0.917594649866
966 0.0647832995376 0.917631331443
967 0.0646538063299 0.917668014486
968 0.0645246963899 0.917704698995
969 0.0643959682258 0.917753613956
970 0.064267620353 0.917790301887
971 0.0641396512937 0.917826991285
972 0.0640120595776 0.91786368215
973 0.0638848437411 0.917900374481
974 0.0637580023278 0.917949299871
975 0.063631533888 0.917985995625
976 0.0635054369791 0.918022692846
977 0.0633797101655 0.918059391534
978 0.0632543520181 0.918096091689
979 0.0631293611149 0.918132793312
980 0.0630047360404 0.91818173109
981 0.0628804753861 0.918218436136
982 0.0627565777499 0.918255142649
983 0.0626330417365 0.918291850629
984 0.0625098659573 0.918328560077
985 0.06238704903 0.918365270992
986 0.0622645895791 0.918401983375
987 0.0621424862354 0.918450935502
988 0.0620207376364 0.918487651309
989 0.0618993424257 0.918524368584
990 0.0617782992536 0.918561087327
991 0.0616576067765 0.918597807538
992 0.0615372636573 0.918634529216
993 0.0614172685652 0.918671252363
994 0.0612976201754 0.918707976978
995 0.0611783171696 0.91874470306
996 0.0610593582356 0.918793673455
997 0.0609407420672 0.918830402963
998 0.0608224673645 0.91886713394
999 0.0607045328336 0.918903866385
