50 1.0 0.358906838981
51 1.0 0.372749216098
52 1.0 0.385992271825
53 1.0 0.398642029789
54 1.0 0.410720051937
55 1.0 0.422262788405
56 1.0 0.433205339042
57 1.0 0.443721377796
58 1.0 0.453766539835
59 1.0 0.463174250776
60 1.0 0.472273295278
61 1.0 0.48090985078
62 1.0 0.489182598034
63 1.0 0.497067498987
64 1.0 0.50454136507
65 1.0 0.511718325229
66 1.0 0.518444419261
67 0.999999999999 0.524979033582
68 0.999999999998 0.53117117083
69 0.999999999996 0.537149967225
70 0.999999999992 0.542761948547
71 0.999999999983 0.548140325515
72 0.999999999966 0.55327702306
73 0.999999999935 0.558313047051
74 0.999999999878 0.562944655627
75 0.999999999777 0.56761468673
76 0.999999999601 0.571866069395
77 0.999999999302 0.575995771215
78 0.999999998806 0.580000704691
79 0.999999997997 0.583877860538
80 0.999999996706 0.587624311441
81 0.999999994681 0.591079672019
82 0.999999991559 0.59455535088
83 0.999999986824 0.597732791025
84 0.999999979756 0.600927212139
85 0.999999969362 0.603977723471
86 0.999999954294 0.606881964653
87 0.999999932742 0.609637680866
88 0.999999902316 0.612405910175
89 0.99999985989 0.615022783996
90 0.999999801425 0.617486257985
91 0.999999721764 0.619959599419
92 0.999999614387 0.622442847823
93 0.999999471138 0.624603040746
94 0.999999281911 0.626937787283
95 0.999999034303 0.628945943511
96 0.999998713221 0.63112870548
97 0.999998300459 0.633150285717
98 0.999997774236 0.635009088855
99 0.999997108689 0.636873349068
100 0.999996273347 0.638743082377
101 0.999995232558 0.640618304852
102 0.999993944901 0.64232782944
103 0.999992362566 0.644041915987
104 0.999990430721 0.645588504414
105 0.999988086859 0.647311292249
106 0.999985260145 0.648865731687
107 0.999981870754 0.65025058906
108 0.999977829218 0.651812086862
109 0.999973035784 0.653203232564
110 0.99996737979 0.654597347353
111 0.99996073906 0.655994437565
112 0.99995297934 0.657394509551
113 0.999943953763 0.658622023527
114 0.99993350236 0.659851829568
115 0.999921451622 0.661083931953
116 0.999907614107 0.662318334969
117 0.999891788119 0.663555042914
118 0.999873757434 0.664794060091
119 0.999853291104 0.665857916042
120 0.999830143323 0.666923474459
121 0.999804053362 0.668168781309
122 0.999774745578 0.669238037755
123 0.999741929497 0.670130391775
124 0.999705299965 0.671202787345
125 0.999664537372 0.672276899048
126 0.99961930795 0.673173305048
127 0.999569264136 0.674250570129
128 0.999514045 0.675149607799
129 0.999453276744 0.676049844236
130 0.999386573254 0.677131712581
131 0.999313536712 0.678034591932
132 0.999233758264 0.678938675172
133 0.999146818732 0.679662809642
134 0.999052289375 0.680569063928
135 0.998949732686 0.681476526603
136 0.99883870323 0.682203367865
137 0.998718748507 0.683113009701
138 0.998589409844 0.683841596384
139 0.998450223308 0.684753422614
140 0.998300720634 0.68548375891
141 0.998140430166 0.686214874159
142 0.997968877802 0.68712986489
143 0.997785587949 0.687862735823
144 0.997590084466 0.688596388414
145 0.99738189161 0.689330823495
146 0.997160534968 0.690066041901
147 0.996925542376 0.690802044468
148 0.996676444827 0.691354561502
149 0.996412777347 0.692091938363
150 0.996134079861 0.692830101687
151 0.995839898027 0.693569052312
152 0.995529784046 0.694123782453
153 0.995203297433 0.694864112877
154 0.994860005773 0.695419878833
155 0.994499485423 0.696161591633
156 0.994121322196 0.696718395338
157 0.993725112002 0.697461493094
158 0.993310461448 0.698019336485
159 0.992876988409 0.698577626051
160 0.992424322556 0.699322706803
161 0.991952105841 0.69988203883
162 0.991459992954 0.700441818222
163 0.99094765173 0.701002045335
164 0.990414763525 0.70156272053
165 0.98986102355 0.70231098509
166 0.98928614117 0.7028727072
167 0.98868984016 0.703434878587
168 0.988071858936 0.703997499609
169 0.987431950734 0.704560570627
170 0.98676988377 0.705124092
171 0.986085441357 0.705500023291
172 0.985378421992 0.706064296056
173 0.98464863941 0.706629020138
174 0.98389592261 0.707194195898
175 0.983120115851 0.707759823696
176 0.982321078617 0.708325903894
177 0.981498685561 0.708703542205
178 0.980652826418 0.709270377208
179 0.979783405895 0.709837665577
180 0.978890343546 0.710216109872
181 0.977973573611 0.710784154656
182 0.977033044848 0.711352653773
183 0.976068720337 0.711731905772
184 0.975080577275 0.71230116292
185 0.974068606748 0.712680920608
186 0.973032813487 0.713250936797
187 0.971973215618 0.713821408895
188 0.97088984439 0.714201977091
189 0.969782743898 0.714582748183
190 0.968651970794 0.715154285491
191 0.967497593985 0.715535564299
192 0.966319694328 0.716107863687
193 0.965118364316 0.716489650888
194 0.963893707754 0.717062713374
195 0.962645839435 0.717445009645
196 0.961374884807 0.717827509735
197 0.960080979643 0.718401642266
198 0.958764269699 0.718784652376
199 0.957424910375 0.719167866686
200 0.956063066377 0.719551285303
201 0.954678911373 0.720126796544
202 0.953272627653 0.720510726407
203 0.95184440579 0.720894860959
204 0.950394444296 0.721279200309
205 0.948922949289 0.72185609357
206 0.947430134153 0.722240945394
207 0.945916219211 0.722626002399
208 0.94438143139 0.723011264693
209 0.942826003901 0.723396732387
210 0.94125017591 0.72378240559
211 0.939654192228 0.724168284412
212 0.938038302992 0.724554368962
213 0.936402763361 0.725133881767
214 0.934747833212 0.725520481118
215 0.933073776842 0.725907286581
216 0.931380862678 0.726294298266
217 0.929669362989 0.726681516283
218 0.927939553608 0.727068940743
219 0.926191713659 0.727456571754
220 0.924426125287 0.727844409429
221 0.922643073398 0.728232453875
222 0.920842845406 0.728620705205
223 0.919025730982 0.729009163527
224 0.917192021815 0.729203470346
225 0.915342011377 0.729592239365
226 0.913475994693 0.729981215653
227 0.911594268119 0.730370399321
228 0.909697129129 0.730759790479
229 0.907784876106 0.731149389238
230 0.90585780814 0.731539195708
231 0.903916224833 0.731929210001
232 0.901960426107 0.732319432227
233 0.899990712027 0.732514621349
234 0.898007382621 0.732905155682
235 0.896010737713 0.733295898225
236 0.894001076757 0.73368684909
237 0.891978698681 0.734078008387
238 0.889943901736 0.734273666232
239 0.88789698335 0.734665138386
240 0.88583823999 0.73505681925
241 0.883767967028 0.735448708935
242 0.881686458609 0.735644732121
243 0.879594007536 0.736036935247
244 0.877490905148 0.736429347474
245 0.875377441207 0.736821968912
246 0.873253903798 0.73701835812
247 0.871120579221 0.737411293584
248 0.868977751897 0.737804438539
249 0.86682570428 0.73800108961
250 0.864664716763 0.73839454901
251 0.862495067604 0.73878821818
252 0.860317032841 0.738985131463
253 0.858130886225 0.739379115497
254 0.855936899145 0.73977330958
255 0.85373534057 0.739970485426
256 0.851526476982 0.740364994793
257 0.849310572323 0.74075971449
258 0.847087887938 0.740957153247
259 0.844858682533 0.741352188649
260 0.842623212118 0.741549785321
261 0.840381729976 0.74194513668
262 0.838134486617 0.742340698817
263 0.835881729742 0.742538558963
264 0.833623704215 0.742934437478
265 0.831360652028 0.743132455876
266 0.829092812279 0.743528651023
267 0.826820421142 0.7437268278
268 0.824543711854 0.744123339831
269 0.822262914687 0.744321675114
270 0.819978256939 0.744718504284
271 0.817689962917 0.74511554502
272 0.815398253926 0.74531414476
273 0.81310334826 0.745711503057
274 0.810805461196 0.745910261642
275 0.808504804985 0.746307937753
276 0.806201588855 0.746506855309
277 0.803896019006 0.746705825883
278 0.801588298609 0.747103926144
279 0.799278627814 0.747303055858
280 0.796967203749 0.747701474527
281 0.794654220528 0.74790076351
282 0.792339869258 0.748299500842
283 0.790024338046 0.74849894922
284 0.787707812013 0.74889800547
285 0.785390473299 0.74909761337
286 0.783072501081 0.749297274474
287 0.780754071586 0.749696756344
288 0.778435358102 0.74989657714
289 0.776116530998 0.750296378525
290 0.77379775774 0.750496359141
291 0.771479202906 0.75069639306
292 0.76916102821 0.751096620859
293 0.766843392516 0.751296814769
294 0.764526451863 0.751697362679
295 0.762210359483 0.751897716707
296 0.759895265825 0.752098124137
297 0.757581318576 0.752499099259
298 0.755268662685 0.752699666979
299 0.752957440386 0.752900288157
300 0.750647791223 0.753301690946
301 0.748339852074 0.753502472585
302 0.746033757179 0.753703307739
303 0.743729638159 0.754105138651
304 0.74142762405 0.754306134438
305 0.739127841324 0.754507183797
306 0.736830413918 0.754909443289
307 0.73453546326 0.755110653451
308 0.732243108296 0.755311917243
309 0.72995346552 0.755714605773
310 0.727666648997 0.755916030539
311 0.725382770396 0.756117508992
312 0.723101939015 0.756319041147
313 0.72082426181 0.756722266617
314 0.718549843422 0.75692395996
315 0.716278786208 0.757125707063
316 0.714011190268 0.757327507938
317 0.711747153471 0.757731271063
318 0.70948677149 0.757933233343
319 0.707230137822 0.758135249452
320 0.704977343826 0.758337319406
321 0.702728478741 0.758741620905
322 0.700483629724 0.758943852478
323 0.698242881873 0.759146137954
324 0.696006318256 0.759348477345
325 0.693774019942 0.759753317935
326 0.691546066024 0.759955819161
327 0.689322533653 0.760158374362
328 0.68710349806 0.76036098355
329 0.68488903259 0.760563646741
330 0.682679208725 0.760969135189
331 0.680474096112 0.761171960474
332 0.678273762593 0.761374839819
333 0.67607827423 0.761577773239
334 0.673887695331 0.761780760747
335 0.67170208848 0.762186898089
336 0.669521514562 0.762390047952
337 0.667346032788 0.76259325196
338 0.665175700724 0.76279651013
339 0.663010574314 0.762999822476
340 0.660850707908 0.763203189011
341 0.658696154287 0.763610084709
342 0.656546964689 0.763813613901
343 0.654403188832 0.764017197341
344 0.652264874941 0.764220835042
345 0.650132069771 0.764424527021
346 0.648004818633 0.764628273291
347 0.645883165418 0.764832073866
348 0.643767152619 0.765035928761
349 0.641656821357 0.76544380157
350 0.639552211402 0.765647819513
351 0.6374533612 0.765851891833
352 0.63536030789 0.766056018546
353 0.633273087332 0.766260199666
354 0.631191734129 0.766484861756
355 0.629116281644 0.766709589714
356 0.627046762029 0.766934383562
357 0.624983206239 0.767159243317
358 0.62292564406 0.767384169
359 0.620874104128 0.767609160629
360 0.618828613947 0.767813755717
361 0.616789199913 0.768038873298
362 0.614755887333 0.768264056882
363 0.612728700445 0.768489306488
364 0.610707662437 0.768694136166
365 0.608692795468 0.768919511868
366 0.606684120688 0.769124456211
367 0.604681658253 0.76934995808
368 0.602685427347 0.769555017152
369 0.600695446202 0.769780645259
370 0.598711732111 0.769985819124
371 0.59673430145 0.770211573539
372 0.594763169696 0.770416862262
373 0.592798351442 0.770642743056
374 0.590839860414 0.770848146701
375 0.588887709493 0.771053605093
376 0.586941910724 0.771259118247
377 0.585002475339 0.771485245984
378 0.58306941377 0.771690874186
379 0.581142735667 0.771896557195
380 0.57922244991 0.772102295026
381 0.57730856463 0.772308087694
382 0.575401087219 0.772513935212
383 0.573500024348 0.772719837596
384 0.571605381983 0.77292579486
385 0.569717165395 0.77313180702
386 0.567835379179 0.773337874088
387 0.565960027266 0.773543996081
388 0.564091112937 0.773750173013
389 0.562228638837 0.773935779237
390 0.56037260699 0.774142060593
391 0.558523018808 0.77434839693
392 0.556679875109 0.774554788263
393 0.554843176127 0.774740587497
394 0.553012921525 0.774947083363
395 0.551189110408 0.775153634267
396 0.549371741336 0.775339577151
397 0.547560812333 0.775546232669
398 0.545756320902 0.775752943268
399 0.543958264036 0.775939029913
400 0.542166638228 0.776145845207
401 0.540381439485 0.776332026101
402 0.538602663336 0.776538946142
403 0.536830304843 0.776725221333
404 0.535064358616 0.776911541207
405 0.533304818817 0.777118615709
406 0.531551679177 0.777305029951
407 0.529804933001 0.777491488909
408 0.528064573181 0.777698717987
409 0.526330592203 0.777885271383
410 0.52460298216 0.778071869529
411 0.522881734761 0.778258512435
412 0.521166841335 0.778445200114
413 0.51945829285 0.77865268339
414 0.517756079912 0.778839465622
415 0.516060192779 0.779026292658
416 0.514370621372 0.779213164511
417 0.512687355275 0.77940008119
418 0.511010383754 0.779587042706
419 0.509339695758 0.779774049071
420 0.507675279927 0.779961100294
421 0.506017124605 0.780148196387
422 0.504365217844 0.78033533736
423 0.502719547411 0.780522523225
424 0.5010801008 0.780688948355
425 0.499446865233 0.780876219043
426 0.497819827673 0.781063534653
427 0.496198974826 0.781250895197
428 0.494584293155 0.781438300684
429 0.492975768878 0.781604921079
430 0.491373387981 0.78179241149
431 0.489777136224 0.781979946875
432 0.488186999145 0.782146682761
433 0.486602962067 0.782334303129
434 0.485025010106 0.782521968503
435 0.483453128176 0.78268881996
436 0.481887300995 0.782876570375
437 0.480327513089 0.783043497441
438 0.478773748803 0.783231332936
439 0.4772259923 0.783398335646
440 0.475684227572 0.783586256258
441 0.474148438441 0.783753334646
442 0.472618608571 0.783941340415
443 0.471094721464 0.784108494515
444 0.469576760472 0.784275684256
445 0.468064708801 0.784463815326
446 0.466558549513 0.784631080829
447 0.465058265536 0.784798381997
448 0.463563839661 0.784986638451
449 0.462075254556 0.785154015432
450 0.460592492762 0.785321428101
451 0.459115536704 0.785509810023
452 0.457644368691 0.785677298556
453 0.456178970922 0.785844822801
454 0.454719325492 0.786012382767
455 0.453265414392 0.786179978459
456 0.451817219516 0.786347609888
457 0.450374722666 0.786515277058
458 0.448937905551 0.786703945359
459 0.447506749797 0.786871688509
460 0.446081236947 0.787039467425
461 0.444661348464 0.787207282116
462 0.443247065737 0.787375132589
463 0.441838370084 0.787543018851
464 0.440435242753 0.78771094091
465 0.43903766493 0.787857902083
466 0.437645617737 0.788025891282
467 0.436259082238 0.788193916301
468 0.434878039444 0.788361977146
469 0.433502470312 0.788530073826
470 0.432132355751 0.788698206348
471 0.430767676623 0.788866374719
472 0.429408413748 0.789013551458
473 0.428054547904 0.789181787069
474 0.426706059834 0.789350058551
475 0.425362930245 0.789518365912
476 0.424025139809 0.789665664291
477 0.422692669174 0.789834038947
478 0.421365498957 0.790002449503
479 0.42004360975 0.790149838197
480 0.418726982127 0.790318316089
481 0.417415596637 0.790486829905
482 0.416109433816 0.790634308968
483 0.414808474182 0.790802890161
484 0.413512698242 0.79095042819
485 0.41222208649 0.791119076787
486 0.410936619414 0.791266673806
487 0.409656277494 0.791435389833
488 0.408381041206 0.791583045867
489 0.407110891022 0.791751829352
490 0.405845807415 0.791899544422
491 0.404585770859 0.792068395392
492 0.403330761832 0.792216169524
493 0.402080760814 0.792385088005
494 0.400835748295 0.792532921221
495 0.399595704771 0.792680782018
496 0.398360610751 0.792849799565
497 0.397130446752 0.792997719481
498 0.395905193308 0.793145666994
499 0.394684830965 0.793314783665
500 0.393469340287 0.793462790332
501 0.392258701857 0.793610824613
502 0.391052896274 0.793758886511
503 0.389851904161 0.793928133935
504 0.388655706162 0.794076255033
505 0.387464282945 0.794224403766
506 0.386277615201 0.794372580138
507 0.385095683651 0.794520784156
508 0.38391846904 0.794669015823
509 0.382745952142 0.794838457307
510 0.381578113763 0.794986748242
511 0.380414934737 0.795135066843
512 0.379256395932 0.795283413115
513 0.37810247825 0.795431787064
514 0.376953162625 0.795580188695
515 0.375808430027 0.795728618013
516 0.374668261464 0.795877075023
517 0.373532637978 0.79602555973
518 0.372401540653 0.796174072139
519 0.37127495061 0.796322612256
520 0.37015284901 0.796471180086
521 0.369035217056 0.796619775634
522 0.367922035992 0.796768398904
523 0.366813287106 0.796917049903
524 0.365708951727 0.797044487119
525 0.364609011231 0.797193189627
526 0.363513447038 0.797341919878
527 0.362422240613 0.797490677877
528 0.361335373468 0.79763946363
529 0.360252827162 0.797788277141
530 0.359174583304 0.797915853677
531 0.358100623548 0.798064718754
532 0.3570309296 0.798213611604
533 0.355965483214 0.798362532232
534 0.354904266195 0.798490200599
535 0.353847260399 0.79863917283
536 0.352794447735 0.798788172854
537 0.351745810161 0.798915909286
538 0.350701329689 0.79906496094
539 0.349660988386 0.799214040403
540 0.34862476837 0.799341844937
541 0.347592651813 0.799490976057
542 0.346564620944 0.799640135
543 0.345540658045 0.799768007671
544 0.344520745453 0.799917218299
545 0.343504865562 0.80004513528
546 0.342493000822 0.800194397611
547 0.341485133739 0.800322358916
548 0.340481246876 0.800471672968
549 0.339481322854 0.800599678613
550 0.338485344351 0.800749044404
551 0.337493294102 0.800877094404
552 0.336505154902 0.801026511952
553 0.335520909604 0.801154606323
554 0.334540541118 0.801304075645
555 0.333564032417 0.801432214402
556 0.332591366529 0.80156037365
557 0.331622526544 0.801709918675
558 0.330657495612 0.801838122331
559 0.329696256941 0.801987719175
560 0.328738793802 0.802115967256
561 0.327785089524 0.802244235844
562 0.326835127498 0.802393908456
563 0.325888891175 0.802522221491
564 0.324946364069 0.802650555045
565 0.324007529752 0.802778909121
566 0.323072371859 0.802928681485
567 0.322140874087 0.803057080037
568 0.321213020194 0.803185499122
569 0.320288793998 0.803313938742
570 0.319368179382 0.803463810925
571 0.318451160288 0.803592295051
572 0.317537720722 0.803720799724
573 0.316627844751 0.803849324946
574 0.315721516504 0.80397787072
575 0.314818720173 0.804127866772
576 0.313919440011 0.804256457089
577 0.313023660335 0.804385067969
578 0.312131365524 0.804513699416
579 0.311242540017 0.804642351433
580 0.310357168318 0.804771024022
581 0.309475234994 0.804899717188
582 0.308596724672 0.805028430934
583 0.307721622043 0.805157165263
584 0.30684991186 0.805285920178
585 0.30598157894 0.805414695683
586 0.305116608159 0.80554349178
587 0.304254984459 0.805672308474
588 0.303396692843 0.805801145767
589 0.302541718377 0.805930003663
590 0.301690046187 0.806058882164
591 0.300841661464 0.806187781276
592 0.299996549461 0.806316700999
593 0.299154695492 0.806445641339
594 0.298316084934 0.806574602298
595 0.297480703226 0.806703583879
596 0.296648535869 0.806832586086
597 0.295819568427 0.806961608922
598 0.294993786523 0.807069143713
599 0.294171175846 0.807198204378
600 0.293351722142 0.807327285682
601 0.292535411224 0.807456387627
602 0.291722228961 0.807585510217
603 0.290912161288 0.807714653455
604 0.2901051942 0.807822288596
605 0.289301313751 0.807951469698
606 0.28850050606 0.808080671458
607 0.287702757305 0.808209893879
608 0.286908053723 0.808317595015
609 0.286116381617 0.808446855323
610 0.285327727345 0.808576136302
611 0.284542077329 0.808683886243
612 0.283759418052 0.808813205126
613 0.282979736054 0.808942544688
614 0.282203017939 0.809071904934
615 0.281429250367 0.80917972094
616 0.280658420062 0.809309119114
617 0.279890513806 0.809416966731
618 0.279125518439 0.809546402843
619 0.278363420863 0.809675859653
620 0.277604208038 0.809783756142
621 0.276847866984 0.809913250908
622 0.276094384779 0.810021179031
623 0.275343748561 0.810150711764
624 0.274595945525 0.810280265211
625 0.273850962926 0.810388242243
626 0.273108788078 0.810517833674
627 0.272369408351 0.810625842363
628 0.271632811174 0.810755471789
629 0.270898984035 0.810863512146
630 0.270167914478 0.810993179579
631 0.269439590106 0.811101251612
632 0.268713998578 0.811230957063
633 0.267991127612 0.811339060782
634 0.26727096498 0.811468804261
635 0.266553498514 0.811576939676
636 0.2658387161 0.811685089501
637 0.265126605683 0.811814888314
638 0.264417155262 0.811923069848
639 0.263710352893 0.812052906717
640 0.263006186689 0.812161119969
641 0.262304644816 0.812269347641
642 0.261605715498 0.812399239885
643 0.260909387014 0.812507499288
644 0.260215647696 0.812637429615
645 0.259524485933 0.81274572076
646 0.258835890169 0.812854026335
647 0.2581498489 0.812984012076
648 0.25746635068 0.813092349406
649 0.256785384114 0.813200701172
650 0.256106937862 0.813309067378
651 0.255431000639 0.813439125886
652 0.254757561212 0.813547523864
653 0.254086608401 0.813655936286
654 0.253418131081 0.813764363156
655 0.252752118178 0.813894494471
656 0.252088558672 0.814002953131
657 0.251427441595 0.814111426243
658 0.250768756033 0.814219913811
659 0.25011249112 0.814350117975
660 0.249458636047 0.81445863735
661 0.248807180053 0.814567171187
662 0.24815811243 0.814675719486
663 0.247511422521 0.814784282251
664 0.246867099721 0.814892859483
665 0.246225133475 0.81502317126
666 0.245585513279 0.815131780325
667 0.244948228678 0.815240403864
668 0.24431326927 0.815349041878
669 0.243680624702 0.815457694368
670 0.243050284669 0.815566361338
671 0.242422238919 0.815675042789
672 0.241796477247 0.815783738722
673 0.241172989498 0.81589244914
674 0.240551765565 0.816001174044
675 0.239932795393 0.816131663055
676 0.239316068972 0.816240419837
677 0.238701576342 0.816349191112
678 0.238089307591 0.816457976881
679 0.237479252856 0.816566777147
680 0.23687140232 0.816675591912
681 0.236265746214 0.816784421177
682 0.235662274819 0.816893264945
683 0.235060978459 0.817002123217
684 0.234461847508 0.817110995996
685 0.233864872386 0.817219883283
686 0.233270043558 0.817307003559
687 0.232677351538 0.817415916966
688 0.232086786885 0.817524844886
689 0.231498340202 0.817633787322
690 0.230912002142 0.817742744275
691 0.230327763399 0.817851715748
692 0.229745614714 0.817960701742
693 0.229165546876 0.81806970226
694 0.228587550714 0.818178717303
695 0.228011617105 0.818287746873
696 0.227437736969 0.818396790972
697 0.226865901271 0.818484036714
698 0.226296101021 0.81859310697
699 0.225728327271 0.818702191762
700 0.225162571117 0.818811291089
701 0.224598823699 0.818920404955
702 0.224037076202 0.819029533362
703 0.22347731985 0.819116846558
704 0.222919545914 0.819226001142
705 0.222363745705 0.819335170272
706 0.221809910578 0.819444353949
707 0.22125803193 0.819553552177
708 0.220708101198 0.819640921236
709 0.220160109864 0.819750145658
710 0.219614049451 0.819859384634
711 0.219069911521 0.819968638168
712 0.21852768768 0.820056051478
713 0.217987369575 0.820165331219
714 0.217448948892 0.820274625523
715 0.216912417358 0.820362071453
716 0.216377766744 0.820471391974
717 0.215844988856 0.820580727064
718 0.215314075544 0.820668205625
719 0.214785018697 0.820777566942
720 0.214257810242 0.820886942832
721 0.213732442148 0.820996333297
722 0.213208906421 0.821083856165
723 0.21268719511 0.82119327287
724 0.212167300297 0.821280816733
725 0.211649214109 0.821390259685
726 0.211132928708 0.821499717222
727 0.210618436294 0.821587293753
728 0.210105729107 0.821696777546
729 0.209594799425 0.821806275929
730 0.209085639562 0.821893885141
731 0.208578241872 0.82200340979
732 0.208072598745 0.822091040018
733 0.207568702608 0.82220059094
734 0.207066545927 0.822288242188
735 0.206566121202 0.822397819389
736 0.206067420973 0.822507411192
737 0.205570437814 0.822595095149
738 0.205075164335 0.822704713241
739 0.204581593186 0.822792418231
740 0.204089717048 0.822902062618
741 0.203599528643 0.822989788647
742 0.203111020723 0.823099459335
743 0.20262418608 0.823187206408
744 0.202139017539 0.823296903404
745 0.201655507962 0.823384671525
746 0.201173650243 0.823494394835
747 0.200693437313 0.82358218401
748 0.200214862138 0.82369193364
749 0.199737917717 0.823779743874
750 0.199262597083 0.823867563469
751 0.198788893305 0.823977351128
752 0.198316799483 0.824065191789
753 0.197846308754 0.824175005784
754 0.197377414286 0.824262867516
755 0.196910109282 0.824372707854
756 0.196444386977 0.824460590662
757 0.19598024064 0.824548482839
758 0.195517663572 0.824658361237
759 0.195056649107 0.824746274498
760 0.194597190613 0.82483419713
761 0.194139281488 0.824944113602
762 0.193682915163 0.825032057325
763 0.193228085102 0.825142000164
764 0.192774784801 0.825229964983
765 0.192323007785 0.82531793918
766 0.191872747614 0.825427920115
767 0.191423997878 0.825515915415
768 0.190976752197 0.825603920095
769 0.190531004224 0.82571393914
770 0.190086747643 0.825801964931
771 0.189643976166 0.825890000106
772 0.189202683539 0.825978044666
773 0.188762863537 0.826088113566
774 0.188324509964 0.826176179246
775 0.187887616657 0.826264254315
776 0.18745217748 0.826374361355
777 0.187018186329 0.826462457551
778 0.186585637129 0.826550563138
779 0.186154523833 0.826638678118
780 0.185724840427 0.826748835053
781 0.185296580922 0.82683697117
782 0.184869739361 0.826925116683
783 0.184444309814 0.827013271593
784 0.184020286382 0.8271014359
785 0.183597663193 0.827211654501
786 0.183176434403 0.827299839958
787 0.182756594198 0.827388034815
788 0.182338136791 0.827476239074
789 0.181921056423 0.827564452737
790 0.181505347363 0.827674733039
791 0.181091003909 0.827762967862
792 0.180678020385 0.827851212091
793 0.180266391142 0.827939465728
794 0.179856110561 0.828027728773
795 0.179447173047 0.828116001227
796 0.179039573034 0.828204283092
797 0.178633304983 0.828314648658
798 0.17822836338 0.828402951699
799 0.17782474274 0.828491264154
800 0.177422437601 0.828579586024
801 0.177021442532 0.82866791731
802 0.176621752124 0.828756258012
803 0.176223360997 0.828844608131
804 0.175826263795 0.82893296767
805 0.175430455188 0.829021336628
806 0.175035929873 0.829131811073
807 0.174642682571 0.829220201229
808 0.17425070803 0.829308600807
809 0.173860001021 0.82939700981
810 0.173470556342 0.829485428237
811 0.173082368815 0.829573856091
812 0.172695433289 0.829662293371
813 0.172309744633 0.829750740079
814 0.171925297747 0.829839196216
815 0.171542087549 0.829927661783
816 0.171160108986 0.830016136781
817 0.170779357027 0.830104621211
818 0.170399826667 0.830193115074
819 0.170021512922 0.830281618371
820 0.169644410835 0.830370131102
821 0.16926851547 0.83045865327
822 0.168893821916 0.830547184875
823 0.168520325286 0.830635725917
824 0.168148020716 0.830724276399
825 0.167776903363 0.830812836321
826 0.167406968411 0.830901405683
827 0.167038211064 0.830989984488
828 0.16667062655 0.831078572735
829 0.16630421012 0.831167170427
830 0.165938957046 0.831255777564
831 0.165574862625 0.831322239115
832 0.165211922174 0.831410862783
833 0.164850131035 0.831499495898
834 0.164489484569 0.831588138463
835 0.164129978161 0.831676790477
836 0.163771607218 0.831765451942
837 0.163414367167 0.831854122859
838 0.16305825346 0.831942803228
839 0.162703261567 0.832031493052
840 0.162349386981 0.83212019233
841 0.161996625218 0.832186722994
842 0.161644971812 0.832275438821
843 0.16129442232 0.832364164105
844 0.160944972321 0.832452898848
845 0.160596617413 0.832541643051
846 0.160249353215 0.832630396714
847 0.159903175368 0.832696968171
848 0.159558079533 0.832785738392
849 0.15921406139 0.832874518077
850 0.158871116642 0.832963307227
851 0.158529241011 0.833052105842
852 0.158188430238 0.833140913923
853 0.157848680087 0.833207526197
854 0.157509986338 0.833296350847
855 0.157172344794 0.833385184967
856 0.156835751277 0.833474028556
857 0.156500201628 0.833540667464
858 0.156165691708 0.833629527629
859 0.155832217397 0.833718397267
860 0.155499774595 0.833807276379
861 0.155168359221 0.833896164965
862 0.154837967213 0.833962837624
863 0.154508594528 0.834051742795
864 0.154180237142 0.834140657443
865 0.153852891049 0.83420734965
866 0.153526552265 0.834296280887
867 0.15320121682 0.834385221604
868 0.152876880765 0.834474171804
869 0.15255354017 0.834540890676
870 0.152231191123 0.83462985747
871 0.151909829728 0.834718833749
872 0.151589452111 0.834785572183
873 0.151270054413 0.834874565061
874 0.150951632794 0.834963567427
875 0.150634183432 0.835052579281
876 0.150317702523 0.835119344399
877 0.15000218628 0.83520837286
878 0.149687630934 0.835297410812
879 0.149374032734 0.835364195504
880 0.149061387945 0.835453250068
881 0.148749692851 0.83552004722
882 0.148438943753 0.835609118398
883 0.148129136967 0.835698199072
884 0.147820268829 0.835765015809
885 0.14751233569 0.835854113102
886 0.147205333919 0.835943219893
887 0.146899259901 0.836010056221
888 0.146594110039 0.836099179636
889 0.14628988075 0.836166028433
890 0.14598656847 0.836255168476
891 0.145684169651 0.836344318022
892 0.145382680761 0.836411186419
893 0.145082098283 0.836500352597
894 0.144782418719 0.836567233469
895 0.144483638585 0.836656416283
896 0.144185754414 0.836745608605
897 0.143888762754 0.836812509085
898 0.14359266017 0.836901718047
899 0.143297443241 0.836968631009
900 0.143003108565 0.837057856615
901 0.142709652751 0.837124782061
902 0.142417072428 0.837214024313
903 0.142125364238 0.837280962245
904 0.141834524839 0.837370221146
905 0.141544550904 0.837437171567
906 0.14125543912 0.837526447121
907 0.140967186193 0.837593410033
908 0.140679788841 0.837682702243
909 0.140393243796 0.837749677647
910 0.140107547808 0.837838986517
911 0.13982269764 0.837905974416
912 0.13953869007 0.837995299948
913 0.139255521891 0.838062300345
914 0.13897318991 0.838151642542
915 0.138691690949 0.83821865544
916 0.138411021844 0.838308014305
917 0.138131179446 0.838375039705
918 0.13785216062 0.838464415241
919 0.137573962246 0.838531453146
920 0.137296581216 0.838620845357
921 0.137020014438 0.838687895769
922 0.136744258834 0.838777304658
923 0.13646931134 0.838844367579
924 0.136195168903 0.838911435863
925 0.135921828488 0.839000868582
926 0.135649287071 0.839067949378
927 0.135377541644 0.839157398782
928 0.135106589209 0.839224492094
929 0.134836426784 0.839291590769
930 0.134567051401 0.839381064015
931 0.134298460104 0.839448175209
932 0.13403064995 0.839537665148
933 0.133763618011 0.839604788862
934 0.133497361371 0.839671917944
935 0.133231877127 0.839761431735
936 0.132967162389 0.83982857334
937 0.13270321428 0.839895720314
938 0.132440029937 0.839985257964
939 0.132177606509 0.840052417465
940 0.131915941157 0.840141971819
941 0.131655031056 0.84020914385
942 0.131394873393 0.840276321252
943 0.131135465368 0.840365899475
944 0.130876804193 0.84043308941
945 0.130618887092 0.840500284717
946 0.130361711304 0.840567485396
947 0.130105274076 0.84065709466
948 0.129849572671 0.840724307876
949 0.129594604363 0.840791526467
950 0.129340366438 0.840881159614
951 0.129086856193 0.840948390746
952 0.128834070939 0.841015627252
953 0.128582007999 0.84110528429
954 0.128330664705 0.841172533341
955 0.128080038404 0.841239787769
956 0.127830126453 0.841307047574
957 0.127580926222 0.841396735679
958 0.127332435091 0.841464008032
959 0.127084650453 0.841531285764
960 0.126837569713 0.841598568875
961 0.126591190285 0.841688288058
962 0.126345509596 0.841755583722
963 0.126100525086 0.841822884766
964 0.125856234204 0.841890191191
965 0.12561263441 0.841979941463
966 0.125369723176 0.842047260445
967 0.125127497987 0.84211458481
968 0.124885956336 0.842181914558
969 0.124645095728 0.842271695929
970 0.12440491368 0.842339038238
971 0.124165407719 0.842406385931
972 0.123926575384 0.842473739009
973 0.123688414222 0.842541097472
974 0.123450921795 0.842630917134
975 0.123214095671 0.842698288164
976 0.122977933432 0.842765664581
977 0.12274243267 0.842833046384
978 0.122507590987 0.842900433575
979 0.122273405995 0.842967826154
980 0.122039875317 0.843057691308
981 0.121806996587 0.84312509646
982 0.121574767449 0.843192507001
983 0.121343185556 0.843259922932
984 0.121112248573 0.843327344253
985 0.120881954173 0.843394770964
986 0.120652300043 0.843462203067
987 0.120423283875 0.843552120924
988 0.120194903376 0.843619565607
989 0.119967156259 0.843687015683
990 0.119740040248 0.843754471151
991 0.11951355308 0.843821932013
992 0.119287692496 0.843889398269
993 0.119062456252 0.843956869918
994 0.118837842112 0.844024346962
995 0.118613847848 0.844091829402
996 0.118390471243 0.84418181438
997 0.118167710091 0.84424930941
998 0.117945562193 0.844316809835
999 0.117724025361 0.844384315658
