50 1.0 0.215016902337
51 1.0 0.227575291762
52 1.0 0.239810345205
53 1.0 0.251695023181
54 1.0 0.263219984593
55 1.0 0.274393751161
56 1.0 0.285128546825
57 1.0 0.295573523817
58 1.0 0.305667104209
59 1.0 0.315222066287
60 1.0 0.324556329822
61 1.0 0.333499747654
62 1.0 0.342142085971
63 1.0 0.350447568639
64 1.0 0.358381156673
65 1.0 0.366055093929
66 1.0 0.373295973829
67 1.0 0.380375852395
68 1.0 0.387125468258
69 1.0 0.393679980354
70 1.0 0.399865641936
71 1.0 0.405823909246
72 1.0 0.411541799542
73 1.0 0.417173454125
74 1.0 0.422375336427
75 1.0 0.427642082826
76 1.0 0.43245556873
77 1.0 0.437148449617
78 1.0 0.441715645156
79 1.0 0.44615217241
80 1.0 0.450453154862
81 1.0 0.454432135772
82 0.999999999999 0.458446264153
83 0.999999999998 0.46212623284
84 0.999999999997 0.465835740801
85 0.999999999995 0.46938735006
86 0.99999999999 0.472777007005
87 0.999999999983 0.476000822832
88 0.999999999969 0.479246621515
89 0.999999999948 0.482321706321
90 0.999999999912 0.485222515941
91 0.999999999853 0.488140771792
92 0.999999999761 0.491076578802
93 0.999999999615 0.493635223387
94 0.999999999391 0.496405597682
95 0.999999999051 0.498792575751
96 0.99999999854 0.501391422811
97 0.999999997784 0.503802375337
98 0.999999996679 0.506022598031
99 0.999999995084 0.508252605094
100 0.999999992806 0.510492439646
101 0.999999989591 0.512742144997
102 0.9999999851 0.514795933848
103 0.999999978893 0.516857949151
104 0.999999970398 0.518720823771
105 0.999999958881 0.520798560222
106 0.99999994341 0.522675637709
107 0.999999922808 0.524349829883
108 0.999999895607 0.526239706961
109 0.999999859983 0.527925315272
110 0.999999813693 0.529616322788
111 0.999999753997 0.531312746801
112 0.999999677572 0.533014604662
113 0.999999580415 0.534508201425
114 0.999999457738 0.536005983498
115 0.999999303845 0.537507962609
116 0.999999112009 0.539014150518
117 0.999998874327 0.54052455902
118 0.999998581567 0.542039199941
119 0.999998223011 0.543340841237
120 0.999997786274 0.544645608266
121 0.999997257121 0.546171797062
122 0.999996619274 0.547483362288
123 0.999995854208 0.548578738906
124 0.999994940935 0.54989608411
125 0.999993855788 0.551216592759
126 0.999992572191 0.552319438633
127 0.999991060432 0.553645766673
128 0.99998928742 0.554753472714
129 0.999987216454 0.555863394996
130 0.999984806982 0.557198233417
131 0.999982014357 0.558313047051
132 0.999978789607 0.559430091147
133 0.999975079201 0.560325335355
134 0.999970824815 0.561446405534
135 0.999965963118 0.562569718692
136 0.999960425556 0.56346998718
137 0.999954138149 0.564597349017
138 0.999947021303 0.565500862279
139 0.999938989626 0.566632287386
140 0.999929951768 0.567539057117
141 0.999919810272 0.568447277933
142 0.999908461439 0.569584598078
143 0.999895795217 0.570496092329
144 0.9998816951 0.571409045226
145 0.999866038058 0.572323459102
146 0.999848694475 0.573239336295
147 0.999829528114 0.574156679147
148 0.999808396102 0.574845649536
149 0.99978514894 0.575765562938
150 0.999759630524 0.576686948457
151 0.999731678196 0.577609808451
152 0.99970112282 0.578302922489
153 0.999667788865 0.579228368492
154 0.999631494523 0.579923424752
155 0.999592051839 0.58085146401
156 0.999549266863 0.581548467935
157 0.999502939826 0.582479107716
158 0.999452865322 0.583178064764
159 0.999398832524 0.583877860538
160 0.999340625401 0.584812227997
161 0.999278022964 0.585513984718
162 0.999210799515 0.586216583524
163 0.999138724921 0.586920025428
164 0.999061564891 0.587624311441
165 0.99897908127 0.588564674266
166 0.998891032345 0.589270933807
167 0.99879717315 0.589978040837
168 0.998697255796 0.590685996374
169 0.998591029787 0.591394801436
170 0.998478242365 0.592104457042
171 0.998358638837 0.592578033808
172 0.998231962922 0.593289109257
173 0.998097957094 0.594001037975
174 0.997956362923 0.594713820985
175 0.997806921424 0.595427459313
176 0.997649373398 0.596141953985
177 0.997483459777 0.59661876002
178 0.99730892196 0.597334684216
179 0.997125502154 0.5980514675
180 0.996932943699 0.598529800801
181 0.9967309914 0.599248018188
182 0.996519391844 0.599967097413
183 0.996297893714 0.600446962873
184 0.996066248097 0.601167480796
185 0.995824208778 0.601648306346
186 0.995571532536 0.602370265843
187 0.995307979417 0.60309309167
188 0.995033313014 0.603575457362
189 0.994747300718 0.604058208859
190 0.994449713979 0.604783060166
191 0.99414032854 0.605266777527
192 0.993818924669 0.605993079079
193 0.993485287378 0.606477764238
194 0.993139206632 0.607205518936
195 0.992780477539 0.607691173828
196 0.992408900544 0.608177217156
197 0.992024281593 0.608907011146
198 0.991626432304 0.609394026925
199 0.991215170108 0.609881432228
200 0.990790318396 0.610369227368
201 0.990351706641 0.611101651703
202 0.989899170518 0.611590422798
203 0.989432552005 0.612079584822
204 0.988951699481 0.612569138088
205 0.988456467807 0.613304202248
206 0.987946718399 0.613794734986
207 0.98742231929 0.614285660062
208 0.986883145183 0.61477697779
209 0.986329077492 0.615268688483
210 0.985760004376 0.615760792456
211 0.985175820757 0.616253290024
212 0.984576428341 0.6167461815
213 0.983961735618 0.617486257985
214 0.983331657858 0.617980135613
215 0.982686117105 0.618474408255
216 0.982025042148 0.618969076226
217 0.981348368501 0.619464139841
218 0.980656038365 0.619959599419
219 0.979948000589 0.620455455275
220 0.979224210616 0.620951707726
221 0.978484630434 0.621448357089
222 0.977729228512 0.621945403682
223 0.976957979734 0.622442847823
224 0.976170865327 0.622691719073
225 0.975367872784 0.623189760132
226 0.974548995782 0.623688199534
227 0.973714234097 0.624187037597
228 0.972863593509 0.624686274641
229 0.971997085711 0.625185910984
230 0.971114728211 0.625685946946
231 0.970216544229 0.626186382847
232 0.969302562591 0.626687219006
233 0.968372817624 0.626937787283
234 0.967427349044 0.62743922443
235 0.966466201846 0.627941062637
236 0.965489426185 0.628443302224
237 0.964497077264 0.628945943511
238 0.963489215214 0.629197414893
239 0.962465904974 0.629700659335
240 0.96142721617 0.630204306282
241 0.960373222998 0.630708356055
242 0.959304004092 0.630960532103
243 0.958219642413 0.63146518672
244 0.957120225114 0.63197024497
245 0.956005843424 0.632475707176
246 0.954876592521 0.632728589863
247 0.953732571408 0.633234658608
248 0.95257388279 0.633741132117
249 0.951400632952 0.633994520759
250 0.950212931632 0.63450160202
251 0.949010891905 0.635009088855
252 0.947794630054 0.635262984464
253 0.946564265457 0.635771080267
254 0.945319920462 0.636279582455
255 0.944061720269 0.636533986046
256 0.942789792815 0.637043098421
257 0.941504268654 0.637552617994
258 0.940205280848 0.637807530582
259 0.938892964843 0.638317661564
260 0.93756745837 0.638572880039
261 0.936228901321 0.639083623162
262 0.934877435651 0.639594774787
263 0.933513205264 0.63985050389
264 0.932136355909 0.640362268881
265 0.930747035076 0.640618304852
266 0.929345391893 0.641130683945
267 0.927931577028 0.641387027151
268 0.926505742586 0.641900021084
269 0.925068042016 0.642156671893
270 0.923618630015 0.642670281403
271 0.922157662433 0.643184301708
272 0.920685296184 0.643441466011
273 0.919201689158 0.643956103125
274 0.91770700013 0.644213576017
275 0.916201388679 0.64472883068
276 0.914685015099 0.644986612532
277 0.913158040325 0.645244497453
278 0.911620625847 0.645760576666
279 0.910072933638 0.646018771041
280 0.908515126074 0.646535469534
281 0.906947365863 0.646793973734
282 0.905369815973 0.647311292249
283 0.903782639562 0.647570106646
284 0.902185999911 0.648088045928
285 0.900580060357 0.648347170894
286 0.898964984232 0.648606399467
287 0.897340934795 0.649125167595
288 0.895708075179 0.649384707234
289 0.894066568328 0.649904097869
290 0.892416576942 0.650163948947
291 0.890758263421 0.650423903922
292 0.889091789815 0.650944125727
293 0.887417317768 0.651204392639
294 0.885735008474 0.651725238694
295 0.884045022624 0.651985817919
296 0.882347520364 0.652246501331
297 0.880642661249 0.652768180885
298 0.878930604199 0.653029177109
299 0.877211507458 0.653290277688
300 0.875485528556 0.653812792074
301 0.873752824269 0.654074205966
302 0.872013550585 0.654335724378
303 0.870267862663 0.654859074933
304 0.868515914807 0.65512090716
305 0.866757860426 0.655382844074
306 0.86499385201 0.655907032136
307 0.863224041095 0.656169283367
308 0.861448578237 0.656431639454
309 0.859667612986 0.656956666364
310 0.857881293859 0.65721933727
311 0.856089768315 0.6574821132
312 0.854293182733 0.657744994195
313 0.852491682388 0.658271071551
314 0.850685411436 0.658534267996
315 0.848874512884 0.658797569674
316 0.847059128582 0.659060976628
317 0.845239399199 0.659588106533
318 0.843415464207 0.659851829568
319 0.84158746187 0.660115658047
320 0.839755529222 0.660379592012
321 0.83791980206 0.660907776571
322 0.836080414931 0.661172027249
323 0.834237501114 0.661436383583
324 0.832391192617 0.661700845614
325 0.830541620162 0.662230086937
326 0.82868891318 0.662494866315
327 0.826833199798 0.662759751559
328 0.824974606834 0.663024742712
329 0.823113259792 0.663289839816
330 0.821249282852 0.663820352048
331 0.81938279887 0.664085767261
332 0.817513929367 0.664351288595
333 0.815642794531 0.664616916092
334 0.813769513212 0.664882649795
335 0.811894202916 0.665414435988
336 0.810016979809 0.665680488563
337 0.80813795871 0.665946647514
338 0.806257253095 0.666212912883
339 0.804374975092 0.666479284714
340 0.802491235486 0.666745763047
341 0.800606143716 0.667279039395
342 0.79871980788 0.667545837494
343 0.796832334732 0.667812742267
344 0.794943829689 0.668079753757
345 0.79305439683 0.668346872006
346 0.791164138901 0.668614097057
347 0.789273157321 0.668881428952
348 0.787381552178 0.669148867735
349 0.785489422242 0.669684066132
350 0.783596864966 0.669951825833
351 0.78170397649 0.670219692593
352 0.779810851647 0.670487666453
353 0.777917583971 0.670755747457
354 0.776024265698 0.671050760364
355 0.774130987778 0.671345903025
356 0.772237839877 0.671641175495
357 0.770344910387 0.671936577833
358 0.76845228643 0.672232110095
359 0.766560053868 0.672527772338
360 0.76466829731 0.672796669038
361 0.762777100117 0.673092579586
362 0.760886544414 0.673388620283
363 0.758996711095 0.673684791184
364 0.757107679834 0.673954150495
365 0.755219529091 0.674250570129
366 0.753332336121 0.674520155655
367 0.751446176985 0.67481682423
368 0.749561126557 0.675086636161
369 0.747677258534 0.675383553887
370 0.745794645442 0.675653592413
371 0.743913358653 0.675950759499
372 0.742033468387 0.676221024811
373 0.740155043723 0.676518441465
374 0.738278152612 0.676788933754
375 0.736402861884 0.677059534193
376 0.734529237259 0.677330242826
377 0.732657343355 0.677628147339
378 0.730787243701 0.677899083321
379 0.728919000745 0.678170127631
380 0.727052675863 0.678441280313
381 0.725188329373 0.67871254141
382 0.723326020542 0.678983910965
383 0.721465807596 0.679255389022
384 0.719607747734 0.679526975624
385 0.717751897132 0.679798670814
386 0.715898310961 0.680070474636
387 0.714047043391 0.680342387133
388 0.712198147603 0.680614408349
389 0.710351675801 0.680859320434
390 0.708507679223 0.681131548336
391 0.706666208147 0.681403885082
392 0.704827311904 0.681676330717
393 0.702991038892 0.681921624924
394 0.701157436578 0.682194277566
395 0.699326551516 0.682467039224
396 0.697498429354 0.682712617959
397 0.695673114843 0.682985586864
398 0.69385065185 0.68325866491
399 0.692031083368 0.683504528504
400 0.690214451523 0.683777814039
401 0.688400797588 0.684023864443
402 0.68659016199 0.684297357623
403 0.684782584323 0.68454359498
404 0.682978103354 0.684789920942
405 0.68117675704 0.685063720415
406 0.679378582528 0.685310233539
407 0.677583616174 0.685556835368
408 0.675791893548 0.685830941477
409 0.674003449444 0.686077730677
410 0.672218317892 0.686324608683
411 0.670436532165 0.686571575524
412 0.668658124791 0.686818631235
413 0.66688312756 0.687093241847
414 0.665111571536 0.687340485273
415 0.663343487065 0.687587817668
416 0.661578903784 0.687835239062
417 0.659817850632 0.688082749489
418 0.658060355856 0.688330348979
419 0.656306447026 0.688578037566
420 0.654556151035 0.688825815281
421 0.652809494118 0.689073682156
422 0.651066501855 0.689321638224
423 0.64932719918 0.689569683515
424 0.647591610391 0.68979024315
425 0.645859759161 0.690038457064
426 0.644131668541 0.690286760296
427 0.642407360975 0.690535152878
428 0.640686858302 0.69078363484
429 0.638970181771 0.691004582758
430 0.637257352045 0.691253233641
431 0.635548389209 0.691501973997
432 0.633843312783 0.691723151677
433 0.632142141722 0.691972061129
434 0.630444894434 0.692221060148
435 0.628751588778 0.692442467828
436 0.62706224208 0.692691636119
437 0.625376871136 0.692913194313
438 0.623695492221 0.693162531989
439 0.622018121099 0.6933842408
440 0.620344773024 0.693633747978
441 0.618675462757 0.693855607508
442 0.617010204565 0.694105284302
443 0.615349012232 0.694327294653
444 0.613691899068 0.694549376015
445 0.612038877912 0.694799302455
446 0.610389961142 0.695021534788
447 0.608745160682 0.695243838204
448 0.607104488007 0.695494014538
449 0.605467954152 0.695716469077
450 0.603835569718 0.695938994767
451 0.602207344878 0.696189421247
452 0.600583289385 0.696412098212
453 0.598963412577 0.6966348464
454 0.597347723387 0.696857665835
455 0.595736230343 0.697080556538
456 0.594128941582 0.697303518534
457 0.59252586485 0.697526551844
458 0.590927007511 0.69777754959
459 0.589332376554 0.698000734519
460 0.587741978597 0.698223990835
461 0.586155819894 0.698447318559
462 0.584573906343 0.698670717715
463 0.582996243485 0.698894188325
464 0.581422836519 0.699117730413
465 0.5798536903 0.699313388391
466 0.578288809351 0.69953706456
467 0.576728197862 0.699760812273
468 0.575171859702 0.699984631551
469 0.573619798418 0.700208522418
470 0.572072017247 0.700432484897
471 0.570528519116 0.700656519011
472 0.568989306649 0.700852607641
473 0.567454382173 0.701076776131
474 0.565923747724 0.701301016322
475 0.564397405047 0.701525328236
476 0.562875355607 0.701721660015
477 0.561357600591 0.701946106473
478 0.559844140913 0.70217062472
479 0.558334977218 0.702367137094
480 0.55683010989 0.702591790008
481 0.555329539051 0.702816514778
482 0.553833264573 0.703013207913
483 0.552341286075 0.703238067474
484 0.550853602932 0.703434878587
485 0.549370214279 0.703659873019
486 0.547891119013 0.703856802181
487 0.546416315802 0.704081931566
488 0.544945803084 0.704278978846
489 0.543479579072 0.704504243265
490 0.542017641763 0.704701408735
491 0.540559988936 0.704926808269
492 0.53910661816 0.705124092
493 0.537657526794 0.705349626729
494 0.536212711997 0.705547028792
495 0.534772170726 0.7057444861
496 0.533335899742 0.705970219264
497 0.531903895615 0.706167795008
498 0.530476154725 0.706365426046
499 0.529052673268 0.706591357818
500 0.527633447259 0.706789107397
501 0.526218472534 0.706986912318
502 0.524807744757 0.707184772599
503 0.523401259418 0.707410966439
504 0.521999011841 0.707608945397
505 0.520600997186 0.707806979762
506 0.519207210453 0.708005069549
507 0.517817646482 0.708203214775
508 0.516432299961 0.708401415455
509 0.515051165425 0.70862799844
510 0.513674237262 0.708826318001
511 0.512301509714 0.709024693065
512 0.51093297688 0.709223123647
513 0.509568632723 0.709421609762
514 0.508208471066 0.709620151427
515 0.506852485602 0.709818748657
516 0.505500669891 0.710017401466
517 0.504153017366 0.710216109872
518 0.502809521335 0.710414873888
519 0.501470174985 0.710613693532
520 0.500134971381 0.710812568818
521 0.498803903474 0.711011499763
522 0.497476964097 0.71121048638
523 0.496154145976 0.711409528688
524 0.494835441722 0.711580180715
525 0.493520843844 0.711779326487
526 0.492210344745 0.711978527992
527 0.490903936725 0.712177785246
528 0.489601611985 0.712377098265
529 0.48830336263 0.712576467065
530 0.487009180668 0.712747399017
531 0.485719058016 0.712946871451
532 0.4844329865 0.71314639971
533 0.483150957858 0.713345983809
534 0.48187296374 0.713517100352
535 0.480598995714 0.713716788197
536 0.479329045266 0.713916531928
537 0.478063103801 0.714087785333
538 0.476801162647 0.714287632893
539 0.475543213057 0.714487536383
540 0.474289246207 0.714658926759
541 0.473039253205 0.714858934161
542 0.471793225087 0.715058997538
543 0.47055115282 0.715230524995
544 0.469313027306 0.715430692367
545 0.468078839382 0.715602308987
546 0.466848579823 0.715802580407
547 0.465622239342 0.715974286235
548 0.464399808592 0.716174661759
549 0.463181278172 0.71634645684
550 0.46196663862 0.716546936522
551 0.460755880425 0.716718820904
552 0.459548994019 0.716919404797
553 0.458345969786 0.717091378526
554 0.457146798058 0.717292066684
555 0.455951469122 0.717464129808
556 0.454759973216 0.717636234206
557 0.453572300535 0.717837074849
558 0.452388441229 0.718009268709
559 0.451208385407 0.718210213751
560 0.450032123136 0.718382497119
561 0.448859644446 0.718554821813
562 0.447690939328 0.718755919536
563 0.446525997737 0.718928333807
564 0.445364809591 0.719100789436
565 0.444207364777 0.719273286434
566 0.443053653148 0.71947458523
567 0.441903664524 0.719647171893
568 0.440757388698 0.719819799956
569 0.439614815433 0.719992469429
570 0.438475934464 0.720193969499
571 0.437340735499 0.720366728727
572 0.436209208222 0.720539529397
573 0.435081342292 0.720712371517
574 0.433957127345 0.720885255099
575 0.432836552995 0.721087005027
576 0.431719608836 0.721259978476
577 0.43060628444 0.721432993417
578 0.429496569363 0.721606049861
579 0.428390453141 0.721779147818
580 0.427287925294 0.721952287296
581 0.426188975327 0.722125468308
582 0.42509359273 0.722298690862
583 0.424001766977 0.722471954968
584 0.422913487532 0.722645260637
585 0.421828743845 0.722818607878
586 0.420747525356 0.722991996701
587 0.419669821495 0.723165427117
588 0.418595621682 0.723338899135
589 0.417524915328 0.723512412765
590 0.416457691837 0.723685968017
591 0.415393940607 0.723859564902
592 0.414333651029 0.724033203429
593 0.413276812488 0.724206883608
594 0.412223414367 0.724380605449
595 0.411173446043 0.724554368962
596 0.410126896891 0.724728174158
597 0.409083756285 0.724902021045
598 0.408044013594 0.725046925307
599 0.407007658192 0.725220848657
600 0.405974679446 0.725394813726
601 0.40494506673 0.725568820527
602 0.403918809416 0.725742869068
603 0.402895896877 0.725916959359
604 0.401876318492 0.726062066502
605 0.40086006364 0.726236233362
606 0.399847121707 0.726410442001
607 0.39883748208 0.726584692429
608 0.397831134154 0.726729933049
609 0.396828067328 0.726904260116
610 0.395828271008 0.727078629
611 0.394831734606 0.727223968355
612 0.393838447543 0.727398413931
613 0.392848399246 0.727572901352
614 0.391861579151 0.727747430629
615 0.390877976705 0.727892903674
616 0.38989758136 0.728067509713
617 0.388920382583 0.72821304674
618 0.387946369847 0.728387729575
619 0.38697553264 0.728562454312
620 0.386007860458 0.728708090276
621 0.385043342811 0.728882891861
622 0.38408196922 0.729028591879
623 0.383123729219 0.729203470346
624 0.382168612357 0.729378390762
625 0.381216608194 0.729524189827
626 0.380267706305 0.729699187177
627 0.37932189628 0.729845050368
628 0.378379167722 0.730020124686
629 0.377439510253 0.730166052031
630 0.376502913506 0.73034120335
631 0.375569367133 0.730487194877
632 0.3746388608 0.730662423231
633 0.373711384194 0.730808478969
634 0.372786927013 0.730983784392
635 0.371865478977 0.731129904368
636 0.370947029822 0.731276053552
637 0.370031569301 0.731451471137
638 0.369119087188 0.731597684601
639 0.368209573274 0.731773179338
640 0.367303017368 0.73191945711
641 0.3663994093 0.732065764122
642 0.365498738918 0.732241371142
643 0.364600996092 0.732387742502
644 0.363706170709 0.732563426758
645 0.362814252679 0.732709862496
646 0.361925231932 0.732856327506
647 0.361039098418 0.733032124165
648 0.360155842108 0.733178653594
649 0.359275452996 0.733325212312
650 0.358397921096 0.733471800328
651 0.357523236445 0.733647744626
652 0.356651389101 0.733794397114
653 0.355782369145 0.733941078917
654 0.35491616668 0.73408779004
655 0.354052771832 0.734263882101
656 0.35319217475 0.734410657752
657 0.352334365605 0.734557462742
658 0.351479334594 0.734704297078
659 0.350627071934 0.734880537026
660 0.349777567867 0.735027435943
661 0.348930812661 0.735174364224
662 0.348086796605 0.735321321875
663 0.347245510014 0.735468308903
664 0.346406943225 0.735615325312
665 0.345571086603 0.735791783796
666 0.344737930535 0.735938864867
667 0.343907465433 0.736085975338
668 0.343079681736 0.736233115216
669 0.342254569905 0.736380284507
670 0.341432120428 0.736527483215
671 0.340612323819 0.736674711349
672 0.339795170616 0.736821968912
673 0.338980651383 0.736969255911
674 0.338168756709 0.737116572353
675 0.337359477212 0.737293390954
676 0.336552803531 0.737440772188
677 0.335748726335 0.737588182883
678 0.334947236318 0.737735623045
679 0.334148324198 0.737883092679
680 0.333351980724 0.738030591791
681 0.332558196666 0.738178120388
682 0.331766962825 0.738325678476
683 0.330978270026 0.738473266059
684 0.330192109122 0.738620883144
685 0.329408470992 0.738768529738
686 0.328627346541 0.738886668262
687 0.327848726703 0.739034367984
688 0.327072602437 0.739182097231
689 0.326298964731 0.739329856008
690 0.325527804599 0.739477644321
691 0.32475911308 0.739625462177
692 0.323992881244 0.73977330958
693 0.323229100187 0.739921186538
694 0.32246776103 0.740069093055
695 0.321708854925 0.740217029138
696 0.320952373049 0.740364994793
697 0.320198306606 0.740483388612
698 0.31944664683 0.740631407511
699 0.318697384979 0.740779455998
700 0.317950512343 0.740927534079
701 0.317206020236 0.74107564176
702 0.3164639 0.741223779047
703 0.315724143006 0.741342310197
704 0.314986740652 0.74149050079
705 0.314251684363 0.741638721006
706 0.313518965593 0.741786970849
707 0.312788575823 0.741935250328
708 0.312060506562 0.742053895251
709 0.311334749346 0.742202228086
710 0.31061129574 0.742350590572
711 0.309890137335 0.742498982715
712 0.309171265751 0.742617717786
713 0.308454672636 0.742766163327
714 0.307740349665 0.742914638541
715 0.307028288542 0.743033440081
716 0.306318480996 0.743181968722
717 0.305610918787 0.743330527053
718 0.304905593701 0.743449395099
719 0.304202497553 0.743598006887
720 0.303501622183 0.743746648383
721 0.302802959462 0.74389531959
722 0.302106501287 0.744014277954
723 0.301412239584 0.74416300266
724 0.300720166304 0.744282003829
725 0.300030273428 0.744430782052
726 0.299342552964 0.744579590014
727 0.298656996949 0.744698657801
728 0.297973597444 0.744847519311
729 0.297292346542 0.744996410578
730 0.296613236361 0.74511554502
731 0.295936259046 0.745264489863
732 0.295261406772 0.745383667174
733 0.294588671739 0.745532665614
734 0.293918046176 0.74565188581
735 0.293249522339 0.745800937865
736 0.292583092511 0.745950019715
737 0.291918749002 0.746069306651
738 0.291256484152 0.746218442147
739 0.290596290324 0.746337772007
740 0.289938159912 0.746486961168
741 0.289282085336 0.746606333968
742 0.288628059042 0.746755576813
743 0.287976073505 0.746874992568
744 0.287326121225 0.747024289116
745 0.286678194731 0.747143747841
746 0.286032286578 0.747293098112
747 0.285388389349 0.747412599824
748 0.284746495652 0.747562003837
749 0.284106598123 0.74768154855
750 0.283468689426 0.74780111238
751 0.28283276225 0.747950594055
752 0.282198809311 0.748070200908
753 0.281566823352 0.748219736373
754 0.280936797143 0.748339386266
755 0.280308723481 0.748488975539
756 0.279682595187 0.748608668486
757 0.279058405111 0.748728380574
758 0.278436146129 0.748878047605
759 0.277815811142 0.748997802771
760 0.277197393079 0.749117577086
761 0.276580884895 0.749267321916
762 0.27596627957 0.749387139331
763 0.275353570111 0.749536938045
764 0.274742749551 0.749656798575
765 0.274133810948 0.749776678273
766 0.273526747389 0.749926554853
767 0.272921551983 0.750046477688
768 0.272318217867 0.7501664197
769 0.271716738204 0.750316374188
770 0.271117106182 0.75043635936
771 0.270519315015 0.750556363719
772 0.269923357941 0.750676387269
773 0.269329228226 0.750826443697
774 0.26873691916 0.750946510435
775 0.268146424059 0.751066596374
776 0.267557736264 0.751216730803
777 0.266970849142 0.751336859953
778 0.266385756083 0.751457008314
779 0.265802450505 0.751577175888
780 0.265220925849 0.751727412379
781 0.264641175583 0.751847623194
782 0.264063193196 0.751967853233
783 0.263486972208 0.752088102497
784 0.262912506157 0.752208370991
785 0.262339788611 0.752358733655
786 0.261768813161 0.752479045426
787 0.261199573421 0.752599376437
788 0.260632063032 0.752719726691
789 0.260066275657 0.752840096189
790 0.259502204986 0.752990585132
791 0.258939844731 0.753110997944
792 0.258379188629 0.753231430012
793 0.257820230442 0.753351881339
794 0.257262963956 0.753472351928
795 0.256707382979 0.753592841781
796 0.256153481346 0.753713350902
797 0.255601252913 0.753864014403
798 0.255050691562 0.753984566889
799 0.254501791197 0.754105138651
800 0.253954545747 0.754225729695
801 0.253408949164 0.754346340023
802 0.252864995423 0.754466969638
803 0.252322678525 0.754587618544
804 0.25178199249 0.754708286742
805 0.251242931365 0.754828974237
806 0.250705489219 0.754979860746
807 0.250169660144 0.755100591669
808 0.249635438255 0.755221341899
809 0.24910281769 0.755342111438
810 0.24857179261 0.75546290029
811 0.248042357199 0.755583708457
812 0.247514505663 0.755704535943
813 0.246988232233 0.755825382751
814 0.24646353116 0.755946248884
815 0.245940396719 0.756067134345
816 0.245418823207 0.756188039137
817 0.244898804942 0.756308963263
818 0.244380336268 0.756429906727
819 0.243863411548 0.756550869531
820 0.243348025168 0.756671851679
821 0.242834171536 0.756792853173
822 0.242321845083 0.756913874017
823 0.241811040261 0.757034914213
824 0.241301751545 0.757155973766
825 0.240793973429 0.757277052677
826 0.240287700433 0.75739815095
827 0.239782927094 0.757519268589
828 0.239279647974 0.757640405596
829 0.238777857656 0.757761561974
830 0.238277550743 0.757882737727
831 0.23777872186 0.757973632258
832 0.237281365654 0.758094841923
833 0.236785476792 0.758216070972
834 0.236291049964 0.758337319406
835 0.235798079878 0.75845858723
836 0.235306561266 0.758579874446
837 0.234816488879 0.758701181057
838 0.23432785749 0.758822507067
839 0.233840661891 0.758943852478
840 0.233354896898 0.759065217294
841 0.232870557344 0.759156253643
842 0.232387638084 0.759277652424
843 0.231906133993 0.759399070619
844 0.231426039969 0.759520508231
845 0.230947350926 0.759641965261
846 0.230470061801 0.759763441714
847 0.22999416755 0.759854561802
848 0.229519663151 0.759976072252
849 0.229046543599 0.760097602134
850 0.228574803911 0.760219151449
851 0.228104439123 0.760340720202
852 0.227635444292 0.760462308395
853 0.227167814493 0.760553512299
854 0.226701544821 0.76067513452
855 0.226236630392 0.76079677619
856 0.225773066341 0.760918437313
857 0.22531084782 0.761009695922
858 0.224849970004 0.761131391092
859 0.224390428084 0.761253105724
860 0.223932217272 0.761374839819
861 0.223475332799 0.761496593381
862 0.223019769915 0.761587921329
863 0.222565523889 0.761709708966
864 0.222112590008 0.761831516078
865 0.221660963579 0.761922884194
866 0.221210639926 0.762044725396
867 0.220761614395 0.762166586081
868 0.220313882347 0.762288466253
869 0.219867439164 0.762379889173
870 0.219422280244 0.762501803455
871 0.218978401006 0.762623737233
872 0.218535796887 0.762715200362
873 0.21809446334 0.762837168265
874 0.217654395839 0.762959155672
875 0.217215589873 0.763081162586
876 0.216778040952 0.763172680575
877 0.216341744603 0.763294721635
878 0.215906696371 0.763416782211
879 0.215472891817 0.763508340452
880 0.215040326522 0.763630435188
881 0.214608996083 0.763722019052
882 0.214178896118 0.763844147958
883 0.213750022258 0.763966296394
884 0.213322370153 0.76405792054
885 0.212895935473 0.76418010316
886 0.212470713903 0.76430230532
887 0.212046701144 0.764393969763
888 0.211623892917 0.764516206123
889 0.211202284958 0.76460789622
890 0.210781873022 0.764730166789
891 0.210362652879 0.764852456911
892 0.209944620318 0.764944187335
893 0.209527771142 0.765066511681
894 0.209112101174 0.765158267778
895 0.208697606252 0.765280626358
896 0.208284282231 0.765403004506
897 0.207872124982 0.765494800959
898 0.207461130393 0.765617213355
899 0.207051294368 0.765709035498
900 0.206642612829 0.765831482154
901 0.206235081713 0.765923329995
902 0.205828696973 0.766045810918
903 0.205423454578 0.766137684464
904 0.205019350515 0.766260199666
905 0.204616380785 0.766352098924
906 0.204214541406 0.766474648414
907 0.203813828412 0.766566573391
908 0.203414237852 0.766689157178
909 0.203015765791 0.766781107882
910 0.202618408312 0.766903725975
911 0.20222216151 0.766995702413
912 0.201827021497 0.767118354822
913 0.201432984403 0.767210357001
914 0.20104004637 0.767333043737
915 0.200648203556 0.767425071663
916 0.200257452137 0.767547792735
917 0.199867788302 0.767639846417
918 0.199479208255 0.767762601833
919 0.199091708216 0.767854681278
920 0.19870528442 0.767977471049
921 0.198319933117 0.768069576263
922 0.197935650572 0.768192400399
923 0.197552433065 0.768284531391
924 0.197170276891 0.768376673431
925 0.196789178358 0.768499546676
926 0.196409133792 0.768591714504
927 0.196030139531 0.768714622136
928 0.195652191929 0.768806815759
929 0.195275287353 0.768899020438
930 0.194899422186 0.769021977213
931 0.194524592826 0.769114207697
932 0.194150795683 0.769237198883
933 0.193778027184 0.769329455179
934 0.193406283767 0.769421722539
935 0.193035561887 0.769544762901
936 0.192665858013 0.769637056084
937 0.192297168626 0.769729360336
938 0.191929490223 0.769852449892
939 0.191562819314 0.769944779977
940 0.191197152423 0.770067903982
941 0.190832486088 0.770160259906
942 0.19046881686 0.770252626907
943 0.190106141306 0.770375800141
944 0.189744456004 0.770468192992
945 0.189383757548 0.770560596924
946 0.189024042542 0.770653011938
947 0.188665307607 0.770776249198
948 0.188307549377 0.770868690076
949 0.187950764497 0.77096114204
950 0.187594949627 0.771084428575
951 0.187240101442 0.771176906413
952 0.186886216626 0.771269395343
953 0.18653329188 0.77139273117
954 0.186181323917 0.771485245984
955 0.18583030946 0.771577771894
956 0.185480245251 0.7716703089
957 0.185131128039 0.771793708839
958 0.18478295459 0.771886271743
959 0.184435721681 0.771978845748
960 0.184089426101 0.772071430856
961 0.183744064654 0.77219489494
962 0.183399634154 0.772287505959
963 0.183056131431 0.772380128085
964 0.182713553324 0.772472761319
965 0.182371896687 0.772596289581
966 0.182031158384 0.77268894874
967 0.181691335295 0.772781619012
968 0.18135242431 0.772874300398
969 0.18101442233 0.772997892871
970 0.180677326271 0.773090600195
971 0.180341133059 0.773183318638
972 0.180005839635 0.773276048201
973 0.179671442948 0.773368788886
974 0.179337939963 0.773492460433
975 0.179005327655 0.773585227072
976 0.17867360301 0.773678004837
977 0.178342763028 0.773770793729
978 0.17801280472 0.773863593749
979 0.177683725108 0.773956404899
980 0.177355521227 0.774080170414
981 0.177028190123 0.774173007538
982 0.176701728853 0.774265855796
983 0.176376134487 0.77435871519
984 0.176051404106 0.774451585721
985 0.175727534801 0.77454446739
986 0.175404523678 0.774637360199
987 0.17508236785 0.774761234607
988 0.174761064445 0.774854153413
989 0.174440610599 0.774947083363
990 0.174121003463 0.775040024458
991 0.173802240196 0.775132976699
992 0.173484317969 0.775225940089
993 0.173167233966 0.775318914628
994 0.172850985379 0.775411900318
995 0.172535569413 0.775504897159
996 0.172220983283 0.775628910298
997 0.171907224217 0.775721933166
998 0.17159428945 0.775814967191
999 0.171282176231 0.775908012373
