10 0.413740676149
11 0.433890987014
12 0.452406182114
13 0.469639933821
14 0.485633084777
15 0.500548704662
16 0.514445188386
17 0.527407823088
18 0.539522255308
19 0.550819348446
20 0.561397640579
21 0.571249802295
22 0.580431337344
23 0.589066166361
24 0.597068018749
25 0.604522426334
26 0.611511790632
27 0.617916250284
28 0.623988416089
29 0.629556763017
30 0.634650011806
31 0.63941861956
32 0.643808721621
33 0.647821783231
34 0.651485644695
35 0.654829089989
36 0.657845441721
37 0.660568538806
38 0.662972903719
39 0.66511488063
40 0.667004398495
41 0.668615010769
42 0.669968892866
43 0.671112730561
44 0.672046538903
45 0.672746083724
46 0.673275796533
47 0.673597736054
48 0.673720736278
49 0.673664528437
50 0.67346038998
51 0.673102303845
52 0.672589394028
53 0.671926276204
54 0.671123359188
55 0.670197097015
56 0.66911151542
57 0.667950714083
58 0.666687997175
59 0.665231756297
60 0.663746598817
61 0.662147175213
62 0.660479731909
63 0.658725959919
64 0.656867265582
65 0.654959806351
66 0.652913189202
67 0.650865218661
68 0.648726979005
69 0.64656626993
70 0.644290572178
71 0.641970977111
72 0.639598389022
73 0.637252096807
74 0.634747778263
75 0.632346308259
76 0.629768582778
77 0.627190280071
78 0.624607016962
79 0.622014401201
80 0.619408038393
81 0.616682916851
82 0.614034457096
83 0.611255698764
84 0.608547837628
85 0.605804567851
86 0.603021667912
87 0.600194979972
88 0.597430563164
89 0.594616786721
90 0.591749630061
91 0.588939073301
92 0.586184910201
93 0.583254164933
94 0.580492072066
95 0.577545837875
96 0.574767782478
97 0.571919184807
98 0.568996453229
99 0.566119185826
100 0.563287128609
101 0.560500027887
102 0.557631408054
103 0.554805164419
104 0.551892874325
105 0.549149605083
106 0.546317830656
107 0.543394483947
108 0.540640319445
109 0.537792268626
110 0.534981050551
111 0.532206409754
112 0.529468090679
113 0.526629712676
114 0.523825518025
115 0.521055257712
116 0.518318682488
117 0.515615543075
118 0.512945590367
119 0.510167933171
120 0.507421536457
121 0.504848141463
122 0.502164211368
123 0.499367517399
124 0.496743771121
125 0.494150090419
126 0.491441068612
127 0.488906159442
128 0.486254244277
129 0.483630266642
130 0.481181444382
131 0.478613200996
132 0.47607221722
133 0.473409237431
134 0.470921580938
135 0.468460519102
136 0.465875348171
137 0.463466301179
138 0.460931797088
139 0.458573899341
140 0.456089215902
141 0.45362893424
142 0.451345905319
143 0.448934190351
144 0.446546260118
145 0.444181912013
146 0.441840944281
147 0.43952315607
148 0.437073088445
149 0.434800706566
150 0.432550910959
151 0.43032350474
152 0.427961759279
153 0.425778205467
154 0.423459374078
155 0.421318911383
156 0.419042252095
157 0.416944127765
158 0.414708906383
159 0.41249403496
160 0.410457867381
161 0.408283351813
162 0.406128655457
163 0.403993604712
164 0.40187802699
165 0.39994130334
166 0.397864326008
167 0.395806307038
168 0.393767078229
169 0.391746472502
170 0.389744323912
171 0.387599953458
172 0.385634075659
173 0.383686166718
174 0.381756065288
175 0.37984361123
176 0.37794864562
177 0.375909777093
178 0.374049181157
179 0.372205606312
180 0.370217412543
181 0.368407290233
182 0.366613732384
183 0.364674871896
184 0.36291387029
185 0.361007178197
186 0.359278148318
187 0.357564946603
188 0.355705420398
189 0.353861361245
190 0.352194558455
191 0.350380981235
192 0.348744452536
193 0.346960812585
194 0.345354010882
195 0.343599772363
196 0.341860063998
197 0.340296795903
198 0.338585703527
199 0.336888756209
200 0.335205828301
201 0.3336987493
202 0.332043421438
203 0.330401740417
204 0.328773584679
205 0.327320680501
206 0.325719143114
207 0.324130770935
208 0.322555446476
209 0.320993053246
210 0.319443475752
211 0.317906599494
212 0.316382310963
213 0.315031906462
214 0.31353237609
215 0.312045097862
216 0.310569962259
217 0.309106860732
218 0.307655685704
219 0.306216330563
220 0.304788689662
221 0.303372658308
222 0.301968132763
223 0.300575010238
224 0.299032713374
225 0.297662181041
226 0.296302749457
227 0.294954319535
228 0.293616793111
229 0.29229007294
230 0.29097406269
231 0.289668666936
232 0.288373791154
233 0.286929860208
234 0.285655836333
235 0.284392054313
236 0.283138423136
237 0.281894852665
238 0.280502417265
239 0.279278793911
240 0.278064965947
241 0.276860846633
242 0.275508070368
243 0.274323204219
244 0.273147791321
245 0.271981748229
246 0.270667270643
247 0.269519812411
248 0.268381478219
249 0.267094931759
250 0.265974697544
251 0.26486334862
252 0.263604016156
253 0.262510295947
254 0.261425229134
255 0.26019241312
256 0.259124517071
257 0.258065049215
258 0.256858071257
259 0.255815329217
260 0.254625303151
261 0.253598997121
262 0.252580758157
263 0.251415480795
264 0.250413253823
265 0.249264218766
266 0.248277727579
267 0.247144660058
268 0.246173633711
269 0.245056264013
270 0.244100436737
271 0.243152069318
272 0.242057611244
273 0.241124054361
274 0.240044641709
275 0.239125642188
276 0.238061022343
277 0.237003845106
278 0.236106256914
279 0.235063501951
280 0.234179858587
281 0.233151284829
282 0.232281349759
283 0.23126672063
284 0.230410261894
285 0.229409345233
286 0.228415336657
287 0.227578703347
288 0.226598066599
289 0.225774348351
290 0.224806861945
291 0.223846005205
292 0.223041288734
293 0.222093257289
294 0.221300921284
295 0.220365503856
296 0.219436450244
297 0.218662331317
298 0.217745581582
299 0.216835041843
300 0.216078686603
301 0.215180149212
302 0.214287672192
303 0.213548640221
304 0.212667872398
305 0.211793019411
306 0.211070882898
307 0.210207454105
308 0.209349798588
309 0.208644141973
310 0.20779763357
311 0.206956760753
312 0.206121478226
313 0.205437185301
314 0.20461269188
315 0.203793656044
316 0.202980034119
317 0.2023164119
318 0.201513234223
319 0.200715342558
320 0.199922694792
321 0.199279076434
322 0.198496540722
323 0.197719125638
324 0.196946790576
325 0.196322534377
326 0.195559991366
327 0.194802409562
328 0.194049749812
329 0.193301973313
330 0.192701062283
331 0.191962693841
332 0.191229095172
333 0.190500228858
334 0.189776057818
335 0.189197569629
336 0.188482440105
337 0.187771897465
338 0.187065905947
339 0.186364430113
340 0.185667434842
341 0.185114701174
342 0.184426329091
343 0.183742334972
344 0.183062684943
345 0.182387345435
346 0.181716283178
347 0.181049465201
348 0.18038685883
349 0.179866615944
350 0.179212109283
351 0.178561718847
352 0.177915413116
353 0.177273160852
354 0.176648648925
355 0.176028086559
356 0.17541144362
357 0.174798690247
358 0.174189796847
359 0.173584734094
360 0.172969874033
361 0.172372405145
362 0.171778680405
363 0.171188671529
364 0.170588831175
365 0.170006189305
366 0.169413700864
367 0.168838315499
368 0.168253069085
369 0.167684831689
370 0.167106719359
371 0.166545523323
372 0.165974439042
373 0.165420179646
374 0.164856019251
375 0.16429529249
376 0.163737973914
377 0.16319729901
378 0.162646701279
379 0.162099436817
380 0.161555481059
381 0.161014809655
382 0.160477398469
383 0.159943223578
384 0.159412261266
385 0.158884488026
386 0.158359880558
387 0.157838415762
388 0.157320070742
389 0.15679179683
390 0.15627964243
391 0.155770540215
392 0.155264468077
393 0.154748455584
394 0.154248396631
395 0.153751302484
396 0.153244260943
397 0.152753050854
398 0.152264741982
399 0.151766479517
