3.13553157694
0.1 0.000695583516193
0.11 0.000762148515231
0.12 0.000828182043388
0.13 0.000893687240281
0.14 0.000958667229096
0.15 0.00102312511667
0.16 0.00108706399357
0.17 0.00115048693416
0.18 0.00121339699672
0.19 0.00127579722347
0.2 0.00133769064069
0.21 0.00139908025878
0.22 0.00145996907234
0.23 0.00152036006026
0.24 0.00158025618578
0.25 0.00163966039657
0.26 0.00169857562482
0.27 0.0017570047873
0.28 0.00181495078545
0.29 0.00187241650542
0.3 0.00192940481822
0.31 0.0019859185797
0.32 0.00204196063071
0.33 0.0020975337971
0.34 0.00215264088986
0.35 0.00220728470514
0.36 0.00226146802437
0.37 0.00231519361427
0.38 0.00236846422699
0.39 0.00242128260015
0.4 0.00247365145691
0.41 0.00252557350603
0.42 0.00257705144198
0.43 0.00262808794496
0.44 0.00267868568102
0.45 0.00272884730209
0.46 0.00277857544608
0.47 0.00282787273693
0.48 0.00287674178466
0.49 0.00292518518551
0.5 0.00297320552191
0.51 0.00302080536264
0.52 0.00306798726283
0.53 0.00311475376407
0.54 0.00316110739444
0.55 0.00320705066862
0.56 0.00325258608792
0.57 0.00329771614036
0.58 0.00334244330075
0.59 0.00338677003071
0.6 0.00343069877879
0.61 0.00347423198051
0.62 0.00351737205842
0.63 0.00356012142216
0.64 0.00360248246855
0.65 0.00364445758161
0.66 0.00368604913269
0.67 0.00372725948046
0.68 0.00376809097102
0.69 0.00380854593793
0.7 0.00384862670231
0.71 0.00388833557289
0.72 0.00392767484602
0.73 0.00396664680582
0.74 0.00400525372417
0.75 0.00404349786081
0.76 0.00408138146337
0.77 0.00411890676746
0.78 0.00415607599671
0.79 0.00419289136284
0.8 0.0042293550657
0.81 0.00426546929336
0.82 0.00430123622215
0.83 0.00433665801672
0.84 0.00437173683008
0.85 0.00440647480371
0.86 0.00444087406755
0.87 0.00447493674011
0.88 0.00450866492851
0.89 0.00454206072853
0.9 0.00457512622467
0.91 0.0046078634902
0.92 0.00464027458725
0.93 0.00467236156679
0.94 0.0047041264688
0.95 0.0047355713222
0.96 0.00476669814499
0.97 0.00479750894429
0.98 0.00482800571636
0.99 0.00485819044669
1.0 0.00488806511005
1.01 0.00491763167051
1.02 0.00494689208153
1.03 0.00497584828601
1.04 0.00500450221633
1.05 0.00503285579439
1.06 0.00506091093171
1.07 0.00508866952941
1.08 0.00511613347834
1.09 0.00514330465908
1.1 0.00517018494199
1.11 0.0051967761873
1.12 0.00522308024513
1.13 0.00524909895555
1.14 0.00527483414861
1.15 0.00530028764442
1.16 0.00532546125321
1.17 0.00535035677532
1.18 0.00537497600131
1.19 0.00539932071198
1.2 0.00542339267843
1.21 0.0054471936621
1.22 0.00547072541483
1.23 0.00549398967887
1.24 0.005516988187
1.25 0.00553972266251
1.26 0.00556219481929
1.27 0.00558440636184
1.28 0.00560635898536
1.29 0.00562805437576
1.3 0.00564949420973
1.31 0.00567068015478
1.32 0.00569161386927
1.33 0.00571229700249
1.34 0.00573273119467
1.35 0.00575291807704
1.36 0.0057728592719
1.37 0.00579255639261
1.38 0.00581201104369
1.39 0.00583122482083
1.4 0.00585019931095
1.41 0.00586893609224
1.42 0.0058874367342
1.43 0.00590570279771
1.44 0.005923735835
1.45 0.00594153738981
1.46 0.00595910899731
1.47 0.00597645218424
1.48 0.0059935684689
1.49 0.00601045936121
1.5 0.00602712636273
1.51 0.00604357096675
1.52 0.00605979465828
1.53 0.00607579891413
1.54 0.00609158520293
1.55 0.00610715498517
1.56 0.00612250971326
1.57 0.00613765083156
1.58 0.0061525797764
1.59 0.00616729797617
1.6 0.00618180685132
1.61 0.0061961078144
1.62 0.00621020227012
1.63 0.00622409161539
1.64 0.00623777723933
1.65 0.00625126052335
1.66 0.00626454284117
1.67 0.00627762555884
1.68 0.0062905100348
1.69 0.00630319761994
1.7 0.0063156896576
1.71 0.0063279874836
1.72 0.00634009242634
1.73 0.00635200580677
1.74 0.00636372893848
1.75 0.00637526312768
1.76 0.00638660967332
1.77 0.00639776986702
1.78 0.00640874499322
1.79 0.00641953632913
1.8 0.00643014514481
1.81 0.00644057270319
1.82 0.00645082026012
1.83 0.00646088906439
1.84 0.00647078035778
1.85 0.00648049537508
1.86 0.00649003534415
1.87 0.00649940148594
1.88 0.0065085950145
1.89 0.00651761713708
1.9 0.00652646905409
1.91 0.0065351519592
1.92 0.00654366703933
1.93 0.0065520154747
1.94 0.00656019843887
1.95 0.00656821709877
1.96 0.00657607261471
1.97 0.00658376614047
1.98 0.00659129882328
1.99 0.00659867180387
2.0 0.00660588621651
2.01 0.00661294318905
2.02 0.00661984384293
2.03 0.00662658929323
2.04 0.0066331806487
2.05 0.00663961901177
2.06 0.00664590547863
2.07 0.00665204113923
2.08 0.00665802707731
2.09 0.00666386437042
2.1 0.00666955409001
2.11 0.0066750973014
2.12 0.00668049506382
2.13 0.00668574843048
2.14 0.00669085844857
2.15 0.00669582615927
2.16 0.00670065259785
2.17 0.00670533879363
2.18 0.00670988577003
2.19 0.00671429454464
2.2 0.0067185661292
2.21 0.00672270152964
2.22 0.00672670174614
2.23 0.00673056777313
2.24 0.00673430059932
2.25 0.00673790120775
2.26 0.0067413705758
2.27 0.00674470967522
2.28 0.00674791947219
2.29 0.00675100092729
2.3 0.0067539549956
2.31 0.00675678262665
2.32 0.00675948476453
2.33 0.00676206234784
2.34 0.0067645163098
2.35 0.00676684757821
2.36 0.00676905707548
2.37 0.00677114571873
2.38 0.00677311441973
2.39 0.00677496408499
2.4 0.00677669561574
2.41 0.00677830990799
2.42 0.00677980785256
2.43 0.00678119033507
2.44 0.00678245823602
2.45 0.00678361243076
2.46 0.00678465378957
2.47 0.00678558317763
2.48 0.00678640145511
2.49 0.00678710947715
2.5 0.00678770809389
2.51 0.00678819815051
2.52 0.00678858048728
2.53 0.0067888559395
2.54 0.00678902533765
2.55 0.00678908950728
2.56 0.00678904926917
2.57 0.00678890543923
2.58 0.00678865882862
2.59 0.00678831024374
2.6 0.00678786048622
2.61 0.00678731035302
2.62 0.00678666063639
2.63 0.00678591212391
2.64 0.00678506559854
2.65 0.00678412183863
2.66 0.00678308161791
2.67 0.00678194570557
2.68 0.00678071486626
2.69 0.00677938986009
2.7 0.0067779714427
2.71 0.00677646036524
2.72 0.00677485737442
2.73 0.00677316321252
2.74 0.00677137861744
2.75 0.00676950432267
2.76 0.00676754105738
2.77 0.00676548954636
2.78 0.00676335051015
2.79 0.00676112466495
2.8 0.00675881272273
2.81 0.0067564153912
2.82 0.00675393337386
2.83 0.00675136737001
2.84 0.00674871807476
2.85 0.0067459861791
2.86 0.00674317236986
2.87 0.00674027732976
2.88 0.00673730173746
2.89 0.00673424626751
2.9 0.00673111159046
2.91 0.0067278983728
2.92 0.00672460727704
2.93 0.00672123896169
2.94 0.00671779408133
2.95 0.00671427328655
2.96 0.00671067722408
2.97 0.00670700653671
2.98 0.00670326186337
2.99 0.00669944383912
3.0 0.0066955530952
3.01 0.00669159025903
3.02 0.00668755595421
3.03 0.00668345080061
3.04 0.0066792754143
3.05 0.00667503040763
3.06 0.00667071638925
3.07 0.00666633396408
3.08 0.0066618837334
3.09 0.0066573662948
3.1 0.00665278224226
3.11 0.00664813216611
3.12 0.00664341665311
3.13 0.00663863628642
3.14 0.00663379164564
3.15 0.00662888330686
3.16 0.00662391184259
3.17 0.00661887782188
3.18 0.00661378181028
3.19 0.00660862436986
3.2 0.00660340605926
3.21 0.00659812743369
3.22 0.00659278904492
3.23 0.00658739144136
3.24 0.00658193516802
3.25 0.00657642076657
3.26 0.00657084877531
3.27 0.00656521972926
3.28 0.0065595341601
3.29 0.00655379259625
3.3 0.00654799556283
3.31 0.00654214358174
3.32 0.00653623717162
3.33 0.0065302768479
3.34 0.00652426312283
3.35 0.00651819650546
3.36 0.00651207750166
3.37 0.00650590661417
3.38 0.00649968434261
3.39 0.00649341118345
3.4 0.0064870876301
3.41 0.00648071417285
3.42 0.00647429129897
3.43 0.00646781949263
3.44 0.00646129923502
3.45 0.00645473100427
3.46 0.00644811527553
3.47 0.00644145252097
3.48 0.00643474320979
3.49 0.00642798780824
3.5 0.00642118677962
3.51 0.00641434058432
3.52 0.00640744967984
3.53 0.00640051452077
3.54 0.00639353555884
3.55 0.00638651324292
3.56 0.00637944801903
3.57 0.00637234033038
3.58 0.00636519061736
3.59 0.00635799931756
3.6 0.0063507668658
3.61 0.00634349369411
3.62 0.00633618023181
3.63 0.00632882690546
3.64 0.00632143413888
3.65 0.00631400235322
3.66 0.00630653196693
3.67 0.00629902339576
3.68 0.00629147705282
3.69 0.00628389334857
3.7 0.00627627269084
3.71 0.00626861548481
3.72 0.0062609221331
3.73 0.00625319303571
3.74 0.00624542859007
3.75 0.00623762919106
3.76 0.00622979523098
3.77 0.00622192709964
3.78 0.00621402518428
3.79 0.00620608986968
3.8 0.00619812153809
3.81 0.0061901205693
3.82 0.00618208734063
3.83 0.00617402222694
3.84 0.00616592560067
3.85 0.0061577978318
3.86 0.00614963928793
3.87 0.00614145033424
3.88 0.00613323133355
3.89 0.00612498264627
3.9 0.00611670463047
3.91 0.00610839764188
3.92 0.00610006203388
3.93 0.00609169815754
3.94 0.00608330636161
3.95 0.00607488699256
3.96 0.00606644039456
3.97 0.00605796690951
3.98 0.00604946687706
3.99 0.00604094063462
4.0 0.00603238851736
4.01 0.00602381085821
4.02 0.00601520798791
4.03 0.00600658023501
4.04 0.00599792792587
4.05 0.00598925138465
4.06 0.0059805509334
4.07 0.00597182689197
4.08 0.00596307957811
4.09 0.00595430930743
4.1 0.00594551639343
4.11 0.0059367011475
4.12 0.00592786387895
4.13 0.00591900489501
4.14 0.00591012450085
4.15 0.00590122299956
4.16 0.00589230069221
4.17 0.00588335787783
4.18 0.00587439485343
4.19 0.005865411914
4.2 0.00585640935256
4.21 0.0058473874601
4.22 0.00583834652567
4.23 0.00582928683633
4.24 0.00582020867721
4.25 0.00581111233147
4.26 0.00580199808034
4.27 0.00579286620316
4.28 0.00578371697731
4.29 0.00577455067831
4.3 0.00576536757977
4.31 0.00575616795342
4.32 0.00574695206913
4.33 0.00573772019491
4.34 0.00572847259691
4.35 0.00571920953946
4.36 0.00570993128505
4.37 0.00570063809436
4.38 0.00569133022624
4.39 0.00568200793779
4.4 0.00567267148428
4.41 0.00566332111922
4.42 0.00565395709436
4.43 0.00564457965968
4.44 0.00563518906341
4.45 0.00562578555206
4.46 0.00561636937041
4.47 0.00560694076151
4.48 0.0055974999667
4.49 0.00558804722565
4.5 0.00557858277631
4.51 0.00556910685496
4.52 0.00555961969622
4.53 0.00555012153304
4.54 0.00554061259672
4.55 0.00553109311693
4.56 0.00552156332169
4.57 0.00551202343742
4.58 0.00550247368889
4.59 0.00549291429931
4.6 0.00548334549026
4.61 0.00547376748176
4.62 0.00546418049222
4.63 0.00545458473852
4.64 0.00544498043595
4.65 0.00543536779827
4.66 0.00542574703768
4.67 0.00541611836486
4.68 0.00540648198897
4.69 0.00539683811764
4.7 0.00538718695701
4.71 0.0053775287117
4.72 0.00536786358486
4.73 0.00535819177815
4.74 0.00534851349176
4.75 0.00533882892442
4.76 0.0053291382734
4.77 0.00531944173451
4.78 0.00530973950215
4.79 0.00530003176926
4.8 0.00529031872738
4.81 0.00528060056662
4.82 0.00527087747568
4.83 0.00526114964189
4.84 0.00525141725116
4.85 0.00524168048803
4.86 0.00523193953566
4.87 0.00522219457586
4.88 0.00521244578906
4.89 0.00520269335436
4.9 0.00519293744949
4.91 0.00518317825088
4.92 0.0051734159336
4.93 0.00516365067143
4.94 0.00515388263682
4.95 0.00514411200091
4.96 0.00513433893356
4.97 0.00512456360333
4.98 0.0051147861775
4.99 0.00510500682209
5.0 0.00509522570182
5.01 0.00508544298019
5.02 0.00507565881942
5.03 0.0050658733805
5.04 0.00505608682317
5.05 0.00504629930595
5.06 0.00503651098613
5.07 0.0050267220198
5.08 0.00501693256181
5.09 0.00500714276583
5.1 0.00499735278434
5.11 0.00498756276862
5.12 0.00497777286878
5.13 0.00496798323373
5.14 0.00495819401125
5.15 0.00494840534794
5.16 0.00493861738924
5.17 0.00492883027945
5.18 0.00491904416175
5.19 0.00490925917815
5.2 0.00489947546956
5.21 0.00488969317576
5.22 0.00487991243543
5.23 0.00487013338611
5.24 0.00486035616429
5.25 0.00485058090532
5.26 0.00484080774349
5.27 0.00483103681199
5.28 0.00482126824297
5.29 0.00481150216746
5.3 0.00480173871548
5.31 0.00479197801596
5.32 0.0047822201968
5.33 0.00477246538485
5.34 0.00476271370592
5.35 0.00475296528479
5.36 0.00474322024522
5.37 0.00473347870996
5.38 0.00472374080073
5.39 0.00471400663826
5.4 0.00470427634226
5.41 0.00469455003146
5.42 0.00468482782361
5.43 0.00467510983547
5.44 0.00466539618281
5.45 0.00465568698044
5.46 0.00464598234222
5.47 0.00463628238103
5.48 0.00462658720881
5.49 0.00461689693653
5.5 0.00460721167425
5.51 0.00459753153108
5.52 0.0045878566152
5.53 0.00457818703385
5.54 0.00456852289338
5.55 0.0045588642992
5.56 0.00454921135583
5.57 0.00453956416689
5.58 0.00452992283507
5.59 0.00452028746221
5.6 0.00451065814924
5.61 0.00450103499622
5.62 0.00449141810232
5.63 0.00448180756585
5.64 0.00447220348426
5.65 0.00446260595412
5.66 0.00445301507118
5.67 0.0044434309303
5.68 0.00443385362553
5.69 0.00442428325006
5.7 0.00441471989626
5.71 0.00440516365565
5.72 0.00439561461895
5.73 0.00438607287606
5.74 0.00437653851605
5.75 0.00436701162719
5.76 0.00435749229694
5.77 0.00434798061198
5.78 0.00433847665818
5.79 0.00432898052062
5.8 0.00431949228361
5.81 0.00431001203066
5.82 0.00430053984452
5.83 0.00429107580717
5.84 0.00428161999983
5.85 0.00427217250294
5.86 0.00426273339621
5.87 0.00425330275857
5.88 0.00424388066824
5.89 0.00423446720266
5.9 0.00422506243856
5.91 0.00421566645193
5.92 0.00420627931803
5.93 0.0041969011114
5.94 0.00418753190586
5.95 0.00417817177451
5.96 0.00416882078976
5.97 0.00415947902329
5.98 0.00415014654609
5.99 0.00414082342845
6.0 0.00413150973998
6.01 0.00412220554959
6.02 0.0041129109255
6.03 0.00410362593528
6.04 0.00409435064579
6.05 0.00408508512323
6.06 0.00407582943316
6.07 0.00406658364043
6.08 0.00405734780928
6.09 0.00404812200326
6.1 0.0040389062853
6.11 0.00402970071764
6.12 0.00402050536194
6.13 0.00401132027917
6.14 0.00400214552968
6.15 0.00399298117322
6.16 0.00398382726887
6.17 0.00397468387511
6.18 0.00396555104982
6.19 0.00395642885023
6.2 0.00394731733298
6.21 0.00393821655412
6.22 0.00392912656906
6.23 0.00392004743265
6.24 0.00391097919911
6.25 0.0039019219221
6.26 0.00389287565469
6.27 0.00388384044934
6.28 0.00387481635796
6.29 0.00386580343187
6.3 0.00385680172183
6.31 0.00384781127802
6.32 0.00383883215006
6.33 0.00382986438701
6.34 0.00382090803737
6.35 0.00381196314909
6.36 0.00380302976957
6.37 0.00379410794567
6.38 0.00378519772369
6.39 0.0037762991494
6.4 0.00376741226805
6.41 0.00375853712432
6.42 0.00374967376241
6.43 0.00374082222595
6.44 0.00373198255808
6.45 0.00372315480139
6.46 0.003714338998
6.47 0.00370553518947
6.48 0.00369674341689
6.49 0.00368796372082
6.5 0.00367919614133
6.51 0.00367044071798
6.52 0.00366169748986
6.53 0.00365296649554
6.54 0.00364424777312
6.55 0.0036355413602
6.56 0.00362684729391
6.57 0.00361816561091
6.58 0.00360949634736
6.59 0.00360083953895
6.6 0.00359219522093
6.61 0.00358356342805
6.62 0.00357494419461
6.63 0.00356633755445
6.64 0.00355774354097
6.65 0.00354916218707
6.66 0.00354059352526
6.67 0.00353203758754
6.68 0.00352349440552
6.69 0.00351496401034
6.7 0.00350644643269
6.71 0.00349794170285
6.72 0.00348944985065
6.73 0.0034809709055
6.74 0.00347250489638
6.75 0.00346405185185
6.76 0.00345561180003
6.77 0.00344718476863
6.78 0.00343877078497
6.79 0.00343036987592
6.8 0.00342198206797
6.81 0.00341360738717
6.82 0.00340524585919
6.83 0.0033968975093
6.84 0.00338856236236
6.85 0.00338024044283
6.86 0.00337193177479
6.87 0.00336363638192
6.88 0.00335535428752
6.89 0.0033470855145
6.9 0.00333883008538
6.91 0.00333058802231
6.92 0.00332235934705
6.93 0.00331414408101
6.94 0.0033059422452
6.95 0.00329775386027
6.96 0.00328957894652
6.97 0.00328141752385
6.98 0.00327326961183
6.99 0.00326513522966
7.0 0.00325701439618
7.01 0.00324890712988
7.02 0.00324081344888
7.03 0.00323273337098
7.04 0.00322466691362
7.05 0.00321661409389
7.06 0.00320857492853
7.07 0.00320054943397
7.08 0.00319253762628
7.09 0.00318453952119
7.1 0.00317655513412
7.11 0.00316858448014
7.12 0.003160627574
7.13 0.00315268443011
7.14 0.00314475506259
7.15 0.00313683948522
7.16 0.00312893771144
7.17 0.00312104975441
7.18 0.00311317562695
7.19 0.00310531534158
7.2 0.00309746891052
7.21 0.00308963634565
7.22 0.00308181765859
7.23 0.00307401286062
7.24 0.00306622196272
7.25 0.00305844497561
7.26 0.00305068190967
7.27 0.003042932775
7.28 0.00303519758142
7.29 0.00302747633845
7.3 0.00301976905531
7.31 0.00301207574097
7.32 0.00300439640408
7.33 0.00299673105302
7.34 0.00298907969589
7.35 0.00298144234053
7.36 0.00297381899447
7.37 0.002966209665
7.38 0.00295861435912
7.39 0.00295103308357
7.4 0.00294346584481
7.41 0.00293591264905
7.42 0.00292837350223
7.43 0.00292084841002
7.44 0.00291333737784
7.45 0.00290584041086
7.46 0.00289835751398
7.47 0.00289088869185
7.48 0.00288343394887
7.49 0.00287599328919
7.5 0.00286856671672
7.51 0.00286115423512
7.52 0.00285375584778
7.53 0.00284637155789
7.54 0.00283900136836
7.55 0.00283164528191
7.56 0.00282430330096
7.57 0.00281697542775
7.58 0.00280966166427
7.59 0.00280236201225
7.6 0.00279507647324
7.61 0.00278780504852
7.62 0.00278054773916
7.63 0.00277330454602
7.64 0.00276607546971
7.65 0.00275886051063
7.66 0.00275165966898
7.67 0.00274447294471
7.68 0.00273730033757
7.69 0.0027301418471
7.7 0.00272299747263
7.71 0.00271586721326
7.72 0.00270875106791
7.73 0.00270164903525
7.74 0.00269456111379
7.75 0.00268748730182
7.76 0.0026804275974
7.77 0.00267338199844
7.78 0.0026663505026
7.79 0.00265933310738
7.8 0.00265232981006
7.81 0.00264534060775
7.82 0.00263836549733
7.83 0.00263140447552
7.84 0.00262445753884
7.85 0.00261752468363
7.86 0.00261060590602
7.87 0.00260370120198
7.88 0.00259681056727
7.89 0.00258993399751
7.9 0.00258307148809
7.91 0.00257622303425
7.92 0.00256938863105
7.93 0.00256256827337
7.94 0.0025557619559
7.95 0.00254896967318
7.96 0.00254219141956
7.97 0.00253542718924
7.98 0.00252867697624
7.99 0.00252194077439
8.0 0.00251521857739
8.01 0.00250851037876
8.02 0.00250181617185
8.03 0.00249513594986
8.04 0.00248846970581
8.05 0.00248181743258
8.06 0.00247517912288
8.07 0.00246855476927
8.08 0.00246194436416
8.09 0.00245534789979
8.1 0.00244876536826
8.11 0.0024421967615
8.12 0.00243564207132
8.13 0.00242910128936
8.14 0.00242257440712
8.15 0.00241606141594
8.16 0.00240956230704
8.17 0.00240307707147
8.18 0.00239660570015
8.19 0.00239014818386
8.2 0.00238370451324
8.21 0.00237727467879
8.22 0.00237085867088
8.23 0.00236445647971
8.24 0.00235806809539
8.25 0.00235169350788
8.26 0.00234533270698
8.27 0.00233898568241
8.28 0.00233265242371
8.29 0.00232633292033
8.3 0.00232002716156
8.31 0.00231373513658
8.32 0.00230745683445
8.33 0.00230119224409
8.34 0.0022949413543
8.35 0.00228870415377
8.36 0.00228248063107
8.37 0.00227627077462
8.38 0.00227007457275
8.39 0.00226389201366
8.4 0.00225772308545
8.41 0.00225156777608
8.42 0.00224542607342
8.43 0.00223929796519
8.44 0.00223318343904
8.45 0.00222708248249
8.46 0.00222099508294
8.47 0.0022149212277
8.48 0.00220886090395
8.49 0.00220281409879
8.5 0.0021967807992
8.51 0.00219076099204
8.52 0.00218475466409
8.53 0.00217876180201
8.54 0.00217278239238
8.55 0.00216681642165
8.56 0.00216086387619
8.57 0.00215492474226
8.58 0.00214899900604
8.59 0.00214308665359
8.6 0.00213718767089
8.61 0.00213130204381
8.62 0.00212542975814
8.63 0.00211957079958
8.64 0.00211372515372
8.65 0.00210789280608
8.66 0.00210207374206
8.67 0.002096267947
8.68 0.00209047540613
8.69 0.00208469610462
8.7 0.00207893002753
8.71 0.00207317715983
8.72 0.00206743748642
8.73 0.00206171099211
8.74 0.00205599766164
8.75 0.00205029747964
8.76 0.00204461043068
8.77 0.00203893649925
8.78 0.00203327566975
8.79 0.0020276279265
8.8 0.00202199325375
8.81 0.00201637163568
8.82 0.00201076305638
8.83 0.00200516749986
8.84 0.00199958495008
8.85 0.0019940153909
8.86 0.00198845880612
8.87 0.00198291517947
8.88 0.0019773844946
8.89 0.0019718667351
8.9 0.00196636188448
8.91 0.00196086992618
8.92 0.0019553908436
8.93 0.00194992462002
8.94 0.00194447123871
8.95 0.00193903068284
8.96 0.00193360293552
8.97 0.0019281879798
8.98 0.00192278579867
8.99 0.00191739637505
9.0 0.0019120196918
9.01 0.00190665573173
9.02 0.00190130447756
9.03 0.00189596591199
9.04 0.00189064001764
9.05 0.00188532677706
9.06 0.00188002617276
9.07 0.00187473818719
9.08 0.00186946280275
9.09 0.00186420000177
9.1 0.00185894976653
9.11 0.00185371207927
9.12 0.00184848692215
9.13 0.0018432742773
9.14 0.00183807412679
9.15 0.00183288645265
9.16 0.00182771123683
9.17 0.00182254846126
9.18 0.00181739810782
9.19 0.00181226015831
9.2 0.00180713459452
9.21 0.00180202139817
9.22 0.00179692055094
9.23 0.00179183203446
9.24 0.00178675583033
9.25 0.00178169192009
9.26 0.00177664028523
9.27 0.00177160090722
9.28 0.00176657376746
9.29 0.00176155884733
9.3 0.00175655612816
9.31 0.00175156559124
9.32 0.00174658721782
9.33 0.0017416209891
9.34 0.00173666688625
9.35 0.00173172489041
9.36 0.00172679498268
9.37 0.00172187714409
9.38 0.00171697135569
9.39 0.00171207759844
9.4 0.0017071958533
9.41 0.00170232610117
9.42 0.00169746832294
9.43 0.00169262249945
9.44 0.00168778861151
9.45 0.0016829666399
9.46 0.00167815656536
9.47 0.0016733583686
9.48 0.00166857203032
9.49 0.00166379753115
9.5 0.00165903485173
9.51 0.00165428397265
9.52 0.00164954487446
9.53 0.0016448175377
9.54 0.00164010194288
9.55 0.00163539807048
9.56 0.00163070590096
9.57 0.00162602541472
9.58 0.00162135659219
9.59 0.00161669941372
9.6 0.00161205385967
9.61 0.00160741991037
9.62 0.00160279754611
9.63 0.00159818674717
9.64 0.00159358749381
9.65 0.00158899976626
9.66 0.00158442354473
9.67 0.0015798588094
9.68 0.00157530554045
9.69 0.00157076371802
9.7 0.00156623332223
9.71 0.0015617143332
9.72 0.00155720673101
9.73 0.00155271049573
9.74 0.00154822560741
9.75 0.00154375204609
9.76 0.00153928979177
9.77 0.00153483882446
9.78 0.00153039912413
9.79 0.00152597067076
9.8 0.0015215534443
9.81 0.00151714742466
9.82 0.00151275259179
9.83 0.00150836892558
9.84 0.00150399640592
9.85 0.0014996350127
9.86 0.00149528472577
9.87 0.00149094552499
9.88 0.00148661739019
9.89 0.00148230030121
9.9 0.00147799423786
9.91 0.00147369917995
9.92 0.00146941510727
9.93 0.0014651419996
9.94 0.00146087983672
9.95 0.00145662859839
9.96 0.00145238826436
9.97 0.00144815881439
9.98 0.00144394022821
9.99 0.00143973248556
