3.13553157694
0.1 0.0006997744691
0.11 0.000767539992291
0.12 0.00083491028144
0.13 0.000901887048441
0.14 0.000968471998608
0.15 0.00103466683071
0.16 0.00110047323698
0.17 0.00116589290315
0.18 0.00123092750849
0.19 0.00129557872577
0.2 0.00135984822137
0.21 0.00142373765524
0.22 0.00148724868093
0.23 0.00155038294565
0.24 0.00161314209025
0.25 0.00167552774926
0.26 0.00173754155093
0.27 0.00179918511723
0.28 0.00186046006386
0.29 0.00192136800032
0.3 0.00198191052989
0.31 0.00204208924966
0.32 0.00210190575057
0.33 0.00216136161741
0.34 0.00222045842887
0.35 0.00227919775753
0.36 0.0023375811699
0.37 0.00239561022643
0.38 0.00245328648158
0.39 0.00251061148374
0.4 0.00256758677537
0.41 0.00262421389294
0.42 0.00268049436697
0.43 0.00273642972209
0.44 0.00279202147699
0.45 0.00284727114451
0.46 0.00290218023163
0.47 0.00295675023948
0.48 0.00301098266339
0.49 0.00306487899289
0.5 0.00311844071172
0.51 0.00317166929791
0.52 0.00322456622372
0.53 0.00327713295572
0.54 0.00332937095477
0.55 0.00338128167608
0.56 0.00343286656921
0.57 0.00348412707809
0.58 0.00353506464102
0.59 0.00358568069075
0.6 0.00363597665444
0.61 0.0036859539537
0.62 0.00373561400462
0.63 0.00378495821779
0.64 0.0038339879983
0.65 0.00388270474577
0.66 0.0039311098544
0.67 0.00397920471292
0.68 0.00402699070469
0.69 0.00407446920767
0.7 0.00412164159443
0.71 0.00416850923222
0.72 0.00421507348295
0.73 0.00426133570321
0.74 0.00430729724431
0.75 0.00435295945228
0.76 0.00439832366791
0.77 0.00444339122673
0.78 0.0044881634591
0.79 0.00453264169013
0.8 0.00457682723979
0.81 0.00462072142288
0.82 0.00466432554906
0.83 0.00470764092287
0.84 0.00475066884375
0.85 0.00479341060606
0.86 0.00483586749908
0.87 0.00487804080705
0.88 0.00491993180919
0.89 0.00496154177971
0.9 0.00500287198781
0.91 0.00504392369774
0.92 0.00508469816877
0.93 0.00512519665525
0.94 0.00516542040661
0.95 0.00520537066737
0.96 0.00524504867717
0.97 0.00528445567079
0.98 0.00532359287814
0.99 0.00536246152433
1.0 0.00540106282964
1.01 0.00543939800955
1.02 0.00547746827477
1.03 0.00551527483125
1.04 0.00555281888019
1.05 0.00559010161808
1.06 0.00562712423668
1.07 0.00566388792307
1.08 0.00570039385965
1.09 0.00573664322417
1.1 0.00577263718975
1.11 0.00580837692485
1.12 0.00584386359336
1.13 0.00587909835456
1.14 0.00591408236317
1.15 0.00594881676935
1.16 0.00598330271871
1.17 0.00601754135235
1.18 0.00605153380686
1.19 0.00608528121434
1.2 0.00611878470241
1.21 0.00615204539424
1.22 0.00618506440856
1.23 0.00621784285967
1.24 0.00625038185746
1.25 0.00628268250745
1.26 0.00631474591074
1.27 0.00634657316412
1.28 0.00637816536
1.29 0.00640952358647
1.3 0.00644064892731
1.31 0.00647154246202
1.32 0.00650220526579
1.33 0.00653263840956
1.34 0.00656284296001
1.35 0.00659281997961
1.36 0.00662257052659
1.37 0.00665209565499
1.38 0.00668139641464
1.39 0.00671047385122
1.4 0.00673932900624
1.41 0.00676796291709
1.42 0.00679637661701
1.43 0.00682457113514
1.44 0.00685254749651
1.45 0.00688030672209
1.46 0.00690784982878
1.47 0.0069351778294
1.48 0.00696229173277
1.49 0.00698919254367
1.5 0.00701588126288
1.51 0.00704235888719
1.52 0.0070686264094
1.53 0.00709468481836
1.54 0.00712053509897
1.55 0.00714617823218
1.56 0.00717161519505
1.57 0.00719684696071
1.58 0.00722187449842
1.59 0.00724669877354
1.6 0.00727132074759
1.61 0.00729574137823
1.62 0.0073199616193
1.63 0.00734398242081
1.64 0.00736780472895
1.65 0.00739142948616
1.66 0.00741485763106
1.67 0.00743809009853
1.68 0.0074611278197
1.69 0.00748397172196
1.7 0.00750662272897
1.71 0.0075290817607
1.72 0.00755134973341
1.73 0.00757342755969
1.74 0.00759531614846
1.75 0.00761701640498
1.76 0.00763852923088
1.77 0.00765985552415
1.78 0.00768099617918
1.79 0.00770195208675
1.8 0.00772272413407
1.81 0.00774331320476
1.82 0.00776372017888
1.83 0.00778394593296
1.84 0.00780399133997
1.85 0.00782385726938
1.86 0.00784354458715
1.87 0.00786305415573
1.88 0.00788238683412
1.89 0.00790154347781
1.9 0.00792052493886
1.91 0.00793933206588
1.92 0.00795796570406
1.93 0.00797642669515
1.94 0.00799471587752
1.95 0.00801283408613
1.96 0.00803078215256
1.97 0.00804856090504
1.98 0.00806617116842
1.99 0.00808361376422
2.0 0.00810088951064
2.01 0.00811799922255
2.02 0.00813494371151
2.03 0.0081517237858
2.04 0.00816834025041
2.05 0.00818479390707
2.06 0.00820108555425
2.07 0.00821721598715
2.08 0.00823318599779
2.09 0.00824899637492
2.1 0.00826464790412
2.11 0.00828014136773
2.12 0.00829547754495
2.13 0.00831065721178
2.14 0.00832568114107
2.15 0.00834055010252
2.16 0.00835526486268
2.17 0.00836982618499
2.18 0.00838423482976
2.19 0.00839849155423
2.2 0.0084125971125
2.21 0.00842655225563
2.22 0.0084403577316
2.23 0.00845401428532
2.24 0.00846752265867
2.25 0.0084808835905
2.26 0.00849409781663
2.27 0.00850716606985
2.28 0.00852008907999
2.29 0.00853286757386
2.3 0.0085455022753
2.31 0.00855799390518
2.32 0.00857034318143
2.33 0.00858255081902
2.34 0.00859461752998
2.35 0.00860654402345
2.36 0.00861833100562
2.37 0.00862997917979
2.38 0.0086414892464
2.39 0.00865286190297
2.4 0.00866409784416
2.41 0.0086751977618
2.42 0.00868616234485
2.43 0.00869699227942
2.44 0.00870768824883
2.45 0.00871825093356
2.46 0.00872868101128
2.47 0.0087389791569
2.48 0.0087491460425
2.49 0.00875918233743
2.5 0.00876908870825
2.51 0.00877886581877
2.52 0.00878851433007
2.53 0.00879803490048
2.54 0.00880742818564
2.55 0.00881669483844
2.56 0.00882583550909
2.57 0.00883485084511
2.58 0.00884374149133
2.59 0.00885250808992
2.6 0.00886115128037
2.61 0.00886967169954
2.62 0.00887806998164
2.63 0.00888634675825
2.64 0.00889450265833
2.65 0.00890253830821
2.66 0.00891045433166
2.67 0.00891825134981
2.68 0.00892592998125
2.69 0.00893349084197
2.7 0.0089409345454
2.71 0.00894826170244
2.72 0.00895547292141
2.73 0.00896256880813
2.74 0.00896954996588
2.75 0.00897641699542
2.76 0.00898317049502
2.77 0.00898981106044
2.78 0.00899633928496
2.79 0.00900275575938
2.8 0.00900906107204
2.81 0.00901525580881
2.82 0.00902134055313
2.83 0.00902731588596
2.84 0.00903318238588
2.85 0.00903894062902
2.86 0.0090445911891
2.87 0.00905013463743
2.88 0.00905557154294
2.89 0.00906090247217
2.9 0.00906612798929
2.91 0.00907124865608
2.92 0.00907626503199
2.93 0.00908117767411
2.94 0.00908598713718
2.95 0.00909069397361
2.96 0.00909529873351
2.97 0.00909980196464
2.98 0.00910420421249
2.99 0.00910850602023
3.0 0.00911270792875
3.01 0.00911681047666
3.02 0.0091208142003
3.03 0.00912471963375
3.04 0.00912852730884
3.05 0.00913223775513
3.06 0.00913585149998
3.07 0.0091393690685
3.08 0.00914279098358
3.09 0.00914611776592
3.1 0.00914934993399
3.11 0.00915248800408
3.12 0.0091555324903
3.13 0.00915848390456
3.14 0.00916134275663
3.15 0.0091641095541
3.16 0.00916678480241
3.17 0.00916936900485
3.18 0.00917186266259
3.19 0.00917426627465
3.2 0.00917658033796
3.21 0.0091788053473
3.22 0.00918094179538
3.23 0.00918299017279
3.24 0.00918495096804
3.25 0.00918682466756
3.26 0.00918861175571
3.27 0.00919031271478
3.28 0.00919192802501
3.29 0.00919345816459
3.3 0.00919490360967
3.31 0.00919626483435
3.32 0.00919754231072
3.33 0.00919873650887
3.34 0.00919984789683
3.35 0.00920087694069
3.36 0.00920182410449
3.37 0.00920268985032
3.38 0.00920347463826
3.39 0.00920417892646
3.4 0.00920480317106
3.41 0.00920534782627
3.42 0.00920581334435
3.43 0.0092062001756
3.44 0.00920650876841
3.45 0.00920673956923
3.46 0.00920689302258
3.47 0.00920696957108
3.48 0.00920696965546
3.49 0.00920689371451
3.5 0.00920674218518
3.51 0.00920651550249
3.52 0.00920621409963
3.53 0.00920583840787
3.54 0.00920538885666
3.55 0.00920486587358
3.56 0.00920426988437
3.57 0.0092036013129
3.58 0.00920286058125
3.59 0.00920204810965
3.6 0.0092011643165
3.61 0.00920020961842
3.62 0.00919918443019
3.63 0.00919808916482
3.64 0.00919692423351
3.65 0.00919569004569
3.66 0.00919438700899
3.67 0.00919301552929
3.68 0.00919157601069
3.69 0.00919006885556
3.7 0.00918849446449
3.71 0.00918685323634
3.72 0.00918514556823
3.73 0.00918337185555
3.74 0.00918153249196
3.75 0.00917962786941
3.76 0.00917765837815
3.77 0.0091756244067
3.78 0.00917352634191
3.79 0.00917136456892
3.8 0.00916913947119
3.81 0.00916685143051
3.82 0.00916450082698
3.83 0.00916208803907
3.84 0.00915961344356
3.85 0.00915707741558
3.86 0.00915448032863
3.87 0.00915182255457
3.88 0.00914910446361
3.89 0.00914632642435
3.9 0.00914348880375
3.91 0.00914059196719
3.92 0.00913763627841
3.93 0.00913462209956
3.94 0.0091315497912
3.95 0.00912841971229
3.96 0.00912523222022
3.97 0.00912198767078
3.98 0.00911868641823
3.99 0.00911532881521
4.0 0.00911191521286
4.01 0.00910844596072
4.02 0.00910492140681
4.03 0.0091013418976
4.04 0.00909770777804
4.05 0.00909401939151
4.06 0.00909027707992
4.07 0.00908648118364
4.08 0.00908263204151
4.09 0.0090787299909
4.1 0.00907477536766
4.11 0.00907076850615
4.12 0.00906670973924
4.13 0.00906259939833
4.14 0.00905843781332
4.15 0.00905422531268
4.16 0.00904996222337
4.17 0.00904564887093
4.18 0.00904128557941
4.19 0.00903687267145
4.2 0.00903241046822
4.21 0.00902789928946
4.22 0.00902333945349
4.23 0.00901873127721
4.24 0.00901407507606
4.25 0.00900937116412
4.26 0.00900461985403
4.27 0.00899982145704
4.28 0.00899497628298
4.29 0.00899008464032
4.3 0.00898514683611
4.31 0.00898016317606
4.32 0.00897513396447
4.33 0.00897005950429
4.34 0.00896494009708
4.35 0.00895977604306
4.36 0.00895456764111
4.37 0.00894931518872
4.38 0.00894401898208
4.39 0.00893867931601
4.4 0.00893329648402
4.41 0.00892787077826
4.42 0.0089224024896
4.43 0.00891689190755
4.44 0.00891133932035
4.45 0.00890574501489
4.46 0.0089001092768
4.47 0.00889443239037
4.48 0.00888871463863
4.49 0.00888295630331
4.5 0.00887715766487
4.51 0.00887131900248
4.52 0.00886544059404
4.53 0.00885952271619
4.54 0.00885356564431
4.55 0.0088475696525
4.56 0.00884153501365
4.57 0.00883546199936
4.58 0.00882935088001
4.59 0.00882320192476
4.6 0.0088170154015
4.61 0.00881079157691
4.62 0.00880453071646
4.63 0.00879823308438
4.64 0.00879189894371
4.65 0.00878552855626
4.66 0.00877912218266
4.67 0.00877268008231
4.68 0.00876620251345
4.69 0.00875968973311
4.7 0.00875314199715
4.71 0.00874655956023
4.72 0.00873994267585
4.73 0.00873329159633
4.74 0.00872660657285
4.75 0.00871988785539
4.76 0.00871313569281
4.77 0.00870635033279
4.78 0.00869953202187
4.79 0.00869268100546
4.8 0.00868579752783
4.81 0.00867888183209
4.82 0.00867193416025
4.83 0.00866495475319
4.84 0.00865794385066
4.85 0.0086509016913
4.86 0.00864382851264
4.87 0.00863672455109
4.88 0.00862959004198
4.89 0.00862242521952
4.9 0.00861523031684
4.91 0.00860800556598
4.92 0.00860075119789
4.93 0.00859346744244
4.94 0.00858615452842
4.95 0.00857881268356
4.96 0.0085714421345
4.97 0.00856404310685
4.98 0.00855661582512
4.99 0.0085491605128
5.0 0.0085416773923
5.01 0.00853416668502
5.02 0.00852662861127
5.03 0.00851906339036
5.04 0.00851147124055
5.05 0.00850385237907
5.06 0.00849620702212
5.07 0.0084885353849
5.08 0.00848083768156
5.09 0.00847311412526
5.1 0.00846536492814
5.11 0.00845759030133
5.12 0.00844979045498
5.13 0.00844196559821
5.14 0.00843411593917
5.15 0.00842624168502
5.16 0.00841834304192
5.17 0.00841042021506
5.18 0.00840247340865
5.19 0.00839450282592
5.2 0.00838650866913
5.21 0.00837849113959
5.22 0.00837045043762
5.23 0.00836238676262
5.24 0.00835430031299
5.25 0.00834619128622
5.26 0.00833805987882
5.27 0.00832990628639
5.28 0.00832173070357
5.29 0.00831353332405
5.3 0.00830531434062
5.31 0.00829707394514
5.32 0.00828881232851
5.33 0.00828052968075
5.34 0.00827222619094
5.35 0.00826390204725
5.36 0.00825555743696
5.37 0.00824719254642
5.38 0.00823880756108
5.39 0.00823040266551
5.4 0.00822197804337
5.41 0.00821353387742
5.42 0.00820507034957
5.43 0.0081965876408
5.44 0.00818808593124
5.45 0.00817956540013
5.46 0.00817102622584
5.47 0.00816246858588
5.48 0.00815389265688
5.49 0.0081452986146
5.5 0.00813668663397
5.51 0.00812805688905
5.52 0.00811940955303
5.53 0.00811074479827
5.54 0.00810206279629
5.55 0.00809336371775
5.56 0.00808464773248
5.57 0.00807591500948
5.58 0.00806716571692
5.59 0.00805840002213
5.6 0.00804961809162
5.61 0.00804082009108
5.62 0.00803200618538
5.63 0.00802317653858
5.64 0.00801433131393
5.65 0.00800547067385
5.66 0.00799659477999
5.67 0.00798770379317
5.68 0.00797879787342
5.69 0.00796987717998
5.7 0.0079609418713
5.71 0.00795199210503
5.72 0.00794302803805
5.73 0.00793404982644
5.74 0.00792505762551
5.75 0.00791605158979
5.76 0.00790703187306
5.77 0.00789799862829
5.78 0.00788895200772
5.79 0.0078798921628
5.8 0.00787081924425
5.81 0.007861733402
5.82 0.00785263478525
5.83 0.00784352354243
5.84 0.00783439982125
5.85 0.00782526376865
5.86 0.00781611553084
5.87 0.00780695525328
5.88 0.00779778308072
5.89 0.00778859915715
5.9 0.00777940362584
5.91 0.00777019662934
5.92 0.00776097830948
5.93 0.00775174880734
5.94 0.00774250826332
5.95 0.0077332568171
5.96 0.00772399460761
5.97 0.00771472177312
5.98 0.00770543845117
5.99 0.0076961447786
6.0 0.00768684089155
6.01 0.00767752692547
6.02 0.00766820301511
6.03 0.00765886929452
6.04 0.00764952589708
6.05 0.00764017295547
6.06 0.00763081060169
6.07 0.00762143896707
6.08 0.00761205818226
6.09 0.00760266837722
6.1 0.00759326968126
6.11 0.007583862223
6.12 0.00757444613042
6.13 0.00756502153081
6.14 0.00755558855082
6.15 0.00754614731644
6.16 0.00753669795298
6.17 0.00752724058514
6.18 0.00751777533694
6.19 0.00750830233176
6.2 0.00749882169233
6.21 0.00748933354077
6.22 0.00747983799851
6.23 0.00747033518639
6.24 0.00746082522459
6.25 0.00745130823268
6.26 0.00744178432957
6.27 0.00743225363358
6.28 0.00742271626238
6.29 0.00741317233304
6.3 0.007403621962
6.31 0.00739406526509
6.32 0.00738450235753
6.33 0.00737493335391
6.34 0.00736535836824
6.35 0.00735577751392
6.36 0.00734619090373
6.37 0.00733659864986
6.38 0.00732700086392
6.39 0.00731739765689
6.4 0.0073077891392
6.41 0.00729817542064
6.42 0.00728855661047
6.43 0.00727893281731
6.44 0.00726930414924
6.45 0.00725967071374
6.46 0.00725003261771
6.47 0.00724038996748
6.48 0.00723074286882
6.49 0.00722109142691
6.5 0.00721143574637
6.51 0.00720177593125
6.52 0.00719211208506
6.53 0.00718244431071
6.54 0.00717277271058
6.55 0.00716309738649
6.56 0.0071534184397
6.57 0.00714373597093
6.58 0.00713405008034
6.59 0.00712436086754
6.6 0.00711466843161
6.61 0.00710497287107
6.62 0.00709527428392
6.63 0.00708557276762
6.64 0.00707586841907
6.65 0.00706616133468
6.66 0.00705645161028
6.67 0.00704673934121
6.68 0.00703702462227
6.69 0.00702730754773
6.7 0.00701758821136
6.71 0.00700786670638
6.72 0.00699814312552
6.73 0.00698841756098
6.74 0.00697869010445
6.75 0.00696896084711
6.76 0.00695922987963
6.77 0.00694949729218
6.78 0.00693976317443
6.79 0.00693002761552
6.8 0.00692029070413
6.81 0.0069105525284
6.82 0.00690081317602
6.83 0.00689107273416
6.84 0.00688133128948
6.85 0.0068715889282
6.86 0.00686184573601
6.87 0.00685210179814
6.88 0.00684235719933
6.89 0.00683261202382
6.9 0.00682286635541
6.91 0.00681312027738
6.92 0.00680337387258
6.93 0.00679362722335
6.94 0.00678388041158
6.95 0.00677413351868
6.96 0.0067643866256
6.97 0.00675463981282
6.98 0.00674489316038
6.99 0.00673514674782
7.0 0.00672540065425
7.01 0.00671565495832
7.02 0.00670590973822
7.03 0.00669616507168
7.04 0.006686421036
7.05 0.00667667770801
7.06 0.00666693516411
7.07 0.00665719348024
7.08 0.00664745273191
7.09 0.00663771299418
7.1 0.00662797434168
7.11 0.00661823684859
7.12 0.00660850058866
7.13 0.00659876563522
7.14 0.00658903206115
7.15 0.00657929993891
7.16 0.00656956934052
7.17 0.00655984033759
7.18 0.0065501130013
7.19 0.00654038740241
7.2 0.00653066361125
7.21 0.00652094169774
7.22 0.00651122173139
7.23 0.00650150378127
7.24 0.00649178791607
7.25 0.00648207420404
7.26 0.00647236271304
7.27 0.0064626535105
7.28 0.00645294666348
7.29 0.0064432422386
7.3 0.0064335403021
7.31 0.00642384091981
7.32 0.00641414415716
7.33 0.00640445007918
7.34 0.00639475875052
7.35 0.00638507023542
7.36 0.00637538459775
7.37 0.00636570190095
7.38 0.00635602220811
7.39 0.00634634558191
7.4 0.00633667208467
7.41 0.00632700177829
7.42 0.00631733472433
7.43 0.00630767098393
7.44 0.00629801061789
7.45 0.00628835368659
7.46 0.00627870025008
7.47 0.006269050368
7.48 0.00625940409965
7.49 0.00624976150393
7.5 0.00624012263939
7.51 0.0062304875642
7.52 0.00622085633619
7.53 0.0062112290128
7.54 0.00620160565111
7.55 0.00619198630786
7.56 0.00618237103942
7.57 0.00617275990179
7.58 0.00616315295064
7.59 0.00615355024126
7.6 0.00614395182861
7.61 0.00613435776727
7.62 0.00612476811151
7.63 0.00611518291523
7.64 0.00610560223197
7.65 0.00609602611496
7.66 0.00608645461705
7.67 0.00607688779078
7.68 0.00606732568834
7.69 0.00605776836156
7.7 0.00604821586196
7.71 0.00603866824073
7.72 0.00602912554868
7.73 0.00601958783635
7.74 0.0060100551539
7.75 0.00600052755119
7.76 0.00599100507773
7.77 0.00598148778272
7.78 0.00597197571502
7.79 0.00596246892319
7.8 0.00595296745545
7.81 0.00594347135969
7.82 0.00593398068351
7.83 0.00592449547416
7.84 0.0059150157786
7.85 0.00590554164345
7.86 0.00589607311505
7.87 0.0058866102394
7.88 0.00587715306219
7.89 0.00586770162882
7.9 0.00585825598436
7.91 0.0058488161736
7.92 0.00583938224099
7.93 0.0058299542307
7.94 0.0058205321866
7.95 0.00581111615225
7.96 0.0058017061709
7.97 0.00579230228553
7.98 0.0057829045388
7.99 0.00577351297309
8.0 0.00576412763046
8.01 0.0057547485527
8.02 0.00574537578131
8.03 0.00573600935749
8.04 0.00572664932215
8.05 0.00571729571592
8.06 0.00570794857914
8.07 0.00569860795186
8.08 0.00568927387386
8.09 0.00567994638462
8.1 0.00567062552336
8.11 0.00566131132899
8.12 0.00565200384017
8.13 0.00564270309528
8.14 0.00563340913241
8.15 0.00562412198938
8.16 0.00561484170374
8.17 0.00560556831277
8.18 0.00559630185347
8.19 0.00558704236258
8.2 0.00557778987657
8.21 0.00556854443164
8.22 0.00555930606372
8.23 0.00555007480848
8.24 0.00554085070133
8.25 0.00553163377742
8.26 0.00552242407163
8.27 0.00551322161857
8.28 0.00550402645263
8.29 0.0054948386079
8.3 0.00548565811823
8.31 0.00547648501723
8.32 0.00546731933823
8.33 0.00545816111433
8.34 0.00544901037836
8.35 0.00543986716291
8.36 0.00543073150033
8.37 0.0054216034227
8.38 0.00541248296187
8.39 0.00540337014943
8.4 0.00539426501675
8.41 0.00538516759492
8.42 0.00537607791483
8.43 0.00536699600709
8.44 0.0053579219021
8.45 0.00534885563001
8.46 0.00533979722072
8.47 0.00533074670391
8.48 0.00532170410902
8.49 0.00531266946526
8.5 0.00530364280159
8.51 0.00529462414676
8.52 0.00528561352928
8.53 0.00527661097741
8.54 0.00526761651922
8.55 0.00525863018252
8.56 0.00524965199491
8.57 0.00524068198375
8.58 0.0052317201762
8.59 0.00522276659918
8.6 0.00521382127937
8.61 0.00520488424327
8.62 0.00519595551712
8.63 0.00518703512697
8.64 0.00517812309863
8.65 0.00516921945771
8.66 0.00516032422959
8.67 0.00515143743944
8.68 0.00514255911222
8.69 0.00513368927268
8.7 0.00512482794534
8.71 0.00511597515453
8.72 0.00510713092435
8.73 0.00509829527871
8.74 0.0050894682413
8.75 0.00508064983561
8.76 0.00507184008491
8.77 0.00506303901229
8.78 0.00505424664061
8.79 0.00504546299254
8.8 0.00503668809054
8.81 0.00502792195689
8.82 0.00501916461365
8.83 0.00501041608268
8.84 0.00500167638564
8.85 0.00499294554401
8.86 0.00498422357907
8.87 0.00497551051189
8.88 0.00496680636334
8.89 0.00495811115414
8.9 0.00494942490476
8.91 0.00494074763552
8.92 0.00493207936653
8.93 0.00492342011772
8.94 0.00491476990883
8.95 0.0049061287594
8.96 0.00489749668879
8.97 0.00488887371618
8.98 0.00488025986057
8.99 0.00487165514075
9.0 0.00486305957536
9.01 0.00485447318282
9.02 0.0048458959814
9.03 0.00483732798918
9.04 0.00482876922406
9.05 0.00482021970375
9.06 0.0048116794458
9.07 0.00480314846758
9.08 0.00479462678626
9.09 0.00478611441886
9.1 0.00477761138222
9.11 0.00476911769301
9.12 0.00476063336772
9.13 0.00475215842265
9.14 0.00474369287398
9.15 0.00473523673766
9.16 0.00472679002952
9.17 0.00471835276519
9.18 0.00470992496014
9.19 0.00470150662969
9.2 0.00469309778896
9.21 0.00468469845293
9.22 0.00467630863642
9.23 0.00466792835407
9.24 0.00465955762036
9.25 0.00465119644962
9.26 0.004642844856
9.27 0.00463450285351
9.28 0.00462617045598
9.29 0.0046178476771
9.3 0.00460953453039
9.31 0.00460123102922
9.32 0.00459293718679
9.33 0.00458465301617
9.34 0.00457637853025
9.35 0.00456811374178
9.36 0.00455985866336
9.37 0.00455161330741
9.38 0.00454337768623
9.39 0.00453515181197
9.4 0.00452693569659
9.41 0.00451872935196
9.42 0.00451053278974
9.43 0.00450234602149
9.44 0.0044941690586
9.45 0.00448600191232
9.46 0.00447784459375
9.47 0.00446969711385
9.48 0.00446155948343
9.49 0.00445343171316
9.5 0.00444531381357
9.51 0.00443720579505
9.52 0.00442910766783
9.53 0.00442101944204
9.54 0.00441294112761
9.55 0.0044048727344
9.56 0.00439681427207
9.57 0.00438876575019
9.58 0.00438072717815
9.59 0.00437269856525
9.6 0.00436467992061
9.61 0.00435667125325
9.62 0.00434867257204
9.63 0.00434068388571
9.64 0.00433270520288
9.65 0.00432473653201
9.66 0.00431677788145
9.67 0.00430882925941
9.68 0.00430089067397
9.69 0.00429296213309
9.7 0.00428504364459
9.71 0.00427713521617
9.72 0.00426923685539
9.73 0.0042613485697
9.74 0.00425347036641
9.75 0.00424560225272
9.76 0.00423774423569
9.77 0.00422989632226
9.78 0.00422205851926
9.79 0.00421423083339
9.8 0.00420641327121
9.81 0.00419860583918
9.82 0.00419080854363
9.83 0.00418302139078
9.84 0.00417524438672
9.85 0.00416747753743
9.86 0.00415972084876
9.87 0.00415197432645
9.88 0.00414423797612
9.89 0.00413651180328
9.9 0.00412879581331
9.91 0.00412109001151
9.92 0.00411339440302
9.93 0.00410570899289
9.94 0.00409803378606
9.95 0.00409036878734
9.96 0.00408271400145
9.97 0.00407506943299
9.98 0.00406743508644
9.99 0.00405981096618
