3.13553157694
0.1 0.000642392916055
0.11 0.000704884155785
0.12 0.000767062285313
0.13 0.00082892847135
0.14 0.000890483876749
0.15 0.00095172966052
0.16 0.00101266697784
0.17 0.00107329698007
0.18 0.00113362081476
0.19 0.00119363962565
0.2 0.00125335455271
0.21 0.00131276673214
0.22 0.00137187729637
0.23 0.00143068737407
0.24 0.00148919809019
0.25 0.00154741056595
0.26 0.00160532591885
0.27 0.00166294526268
0.28 0.00172026970754
0.29 0.00177730035987
0.3 0.0018340383224
0.31 0.00189048469425
0.32 0.00194664057086
0.33 0.00200250704404
0.34 0.00205808520198
0.35 0.00211337612927
0.36 0.00216838090686
0.37 0.00222310061216
0.38 0.00227753631896
0.39 0.0023316890975
0.4 0.00238556001447
0.41 0.00243915013299
0.42 0.00249246051266
0.43 0.00254549220957
0.44 0.00259824627627
0.45 0.00265072376182
0.46 0.00270292571179
0.47 0.00275485316826
0.48 0.00280650716987
0.49 0.00285788875176
0.5 0.00290899894564
0.51 0.0029598387798
0.52 0.00301040927908
0.53 0.0030607114649
0.54 0.00311074635531
0.55 0.00316051496491
0.56 0.00321001830498
0.57 0.00325925738337
0.58 0.00330823320459
0.59 0.00335694676982
0.6 0.00340539907685
0.61 0.00345359112017
0.62 0.00350152389095
0.63 0.00354919837704
0.64 0.00359661556298
0.65 0.00364377643004
0.66 0.00369068195619
0.67 0.00373733311615
0.68 0.00378373088136
0.69 0.00382987622002
0.7 0.00387577009709
0.71 0.00392141347431
0.72 0.00396680731018
0.73 0.00401195256
0.74 0.00405685017589
0.75 0.00410150110674
0.76 0.0041459062983
0.77 0.00419006669313
0.78 0.00423398323064
0.79 0.00427765684707
0.8 0.00432108847555
0.81 0.00436427904606
0.82 0.00440722948546
0.83 0.00444994071752
0.84 0.00449241366287
0.85 0.00453464923909
0.86 0.00457664836065
0.87 0.00461841193897
0.88 0.00465994088239
0.89 0.00470123609621
0.9 0.00474229848267
0.91 0.00478312894099
0.92 0.00482372836738
0.93 0.00486409765499
0.94 0.00490423769402
0.95 0.00494414937163
0.96 0.00498383357202
0.97 0.0050232911764
0.98 0.00506252306302
0.99 0.00510153010716
1.0 0.00514031318116
1.01 0.00517887315443
1.02 0.00521721089343
1.03 0.0052553272617
1.04 0.00529322311988
1.05 0.0053308993257
1.06 0.00536835673399
1.07 0.00540559619671
1.08 0.00544261856293
1.09 0.00547942467886
1.1 0.00551601538784
1.11 0.00555239153038
1.12 0.00558855394414
1.13 0.00562450346395
1.14 0.0056602409218
1.15 0.00569576714691
1.16 0.00573108296564
1.17 0.0057661892016
1.18 0.00580108667559
1.19 0.00583577620564
1.2 0.005870258607
1.21 0.00590453469217
1.22 0.00593860527089
1.23 0.00597247115016
1.24 0.00600613313425
1.25 0.0060395920247
1.26 0.00607284862031
1.27 0.00610590371722
1.28 0.00613875810882
1.29 0.00617141258583
1.3 0.0062038679363
1.31 0.00623612494556
1.32 0.00626818439633
1.33 0.00630004706862
1.34 0.00633171373983
1.35 0.00636318518469
1.36 0.00639446217531
1.37 0.00642554548117
1.38 0.00645643586914
1.39 0.00648713410347
1.4 0.00651764094581
1.41 0.00654795715523
1.42 0.00657808348821
1.43 0.00660802069865
1.44 0.00663776953788
1.45 0.00666733075468
1.46 0.00669670509527
1.47 0.00672589330332
1.48 0.00675489611999
1.49 0.00678371428389
1.5 0.0068123485311
1.51 0.00684079959522
1.52 0.00686906820733
1.53 0.006897155096
1.54 0.00692506098733
1.55 0.00695278660494
1.56 0.00698033266997
1.57 0.0070076999011
1.58 0.00703488901454
1.59 0.00706190072407
1.6 0.00708873574103
1.61 0.00711539477429
1.62 0.00714187853035
1.63 0.00716818771324
1.64 0.00719432302461
1.65 0.0072202851637
1.66 0.00724607482734
1.67 0.00727169271001
1.68 0.00729713950376
1.69 0.0073224158983
1.7 0.00734752258097
1.71 0.00737246023674
1.72 0.00739722954825
1.73 0.00742183119578
1.74 0.00744626585727
1.75 0.00747053420835
1.76 0.00749463692233
1.77 0.00751857467017
1.78 0.00754234812058
1.79 0.00756595793992
1.8 0.0075894047923
1.81 0.00761268933951
1.82 0.00763581224108
1.83 0.00765877415428
1.84 0.00768157573411
1.85 0.00770421763329
1.86 0.00772670050233
1.87 0.00774902498948
1.88 0.00777119174075
1.89 0.00779320139995
1.9 0.00781505460862
1.91 0.00783675200615
1.92 0.00785829422967
1.93 0.00787968191414
1.94 0.00790091569232
1.95 0.0079219961948
1.96 0.00794292404996
1.97 0.00796369988403
1.98 0.00798432432109
1.99 0.00800479798303
2.0 0.00802512148961
2.01 0.00804529545844
2.02 0.008065320505
2.03 0.00808519724263
2.04 0.00810492628256
2.05 0.00812450823388
2.06 0.00814394370361
2.07 0.00816323329662
2.08 0.00818237761572
2.09 0.00820137726161
2.1 0.00822023283292
2.11 0.00823894492619
2.12 0.0082575141359
2.13 0.00827594105447
2.14 0.00829422627226
2.15 0.00831237037756
2.16 0.00833037395665
2.17 0.00834823759376
2.18 0.00836596187107
2.19 0.00838354736877
2.2 0.008400994665
2.21 0.00841830433592
2.22 0.00843547695565
2.23 0.00845251309635
2.24 0.00846941332815
2.25 0.00848617821923
2.26 0.00850280833577
2.27 0.00851930424197
2.28 0.00853566650009
2.29 0.00855189567039
2.3 0.00856799231123
2.31 0.00858395697897
2.32 0.00859979022805
2.33 0.00861549261098
2.34 0.00863106467834
2.35 0.00864650697878
2.36 0.00866182005903
2.37 0.00867700446391
2.38 0.00869206073634
2.39 0.00870698941736
2.4 0.00872179104607
2.41 0.00873646615973
2.42 0.00875101529369
2.43 0.00876543898145
2.44 0.00877973775461
2.45 0.00879391214294
2.46 0.00880796267433
2.47 0.00882188987483
2.48 0.00883569426865
2.49 0.00884937637814
2.5 0.00886293672385
2.51 0.00887637582447
2.52 0.00888969419689
2.53 0.00890289235617
2.54 0.00891597081558
2.55 0.00892893008657
2.56 0.0089417706788
2.57 0.00895449310012
2.58 0.00896709785663
2.59 0.00897958545262
2.6 0.0089919563906
2.61 0.00900421117134
2.62 0.00901635029382
2.63 0.00902837425528
2.64 0.00904028355119
2.65 0.00905207867528
2.66 0.00906376011956
2.67 0.00907532837427
2.68 0.00908678392794
2.69 0.00909812726738
2.7 0.00910935887766
2.71 0.00912047924216
2.72 0.00913148884254
2.73 0.00914238815875
2.74 0.00915317766907
2.75 0.00916385785006
2.76 0.00917442917661
2.77 0.00918489212193
2.78 0.00919524715754
2.79 0.00920549475331
2.8 0.00921563537743
2.81 0.00922566949644
2.82 0.00923559757522
2.83 0.00924542007701
2.84 0.0092551374634
2.85 0.00926475019435
2.86 0.00927425872818
2.87 0.00928366352158
2.88 0.00929296502963
2.89 0.00930216370579
2.9 0.00931126000189
2.91 0.00932025436819
2.92 0.00932914725331
2.93 0.0093379391043
2.94 0.00934663036661
2.95 0.00935522148411
2.96 0.00936371289909
2.97 0.00937210505224
2.98 0.00938039838271
2.99 0.00938859332809
3.0 0.00939669032437
3.01 0.00940468980602
3.02 0.00941259220595
3.03 0.00942039795553
3.04 0.00942810748457
3.05 0.00943572122136
3.06 0.00944323959267
3.07 0.00945066302373
3.08 0.00945799193825
3.09 0.00946522675842
3.1 0.00947236790494
3.11 0.00947941579699
3.12 0.00948637085225
3.13 0.0094932334869
3.14 0.00950000411563
3.15 0.00950668315167
3.16 0.00951327100672
3.17 0.00951976809105
3.18 0.00952617481343
3.19 0.00953249158117
3.2 0.00953871880013
3.21 0.00954485687469
3.22 0.00955090620779
3.23 0.00955686720093
3.24 0.00956274025415
3.25 0.00956852576606
3.26 0.00957422413383
3.27 0.00957983575322
3.28 0.00958536101854
3.29 0.00959080032269
3.3 0.00959615405717
3.31 0.00960142261203
3.32 0.00960660637596
3.33 0.00961170573622
3.34 0.00961672107868
3.35 0.00962165278781
3.36 0.00962650124671
3.37 0.00963126683707
3.38 0.00963594993924
3.39 0.00964055093215
3.4 0.00964507019339
3.41 0.00964950809917
3.42 0.00965386502436
3.43 0.00965814134245
3.44 0.00966233742557
3.45 0.00966645364455
3.46 0.00967049036881
3.47 0.00967444796649
3.48 0.00967832680436
3.49 0.00968212724788
3.5 0.00968584966115
3.51 0.009689494407
3.52 0.0096930618469
3.53 0.00969655234102
3.54 0.00969996624822
3.55 0.00970330392607
3.56 0.00970656573082
3.57 0.00970975201743
3.58 0.00971286313958
3.59 0.00971589944963
3.6 0.0097188612987
3.61 0.0097217490366
3.62 0.00972456301188
3.63 0.0097273035718
3.64 0.00972997106238
3.65 0.00973256582835
3.66 0.00973508821321
3.67 0.00973753855919
3.68 0.00973991720725
3.69 0.00974222449715
3.7 0.00974446076737
3.71 0.00974662635517
3.72 0.00974872159656
3.73 0.00975074682634
3.74 0.00975270237807
3.75 0.00975458858409
3.76 0.00975640577553
3.77 0.00975815428231
3.78 0.00975983443311
3.79 0.00976144655544
3.8 0.00976299097558
3.81 0.00976446801864
3.82 0.00976587800852
3.83 0.00976722126792
3.84 0.00976849811836
3.85 0.0097697088802
3.86 0.0097708538726
3.87 0.00977193341353
3.88 0.00977294781983
3.89 0.00977389740714
3.9 0.00977478248995
3.91 0.00977560338159
3.92 0.00977636039423
3.93 0.0097770538389
3.94 0.00977768402546
3.95 0.00977825126265
3.96 0.00977875585805
3.97 0.00977919811813
3.98 0.00977957834819
3.99 0.00977989685243
4.0 0.00978015393392
4.01 0.00978034989459
4.02 0.00978048503528
4.03 0.00978055965569
4.04 0.00978057405443
4.05 0.00978052852898
4.06 0.00978042337574
4.07 0.00978025889001
4.08 0.00978003536596
4.09 0.00977975309672
4.1 0.00977941237428
4.11 0.00977901348958
4.12 0.00977855673246
4.13 0.00977804239169
4.14 0.00977747075497
4.15 0.00977684210892
4.16 0.00977615673909
4.17 0.00977541492997
4.18 0.009774616965
4.19 0.00977376312655
4.2 0.00977285369593
4.21 0.00977188895343
4.22 0.00977086917826
4.23 0.0097697946486
4.24 0.0097686656416
4.25 0.00976748243336
4.26 0.00976624529896
4.27 0.00976495451244
4.28 0.00976361034681
4.29 0.00976221307407
4.3 0.0097607629652
4.31 0.00975926029016
4.32 0.0097577053179
4.33 0.00975609831635
4.34 0.00975443955245
4.35 0.00975272929213
4.36 0.00975096780033
4.37 0.00974915534097
4.38 0.00974729217701
4.39 0.0097453785704
4.4 0.00974341478211
4.41 0.00974140107213
4.42 0.00973933769946
4.43 0.00973722492214
4.44 0.00973506299722
4.45 0.0097328521808
4.46 0.009730592728
4.47 0.00972828489299
4.48 0.00972592892895
4.49 0.00972352508814
4.5 0.00972107362184
4.51 0.0097185747804
4.52 0.00971602881321
4.53 0.00971343596872
4.54 0.00971079649444
4.55 0.00970811063693
4.56 0.00970537864184
4.57 0.00970260075387
4.58 0.00969977721679
4.59 0.00969690827346
4.6 0.00969399416581
4.61 0.00969103513483
4.62 0.00968803142064
4.63 0.00968498326241
4.64 0.00968189089841
4.65 0.009678754566
4.66 0.00967557450165
4.67 0.00967235094091
4.68 0.00966908411845
4.69 0.00966577426803
4.7 0.00966242162253
4.71 0.00965902641393
4.72 0.00965558887334
4.73 0.00965210923096
4.74 0.00964858771615
4.75 0.00964502455735
4.76 0.00964141998216
4.77 0.00963777421729
4.78 0.00963408748858
4.79 0.00963036002103
4.8 0.00962659203874
4.81 0.00962278376497
4.82 0.00961893542214
4.83 0.00961504723178
4.84 0.00961111941461
4.85 0.00960715219046
4.86 0.00960314577834
4.87 0.00959910039641
4.88 0.009595016262
4.89 0.0095908935916
4.9 0.00958673260085
4.91 0.00958253350458
4.92 0.00957829651678
4.93 0.00957402185062
4.94 0.00956970971843
4.95 0.00956536033176
4.96 0.00956097390129
4.97 0.00955655063693
4.98 0.00955209074776
4.99 0.00954759444205
5.0 0.00954306192726
5.01 0.00953849341006
5.02 0.00953388909631
5.03 0.00952924919106
5.04 0.0095245738986
5.05 0.00951986342238
5.06 0.00951511796511
5.07 0.00951033772866
5.08 0.00950552291417
5.09 0.00950067372195
5.1 0.00949579035155
5.11 0.00949087300176
5.12 0.00948592187056
5.13 0.0094809371552
5.14 0.00947591905211
5.15 0.00947086775701
5.16 0.00946578346481
5.17 0.00946066636968
5.18 0.00945551666503
5.19 0.00945033454352
5.2 0.00944512019703
5.21 0.00943987381673
5.22 0.009434595593
5.23 0.0094292857155
5.24 0.00942394437314
5.25 0.00941857175408
5.26 0.00941316804577
5.27 0.00940773343489
5.28 0.0094022681074
5.29 0.00939677224853
5.3 0.00939124604278
5.31 0.00938568967394
5.32 0.00938010332504
5.33 0.00937448717842
5.34 0.0093688414157
5.35 0.00936316621777
5.36 0.00935746176481
5.37 0.00935172823629
5.38 0.00934596581097
5.39 0.00934017466692
5.4 0.00933435498147
5.41 0.00932850693129
5.42 0.00932263069231
5.43 0.0093167264398
5.44 0.00931079434831
5.45 0.00930483459171
5.46 0.00929884734318
5.47 0.0092928327752
5.48 0.00928679105958
5.49 0.00928072236744
5.5 0.00927462686922
5.51 0.00926850473468
5.52 0.00926235613291
5.53 0.00925618123233
5.54 0.00924998020067
5.55 0.009243753205
5.56 0.00923750041174
5.57 0.00923122198663
5.58 0.00922491809474
5.59 0.00921858890049
5.6 0.00921223456766
5.61 0.00920585525933
5.62 0.00919945113797
5.63 0.00919302236538
5.64 0.00918656910272
5.65 0.00918009151048
5.66 0.00917358974854
5.67 0.00916706397611
5.68 0.00916051435178
5.69 0.00915394103349
5.7 0.00914734417855
5.71 0.00914072394364
5.72 0.00913408048478
5.73 0.00912741395742
5.74 0.00912072451632
5.75 0.00911401231565
5.76 0.00910727750896
5.77 0.00910052024916
5.78 0.00909374068856
5.79 0.00908693897885
5.8 0.00908011527108
5.81 0.00907326971574
5.82 0.00906640246266
5.83 0.00905951366109
5.84 0.00905260345966
5.85 0.00904567200641
5.86 0.00903871944878
5.87 0.00903174593358
5.88 0.00902475160707
5.89 0.00901773661488
5.9 0.00901070110206
5.91 0.00900364521305
5.92 0.00899656909174
5.93 0.0089894728814
5.94 0.00898235672472
5.95 0.00897522076381
5.96 0.00896806514021
5.97 0.00896088999487
5.98 0.00895369546816
5.99 0.00894648169988
6.0 0.00893924882926
6.01 0.00893199699495
6.02 0.00892472633503
6.03 0.00891743698704
6.04 0.00891012908791
6.05 0.00890280277405
6.06 0.00889545818128
6.07 0.00888809544487
6.08 0.00888071469953
6.09 0.00887331607942
6.1 0.00886589971815
6.11 0.00885846574876
6.12 0.00885101430377
6.13 0.00884354551511
6.14 0.0088360595142
6.15 0.00882855643191
6.16 0.00882103639856
6.17 0.00881349954393
6.18 0.00880594599726
6.19 0.00879837588726
6.2 0.00879078934211
6.21 0.00878318648943
6.22 0.00877556745635
6.23 0.00876793236945
6.24 0.00876028135476
6.25 0.00875261453783
6.26 0.00874493204365
6.27 0.00873723399672
6.28 0.00872952052097
6.29 0.00872179173988
6.3 0.00871404777635
6.31 0.0087062887528
6.32 0.00869851479114
6.33 0.00869072601275
6.34 0.00868292253851
6.35 0.00867510448879
6.36 0.00866727198347
6.37 0.0086594251419
6.38 0.00865156408295
6.39 0.00864368892498
6.4 0.00863579978584
6.41 0.00862789678291
6.42 0.00861998003305
6.43 0.00861204965264
6.44 0.00860410575757
6.45 0.00859614846323
6.46 0.00858817788453
6.47 0.00858019413589
6.48 0.00857219733124
6.49 0.00856418758404
6.5 0.00855616500726
6.51 0.00854812971339
6.52 0.00854008181444
6.53 0.00853202142195
6.54 0.00852394864698
6.55 0.00851586360012
6.56 0.00850776639149
6.57 0.00849965713075
6.58 0.00849153592705
6.59 0.00848340288913
6.6 0.00847525812523
6.61 0.00846710174314
6.62 0.00845893385018
6.63 0.00845075455321
6.64 0.00844256395864
6.65 0.00843436217242
6.66 0.00842614930005
6.67 0.00841792544656
6.68 0.00840969071654
6.69 0.00840144521414
6.7 0.00839318904304
6.71 0.00838492230649
6.72 0.00837664510729
6.73 0.00836835754778
6.74 0.00836005972988
6.75 0.00835175175505
6.76 0.00834343372434
6.77 0.00833510573833
6.78 0.00832676789718
6.79 0.00831842030062
6.8 0.00831006304793
6.81 0.00830169623797
6.82 0.00829331996917
6.83 0.00828493433953
6.84 0.00827653944662
6.85 0.00826813538759
6.86 0.00825972225916
6.87 0.00825130015763
6.88 0.00824286917888
6.89 0.00823442941838
6.9 0.00822598097116
6.91 0.00821752393185
6.92 0.00820905839467
6.93 0.0082005844534
6.94 0.00819210220143
6.95 0.00818361173175
6.96 0.00817511313691
6.97 0.00816660650907
6.98 0.00815809193998
6.99 0.00814956952099
7.0 0.00814103934305
7.01 0.00813250149669
7.02 0.00812395607206
7.03 0.0081154031589
7.04 0.00810684284655
7.05 0.00809827522396
7.06 0.00808970037969
7.07 0.00808111840189
7.08 0.00807252937833
7.09 0.00806393339639
7.1 0.00805533054306
7.11 0.00804672090493
7.12 0.00803810456823
7.13 0.00802948161878
7.14 0.00802085214203
7.15 0.00801221622303
7.16 0.00800357394648
7.17 0.00799492539668
7.18 0.00798627065754
7.19 0.00797760981261
7.2 0.00796894294508
7.21 0.00796027013773
7.22 0.007951591473
7.23 0.00794290703293
7.24 0.00793421689921
7.25 0.00792552115315
7.26 0.0079168198757
7.27 0.00790811314745
7.28 0.00789940104861
7.29 0.00789068365902
7.3 0.00788196105819
7.31 0.00787323332524
7.32 0.00786450053895
7.33 0.00785576277771
7.34 0.0078470201196
7.35 0.0078382726423
7.36 0.00782952042317
7.37 0.00782076353919
7.38 0.007812002067
7.39 0.00780323608289
7.4 0.00779446566281
7.41 0.00778569088234
7.42 0.00777691181673
7.43 0.00776812854087
7.44 0.00775934112933
7.45 0.00775054965631
7.46 0.00774175419568
7.47 0.00773295482097
7.48 0.00772415160538
7.49 0.00771534462175
7.5 0.00770653394259
7.51 0.00769771964009
7.52 0.00768890178609
7.53 0.00768008045211
7.54 0.00767125570931
7.55 0.00766242762855
7.56 0.00765359628036
7.57 0.0076447617349
7.58 0.00763592406206
7.59 0.00762708333137
7.6 0.00761823961203
7.61 0.00760939297294
7.62 0.00760054348267
7.63 0.00759169120945
7.64 0.00758283622121
7.65 0.00757397858555
7.66 0.00756511836977
7.67 0.00755625564083
7.68 0.00754739046539
7.69 0.00753852290979
7.7 0.00752965304005
7.71 0.00752078092189
7.72 0.00751190662072
7.73 0.00750303020162
7.74 0.00749415172939
7.75 0.0074852712685
7.76 0.00747638888313
7.77 0.00746750463713
7.78 0.00745861859408
7.79 0.00744973081722
7.8 0.00744084136953
7.81 0.00743195031365
7.82 0.00742305771194
7.83 0.00741416362645
7.84 0.00740526811896
7.85 0.00739637125092
7.86 0.00738747308349
7.87 0.00737857367756
7.88 0.0073696730937
7.89 0.00736077139221
7.9 0.00735186863308
7.91 0.00734296487601
7.92 0.00733406018043
7.93 0.00732515460547
7.94 0.00731624820996
7.95 0.00730734105248
7.96 0.00729843319128
7.97 0.00728952468437
7.98 0.00728061558945
7.99 0.00727170596394
8.0 0.00726279586499
8.01 0.00725388534947
8.02 0.00724497447396
8.03 0.00723606329477
8.04 0.00722715186793
8.05 0.00721824024921
8.06 0.00720932849408
8.07 0.00720041665777
8.08 0.00719150479519
8.09 0.00718259296103
8.1 0.00717368120967
8.11 0.00716476959525
8.12 0.00715585817163
8.13 0.00714694699238
8.14 0.00713803611085
8.15 0.00712912558009
8.16 0.00712021545289
8.17 0.00711130578179
8.18 0.00710239661906
8.19 0.0070934880167
8.2 0.00708458002646
8.21 0.00707567269984
8.22 0.00706676608806
8.23 0.00705786024209
8.24 0.00704895521265
8.25 0.0070400510502
8.26 0.00703114780494
8.27 0.00702224552683
8.28 0.00701334426557
8.29 0.00700444407061
8.3 0.00699554499113
8.31 0.00698664707609
8.32 0.00697775037418
8.33 0.00696885493386
8.34 0.00695996080332
8.35 0.00695106803053
8.36 0.00694217666319
8.37 0.00693328674877
8.38 0.00692439833449
8.39 0.00691551146733
8.4 0.00690662619404
8.41 0.0068977425611
8.42 0.00688886061479
8.43 0.00687998040111
8.44 0.00687110196585
8.45 0.00686222535456
8.46 0.00685335061254
8.47 0.00684447778486
8.48 0.00683560691637
8.49 0.00682673805166
8.5 0.00681787123512
8.51 0.00680900651087
8.52 0.00680014392284
8.53 0.00679128351469
8.54 0.00678242532989
8.55 0.00677356941164
8.56 0.00676471580296
8.57 0.00675586454659
8.58 0.00674701568509
8.59 0.00673816926078
8.6 0.00672932531574
8.61 0.00672048389185
8.62 0.00671164503075
8.63 0.00670280877388
8.64 0.00669397516242
8.65 0.00668514423739
8.66 0.00667631603953
8.67 0.00666749060939
8.68 0.00665866798732
8.69 0.00664984821342
8.7 0.00664103132759
8.71 0.00663221736952
8.72 0.00662340637868
8.73 0.00661459839433
8.74 0.0066057934555
8.75 0.00659699160104
8.76 0.00658819286956
8.77 0.00657939729948
8.78 0.006570604929
8.79 0.00656181579612
8.8 0.00655302993862
8.81 0.00654424739409
8.82 0.0065354681999
8.83 0.00652669239321
8.84 0.006517920011
8.85 0.00650915109003
8.86 0.00650038566685
8.87 0.00649162377782
8.88 0.00648286545909
8.89 0.00647411074663
8.9 0.00646535967618
8.91 0.00645661228331
8.92 0.00644786860336
8.93 0.00643912867151
8.94 0.00643039252271
8.95 0.00642166019173
8.96 0.00641293171314
8.97 0.00640420712133
8.98 0.00639548645048
8.99 0.00638676973458
9.0 0.00637805700742
9.01 0.00636934830262
9.02 0.0063606436536
9.03 0.00635194309358
9.04 0.00634324665559
9.05 0.0063345543725
9.06 0.00632586627696
9.07 0.00631718240145
9.08 0.00630850277825
9.09 0.00629982743947
9.1 0.00629115641702
9.11 0.00628248974265
9.12 0.0062738274479
9.13 0.00626516956414
9.14 0.00625651612256
9.15 0.00624786715415
9.16 0.00623922268975
9.17 0.00623058276
9.18 0.00622194739536
9.19 0.00621331662613
9.2 0.0062046904824
9.21 0.00619606899411
9.22 0.00618745219102
9.23 0.00617884010271
9.24 0.00617023275857
9.25 0.00616163018785
9.26 0.00615303241959
9.27 0.00614443948269
9.28 0.00613585140585
9.29 0.00612726821761
9.3 0.00611868994634
9.31 0.00611011662024
9.32 0.00610154826734
9.33 0.0060929849155
9.34 0.00608442659241
9.35 0.00607587332559
9.36 0.00606732514241
9.37 0.00605878207004
9.38 0.00605024413553
9.39 0.00604171136572
9.4 0.00603318378731
9.41 0.00602466142685
9.42 0.00601614431068
9.43 0.00600763246503
9.44 0.00599912591594
9.45 0.00599062468928
9.46 0.00598212881079
9.47 0.00597363830603
9.48 0.0059651532004
9.49 0.00595667351915
9.5 0.00594819928737
9.51 0.00593973052998
9.52 0.00593126727176
9.53 0.00592280953733
9.54 0.00591435735115
9.55 0.00590591073753
9.56 0.00589746972062
9.57 0.00588903432442
9.58 0.00588060457278
9.59 0.0058721804894
9.6 0.0058637620978
9.61 0.00585534942139
9.62 0.00584694248341
9.63 0.00583854130695
9.64 0.00583014591495
9.65 0.00582175633019
9.66 0.00581337257534
9.67 0.00580499467288
9.68 0.00579662264516
9.69 0.00578825651439
9.7 0.00577989630262
9.71 0.00577154203178
9.72 0.00576319372361
9.73 0.00575485139976
9.74 0.0057465150817
9.75 0.00573818479076
9.76 0.00572986054815
9.77 0.00572154237492
9.78 0.00571323029197
9.79 0.00570492432008
9.8 0.00569662447989
9.81 0.00568833079188
9.82 0.0056800432764
9.83 0.00567176195368
9.84 0.00566348684379
9.85 0.00565521796667
9.86 0.00564695534212
9.87 0.00563869898981
9.88 0.00563044892927
9.89 0.0056222051799
9.9 0.00561396776095
9.91 0.00560573669157
9.92 0.00559751199074
9.93 0.00558929367732
9.94 0.00558108177005
9.95 0.00557287628752
9.96 0.0055646772482
9.97 0.00555648467043
9.98 0.0055482985724
9.99 0.0055401189722
