0.1 0.0250406265765
0.11 0.0274369301765
0.12 0.0298141011152
0.13 0.032172252417
0.14 0.0345114965149
0.15 0.0368319452534
0.16 0.039133709891
0.17 0.0414169011037
0.18 0.0436816289872
0.19 0.0459280030601
0.2 0.0481561322667
0.21 0.05036612498
0.22 0.0525580890039
0.23 0.0547321315766
0.24 0.0568883593732
0.25 0.0590268785085
0.26 0.0611477945393
0.27 0.063251212468
0.28 0.0653372367445
0.29 0.0674059712694
0.3 0.0694575193966
0.31 0.0714919839358
0.32 0.0735094671555
0.33 0.0755100707853
0.34 0.0774938960189
0.35 0.0794610435165
0.36 0.0814116134074
0.37 0.0833457052929
0.38 0.0852634182485
0.39 0.0871648508269
0.4 0.0890501010603
0.41 0.090919266463
0.42 0.0927724440339
0.43 0.0946097302594
0.44 0.0964312211153
0.45 0.0982370120701
0.46 0.100027198087
0.47 0.101801873625
0.48 0.103561132646
0.49 0.105305068611
0.5 0.107033774487
0.51 0.108747342749
0.52 0.11044586538
0.53 0.112129433875
0.54 0.113798139245
0.55 0.115452072016
0.56 0.117091322235
0.57 0.118715979467
0.58 0.120326132806
0.59 0.121921870868
0.6 0.123503281801
0.61 0.12507045328
0.62 0.126623472516
0.63 0.128162426256
0.64 0.129687400784
0.65 0.131198481923
0.66 0.13269575504
0.67 0.134179305046
0.68 0.135649216399
0.69 0.137105573107
0.7 0.138548458728
0.71 0.139977956375
0.72 0.141394148716
0.73 0.142797117978
0.74 0.144186945947
0.75 0.145563713973
0.76 0.146927502969
0.77 0.148278393416
0.78 0.149616465362
0.79 0.15094179843
0.8 0.152254471813
0.81 0.153554564279
0.82 0.154842154175
0.83 0.156117319428
0.84 0.157380137545
0.85 0.158630685618
0.86 0.159869040324
0.87 0.161095277927
0.88 0.162309474283
0.89 0.16351170484
0.9 0.164702044636
0.91 0.165880568311
0.92 0.167047350098
0.93 0.168202463832
0.94 0.16934598295
0.95 0.170477980494
0.96 0.17159852911
0.97 0.172707701052
0.98 0.173805568186
0.99 0.174892201988
1.0 0.175967673547
1.01 0.177032053571
1.02 0.178085412383
1.03 0.179127819925
1.04 0.180159345762
1.05 0.181180059083
1.06 0.182190028699
1.07 0.183189323052
1.08 0.184178010209
1.09 0.185156157872
1.1 0.186123833371
1.11 0.187081103676
1.12 0.188028035387
1.13 0.188964694748
1.14 0.189891147638
1.15 0.190807459582
1.16 0.191713695746
1.17 0.192609920941
1.18 0.193496199627
1.19 0.194372595911
1.2 0.195239173553
1.21 0.196095995962
1.22 0.196943126204
1.23 0.197780627
1.24 0.198608560729
1.25 0.199426989427
1.26 0.200235974794
1.27 0.201035578191
1.28 0.201825860645
1.29 0.202606882847
1.3 0.203378705157
1.31 0.204141387605
1.32 0.20489498989
1.33 0.205639571387
1.34 0.206375191141
1.35 0.207101907879
1.36 0.207819779999
1.37 0.208528865584
1.38 0.209229222394
1.39 0.209920907875
1.4 0.210603979153
1.41 0.211278493043
1.42 0.211944506047
1.43 0.212602074354
1.44 0.213251253845
1.45 0.213892100093
1.46 0.214524668363
1.47 0.215149013618
1.48 0.215765190515
1.49 0.21637325341
1.5 0.21697325636
1.51 0.21756525312
1.52 0.218149297152
1.53 0.21872544162
1.54 0.219293739392
1.55 0.219854243047
1.56 0.22040700487
1.57 0.220952076856
1.58 0.221489510715
1.59 0.222019357866
1.6 0.222541669445
1.61 0.223056496303
1.62 0.223563889009
1.63 0.224063897851
1.64 0.224556572836
1.65 0.225041963695
1.66 0.22552011988
1.67 0.225991090568
1.68 0.226454924664
1.69 0.226911670798
1.7 0.227361377329
1.71 0.227804092347
1.72 0.228239863672
1.73 0.228668738859
1.74 0.229090765196
1.75 0.229505989706
1.76 0.22991445915
1.77 0.230316220027
1.78 0.230711318574
1.79 0.231099800771
1.8 0.23148171234
1.81 0.231857098745
1.82 0.232226005196
1.83 0.232588476649
1.84 0.232944557807
1.85 0.233294293123
1.86 0.233637726798
1.87 0.233974902785
1.88 0.234305864791
1.89 0.234630656275
1.9 0.234949320451
1.91 0.235261900292
1.92 0.235568438524
1.93 0.235868977637
1.94 0.236163559877
1.95 0.236452227252
1.96 0.236735021535
1.97 0.237011984259
1.98 0.237283156725
1.99 0.237548579998
2.0 0.237808294912
2.01 0.238062342068
2.02 0.238310761838
2.03 0.238553594363
2.04 0.238790879559
2.05 0.239022657112
2.06 0.239248966485
2.07 0.239469846915
2.08 0.239685337415
2.09 0.239895476778
2.1 0.240100303575
2.11 0.240299856157
2.12 0.240494172655
2.13 0.240683290985
2.14 0.240867248844
2.15 0.241046083716
2.16 0.241219832868
2.17 0.241388533356
2.18 0.241552222022
2.19 0.241710935499
2.2 0.24186471021
2.21 0.242013582367
2.22 0.242157587975
2.23 0.242296762835
2.24 0.242431142538
2.25 0.242560762475
2.26 0.242685657829
2.27 0.242805863584
2.28 0.242921414521
2.29 0.243032345222
2.3 0.243138690067
2.31 0.24324048324
2.32 0.243337758727
2.33 0.243430550319
2.34 0.243518891608
2.35 0.243602815997
2.36 0.243682356692
2.37 0.243757546708
2.38 0.243828418869
2.39 0.243895005807
2.4 0.243957339968
2.41 0.244015453608
2.42 0.244069378794
2.43 0.244119147409
2.44 0.24416479115
2.45 0.24420634153
2.46 0.244243829879
2.47 0.244277287341
2.48 0.244306744883
2.49 0.24433223329
2.5 0.244353783165
2.51 0.244371424936
2.52 0.244385188851
2.53 0.244395104981
2.54 0.244401203221
2.55 0.244403513293
2.56 0.244402064743
2.57 0.244396886944
2.58 0.244388009097
2.59 0.244375460231
2.6 0.244359269206
2.61 0.244339464712
2.62 0.244316075268
2.63 0.244289129228
2.64 0.244258654777
2.65 0.244224679935
2.66 0.244187232558
2.67 0.244146340334
2.68 0.244102030791
2.69 0.244054331293
2.7 0.244003269042
2.71 0.243948871079
2.72 0.243891164285
2.73 0.243830175382
2.74 0.243765930934
2.75 0.243698457347
2.76 0.243627780869
2.77 0.243553927593
2.78 0.243476923458
2.79 0.243396794247
2.8 0.24331356559
2.81 0.243227262964
2.82 0.243137911696
2.83 0.243045536959
2.84 0.242950163778
2.85 0.242851817026
2.86 0.242750521431
2.87 0.242646301569
2.88 0.242539181872
2.89 0.242429186623
2.9 0.242316339962
2.91 0.242200665881
2.92 0.242082188232
2.93 0.24196093072
2.94 0.241836916908
2.95 0.24171017022
2.96 0.241580713936
2.97 0.241448571195
2.98 0.241313765001
2.99 0.241176318214
3.0 0.241036253558
3.01 0.240893593621
3.02 0.240748360852
3.03 0.240600577565
3.04 0.240450265938
3.05 0.240297448018
3.06 0.240142145713
3.07 0.239984380801
3.08 0.239824174928
3.09 0.239661549606
3.1 0.239496526219
3.11 0.239329126018
3.12 0.239159370126
3.13 0.238987279536
3.14 0.238812875115
3.15 0.2386361776
3.16 0.238457207603
3.17 0.238275985607
3.18 0.238092531974
3.19 0.237906866936
3.2 0.237719010606
3.21 0.237528982969
3.22 0.23733680389
3.23 0.23714249311
3.24 0.236946070251
3.25 0.236747554811
3.26 0.23654696617
3.27 0.236344323587
3.28 0.236139646204
3.29 0.235932953042
3.3 0.235724263006
3.31 0.235513594883
3.32 0.235300967346
3.33 0.235086398948
3.34 0.234869908131
3.35 0.23465151322
3.36 0.234431232426
3.37 0.234209083848
3.38 0.233985085471
3.39 0.233759255168
3.4 0.233531610702
3.41 0.233302169723
3.42 0.233070949772
3.43 0.23283796828
3.44 0.232603242568
3.45 0.232366789849
3.46 0.232128627229
3.47 0.231888771705
3.48 0.231647240168
3.49 0.231404049402
3.5 0.231159216087
3.51 0.230912756797
3.52 0.230664688
3.53 0.230415026062
3.54 0.230163787246
3.55 0.229910987709
3.56 0.229656643509
3.57 0.2294007706
3.58 0.229143384837
3.59 0.228884501973
3.6 0.228624137661
3.61 0.228362307454
3.62 0.228099026807
3.63 0.227834311075
3.64 0.227568175517
3.65 0.227300635293
3.66 0.227031705468
3.67 0.226761401008
3.68 0.226489736785
3.69 0.226216727575
3.7 0.22594238806
3.71 0.225666732826
3.72 0.225389776367
3.73 0.225111533084
3.74 0.224832017283
3.75 0.224551243179
3.76 0.224269224896
3.77 0.223985976466
3.78 0.22370151183
3.79 0.22341584484
3.8 0.223128989256
3.81 0.22284095875
3.82 0.222551766907
3.83 0.22226142722
3.84 0.221969953098
3.85 0.221677357859
3.86 0.221383654736
3.87 0.221088856877
3.88 0.220792977343
3.89 0.220496029107
3.9 0.220198025061
3.91 0.21989897801
3.92 0.219598900675
3.93 0.219297805696
3.94 0.218995705628
3.95 0.218692612941
3.96 0.218388540028
3.97 0.218083499195
3.98 0.217777502671
3.99 0.217470562601
4.0 0.217162691051
4.01 0.216853900008
4.02 0.216544201377
4.03 0.216233606987
4.04 0.215922128584
4.05 0.215609777841
4.06 0.215296566349
4.07 0.214982505623
4.08 0.214667607103
4.09 0.21435188215
4.1 0.21403534205
4.11 0.213717998012
4.12 0.213399861172
4.13 0.21308094259
4.14 0.212761253252
4.15 0.212440804068
4.16 0.212119605878
4.17 0.211797669446
4.18 0.211475005464
4.19 0.211151624552
4.2 0.210827537258
4.21 0.210502754059
4.22 0.210177285358
4.23 0.209851141492
4.24 0.209524332723
4.25 0.209196869245
4.26 0.208868761184
4.27 0.208540018594
4.28 0.208210651462
4.29 0.207880669706
4.3 0.207550083175
4.31 0.207218901653
4.32 0.206887134853
4.33 0.206554792425
4.34 0.206221883949
4.35 0.205888418941
4.36 0.205554406851
4.37 0.205219857063
4.38 0.204884778896
4.39 0.204549181605
4.4 0.204213074379
4.41 0.203876466345
4.42 0.203539366566
4.43 0.20320178404
4.44 0.202863727705
4.45 0.202525206433
4.46 0.202186229038
4.47 0.201846804269
4.48 0.201506940813
4.49 0.201166647299
4.5 0.200825932294
4.51 0.200484804302
4.52 0.20014327177
4.53 0.199801343085
4.54 0.199459026572
4.55 0.1991163305
4.56 0.198773263078
4.57 0.198429832456
4.58 0.198086046726
4.59 0.197741913924
4.6 0.197397442026
4.61 0.197052638952
4.62 0.196707512566
4.63 0.196362070675
4.64 0.19601632103
4.65 0.195670271324
4.66 0.195323929199
4.67 0.194977302238
4.68 0.194630397971
4.69 0.194283223871
4.7 0.193935787361
4.71 0.193588095806
4.72 0.19324015652
4.73 0.192891976763
4.74 0.19254356374
4.75 0.192194924607
4.76 0.191846066464
4.77 0.191496996361
4.78 0.191147721297
4.79 0.190798248216
4.8 0.190448584015
4.81 0.190098735536
4.82 0.189748709575
4.83 0.189398512873
4.84 0.189048152123
4.85 0.18869763397
4.86 0.188346965006
4.87 0.187996151777
4.88 0.187645200778
4.89 0.187294118457
4.9 0.186942911211
4.91 0.186591585393
4.92 0.186240147304
4.93 0.185888603201
4.94 0.185536959291
4.95 0.185185221736
4.96 0.184833396651
4.97 0.184481490103
4.98 0.184129508115
4.99 0.183777456663
5.0 0.183425341677
5.01 0.183073169042
5.02 0.1827209446
5.03 0.182368674145
5.04 0.182016363427
5.05 0.181664018154
5.06 0.181311643988
5.07 0.180959246548
5.08 0.180606831409
5.09 0.180254404102
5.1 0.179901970117
5.11 0.179549534899
5.12 0.179197103853
5.13 0.17884468234
5.14 0.178492275678
5.15 0.178139889147
5.16 0.177787527981
5.17 0.177435197375
5.18 0.177082902484
5.19 0.17673064842
5.2 0.176378440256
5.21 0.176026283024
5.22 0.175674181715
5.23 0.175322141282
5.24 0.174970166638
5.25 0.174618262655
5.26 0.174266434168
5.27 0.173914685973
5.28 0.173563022824
5.29 0.173211449442
5.3 0.172859970504
5.31 0.172508590654
5.32 0.172157314495
5.33 0.171806146594
5.34 0.17145509148
5.35 0.171104153645
5.36 0.170753337544
5.37 0.170402647597
5.38 0.170052088184
5.39 0.169701663653
5.4 0.169351378313
5.41 0.169001236438
5.42 0.168651242267
5.43 0.168301400003
5.44 0.167951713814
5.45 0.167602187833
5.46 0.167252826159
5.47 0.166903632855
5.48 0.166554611951
5.49 0.166205767443
5.5 0.165857103293
5.51 0.165508623427
5.52 0.16516033174
5.53 0.164812232095
5.54 0.164464328317
5.55 0.164116624204
5.56 0.163769123516
5.57 0.163421829984
5.58 0.163074747306
5.59 0.162727879147
5.6 0.162381229141
5.61 0.162034800889
5.62 0.161688597963
5.63 0.1613426239
5.64 0.16099688221
5.65 0.160651376368
5.66 0.160306109822
5.67 0.159961085986
5.68 0.159616308246
5.69 0.159271779958
5.7 0.158927504446
5.71 0.158583485004
5.72 0.1582397249
5.73 0.157896227369
5.74 0.157552995617
5.75 0.157210032823
5.76 0.156867342134
5.77 0.156524926672
5.78 0.156182789527
5.79 0.155840933763
5.8 0.155499362414
5.81 0.155158078487
5.82 0.154817084961
5.83 0.154476384787
5.84 0.154135980888
5.85 0.153795876162
5.86 0.153456073476
5.87 0.153116575673
5.88 0.152777385569
5.89 0.15243850595
5.9 0.152099939581
5.91 0.151761689195
5.92 0.151423757503
5.93 0.151086147188
5.94 0.150748860907
5.95 0.150411901292
5.96 0.15007527095
5.97 0.14973897246
5.98 0.149403008379
5.99 0.149067381238
6.0 0.148732093541
6.01 0.14839714777
6.02 0.148062546381
6.03 0.147728291805
6.04 0.147394386451
6.05 0.147060832701
6.06 0.146727632914
6.07 0.146394789427
6.08 0.146062304552
6.09 0.145730180575
6.1 0.145398419763
6.11 0.145067024357
6.12 0.144735996575
6.13 0.144405338613
6.14 0.144075052644
6.15 0.143745140818
6.16 0.143415605262
6.17 0.143086448082
6.18 0.142757671361
6.19 0.142429277159
6.2 0.142101267516
6.21 0.141773644449
6.22 0.141446409953
6.23 0.141119566002
6.24 0.140793114548
6.25 0.140467057524
6.26 0.140141396839
6.27 0.139816134383
6.28 0.139491272023
6.29 0.139166811608
6.3 0.138842754964
6.31 0.138519103899
6.32 0.138195860198
6.33 0.137873025627
6.34 0.137550601933
6.35 0.137228590842
6.36 0.136906994059
6.37 0.136585813273
6.38 0.136265050149
6.39 0.135944706336
6.4 0.135624783463
6.41 0.135305283137
6.42 0.134986206951
6.43 0.134667556474
6.44 0.134349333259
6.45 0.134031538842
6.46 0.133714174736
6.47 0.133397242438
6.48 0.133080743428
6.49 0.132764679166
6.5 0.132449051094
6.51 0.132133860637
6.52 0.131819109201
6.53 0.131504798176
6.54 0.131190928932
6.55 0.130877502823
6.56 0.130564521186
6.57 0.130251985341
6.58 0.129939896589
6.59 0.129628256216
6.6 0.12931706549
6.61 0.129006325662
6.62 0.128696037967
6.63 0.128386203623
6.64 0.128076823833
6.65 0.127767899781
6.66 0.127459432636
6.67 0.127151423553
6.68 0.126843873667
6.69 0.126536784101
6.7 0.126230155959
6.71 0.125923990331
6.72 0.125618288291
6.73 0.125313050898
6.74 0.125008279195
6.75 0.124703974209
6.76 0.124400136955
6.77 0.124096768428
6.78 0.123793869613
6.79 0.123491441477
6.8 0.123189484973
6.81 0.122888001039
6.82 0.1225869906
6.83 0.122286454565
6.84 0.121986393829
6.85 0.121686809272
6.86 0.121387701762
6.87 0.12108907215
6.88 0.120790921277
6.89 0.120493249965
6.9 0.120196059027
6.91 0.119899349259
6.92 0.119603121445
6.93 0.119307376356
6.94 0.119012114747
6.95 0.118717337363
6.96 0.118423044934
6.97 0.118129238177
6.98 0.117835917796
6.99 0.117543084481
7.0 0.117250738913
7.01 0.116958881755
7.02 0.116667513661
7.03 0.116376635271
7.04 0.116086247212
7.05 0.115796350101
7.06 0.11550694454
7.07 0.115218031121
7.08 0.114929610421
7.09 0.114641683007
7.1 0.114354249434
7.11 0.114067310246
7.12 0.113780865971
7.13 0.113494917131
7.14 0.113209464232
7.15 0.112924507771
7.16 0.112640048232
7.17 0.112356086088
7.18 0.112072621801
7.19 0.111789655822
7.2 0.111507188591
7.21 0.111225220534
7.22 0.110943752072
7.23 0.110662783608
7.24 0.110382315541
7.25 0.110102348253
7.26 0.10982288212
7.27 0.109543917506
7.28 0.109265454763
7.29 0.108987494234
7.3 0.108710036252
7.31 0.108433081138
7.32 0.108156629205
7.33 0.107880680755
7.34 0.107605236078
7.35 0.107330295458
7.36 0.107055859164
7.37 0.106781927461
7.38 0.106508500598
7.39 0.10623557882
7.4 0.105963162359
7.41 0.105691251438
7.42 0.105419846271
7.43 0.105148947063
7.44 0.104878554008
7.45 0.104608667292
7.46 0.104339287092
7.47 0.104070413576
7.48 0.103802046901
7.49 0.103534187218
7.5 0.103266834666
7.51 0.102999989378
7.52 0.102733651476
7.53 0.102467821074
7.54 0.102202498277
7.55 0.101937683183
7.56 0.101673375881
7.57 0.101409576448
7.58 0.101146284958
7.59 0.100883501474
7.6 0.100621226049
7.61 0.100359458732
7.62 0.10009819956
7.63 0.0998374485638
7.64 0.0995772057659
7.65 0.0993174711809
7.66 0.0990582448152
7.67 0.0987995266677
7.68 0.0985413167292
7.69 0.0982836149832
7.7 0.0980264214053
7.71 0.0977697359634
7.72 0.0975135586182
7.73 0.0972578893226
7.74 0.0970027280223
7.75 0.0967480746557
7.76 0.0964939291536
7.77 0.0962402914399
7.78 0.0959871614312
7.79 0.095734539037
7.8 0.0954824241596
7.81 0.0952308166944
7.82 0.0949797165299
7.83 0.0947291235477
7.84 0.0944790376226
7.85 0.0942294586223
7.86 0.0939803864082
7.87 0.0937318208348
7.88 0.09348376175
7.89 0.0932362089952
7.9 0.0929891624053
7.91 0.0927426218085
7.92 0.092496587027
7.93 0.0922510578763
7.94 0.0920060341658
7.95 0.0917615156986
7.96 0.0915175022716
7.97 0.0912739936755
7.98 0.0910309896949
7.99 0.0907884901086
8.0 0.0905464946891
8.01 0.0903050032032
8.02 0.0900640154115
8.03 0.0898235310691
8.04 0.0895835499252
8.05 0.0893440717231
8.06 0.0891050962006
8.07 0.0888666230898
8.08 0.0886286521171
8.09 0.0883911830035
8.1 0.0881542154644
8.11 0.0879177492098
8.12 0.0876817839443
8.13 0.0874463193671
8.14 0.087211355172
8.15 0.0869768910478
8.16 0.0867429266777
8.17 0.0865094617401
8.18 0.0862764959081
8.19 0.0860440288496
8.2 0.0858120602276
8.21 0.0855805897001
8.22 0.0853496169202
8.23 0.0851191415359
8.24 0.0848891631904
8.25 0.0846596815223
8.26 0.0844306961652
8.27 0.084202206748
8.28 0.0839742128948
8.29 0.0837467142254
8.3 0.0835197103546
8.31 0.0832932008928
8.32 0.0830671854459
8.33 0.0828416636154
8.34 0.0826166349981
8.35 0.0823920991866
8.36 0.0821680557691
8.37 0.0819445043295
8.38 0.0817214444473
8.39 0.0814988756979
8.4 0.0812767976524
8.41 0.0810552098778
8.42 0.0808341119371
8.43 0.0806135033889
8.44 0.080393383788
8.45 0.0801737526851
8.46 0.079954609627
8.47 0.0797359541565
8.48 0.0795177858125
8.49 0.0793001041302
8.5 0.0790829086408
8.51 0.0788661988718
8.52 0.0786499743469
8.53 0.0784342345862
8.54 0.0782189791059
8.55 0.0780042074189
8.56 0.0777899190343
8.57 0.0775761134576
8.58 0.0773627901909
8.59 0.0771499487327
8.6 0.0769375885781
8.61 0.0767257092187
8.62 0.0765143101429
8.63 0.0763033908355
8.64 0.0760929507781
8.65 0.0758829894491
8.66 0.0756735063234
8.67 0.0754645008731
8.68 0.0752559725666
8.69 0.0750479208694
8.7 0.0748403452441
8.71 0.0746332451498
8.72 0.0744266200427
8.73 0.0742204693762
8.74 0.0740147926004
8.75 0.0738095891625
8.76 0.073604858507
8.77 0.0734006000751
8.78 0.0731968133056
8.79 0.0729934976341
8.8 0.0727906524936
8.81 0.0725882773142
8.82 0.0723863715233
8.83 0.0721849345456
8.84 0.0719839658032
8.85 0.0717834647155
8.86 0.0715834306991
8.87 0.0713838631682
8.88 0.0711847615344
8.89 0.0709861252067
8.9 0.0707879535917
8.91 0.0705902460935
8.92 0.0703930021137
8.93 0.0701962210513
8.94 0.0699999023034
8.95 0.0698040452642
8.96 0.0696086493259
8.97 0.0694137138783
8.98 0.0692192383089
8.99 0.0690252220029
9.0 0.0688316643433
9.01 0.068638564711
9.02 0.0684459224846
9.03 0.0682537370406
9.04 0.0680620077534
9.05 0.0678707339952
9.06 0.0676799151363
9.07 0.0674895505448
9.08 0.0672996395869
9.09 0.0671101816267
9.1 0.0669211760264
9.11 0.0667326221462
9.12 0.0665445193445
9.13 0.0663568669777
9.14 0.0661696644004
9.15 0.0659829109652
9.16 0.0657966060231
9.17 0.0656107489232
9.18 0.0654253390128
9.19 0.0652403756376
9.2 0.0650558581412
9.21 0.064871785866
9.22 0.0646881581524
9.23 0.0645049743392
9.24 0.0643222337637
9.25 0.0641399357613
9.26 0.0639580796662
9.27 0.0637766648108
9.28 0.063595690526
9.29 0.0634151561411
9.3 0.063235060984
9.31 0.0630554043813
9.32 0.0628761856577
9.33 0.0626974041369
9.34 0.062519059141
9.35 0.0623411499908
9.36 0.0621636760055
9.37 0.0619866365032
9.38 0.0618100308007
9.39 0.0616338582132
9.4 0.0614581180551
9.41 0.0612828096389
9.42 0.0611079322765
9.43 0.0609334852782
9.44 0.0607594679532
9.45 0.0605858796094
9.46 0.0604127195537
9.47 0.0602399870919
9.48 0.0600676815285
9.49 0.059895802167
9.5 0.0597243483097
9.51 0.0595533192581
9.52 0.0593827143123
9.53 0.0592125327717
9.54 0.0590427739345
9.55 0.0588734370979
9.56 0.0587045215583
9.57 0.0585360266109
9.58 0.0583679515502
9.59 0.0582002956697
9.6 0.0580330582619
9.61 0.0578662386185
9.62 0.0576998360304
9.63 0.0575338497877
9.64 0.0573682791793
9.65 0.0572031234938
9.66 0.0570383820187
9.67 0.0568740540407
9.68 0.056710138846
9.69 0.0565466357197
9.7 0.0563835439464
9.71 0.0562208628101
9.72 0.0560585915939
9.73 0.0558967295802
9.74 0.0557352760508
9.75 0.0555742302871
9.76 0.0554135915694
9.77 0.0552533591778
9.78 0.0550935323916
9.79 0.0549341104896
9.8 0.0547750927499
9.81 0.0546164784503
9.82 0.0544582668678
9.83 0.0543004572791
9.84 0.0541430489602
9.85 0.0539860411868
9.86 0.0538294332339
9.87 0.0536732243763
9.88 0.0535174138882
9.89 0.0533620010434
9.9 0.0532069851153
9.91 0.0530523653769
9.92 0.0528981411008
9.93 0.0527443115591
9.94 0.0525908760238
9.95 0.0524378337665
9.96 0.0522851840582
9.97 0.0521329261699
9.98 0.0519810593721
9.99 0.0518295829352
