0.1 0.0251914985916
0.11 0.0276310204052
0.12 0.0300563140094
0.13 0.0324674410311
0.14 0.0348644628609
0.15 0.0372474406534
0.16 0.0396164353282
0.17 0.0419715075709
0.18 0.0443127178336
0.19 0.0466401263361
0.2 0.0489537930664
0.21 0.0512537777819
0.22 0.0535401400099
0.23 0.0558129390487
0.24 0.058072233968
0.25 0.0603180836105
0.26 0.0625505465917
0.27 0.0647696813017
0.28 0.0669755459052
0.29 0.0691681983429
0.3 0.0713476963321
0.31 0.0735140973674
0.32 0.0756674587216
0.33 0.0778078374464
0.34 0.0799352903736
0.35 0.0820498741152
0.36 0.0841516450648
0.37 0.0862406593982
0.38 0.088316973074
0.39 0.0903806418345
0.4 0.0924317212069
0.41 0.0944702665031
0.42 0.0964963328216
0.43 0.0985099750475
0.44 0.100511247853
0.45 0.102500205701
0.46 0.104476902839
0.47 0.10644139331
0.48 0.108393730943
0.49 0.11033396936
0.5 0.112262161977
0.51 0.114178362
0.52 0.116082622431
0.53 0.117974996065
0.54 0.119855535492
0.55 0.1217242931
0.56 0.123581321071
0.57 0.125426671387
0.58 0.127260395824
0.59 0.129082545962
0.6 0.130893173178
0.61 0.132692328648
0.62 0.134480063351
0.63 0.136256428068
0.64 0.13802147338
0.65 0.139775249675
0.66 0.141517807141
0.67 0.143249195773
0.68 0.144969465371
0.69 0.14667866554
0.7 0.148376845692
0.71 0.150064055048
0.72 0.151740342636
0.73 0.153405757292
0.74 0.155060347662
0.75 0.156704162203
0.76 0.158337249182
0.77 0.159959656679
0.78 0.161571432585
0.79 0.163172624603
0.8 0.164763280251
0.81 0.166343446863
0.82 0.167913171584
0.83 0.169472501377
0.84 0.171021483022
0.85 0.172560163115
0.86 0.174088588069
0.87 0.175606804116
0.88 0.177114857307
0.89 0.178612793514
0.9 0.180100658426
0.91 0.181578497556
0.92 0.183046356238
0.93 0.184504279627
0.94 0.185952312701
0.95 0.187390500263
0.96 0.188818886939
0.97 0.190237517181
0.98 0.191646435264
0.99 0.193045685293
1.0 0.194435311195
1.01 0.195815356729
1.02 0.197185865479
1.03 0.198546880858
1.04 0.199898446109
1.05 0.201240604305
1.06 0.202573398348
1.07 0.203896870974
1.08 0.205211064747
1.09 0.206516022066
1.1 0.207811785163
1.11 0.209098396102
1.12 0.210375896781
1.13 0.211644328935
1.14 0.212903734133
1.15 0.21415415378
1.16 0.215395629117
1.17 0.216628201223
1.18 0.217851911014
1.19 0.219066799247
1.2 0.220272906514
1.21 0.221470273249
1.22 0.222658939726
1.23 0.223838946059
1.24 0.225010332203
1.25 0.226173137956
1.26 0.227327402958
1.27 0.228473166692
1.28 0.229610468484
1.29 0.230739347506
1.3 0.231859842772
1.31 0.232971993144
1.32 0.234075837328
1.33 0.235171413878
1.34 0.236258761193
1.35 0.237337917522
1.36 0.23840892096
1.37 0.239471809452
1.38 0.240526620792
1.39 0.241573392623
1.4 0.242612162441
1.41 0.243642967588
1.42 0.244665845262
1.43 0.245680832512
1.44 0.246687966237
1.45 0.247687283193
1.46 0.248678819986
1.47 0.249662613079
1.48 0.250638698788
1.49 0.251607113284
1.5 0.252567892595
1.51 0.253521072605
1.52 0.254466689055
1.53 0.255404777541
1.54 0.256335373521
1.55 0.257258512307
1.56 0.258174229074
1.57 0.259082558853
1.58 0.259983536538
1.59 0.26087719688
1.6 0.261763574495
1.61 0.262642703857
1.62 0.263514619303
1.63 0.264379355035
1.64 0.265236945113
1.65 0.266087423466
1.66 0.266930823884
1.67 0.26776718002
1.68 0.268596525397
1.69 0.269418893398
1.7 0.270234317276
1.71 0.271042830149
1.72 0.271844465001
1.73 0.272639254686
1.74 0.273427231923
1.75 0.274208429303
1.76 0.274982879282
1.77 0.275750614189
1.78 0.276511666221
1.79 0.277266067445
1.8 0.278013849801
1.81 0.278755045097
1.82 0.279489685017
1.83 0.280217801114
1.84 0.280939424816
1.85 0.281654587421
1.86 0.282363320106
1.87 0.283065653916
1.88 0.283761619776
1.89 0.284451248484
1.9 0.285134570712
1.91 0.28581161701
1.92 0.286482417805
1.93 0.287147003398
1.94 0.287805403972
1.95 0.288457649584
1.96 0.28910377017
1.97 0.289743795546
1.98 0.290377755407
1.99 0.291005679327
2.0 0.29162759676
2.01 0.292243537042
2.02 0.292853529387
2.03 0.293457602895
2.04 0.294055786543
2.05 0.294648109194
2.06 0.295234599592
2.07 0.295815286364
2.08 0.296390198022
2.09 0.296959362962
2.1 0.297522809462
2.11 0.298080565688
2.12 0.298632659689
2.13 0.299179119403
2.14 0.299719972649
2.15 0.300255247138
2.16 0.300784970465
2.17 0.301309170113
2.18 0.301827873453
2.19 0.302341107745
2.2 0.302848900137
2.21 0.303351277666
2.22 0.303848267259
2.23 0.304339895732
2.24 0.304826189793
2.25 0.30530717604
2.26 0.305782880961
2.27 0.306253330938
2.28 0.306718552243
2.29 0.307178571041
2.3 0.30763341339
2.31 0.308083105242
2.32 0.30852767244
2.33 0.308967140724
2.34 0.309401535726
2.35 0.309830882976
2.36 0.310255207894
2.37 0.310674535801
2.38 0.311088891911
2.39 0.311498301334
2.4 0.311902789079
2.41 0.31230238005
2.42 0.312697099049
2.43 0.313086970778
2.44 0.313472019833
2.45 0.313852270713
2.46 0.314227747813
2.47 0.314598475429
2.48 0.314964477756
2.49 0.315325778891
2.5 0.315682402828
2.51 0.316034373466
2.52 0.316381714601
2.53 0.316724449935
2.54 0.317062603069
2.55 0.317396197507
2.56 0.317725256657
2.57 0.318049803828
2.58 0.318369862235
2.59 0.318685454995
2.6 0.31899660513
2.61 0.319303335565
2.62 0.319605669132
2.63 0.319903628569
2.64 0.320197236516
2.65 0.320486515522
2.66 0.320771488041
2.67 0.321052176435
2.68 0.321328602972
2.69 0.321600789827
2.7 0.321868759084
2.71 0.322132532734
2.72 0.322392132678
2.73 0.322647580723
2.74 0.322898898588
2.75 0.3231461079
2.76 0.323389230196
2.77 0.323628286924
2.78 0.32386329944
2.79 0.324094289014
2.8 0.324321276825
2.81 0.324544283964
2.82 0.324763331435
2.83 0.324978440153
2.84 0.325189630945
2.85 0.325396924552
2.86 0.325600341628
2.87 0.325799902739
2.88 0.325995628368
2.89 0.326187538908
2.9 0.326375654669
2.91 0.326559995876
2.92 0.326740582669
2.93 0.326917435101
2.94 0.327090573144
2.95 0.327260016684
2.96 0.327425785525
2.97 0.327587899385
2.98 0.327746377903
2.99 0.327901240631
3.0 0.328052507043
3.01 0.328200196526
3.02 0.32834432839
3.03 0.32848492186
3.04 0.328621996083
3.05 0.328755570123
3.06 0.328885662963
3.07 0.329012293508
3.08 0.329135480582
3.09 0.329255242928
3.1 0.329371599213
3.11 0.329484568022
3.12 0.329594167863
3.13 0.329700417164
3.14 0.329803334276
3.15 0.329902937474
3.16 0.329999244951
3.17 0.330092274827
3.18 0.330182045144
3.19 0.330268573865
3.2 0.33035187888
3.21 0.330431978001
3.22 0.330508888964
3.23 0.330582629432
3.24 0.330653216989
3.25 0.330720669149
3.26 0.330785003346
3.27 0.330846236943
3.28 0.330904387229
3.29 0.330959471418
3.3 0.331011506651
3.31 0.331060509996
3.32 0.331106498447
3.33 0.331149488928
3.34 0.331189498288
3.35 0.331226543304
3.36 0.331260640684
3.37 0.331291807061
3.38 0.331320058998
3.39 0.331345412988
3.4 0.331367885453
3.41 0.331387492743
3.42 0.331404251139
3.43 0.331418176853
3.44 0.331429286026
3.45 0.331437594729
3.46 0.331443118966
3.47 0.33144587467
3.48 0.331445877707
3.49 0.331443143875
3.5 0.331437688902
3.51 0.331429528449
3.52 0.33141867811
3.53 0.331405153412
3.54 0.331388969815
3.55 0.331370142709
3.56 0.331348687423
3.57 0.331324619216
3.58 0.331297953281
3.59 0.331268704747
3.6 0.331236888677
3.61 0.331202520067
3.62 0.331165613851
3.63 0.331126184896
3.64 0.331084248005
3.65 0.331039817918
3.66 0.330992909309
3.67 0.330943536789
3.68 0.330891714906
3.69 0.330837458144
3.7 0.330780780926
3.71 0.330721697609
3.72 0.33066022249
3.73 0.330596369803
3.74 0.330530153718
3.75 0.330461588347
3.76 0.330390687738
3.77 0.330317465877
3.78 0.33024193669
3.79 0.330164114044
3.8 0.330084011741
3.81 0.330001643526
3.82 0.329917023084
3.83 0.329830164037
3.84 0.32974107995
3.85 0.329649784329
3.86 0.329556290618
3.87 0.329460612203
3.88 0.329362762414
3.89 0.329262754518
3.9 0.329160601727
3.91 0.329056317193
3.92 0.328949914012
3.93 0.32884140522
3.94 0.328730803797
3.95 0.328618122666
3.96 0.328503374693
3.97 0.328386572686
3.98 0.328267729398
3.99 0.328146857523
4.0 0.328023969704
4.01 0.327899078522
4.02 0.327772196507
4.03 0.327643336131
4.04 0.327512509812
4.05 0.327379729912
4.06 0.327245008739
4.07 0.327108358546
4.08 0.326969791533
4.09 0.326829319843
4.1 0.326686955566
4.11 0.326542710741
4.12 0.32639659735
4.13 0.326248627322
4.14 0.326098812536
4.15 0.325947164814
4.16 0.325793695928
4.17 0.325638417596
4.18 0.325481341485
4.19 0.325322479209
4.2 0.325161842331
4.21 0.32499944236
4.22 0.324835290756
4.23 0.324669398928
4.24 0.32450177823
4.25 0.32433243997
4.26 0.324161395403
4.27 0.323988655732
4.28 0.323814232113
4.29 0.32363813565
4.3 0.323460377396
4.31 0.323280968357
4.32 0.323099919487
4.33 0.322917241692
4.34 0.32273294583
4.35 0.322547042706
4.36 0.322359543081
4.37 0.322170457665
4.38 0.321979797119
4.39 0.321787572058
4.4 0.321593793047
4.41 0.321398470604
4.42 0.321201615199
4.43 0.321003237256
4.44 0.32080334715
4.45 0.32060195521
4.46 0.320399071718
4.47 0.320194706908
4.48 0.319988870969
4.49 0.319781574043
4.5 0.319572826227
4.51 0.319362637571
4.52 0.319151018078
4.53 0.318937977709
4.54 0.318723526375
4.55 0.318507673946
4.56 0.318290430244
4.57 0.318071805047
4.58 0.31785180809
4.59 0.31763044906
4.6 0.317407737602
4.61 0.317183683317
4.62 0.316958295761
4.63 0.316731584447
4.64 0.316503558843
4.65 0.316274228375
4.66 0.316043602425
4.67 0.315811690332
4.68 0.315578501392
4.69 0.315344044858
4.7 0.31510832994
4.71 0.314871365807
4.72 0.314633161585
4.73 0.314393726356
4.74 0.314153069162
4.75 0.313911199004
4.76 0.31366812484
4.77 0.313423855586
4.78 0.313178400118
4.79 0.31293176727
4.8 0.312683965836
4.81 0.312435004568
4.82 0.312184892177
4.83 0.311933637336
4.84 0.311681248675
4.85 0.311427734785
4.86 0.311173104217
4.87 0.310917365483
4.88 0.310660527052
4.89 0.310402597358
4.9 0.310143584792
4.91 0.309883497708
4.92 0.30962234442
4.93 0.309360133203
4.94 0.309096872294
4.95 0.30883256989
4.96 0.30856723415
4.97 0.308300873197
4.98 0.308033495112
4.99 0.307765107942
5.0 0.307495719692
5.01 0.307225338333
5.02 0.306953971796
5.03 0.306681627976
5.04 0.306408314731
5.05 0.30613403988
5.06 0.305858811207
5.07 0.305582636458
5.08 0.305305523343
5.09 0.305027479535
5.1 0.304748512672
5.11 0.304468630355
5.12 0.304187840147
5.13 0.303906149578
5.14 0.303623566141
5.15 0.303340097294
5.16 0.303055750457
5.17 0.302770533019
5.18 0.302484452329
5.19 0.302197515705
5.2 0.301909730428
5.21 0.301621103745
5.22 0.301331642867
5.23 0.301041354972
5.24 0.300750247203
5.25 0.30045832667
5.26 0.300165600446
5.27 0.299872075572
5.28 0.299577759057
5.29 0.299282657873
5.3 0.29898677896
5.31 0.298690129224
5.32 0.298392715539
5.33 0.298094544744
5.34 0.297795623648
5.35 0.297495959023
5.36 0.297195557611
5.37 0.296894426121
5.38 0.29659257123
5.39 0.296289999581
5.4 0.295986717786
5.41 0.295682732425
5.42 0.295378050046
5.43 0.295072677165
5.44 0.294766620265
5.45 0.2944598858
5.46 0.294152480191
5.47 0.293844409827
5.48 0.293535681068
5.49 0.293226300242
5.5 0.292916273644
5.51 0.292605607541
5.52 0.292294308168
5.53 0.291982381731
5.54 0.291669834403
5.55 0.291356672328
5.56 0.29104290162
5.57 0.290728528363
5.58 0.29041355861
5.59 0.290097998387
5.6 0.289781853686
5.61 0.289465130473
5.62 0.289147834683
5.63 0.288829972222
5.64 0.288511548966
5.65 0.288192570764
5.66 0.287873043434
5.67 0.287552972766
5.68 0.287232364521
5.69 0.28691122443
5.7 0.286589558199
5.71 0.286267371503
5.72 0.285944669989
5.73 0.285621459276
5.74 0.285297744955
5.75 0.284973532589
5.76 0.284648827714
5.77 0.284323635838
5.78 0.283997962439
5.79 0.283671812972
5.8 0.283345192861
5.81 0.283018107503
5.82 0.282690562271
5.83 0.282362562507
5.84 0.282034113529
5.85 0.281705220627
5.86 0.281375889063
5.87 0.281046124076
5.88 0.280715930874
5.89 0.280385314643
5.9 0.28005428054
5.91 0.279722833695
5.92 0.279390979216
5.93 0.279058722182
5.94 0.278726067645
5.95 0.278393020635
5.96 0.278059586154
5.97 0.277725769178
5.98 0.27739157466
5.99 0.277057007524
6.0 0.276722072673
6.01 0.276386774983
6.02 0.276051119303
6.03 0.275715110461
6.04 0.275378753258
6.05 0.27504205247
6.06 0.274705012848
6.07 0.274367639122
6.08 0.274029935994
6.09 0.273691908142
6.1 0.273353560222
6.11 0.273014896864
6.12 0.272675922675
6.13 0.272336642238
6.14 0.271997060112
6.15 0.271657180832
6.16 0.27131700891
6.17 0.270976548834
6.18 0.27063580507
6.19 0.270294782059
6.2 0.269953484219
6.21 0.269611915946
6.22 0.269270081612
6.23 0.268927985568
6.24 0.268585632138
6.25 0.268243025628
6.26 0.26790017032
6.27 0.267557070471
6.28 0.267213730318
6.29 0.266870154076
6.3 0.266526345936
6.31 0.266182310068
6.32 0.26583805062
6.33 0.265493571717
6.34 0.265148877464
6.35 0.264803971943
6.36 0.264458859213
6.37 0.264113543315
6.38 0.263768028264
6.39 0.263422318057
6.4 0.26307641667
6.41 0.262730328054
6.42 0.262384056142
6.43 0.262037604846
6.44 0.261690978056
6.45 0.261344179641
6.46 0.260997213449
6.47 0.260650083309
6.48 0.260302793027
6.49 0.259955346391
6.5 0.259607747167
6.51 0.2592599991
6.52 0.258912105916
6.53 0.258564071321
6.54 0.258215899001
6.55 0.257867592619
6.56 0.257519155823
6.57 0.257170592236
6.58 0.256821905467
6.59 0.256473099099
6.6 0.256124176701
6.61 0.255775141818
6.62 0.255425997979
6.63 0.255076748692
6.64 0.254727397446
6.65 0.254377947711
6.66 0.254028402937
6.67 0.253678766557
6.68 0.253329041982
6.69 0.252979232608
6.7 0.252629341808
6.71 0.25227937294
6.72 0.251929329341
6.73 0.251579214331
6.74 0.25122903121
6.75 0.250878783261
6.76 0.250528473748
6.77 0.250178105917
6.78 0.249827682995
6.79 0.249477208193
6.8 0.249126684702
6.81 0.248776115697
6.82 0.248425504332
6.83 0.248074853746
6.84 0.247724167059
6.85 0.247373447376
6.86 0.24702269778
6.87 0.24667192134
6.88 0.246321121106
6.89 0.245970300112
6.9 0.245619461373
6.91 0.245268607888
6.92 0.24491774264
6.93 0.244566868592
6.94 0.244215988693
6.95 0.243865105874
6.96 0.243514223048
6.97 0.243163343113
6.98 0.24281246895
6.99 0.242461603422
7.0 0.242110749378
7.01 0.241759909649
7.02 0.241409087049
7.03 0.241058284377
7.04 0.240707504416
7.05 0.240356749931
7.06 0.240006023673
7.07 0.239655328376
7.08 0.239304666758
7.09 0.23895404152
7.1 0.238603455351
7.11 0.238252910919
7.12 0.237902410881
7.13 0.237551957875
7.14 0.237201554526
7.15 0.236851203442
7.16 0.236500907216
7.17 0.236150668426
7.18 0.235800489634
7.19 0.235450373387
7.2 0.235100322217
7.21 0.234750338642
7.22 0.234400425164
7.23 0.234050584269
7.24 0.233700818429
7.25 0.233351130103
7.26 0.233001521732
7.27 0.232651995745
7.28 0.232302554555
7.29 0.231953200562
7.3 0.231603936148
7.31 0.231254763684
7.32 0.230905685526
7.33 0.230556704015
7.34 0.230207821478
7.35 0.229859040227
7.36 0.229510362562
7.37 0.229161790767
7.38 0.228813327113
7.39 0.228464973857
7.4 0.228116733241
7.41 0.227768607494
7.42 0.227420598833
7.43 0.227072709458
7.44 0.226724941558
7.45 0.226377297307
7.46 0.226029778866
7.47 0.225682388383
7.48 0.225335127992
7.49 0.224987999814
7.5 0.224641005957
7.51 0.224294148514
7.52 0.223947429567
7.53 0.223600851184
7.54 0.223254415421
7.55 0.222908124319
7.56 0.222561979908
7.57 0.222215984204
7.58 0.221870139211
7.59 0.22152444692
7.6 0.221178909308
7.61 0.220833528341
7.62 0.220488305973
7.63 0.220143244143
7.64 0.21979834478
7.65 0.219453609799
7.66 0.219109041103
7.67 0.218764640584
7.68 0.21842041012
7.69 0.218076351577
7.7 0.217732466811
7.71 0.217388757662
7.72 0.217045225962
7.73 0.216701873528
7.74 0.216358702168
7.75 0.216015713675
7.76 0.215672909833
7.77 0.215330292412
7.78 0.214987863172
7.79 0.21464562386
7.8 0.214303576211
7.81 0.213961721952
7.82 0.213620062794
7.83 0.21327860044
7.84 0.212937336578
7.85 0.212596272889
7.86 0.212255411039
7.87 0.211914752686
7.88 0.211574299473
7.89 0.211234053035
7.9 0.210894014995
7.91 0.210554186964
7.92 0.210214570544
7.93 0.209875167324
7.94 0.209535978884
7.95 0.209197006792
7.96 0.208858252604
7.97 0.208519717868
7.98 0.20818140412
7.99 0.207843312885
8.0 0.207505445678
8.01 0.207167804002
8.02 0.206830389353
8.03 0.206493203212
8.04 0.206156247053
8.05 0.205819522339
8.06 0.205483030521
8.07 0.205146773042
8.08 0.204810751334
8.09 0.204474966817
8.1 0.204139420903
8.11 0.203804114995
8.12 0.203469050482
8.13 0.203134228747
8.14 0.202799651161
8.15 0.202465319086
8.16 0.202131233873
8.17 0.201797396864
8.18 0.201463809391
8.19 0.201130472778
8.2 0.200797388336
8.21 0.20046455737
8.22 0.200131981172
8.23 0.199799661026
8.24 0.199467598208
8.25 0.199135793983
8.26 0.198804249605
8.27 0.198472966323
8.28 0.198141945372
8.29 0.197811187981
8.3 0.197480695369
8.31 0.197150468744
8.32 0.196820509308
8.33 0.19649081825
8.34 0.196161396755
8.35 0.195832245994
8.36 0.195503367132
8.37 0.195174761324
8.38 0.194846429716
8.39 0.194518373447
8.4 0.194190593645
8.41 0.193863091429
8.42 0.193535867912
8.43 0.193208924195
8.44 0.192882261372
8.45 0.19255588053
8.46 0.192229782744
8.47 0.191903969084
8.48 0.191578440608
8.49 0.191253198368
8.5 0.190928243407
8.51 0.19060357676
8.52 0.190279199454
8.53 0.189955112505
8.54 0.189631316923
8.55 0.189307813712
8.56 0.188984603863
8.57 0.188661688361
8.58 0.188339068186
8.59 0.188016744304
8.6 0.187694717678
8.61 0.187372989261
8.62 0.187051559997
8.63 0.186730430825
8.64 0.186409602674
8.65 0.186089076465
8.66 0.185768853112
8.67 0.185448933522
8.68 0.185129318592
8.69 0.184810009214
8.7 0.184491006271
8.71 0.184172310638
8.72 0.183853923184
8.73 0.183535844768
8.74 0.183218076243
8.75 0.182900618456
8.76 0.182583472244
8.77 0.182266638437
8.78 0.18195011786
8.79 0.181633911328
8.8 0.18131801965
8.81 0.181002443628
8.82 0.180687184056
8.83 0.18037224172
8.84 0.180057617401
8.85 0.179743311873
8.86 0.179429325899
8.87 0.179115660241
8.88 0.178802315649
8.89 0.178489292867
8.9 0.178176592635
8.91 0.177864215683
8.92 0.177552162735
8.93 0.177240434509
8.94 0.176929031714
8.95 0.176617955055
8.96 0.176307205229
8.97 0.175996782926
8.98 0.17568668883
8.99 0.175376923618
9.0 0.175067487959
9.01 0.174758382519
9.02 0.174449607954
9.03 0.174141164915
9.04 0.173833054046
9.05 0.173525275986
9.06 0.173217831365
9.07 0.172910720809
9.08 0.172603944937
9.09 0.172297504362
9.1 0.171991399688
9.11 0.171685631517
9.12 0.171380200441
9.13 0.171075107049
9.14 0.170770351921
9.15 0.170465935634
9.16 0.170161858755
9.17 0.169858121849
9.18 0.169554725471
9.19 0.169251670174
9.2 0.168948956501
9.21 0.168646584993
9.22 0.168344556182
9.23 0.168042870596
9.24 0.167741528755
9.25 0.167440531176
9.26 0.167139878369
9.27 0.166839570836
9.28 0.166539609077
9.29 0.166239993584
9.3 0.165940724844
9.31 0.165641803339
9.32 0.165343229542
9.33 0.165045003926
9.34 0.164747126953
9.35 0.164449599083
9.36 0.16415242077
9.37 0.16385559246
9.38 0.163559114597
9.39 0.163262987618
9.4 0.162967211953
9.41 0.162671788029
9.42 0.162376716267
9.43 0.162081997083
9.44 0.161787630886
9.45 0.161493618082
9.46 0.161199959069
9.47 0.160906654244
9.48 0.160613703995
9.49 0.160321108705
9.5 0.160028868755
9.51 0.159736984518
9.52 0.159445456362
9.53 0.159154284652
9.54 0.158863469746
9.55 0.158573011998
9.56 0.158282911757
9.57 0.157993169366
9.58 0.157703785164
9.59 0.157414759486
9.6 0.15712609266
9.61 0.15683778501
9.62 0.156549836856
9.63 0.156262248513
9.64 0.15597502029
9.65 0.155688152492
9.66 0.15540164542
9.67 0.155115499369
9.68 0.15482971463
9.69 0.15454429149
9.7 0.15425923023
9.71 0.153974531127
9.72 0.153690194454
9.73 0.153406220478
9.74 0.153122609464
9.75 0.152839361669
9.76 0.152556477349
9.77 0.152273956753
9.78 0.151991800127
9.79 0.151710007712
9.8 0.151428579744
9.81 0.151147516457
9.82 0.150866818077
9.83 0.150586484828
9.84 0.150306516931
9.85 0.1500269146
9.86 0.149747678045
9.87 0.149468807474
9.88 0.149190303088
9.89 0.148912165087
9.9 0.148634393664
9.91 0.148356989008
9.92 0.148079951307
9.93 0.147803280741
9.94 0.147526977488
9.95 0.147251041722
9.96 0.146975473612
9.97 0.146700273324
9.98 0.146425441019
9.99 0.146150976854
