50 0.228755348201
51 0.237997064268
52 0.247421784614
53 0.257029509239
54 0.266820238142
55 0.276793971323
56 0.286950708783
57 0.297290450522
58 0.307813196539
59 0.318518946835
60 0.32940770141
61 0.340479460263
62 0.351734223394
63 0.363171990804
64 0.374792762493
65 0.38659653846
66 0.398583318706
67 0.41075310323
68 0.423105892033
69 0.435641685114
70 0.448360482474
71 0.461262284113
72 0.47434709003
73 0.487614900225
74 0.5010657147
75 0.514699533453
76 0.528516356484
77 0.542516183794
78 0.556699015382
79 0.571064851249
80 0.585613691395
81 0.600345535819
82 0.615260384522
83 0.630358237503
84 0.645639094763
85 0.661102956301
86 0.676749822118
87 0.692579692214
88 0.708592566588
89 0.72478844524
90 0.741167328172
91 0.757729215381
92 0.77447410687
93 0.791402002637
94 0.808512902682
95 0.825806807006
96 0.843283715609
97 0.86094362849
98 0.878786545649
99 0.896812467088
100 0.915021392804
101 0.9334133228
102 0.951988257074
103 0.970746195626
104 0.989687138457
105 1.00881108557
106 1.02811803696
107 1.04760799262
108 1.06728095257
109 1.08713691679
110 1.10717588529
111 1.12739785807
112 1.14780283513
113 1.16839081647
114 1.18916180209
115 1.21011579198
116 1.23125278616
117 1.25257278461
118 1.27407578734
119 1.29576179435
120 1.31763080564
121 1.33968282121
122 1.36191784105
123 1.38433586517
124 1.40693689358
125 1.42972092626
126 1.45268796322
127 1.47583800445
128 1.49917104997
129 1.52268709977
130 1.54638615384
131 1.57026821219
132 1.59433327482
133 1.61858134173
134 1.64301241292
135 1.66762648839
136 1.69242356813
137 1.71740365215
138 1.74256674046
139 1.76791283304
140 1.7934419299
141 1.81915403103
142 1.84504913645
143 1.87112724615
144 1.89738836012
145 1.92383247837
146 1.9504596009
147 1.97726972771
148 2.0042628588
149 2.03143899417
150 2.05879813381
151 2.08634027773
152 2.11406542594
153 2.14197357842
154 2.17006473518
155 2.19833889621
156 2.22679606153
157 2.25543623112
158 2.284259405
159 2.31326558315
160 2.34245476558
161 2.37182695229
162 2.40138214328
163 2.43112033854
164 2.46104153809
165 2.49114574191
166 2.52143295001
167 2.55190316239
168 2.58255637905
169 2.61339259999
170 2.6444118252
171 2.6756140547
172 2.70699928847
173 2.73856752652
174 2.77031876885
175 2.80225301546
176 2.83437026635
177 2.86667052152
178 2.89915378096
179 2.93182004468
180 2.96466931269
181 2.99770158497
182 3.03091686153
183 3.06431514236
184 3.09789642748
185 3.13166071687
186 3.16560801055
187 3.1997383085
188 3.23405161073
189 3.26854791724
190 3.30322722802
191 3.33808954309
192 3.37313486243
193 3.40836318606
194 3.44377451396
195 3.47936884614
196 3.5151461826
197 3.55110652333
198 3.58724986835
199 3.62357621764
200 3.66008557122
201 3.69677792907
202 3.7336532912
203 3.77071165761
204 3.8079530283
205 3.84537740326
206 3.8829847825
207 3.92077516603
208 3.95874855383
209 3.99690494591
210 4.03524434227
211 4.0737667429
212 4.11247214782
213 4.15136055701
214 4.19043197049
215 4.22968638824
216 4.26912381027
217 4.30874423658
218 4.34854766716
219 4.38853410203
220 4.42870354117
221 4.4690559846
222 4.5095914323
223 4.55030988428
224 4.59121134054
225 4.63229580107
226 4.67356326589
227 4.71501373498
228 4.75664720835
229 4.79846368601
230 4.84046316794
231 4.88264565414
232 4.92501114463
233 4.9675596394
234 5.01029113844
235 5.05320564176
236 5.09630314936
237 5.13958366124
238 5.1830471774
239 5.22669369784
240 5.27052322255
241 5.31453575155
242 5.35873128482
243 5.40310982237
244 5.4476713642
245 5.49241591031
246 5.5373434607
247 5.58245401536
248 5.6277475743
249 5.67322413753
250 5.71888370503
251 5.76472627681
252 5.81075185287
253 5.8569604332
254 5.90335201782
255 5.94992660671
256 5.99668419988
257 6.04362479733
258 6.09074839906
259 6.13805500507
260 6.18554461536
261 6.23321722992
262 6.28107284877
263 6.32911147189
264 6.37733309929
265 6.42573773097
266 6.47432536693
267 6.52309600716
268 6.57204965168
269 6.62118630047
270 6.67050595354
271 6.7200086109
272 6.76969427252
273 6.81956293843
274 6.86961460862
275 6.91984928308
276 6.97026696183
277 7.02086764485
278 7.07165133215
279 7.12261802373
280 7.17376771959
281 7.22510041972
282 7.27661612414
283 7.32831483283
284 7.3801965458
285 7.43226126305
286 7.48450898458
287 7.53693971039
288 7.58955344048
289 7.64235017484
290 7.69532991349
291 7.74849265641
292 7.80183840361
293 7.85536715509
294 7.90907891084
295 7.96297367088
296 8.0170514352
297 8.07131220379
298 8.12575597666
299 8.18038275381
300 8.23519253524
301 8.29018532095
302 8.34536111093
303 8.4007199052
304 8.45626170374
305 8.51198650656
306 8.56789431366
307 8.62398512504
308 8.6802589407
309 8.73671576064
310 8.79335558485
311 8.85017841334
312 8.90718424612
313 8.96437308317
314 9.02174492449
315 9.0792997701
316 9.13703761999
317 9.19495847415
318 9.2530623326
319 9.31134919532
320 9.36981906232
321 9.4284719336
322 9.48730780915
323 9.54632668899
324 9.6055285731
325 9.6649134615
326 9.72448135417
327 9.78423225112
328 9.84416615235
329 9.90428305785
330 9.96458296764
331 10.0250658817
332 10.0857318
333 10.1465807227
334 10.2076126496
335 10.2688275807
336 10.3302255162
337 10.3918064559
338 10.4535704
339 10.5155173482
340 10.5776473008
341 10.6399602577
342 10.7024562188
343 10.7651351842
344 10.8279971539
345 10.8910421279
346 10.9542701061
347 11.0176810886
348 11.0812750754
349 11.1450520665
350 11.2090120619
351 11.2731550615
352 11.3374810654
353 11.4019900736
354 11.4666820861
355 11.5315571028
356 11.5966151238
357 11.6618561492
358 11.7272801787
359 11.7928872126
360 11.8586772507
361 11.9246502932
362 11.9908063399
363 12.0571453908
364 12.1236674461
365 12.1903725056
366 12.2572605695
367 12.3243316375
368 12.3915857099
369 12.4590227866
370 12.5266428675
371 12.5944459527
372 12.6624320422
373 12.7306011359
374 12.798953234
375 12.8674883363
376 12.9362064429
377 13.0051075538
378 13.0741916689
379 13.1434587884
380 13.2129089121
381 13.2825420401
382 13.3523581724
383 13.4223573089
384 13.4925394497
385 13.5629045948
386 13.6334527442
387 13.7041838979
388 13.7750980558
389 13.8461952181
390 13.9174753846
391 13.9889385553
392 14.0605847304
393 14.1324139097
394 14.2044260933
395 14.2766212812
396 14.3489994734
397 14.4215606699
398 14.4943048706
399 14.5672320756
400 14.6403422849
401 14.7136354984
402 14.7871117163
403 14.8607709384
404 14.9346131648
405 15.0086383955
406 15.0828466304
407 15.1572378697
408 15.2318121132
409 15.306569361
410 15.381509613
411 15.4566328694
412 15.53193913
413 15.6074283949
414 15.6831006641
415 15.7589559376
416 15.8349942153
417 15.9112154973
418 15.9876197836
419 16.0642070742
420 16.1409773691
421 16.2179306682
422 16.2950669716
423 16.3723862793
424 16.4498885913
425 16.5275739075
426 16.6054422281
427 16.6834935529
428 16.7617278819
429 16.8401452153
430 16.918745553
431 16.9975288949
432 17.0764952411
433 17.1556445916
434 17.2349769463
435 17.3144923053
436 17.3941906687
437 17.4740720362
438 17.5541364081
439 17.6343837843
440 17.7148141647
441 17.7954275494
442 17.8762239384
443 17.9572033316
444 18.0383657292
445 18.119711131
446 18.2012395371
447 18.2829509475
448 18.3648453621
449 18.4469227811
450 18.5291832043
451 18.6116266318
452 18.6942530636
453 18.7770624996
454 18.8600549399
455 18.9432303845
456 19.0265888334
457 19.1101302866
458 19.193854744
459 19.2777622057
460 19.3618526717
461 19.446126142
462 19.5305826166
463 19.6152220954
464 19.7000445785
465 19.7850500659
466 19.8702385576
467 19.9556100535
468 20.0411645538
469 20.1269020583
470 20.2128225671
471 20.2989260801
472 20.3852125975
473 20.4716821191
474 20.558334645
475 20.6451701752
476 20.7321887096
477 20.8193902483
478 20.9067747914
479 20.9943423386
480 21.0820928902
481 21.1700264461
482 21.2581430062
483 21.3464425706
484 21.4349251393
485 21.5235907122
486 21.6124392895
487 21.701470871
488 21.7906854568
489 21.8800830469
490 21.9696636412
491 22.0594272399
492 22.1493738428
493 22.23950345
494 22.3298160614
495 22.4203116772
496 22.5109902972
497 22.6018519215
498 22.6928965501
499 22.784124183
500 22.8755348201
501 22.9671284615
502 23.0589051072
503 23.1508647572
504 23.2430074115
505 23.33533307
506 23.4278417328
507 23.5205333999
508 23.6134080713
509 23.7064657469
510 23.7997064268
511 23.893130111
512 23.9867367995
513 24.0805264923
514 24.1744991893
515 24.2686548907
516 24.3629935963
517 24.4575153061
518 24.5522200203
519 24.6471077387
520 24.7421784614
521 24.8374321884
522 24.9328689197
523 25.0284886552
524 25.1242913951
525 25.2202771392
526 25.3164458876
527 25.4127976402
528 25.5093323972
529 25.6060501584
530 25.7029509239
531 25.8000346937
532 25.8973014677
533 25.994751246
534 26.0923840287
535 26.1901998155
536 26.2881986067
537 26.3863804022
538 26.4847452019
539 26.5832930059
540 26.6820238142
541 26.7809376267
542 26.8800344436
543 26.9793142647
544 27.0787770901
545 27.1784229198
546 27.2782517537
547 27.378263592
548 27.4784584345
549 27.5788362813
550 27.6793971323
551 27.7801409877
552 27.8810678473
553 27.9821777112
554 28.0834705794
555 28.1849464519
556 28.2866053286
557 28.3884472096
558 28.4904720949
559 28.5926799845
560 28.6950708783
561 28.7976447765
562 28.9004016789
563 29.0033415856
564 29.1064644966
565 29.2097704118
566 29.3132593313
567 29.4169312551
568 29.5207861832
569 29.6248241156
570 29.7290450522
571 29.8334489931
572 29.9380359383
573 30.0428058878
574 30.1477588416
575 30.2528947996
576 30.3582137619
577 30.4637157285
578 30.5694006994
579 30.6752686745
580 30.7813196539
581 30.8875536376
582 30.9939706256
583 31.1005706179
584 31.2073536144
585 31.3143196153
586 31.4214686203
587 31.5288006297
588 31.6363156434
589 31.7440136613
590 31.8518946835
591 31.95995871
592 32.0682057408
593 32.1766357758
594 32.2852488152
595 32.3940448588
596 32.5030239066
597 32.6121859588
598 32.7215310152
599 32.831059076
600 32.940770141
601 33.0506642102
602 33.1607412838
603 33.2710013616
604 33.3814444437
605 33.4920705301
606 33.6028796208
607 33.7138717157
608 33.825046815
609 33.9364049185
610 34.0479460263
611 34.1596701383
612 34.2715772547
613 34.3836673753
614 34.4959405002
615 34.6083966293
616 34.7210357628
617 34.8338579005
618 34.9468630425
619 35.0600511888
620 35.1734223394
621 35.2869764943
622 35.4007136534
623 35.5146338168
624 35.6287369845
625 35.7430231564
626 35.8574923327
627 35.9721445132
628 36.086979698
629 36.2019978871
630 36.3171990804
631 36.432583278
632 36.54815048
633 36.6639006861
634 36.7798338966
635 36.8959501114
636 37.0122493304
637 37.1287315537
638 37.2453967813
639 37.3622450131
640 37.4792762493
641 37.5964904897
642 37.7138877344
643 37.8314679834
644 37.9492312366
645 38.0671774941
646 38.185306756
647 38.303619022
648 38.4221142924
649 38.5407925671
650 38.659653846
651 38.7786981292
652 38.8979254167
653 39.0173357084
654 39.1369290045
655 39.2567053048
656 39.3766646094
657 39.4968069183
658 39.6171322314
659 39.7376405489
660 39.8583318706
661 39.9792061966
662 40.1002635268
663 40.2215038614
664 40.3429272002
665 40.4645335433
666 40.5863228907
667 40.7082952423
668 40.8304505983
669 40.9527889585
670 41.075310323
671 41.1980146918
672 41.3209020648
673 41.4439724422
674 41.5672258238
675 41.6906622097
676 41.8142815998
677 41.9380839943
678 42.062069393
679 42.186237796
680 42.3105892033
681 42.4351236148
682 42.5598410307
683 42.6847414508
684 42.8098248752
685 42.9350913039
686 43.0605407368
687 43.1861731741
688 43.3119886156
689 43.4379870614
690 43.5641685114
691 43.6905329658
692 43.8170804244
693 43.9438108873
694 44.0707243545
695 44.1978208259
696 44.3251003017
697 44.4525627817
698 44.580208266
699 44.7080367546
700 44.8360482474
701 44.9642427446
702 45.092620246
703 45.2211807516
704 45.3499242616
705 45.4788507759
706 45.6079602944
707 45.7372528172
708 45.8667283443
709 45.9963868756
710 46.1262284113
711 46.2562529512
712 46.3864604954
713 46.5168510439
714 46.6474245966
715 46.7781811536
716 46.909120715
717 47.0402432805
718 47.1715488504
719 47.3030374246
720 47.434709003
721 47.5665635857
722 47.6986011727
723 47.8308217639
724 47.9632253595
725 48.0958119593
726 48.2285815634
727 48.3615341718
728 48.4946697844
729 48.6279884013
730 48.7614900225
731 48.895174648
732 49.0290422778
733 49.1630929119
734 49.2973265502
735 49.4317431928
736 49.5663428397
737 49.7011254908
738 49.8360911463
739 49.971239806
740 50.10657147
741 50.2420861382
742 50.3777838108
743 50.5136644876
744 50.6497281687
745 50.7859748541
746 50.9224045438
747 51.0590172377
748 51.195812936
749 51.3327916385
750 51.4699533453
751 51.6072980563
752 51.7448257716
753 51.8825364913
754 52.0204302152
755 52.1585069433
756 52.2967666758
757 52.4352094125
758 52.5738351535
759 52.7126438988
760 52.8516356484
761 52.9908104022
762 53.1301681604
763 53.2697089228
764 53.4094326894
765 53.5493394604
766 53.6894292356
767 53.8297020152
768 53.9701577989
769 54.110796587
770 54.2516183794
771 54.392623176
772 54.5338109769
773 54.6751817821
774 54.8167355916
775 54.9584724053
776 55.1003922233
777 55.2424950456
778 55.3847808722
779 55.5272497031
780 55.6699015382
781 55.8127363776
782 55.9557542213
783 56.0989550693
784 56.2423389216
785 56.3859057781
786 56.5296556389
787 56.673588504
788 56.8177043734
789 56.962003247
790 57.1064851249
791 57.2511500071
792 57.3959978936
793 57.5410287844
794 57.6862426794
795 57.8316395787
796 57.9772194823
797 58.1229823902
798 58.2689283023
799 58.4150572188
800 58.5613691395
801 58.7078640645
802 58.8545419937
803 59.0014029273
804 59.1484468651
805 59.2956738072
806 59.4430837536
807 59.5906767043
808 59.7384526592
809 59.8864116184
810 60.0345535819
811 60.1828785497
812 60.3313865217
813 60.4800774981
814 60.6289514787
815 60.7780084636
816 60.9272484527
817 61.0766714462
818 61.2262774439
819 61.3760664459
820 61.5260384522
821 61.6761934627
822 61.8265314776
823 61.9770524967
824 62.1277565201
825 62.2786435478
826 62.4297135797
827 62.5809666159
828 62.7324026564
829 62.8840217012
830 63.0358237503
831 63.1878088036
832 63.3399768613
833 63.4923279232
834 63.6448619893
835 63.7975790598
836 63.9504791345
837 64.1035622136
838 64.2568282969
839 64.4102773844
840 64.5639094763
841 64.7177245724
842 64.8717226728
843 65.0259037775
844 65.1802678865
845 65.3348149997
846 65.4895451172
847 65.644458239
848 65.7995543651
849 65.9548334955
850 66.1102956301
851 66.265940769
852 66.4217689122
853 66.5777800597
854 66.7339742115
855 66.8903513675
856 67.0469115278
857 67.2036546924
858 67.3605808612
859 67.5176900344
860 67.6749822118
861 67.8324573935
862 67.9901155795
863 68.1479567698
864 68.3059809643
865 68.4641881631
866 68.6225783662
867 68.7811515736
868 68.9399077852
869 69.0988470012
870 69.2579692214
871 69.4172744459
872 69.5767626746
873 69.7364339077
874 69.896288145
875 70.0563253866
876 70.2165456325
877 70.3769488826
878 70.5375351371
879 70.6983043958
880 70.8592566588
881 71.020391926
882 71.1817101976
883 71.3432114734
884 71.5048957535
885 71.6667630379
886 71.8288133266
887 71.9910466195
888 72.1534629168
889 72.3160622183
890 72.478844524
891 72.6418098341
892 72.8049581484
893 72.9682894671
894 73.1318037899
895 73.2955011171
896 73.4593814486
897 73.6234447843
898 73.7876911243
899 73.9521204686
900 74.1167328172
901 74.28152817
902 74.4465065271
903 74.6116678885
904 74.7770122542
905 74.9425396242
906 75.1082499984
907 75.2741433769
908 75.4402197597
909 75.6064791468
910 75.7729215381
911 75.9395469338
912 76.1063553337
913 76.2733467379
914 76.4405211463
915 76.6078785591
916 76.7754189761
917 76.9431423974
918 77.111048823
919 77.2791382528
920 77.447410687
921 77.6158661254
922 77.7845045681
923 77.9533260151
924 78.1223304663
925 78.2915179218
926 78.4608883816
927 78.6304418457
928 78.8001783141
929 78.9700977867
930 79.1402002637
931 79.3104857449
932 79.4809542303
933 79.6516057201
934 79.8224402141
935 79.9934577124
936 80.164658215
937 80.3360417219
938 80.5076082331
939 80.6793577485
940 80.8512902682
941 81.0234057922
942 81.1957043205
943 81.368185853
944 81.5408503898
945 81.7136979309
946 81.8867284763
947 82.059942026
948 82.2333385799
949 82.4069181381
950 82.5806807006
951 82.7546262674
952 82.9287548384
953 83.1030664138
954 83.2775609934
955 83.4522385772
956 83.6270991654
957 83.8021427579
958 83.9773693546
959 84.1527789556
960 84.3283715609
961 84.5041471704
962 84.6801057843
963 84.8562474024
964 85.0325720248
965 85.2090796514
966 85.3857702824
967 85.5626439176
968 85.7397005571
969 85.9169402009
970 86.094362849
971 86.2719685013
972 86.4497571579
973 86.6277288188
974 86.805883484
975 86.9842211535
976 87.1627418272
977 87.3414455052
978 87.5203321875
979 87.6994018741
980 87.8786545649
981 88.0580902601
982 88.2377089595
983 88.4175106632
984 88.5974953711
985 88.7776630834
986 88.9580137999
987 89.1385475207
988 89.3192642458
989 89.5001639751
990 89.6812467088
991 89.8625124467
992 90.0439611889
993 90.2255929353
994 90.4074076861
995 90.5894054411
996 90.7715862004
997 90.953949964
998 91.1364967319
999 91.319226504
