6 2.30659812803e-16
7 1.22329063635e-10
8 2.12799936572e-07
9 1.99642021041e-05
10 0.000368662031957
11 0.00261859924273
12 0.010225935603
13 0.0272010761828
14 0.0558269865042
15 0.0958375567795
16 0.144902344634
17 0.19983990783
18 0.257540322375
19 0.315365558202
20 0.371499742944
21 0.424609788916
22 0.474011529502
23 0.519533605523
24 0.560921592085
25 0.59839194804
26 0.632248069732
27 0.662555394789
28 0.689931178086
29 0.714406996479
30 0.736291993226
31 0.756007920756
32 0.773710783993
33 0.789606683633
34 0.803907601653
35 0.816802942329
36 0.82843088945
37 0.838947892358
38 0.84844688679
39 0.857070917016
40 0.864912716034
41 0.872031008065
42 0.878509558258
43 0.884436663184
44 0.889863002248
45 0.894820794109
46 0.899385891484
47 0.903573201259
48 0.90741966032
49 0.91096332615
50 0.91424323631
51 0.917277894502
52 0.92008628841
53 0.922687838787
54 0.925102352184
55 0.927349977581
56 0.929429497644
57 0.931383211487
58 0.93321032761
59 0.934888308949
60 0.936481850524
61 0.937968657445
62 0.939370124513
63 0.940685873443
64 0.941915548528
65 0.943080800579
66 0.944159385217
67 0.945195074068
68 0.94616567366
69 0.947093063257
70 0.947955022193
71 0.94877349008
72 0.949548356963
73 0.950301668507
74 0.950989042265
75 0.9516768812
76 0.952298596829
77 0.952898481014
78 0.953476494029
79 0.954032597518
80 0.954566754515
81 0.955056669744
82 0.955546817211
83 0.955992635042
84 0.95643864412
85 0.956862544149
86 0.957264306744
87 0.95764390498
88 0.958023640737
89 0.958381178611
90 0.958716494578
91 0.959051917029
92 0.95938744648
93 0.959678351259
94 0.959991707704
95 0.960260398736
96 0.960551542225
97 0.960820374009
98 0.961066875913
99 0.961313434085
100 0.961560048791
101 0.961806720271
102 0.96203102894
103 0.962255383954
104 0.962457355871
105 0.96268179876
106 0.962883848868
107 0.963063492242
108 0.963265611057
109 0.963445314015
110 0.963625044232
111 0.963804801205
112 0.963984584263
113 0.964141924316
114 0.964299280711
115 0.964456652027
116 0.964614036504
117 0.964771431984
118 0.964928835848
119 0.965063755596
120 0.965198670105
121 0.965356070452
122 0.965490963401
123 0.965603333518
124 0.965738174008
125 0.965872977961
126 0.96598522536
127 0.966119923176
128 0.966232035424
129 0.966344058483
130 0.96647849771
131 0.966590295162
132 0.966701949487
133 0.966790909301
134 0.966902205111
135 0.967013282924
136 0.967101576207
137 0.967212121186
138 0.967299806974
139 0.96740967232
140 0.967496590305
141 0.967583054278
142 0.967691562165
143 0.967776962386
144 0.967861742625
145 0.967945839044
146 0.968029183306
147 0.968111702449
148 0.96817075811
149 0.968251387185
150 0.968330943387
151 0.968409334178
152 0.968463894537
153 0.96853965469
154 0.968591370731
155 0.968664068374
156 0.968712487492
157 0.968781648955
158 0.968826276724
159 0.968868809922
160 0.968931687035
161 0.968969609641
162 0.969005005257
163 0.969037719855
164 0.969067594617
165 0.969117047845
166 0.969140748483
167 0.969161105298
168 0.96917794165
169 0.969191076837
170 0.969200326278
171 0.969182917969
172 0.969183827616
173 0.969180276556
174 0.969172066696
175 0.969158997103
176 0.969140864244
177 0.969094880631
178 0.96906600209
179 0.96903143657
180 0.968968393951
181 0.968921819597
182 0.968868919933
183 0.968786905747
184 0.968720711721
185 0.968624975769
186 0.96854462485
187 0.968456870934
188 0.968338934825
189 0.968213170958
190 0.968101923793
191 0.967959862435
192 0.967831888449
193 0.967672686204
194 0.967527147705
195 0.96734997509
196 0.967163513738
197 0.966990095056
198 0.966784453138
199 0.96656892959
200 0.966343332796
201 0.966129986077
202 0.965883675495
203 0.965626736952
204 0.965358992971
205 0.965102757683
206 0.9648128795
207 0.964511687343
208 0.964199020288
209 0.963874721868
210 0.963538640184
211 0.963190628009
212 0.96283054288
213 0.96248067369
214 0.962096025781
215 0.961698906661
216 0.961289193717
217 0.960866769459
218 0.960431521566
219 0.959983342932
220 0.959522131698
221 0.959047791276
222 0.95856023038
223 0.958059363028
224 0.957522797149
225 0.956995092524
226 0.956453855729
227 0.955899022044
228 0.955330532041
229 0.954748331558
230 0.95415237168
231 0.953542608703
232 0.952919004102
233 0.952259335786
234 0.951607968045
235 0.950942674066
236 0.950263435592
237 0.9495702393
238 0.948840967731
239 0.948119852093
240 0.947384768007
241 0.946635721272
242 0.945850682982
243 0.945073764817
244 0.944282929083
245 0.943478199565
246 0.942637639925
247 0.941805230716
248 0.940959024876
249 0.940077158155
250 0.939203504859
251 0.938316188534
252 0.937393419111
253 0.936478958111
254 0.935551001775
255 0.934587836249
256 0.933633103773
257 0.932665075318
258 0.931662115224
259 0.930667740016
260 0.929638635922
261 0.928618231784
262 0.927584927684
263 0.926517222717
264 0.925458409489
265 0.924365429449
266 0.923281480611
267 0.922163610238
268 0.921054919056
269 0.919912562103
270 0.918779540164
271 0.917634499195
272 0.916456193813
273 0.915287470507
274 0.91408576166
275 0.91289380738
276 0.911669154459
277 0.910433220255
278 0.909207309433
279 0.907949144294
280 0.906701187731
281 0.905421280935
282 0.904151771948
283 0.902850622585
284 0.901560063738
285 0.900238179542
286 0.898906136242
287 0.897584977724
288 0.896232975186
289 0.894892056489
290 0.893520619229
291 0.892139678961
292 0.890770123971
293 0.889370544856
294 0.887982553379
295 0.886564870371
296 0.885138353479
297 0.883723728514
298 0.882279914884
299 0.880827672159
300 0.879387625501
301 0.877918896066
302 0.876442143068
303 0.874977888871
304 0.87348545941
305 0.871985411393
306 0.870498162351
307 0.868983245902
308 0.867461114207
309 0.865952078057
310 0.864415881513
311 0.862872870276
312 0.861323177131
313 0.859786967617
314 0.85822427077
315 0.856655287397
316 0.855080148299
317 0.853518870847
318 0.851931773395
319 0.850338908935
320 0.848740405813
321 0.847156130583
322 0.845546694947
323 0.843932001408
324 0.842312175469
325 0.840706930466
326 0.839077175157
327 0.837442659152
328 0.835803504765
329 0.834159833472
330 0.832531163984
331 0.830878781342
332 0.829222240903
333 0.827561660614
334 0.825897157509
335 0.824248052781
336 0.82257601245
337 0.820900394692
338 0.819221312753
339 0.81753887891
340 0.815853204453
341 0.814183370254
342 0.812491505052
343 0.810796727069
344 0.80909914359
345 0.807398860881
346 0.805695984184
347 0.803990617713
348 0.802282864645
349 0.800591480984
350 0.798879220203
351 0.797164876068
352 0.795448547588
353 0.793730332721
354 0.792012173791
355 0.790292313218
356 0.788570845793
357 0.786847865255
358 0.785123464288
359 0.783397734524
360 0.781668945226
361 0.779940832586
362 0.778211659742
363 0.776481514124
364 0.774748676926
365 0.773016847909
366 0.771282505032
367 0.769549329827
368 0.767813814333
369 0.766079621852
370 0.76434325853
371 0.762608369445
372 0.760871474869
373 0.759136201667
374 0.757399084263
375 0.7556619706
376 0.753924934762
377 0.752189802457
378 0.750453136484
379 0.748716764618
380 0.746980756986
381 0.745245182735
382 0.743510110045
383 0.741775606131
384 0.74004173725
385 0.738308568708
386 0.736576164869
387 0.734844589153
388 0.733113904052
389 0.731382466988
390 0.729653750927
391 0.727926107429
392 0.726199595326
393 0.724472584508
394 0.722748512126
395 0.721025742277
396 0.719302654247
397 0.717582658457
398 0.715864128455
399 0.714145452959
400 0.712430015787
401 0.710714543985
402 0.709002403702
403 0.707290336312
404 0.705580046334
405 0.703873221535
406 0.702166624777
407 0.700461946212
408 0.698760859313
409 0.697060148423
410 0.695361489433
411 0.693664925374
412 0.691970498522
413 0.690279858775
414 0.688589826244
415 0.686902053298
416 0.685216579269
417 0.683533442769
418 0.681852681706
419 0.68017433328
420 0.678498434002
421 0.676825019693
422 0.675154125498
423 0.673485785886
424 0.671818469312
425 0.670155343511
426 0.66849487175
427 0.666837085888
428 0.665182017151
429 0.6635281501
430 0.661878610633
431 0.660231878231
432 0.658586447128
433 0.656945418362
434 0.655307281151
435 0.653670539413
436 0.652038269503
437 0.650407454918
438 0.64878115566
439 0.647156369299
440 0.645536139568
441 0.643917478083
442 0.64230341239
443 0.640690968121
444 0.639081667647
445 0.637477017812
446 0.635874065214
447 0.63427431943
448 0.632679274621
449 0.631085998277
450 0.629495987307
451 0.62791072331
452 0.626327294595
453 0.624747185525
454 0.623170413264
455 0.621596994524
456 0.620026945573
457 0.618460282238
458 0.616898457298
459 0.615338607316
460 0.613782187863
461 0.612229213068
462 0.610679696651
463 0.609133651924
464 0.607591091805
465 0.606050616702
466 0.604515066553
467 0.602983037411
468 0.601454540652
469 0.59992958728
470 0.598408187933
471 0.596890352888
472 0.59537470483
473 0.593864031322
474 0.592356950827
475 0.590853472229
476 0.589352230873
477 0.587855984875
478 0.58636336543
479 0.584873017343
480 0.583387676868
481 0.581905984715
482 0.580426595116
483 0.57895222266
484 0.577480171995
485 0.57601314337
486 0.574548454567
487 0.573088791584
488 0.571631485284
489 0.570179207499
490 0.568729302124
491 0.567284426911
492 0.565841938732
493 0.564404481347
494 0.562969424553
495 0.561538089807
496 0.560111784964
497 0.558687899113
498 0.557267742955
499 0.555852613707
500 0.554439919628
501 0.553030960776
502 0.551625738542
503 0.550225536131
504 0.548827787171
505 0.547433777706
506 0.546043508267
507 0.544656979182
508 0.543274190577
509 0.541896405005
510 0.540521093741
511 0.539149522164
512 0.537781689624
513 0.536417595287
514 0.535057238137
515 0.533700616977
516 0.532347730436
517 0.530998576967
518 0.529653154857
519 0.528311462224
520 0.52697349702
521 0.52563925704
522 0.524308739919
523 0.522981943134
524 0.521657648541
525 0.520338287336
526 0.519022637992
527 0.517710697396
528 0.51640246229
529 0.515097929278
530 0.513795897675
531 0.512498761145
532 0.511205315704
533 0.509915557426
534 0.508628297143
535 0.507345903892
536 0.506067185265
537 0.504790960668
538 0.503519580874
539 0.502251862087
540 0.500986632235
541 0.499726223997
542 0.498469462138
543 0.497215183047
544 0.495965701485
545 0.494718698013
546 0.493476475539
547 0.492236726043
548 0.491001740656
549 0.489769222718
550 0.488541451661
551 0.487316142123
552 0.48609556191
553 0.484877436903
554 0.483664023352
555 0.482453058323
556 0.481245665276
557 0.480042956331
558 0.478842685212
559 0.477647079613
560 0.476453904292
561 0.475264268274
562 0.474079269411
563 0.472896688902
564 0.471717627227
565 0.470542077427
566 0.469371126119
567 0.468202576215
568 0.467037516939
569 0.465875941085
570 0.46471892419
571 0.46356429064
572 0.462413118559
573 0.461265400516
574 0.460121129029
575 0.458981365996
576 0.45784396232
577 0.456709982459
578 0.455579418733
579 0.454452263417
580 0.453328508742
581 0.452208146894
582 0.451091170017
583 0.449977570216
584 0.448867339553
585 0.447760470054
586 0.446656953706
587 0.445556782459
588 0.44445994823
589 0.443366442899
590 0.442276258315
591 0.441189386294
592 0.44010581862
593 0.43902554705
594 0.437948563307
595 0.436874859091
596 0.435804426072
597 0.434737255895
598 0.433672329715
599 0.432611662526
