0.0 1 20631290.5485
1.0 1 418.404475771
2.0 1 295.856642127
3.0 1 241.56593675
4.0 1 209.202237918
5.0 1 187.116170014
6.0 1 170.812911985
7.0 1 158.142027217
8.0 1 147.928321075
9.0 1 139.468158616
10.0 1 132.311112689
11.0 1 126.153696091
12.0 1 120.782968381
13.0 1 116.044522428
14.0 1 111.823299838
15.0 1 108.03157113
16.0 1 104.601118963
17.0 1 101.477991069
18.0 1 98.618880718
19.0 1 95.9885698825
20.0 1 93.5580850097
21.0 1 91.303341986
22.0 1 89.2041339783
23.0 1 87.2433641215
24.0 1 85.4064559949
25.0 1 83.6808951708
26.0 1 82.055868729
27.0 1 80.5219789215
28.0 1 79.0710136105
29.0 1 77.6957606386
30.0 1 76.3898565289
31.0 1 75.1476622552
32.0 1 73.9641605389
33.0 1 72.8348703982
34.0 1 71.7557756264
35.0 1 70.7232645932
36.0 1 69.7340793092
37.0 1 68.7852721146
38.0 1 67.8741686807
39.0 1 66.9983362625
40.0 1 66.1555563456
41.0 1 65.3438009853
42.0 1 64.5612122636
43.0 1 63.8060843887
44.0 1 63.0768480462
45.0 1 62.3720566735
46.0 1 61.6903743841
47.0 1 61.0305653133
48.0 1 60.3914841913
49.0 1 59.7720679794
50.0 1 59.1713284313
51.0 1 58.5883454609
52.0 1 58.0222612147
53.0 1 57.4722747622
54.0 1 56.9376373302
55.0 1 56.4176480152
56.0 1 55.9116499195
57.0 1 55.4190266612
58.0 1 54.9391992172
59.0 1 54.4716230612
60.0 1 54.0157855656
61.0 1 53.5712036385
62.0 1 53.1374215711
63.0 1 52.7140090739
64.0 1 52.300559482
65.0 1 51.8966881137
66.0 1 51.5020307655
67.0 1 51.1162423315
68.0 1 50.7389955349
69.0 1 50.3699797608
70.0 1 50.0088999817
71.0 1 49.6554757652
72.0 1 49.3094403594
73.0 1 48.9705398462
74.0 1 48.6385323581
75.0 1 48.3131873531
76.0 1 47.9942849416
77.0 1 47.6816152619
78.0 1 47.3749778995
79.0 1 47.0741813479
80.0 1 46.7790425052
81.0 1 46.4893862062
82.0 1 46.2050447854
83.0 1 45.9258576687
84.0 1 45.6516709933
85.0 1 45.3823372504
86.0 1 45.1177149523
87.0 1 44.8576683198
88.0 1 44.6020669895
89.0 1 44.3507857393
90.0 1 44.1037042305
91.0 1 43.8607067657
92.0 1 43.621682061
93.0 1 43.3865230322
94.0 1 43.1551265928
95.0 1 42.9273934644
96.0 1 42.7032279977
97.0 1 42.4825380036
98.0 1 42.2652345938
99.0 1 42.0512320309
100.0 1 41.8404475856
101.0 1 41.6328014027
102.0 1 41.428216374
103.0 1 41.2266180176
104.0 1 41.0279343647
105.0 1 40.832095851
106.0 1 40.6390352146
107.0 1 40.448687399
108.0 9 9.97015469699e-08
109.0 1 40.075880483
110.0 1 39.8933014902
111.0 1 39.7131953718
112.0 1 39.5355068055
113.0 1 39.3601821863
114.0 1 39.187169559
115.0 1 39.0164185525
116.0 1 38.8478803195
117.0 1 38.6815074765
118.0 1 38.5172540489
119.0 1 38.3550754168
120.0 1 38.1949282646
121.0 1 38.0367705324
122.0 1 37.8805613692
123.0 1 37.7262610889
124.0 1 37.5738311278
125.0 1 37.4232340042
126.0 1 37.2744332797
127.0 10 6.42532201772e-08
128.0 1 36.9820802696
129.0 1 36.8384599979
130.0 1 36.6965000864
131.0 1 36.5561687881
132.0 1 36.4174351992
133.0 1 36.2802692309
134.0 1 36.1446415814
135.0 1 36.0105237105
136.0 1 35.8778878134
137.0 1 35.7467067971
138.0 1 35.6169542572
139.0 1 35.488604455
140.0 1 35.3616322968
141.0 1 35.2360133126
142.0 1 35.1117236367
143.0 1 34.9887399886
144.0 1 34.8670396547
145.0 1 34.7466004705
146.0 1 34.6274008037
147.0 1 34.509419538
148.0 1 34.3926360574
149.0 12 4.21064505573e-08
150.0 1 34.1625823982
151.0 1 34.049273355
152.0 1 33.9370843405
153.0 1 33.8259970233
154.0 1 33.7159934896
155.0 1 33.6070562307
156.0 1 33.4991681314
157.0 1 33.3923124584
158.0 1 33.28647285
159.0 1 33.181633305
160.0 1 33.0777781729
161.0 1 32.974892144
162.0 1 32.8729602397
163.0 1 32.7719678037
164.0 1 32.6719004928
165.0 1 32.5727442687
166.0 1 32.4744853894
167.0 1 32.3771104014
168.0 1 32.2806061319
169.0 1 32.1849596813
170.0 1 32.0901584159
171.0 1 31.9961899611
172.0 1 31.9030421945
173.0 1 31.810703239
174.0 13.5 2.79540114834e-08
175.0 1 31.6284054444
176.0 1 31.5384240232
177.0 1 31.4492062376
178.0 1 31.3607413472
179.0 1 31.273018822
180.0 1 31.1860283369
181.0 1 31.0997597668
182.0 1 31.0142031817
183.0 1 30.9293488416
184.0 1 30.8451871921
185.0 1 30.7617088599
186.0 1 30.6789046482
187.0 1 30.5967655325
188.0 1 30.5152826568
189.0 1 30.4344473289
190.0 1 30.3542510174
191.0 1 30.2746853471
192.0 1 30.1957420958
193.0 1 30.1174131906
194.0 1 30.0396907044
195.0 1 29.9625668526
196.0 1 29.8860339898
197.0 1 29.8100846065
198.0 1 29.7347113264
199.0 1 29.6599069026
200.0 1 29.5856642157
201.0 1 29.5119762701
202.0 1 29.4388361917
203.0 1 29.366237225
204.0 16.5 1.98797641239e-08
205.0 1 29.2226361824
206.0 1 29.1516211657
207.0 1 29.0811213741
208.0 1 29.0111306074
209.0 1 28.9416427697
210.0 1 28.8726518664
211.0 1 28.8041520027
212.0 1 28.7361373812
213.0 1 28.6686022998
214.0 1 28.60154115
215.0 1 28.5349484144
216.0 1 28.4688186652
217.0 1 28.4031465623
218.0 1 28.3379268515
219.0 1 28.2731543626
220.0 1 28.2088240077
221.0 1 28.1449307795
222.0 1 28.08146975
223.0 1 28.0184360684
224.0 1 27.9558249598
225.0 1 27.8936317238
226.0 1 27.8318517327
227.0 1 27.7704804304
228.0 1 27.7095133307
229.0 1 27.648946016
230.0 1 27.5887741361
231.0 1 27.5289934069
232.0 1 27.4695996087
233.0 1 27.4105885854
234.0 1 27.3519562432
235.0 1 27.2936985493
236.0 1 27.2358115307
237.0 1 27.1782912731
238.0 16 1.83107792364e-08
239.0 1 27.0643356716
240.0 1 27.0078927829
241.0 1 26.9518015639
242.0 1 26.8960583779
243.0 1 26.8406596407
244.0 1 26.7856018193
245.0 1 26.7308814316
246.0 1 26.6764950448
247.0 1 26.6224392749
248.0 1 26.5687107856
249.0 1 26.5153062879
250.0 1 26.4622225383
251.0 1 26.4094563392
252.0 1 26.357004537
253.0 1 26.304864022
254.0 1 26.2530317272
255.0 1 26.201504628
256.0 1 26.1502797411
257.0 1 26.0993541236
258.0 1 26.048724873
259.0 1 25.9983891257
260.0 1 25.9483440569
261.0 1 25.8985868797
262.0 1 25.8491148443
263.0 1 25.7999252377
264.0 1 25.7510153828
265.0 1 25.702382638
266.0 1 25.6540243964
267.0 1 25.6059380854
268.0 1 25.5581211658
269.0 1 25.5105711318
270.0 1 25.4632855098
271.0 1 25.4162618584
272.0 1 25.3694977675
273.0 1 25.3229908581
274.0 1 25.2767387813
275.0 1 25.2307392186
276.0 1 25.1849898805
277.0 1 25.1394885066
278.0 23 1.74026335037e-08
279.0 1 25.0492207519
280.0 1 25.0044499909
281.0 1 24.9599184329
282.0 1 24.9156239553
283.0 1 24.871564462
284.0 1 24.8277378827
285.0 1 24.7841421723
286.0 1 24.7407753112
287.0 1 24.6976353039
288.0 1 24.6547201798
289.0 1 24.6120279916
290.0 1 24.5695568159
291.0 1 24.5273047522
292.0 1 24.4852699231
293.0 1 24.4434504735
294.0 1 24.4018445702
295.0 1 24.360450402
296.0 1 24.3192661791
297.0 1 24.2782901329
298.0 1 24.2375205153
299.0 1 24.196955599
300.0 1 24.1565936766
301.0 1 24.1164330609
302.0 1 24.0764720838
303.0 1 24.036709097
304.0 1 23.9971424709
305.0 1 23.9577705945
306.0 1 23.9185918756
307.0 1 23.8796047399
308.0 1 23.840807631
309.0 1 23.8021990103
