0.0 17.4797414903
1.0 0.000354490770108
2.0 0.000250662827437
3.0 0.000204665341575
4.0 0.000177245385081
5.0 0.000158533091898
6.0 0.000144720250907
7.0 0.000133984917134
8.0 0.000125331413728
9.0 0.000118163590058
10.0 0.000112099824326
11.0 0.000106882988756
12.0 0.000102332670793
13.0 9.83180498882e-05
14.0 9.47416434837e-05
15.0 9.15291232851e-05
16.0 8.86226925441e-05
17.0 8.59766405144e-05
18.0 8.355427582e-05
19.0 8.13257601905e-05
20.0 7.92665459513e-05
21.0 7.73562279763e-05
22.0 7.55776861433e-05
23.0 7.39164352323e-05
24.0 7.23601254552e-05
25.0 7.08981540356e-05
26.0 6.95213597895e-05
27.0 6.82217805292e-05
28.0 6.69924585686e-05
29.0 6.58272834489e-05
30.0 6.47208637514e-05
31.0 6.36684218436e-05
32.0 6.26657068653e-05
33.0 6.17089223306e-05
34.0 6.07946655317e-05
35.0 5.99198765357e-05
36.0 5.90817950298e-05
37.0 5.82779236265e-05
38.0 5.75059965162e-05
39.0 5.67639525697e-05
40.0 5.60499121637e-05
41.0 5.53621571337e-05
42.0 5.46991133693e-05
43.0 5.40593356484e-05
44.0 5.34414943786e-05
45.0 5.28443639678e-05
46.0 5.22668125941e-05
47.0 5.17077931783e-05
48.0 5.11663353971e-05
49.0 5.06415385971e-05
50.0 5.01325654924e-05
51.0 4.96386365454e-05
52.0 4.91590249447e-05
53.0 4.86930521065e-05
54.0 4.8240083637e-05
55.0 4.77995256999e-05
56.0 4.73708217424e-05
57.0 4.69534495384e-05
58.0 4.6546918514e-05
59.0 4.61507673225e-05
60.0 4.5764561643e-05
61.0 4.53878921788e-05
62.0 4.50203728332e-05
63.0 4.46616390459e-05
64.0 4.43113462725e-05
65.0 4.39691685936e-05
66.0 4.36347974399e-05
67.0 4.33079404223e-05
68.0 4.29883202576e-05
69.0 4.26756737791e-05
70.0 4.23697510264e-05
71.0 4.20703144049e-05
72.0 4.17771379104e-05
73.0 4.14900064123e-05
74.0 4.12087149899e-05
75.0 4.09330683177e-05
76.0 4.06628800956e-05
77.0 4.03979725193e-05
78.0 4.01381757891e-05
79.0 3.9883327652e-05
80.0 3.96332729759e-05
81.0 6.00621596306e-06
82.0 5.50623409439e-06
83.0 5.27774919661e-06
84.0 4.89407431162e-06
85.0 4.7061003832e-06
86.0 4.38845474479e-06
87.0 4.25200513071e-06
88.0 4.02051312553e-06
89.0 3.9016392689e-06
90.0 3.70072675414e-06
91.0 3.59809156884e-06
92.0 3.45694674178e-06
93.0 3.3797321231e-06
94.0 3.25041393198e-06
95.0 3.18036216285e-06
96.0 3.06584719327e-06
97.0 3.03726293471e-06
98.0 2.93870281009e-06
99.0 2.88408371265e-06
100.0 2.79339944824e-06
101.0 2.74298567519e-06
102.0 2.65927846884e-06
103.0 2.61260890315e-06
104.0 2.5371277513e-06
105.0 2.49569008699e-06
106.0 2.42732977139e-06
107.0 2.38868014166e-06
108.0 2.32494463933e-06
109.0 2.28882672078e-06
110.0 2.22930394027e-06
111.0 2.1971395199e-06
112.0 2.14449981334e-06
113.0 2.11425279696e-06
114.0 2.06474518462e-06
115.0 2.03624705969e-06
116.0 1.9896413314e-06
117.0 1.96276521192e-06
118.0 1.91881746628e-06
119.0 1.89466257119e-06
120.0 1.85544423856e-06
121.0 1.83253630238e-06
122.0 1.795362878e-06
123.0 1.77362352325e-06
124.0 1.73834897378e-06
125.0 1.71768731511e-06
126.0 1.68417911442e-06
127.0 1.66453956009e-06
128.0 1.63368927968e-06
129.0 1.61595348491e-06
130.0 1.5874851813e-06
131.0 1.57054853556e-06
132.0 1.54334811426e-06
133.0 1.5271614786e-06
134.0 1.5011587541e-06
135.0 1.48566944693e-06
136.0 1.46079922177e-06
137.0 1.44597284387e-06
138.0 1.42216066663e-06
139.0 1.40869719615e-06
140.0 1.38731678064e-06
141.0 1.37438232852e-06
142.0 1.35383418068e-06
143.0 1.34139421968e-06
144.0 1.32163394067e-06
145.0 1.3096683489e-06
146.0 1.29066006562e-06
147.0 1.27914399456e-06
148.0 1.26085380296e-06
149.0 1.24976397527e-06
150.0 1.23214408118e-06
151.0 1.22146406711e-06
152.0 1.20563710787e-06
153.0 1.19589391647e-06
154.0 1.18060491138e-06
155.0 1.17118510722e-06
156.0 1.15640895584e-06
157.0 1.14730235226e-06
158.0 1.13301533649e-06
159.0 1.12420758836e-06
160.0 1.11038738146e-06
161.0 1.10186932268e-06
162.0 1.08849479908e-06
163.0 1.08024915251e-06
164.0 1.06730871962e-06
165.0 1.05932338244e-06
166.0 1.04679365556e-06
167.0 1.0395376447e-06
168.0 1.02832185999e-06
169.0 1.02127761319e-06
170.0 1.01039076577e-06
171.0 1.00354969072e-06
172.0 9.92974803343e-07
173.0 9.86328789711e-07
174.0 9.7605348939e-07
175.0 9.6959483841e-07
176.0 9.59610822233e-07
177.0 9.53332186157e-07
178.0 9.43628041222e-07
179.0 9.37525756558e-07
180.0 9.28090580905e-07
181.0 9.22157798973e-07
182.0 9.12981231291e-07
183.0 9.0720830076e-07
184.0 8.98283628729e-07
185.0 8.9267063852e-07
186.0 8.84671194798e-07
187.0 8.7953953185e-07
188.0 8.71740202889e-07
189.0 8.66739361331e-07
190.0 8.59133147535e-07
191.0 8.54255680417e-07
192.0 8.46835936705e-07
193.0 8.42077604501e-07
194.0 8.34843454206e-07
195.0 8.30200156441e-07
196.0 8.23139841704e-07
197.0 8.20773170737e-07
198.0 8.13855195932e-07
199.0 8.17304934334e-07
200.0 8.10440708013e-07
201.0 8.14004286242e-07
202.0 8.07193758892e-07
203.0 8.10868819127e-07
204.0 8.04106768121e-07
205.0 8.08587587288e-07
206.0 8.01864275152e-07
207.0 8.07030800463e-07
208.0 8.05088485251e-07
209.0 8.1043354103e-07
210.0 8.08501634728e-07
211.0 8.14027954024e-07
212.0 8.12105807412e-07
213.0 8.17810781895e-07
214.0 8.15897771598e-07
215.0 8.20660024705e-07
216.0 8.18758144918e-07
217.0 8.24408494363e-07
218.0 8.22515475804e-07
219.0 8.28348555779e-07
220.0 8.26463801219e-07
221.0 8.32482533247e-07
222.0 8.30605456376e-07
223.0 8.36939780511e-07
224.0 8.35069521681e-07
225.0 8.4151012908e-07
226.0 8.39646316982e-07
227.0 8.46128463292e-07
228.0 8.44270879353e-07
229.0 8.50951176508e-07
230.0 8.49099267509e-07
231.0 8.55984509221e-07
232.0 8.54137722799e-07
233.0 8.61235087657e-07
234.0 8.59392871456e-07
235.0 8.66187262246e-07
236.0 8.64350171605e-07
237.0 8.7161410063e-07
238.0 8.69781051071e-07
239.0 8.77274063039e-07
240.0 8.75444500957e-07
241.0 8.83158048136e-07
242.0 8.81331452492e-07
243.0 8.89273603259e-07
244.0 8.87449450357e-07
245.0 8.95646439286e-07
246.0 8.93824165905e-07
247.0 9.01492684696e-07
248.0 8.99673323235e-07
249.0 9.07403029602e-07
250.0 9.05586405098e-07
251.0 9.13544348086e-07
252.0 9.11729958314e-07
253.0 9.19913145036e-07
254.0 9.18100506536e-07
255.0 9.26517156946e-07
256.0 9.24705782472e-07
257.0 9.33360630346e-07
258.0 9.31550035759e-07
259.0 9.40544364573e-07
260.0 9.38733882886e-07
261.0 9.46132789595e-07
262.0 9.44325466475e-07
263.0 9.51965321159e-07
264.0 9.50160645942e-07
265.0 9.57995464717e-07
266.0 9.56193025745e-07
267.0 9.64233520282e-07
268.0 9.6243289589e-07
269.0 9.7068168415e-07
270.0 9.6888245798e-07
271.0 9.77346637717e-07
272.0 9.7554839031e-07
273.0 9.84072902442e-07
274.0 9.82275507512e-07
275.0 9.88586334782e-07
276.0 9.86793792356e-07
277.0 9.93483190167e-07
278.0 9.91694740129e-07
279.0 9.98546478088e-07
280.0 9.96761764458e-07
281.0 1.00376624083e-06
282.0 1.00198493287e-06
283.0 1.00915124697e-06
284.0 1.0073730055e-06
285.0 1.01469112066e-06
286.0 1.01291563178e-06
287.0 1.0204046788e-06
288.0 1.01863160243e-06
289.0 1.02574638428e-06
290.0 1.0239763288e-06
291.0 1.02471557205e-06
292.0 1.02295941725e-06
293.0 1.02970708775e-06
294.0 1.02795439356e-06
295.0 1.03482381733e-06
296.0 1.03307432526e-06
297.0 1.04008943697e-06
298.0 1.03834285398e-06
299.0 1.04550223444e-06
300.0 1.0437582762e-06
301.0 1.05107117444e-06
302.0 1.04932954743e-06
303.0 1.05679471954e-06
304.0 1.05505513857e-06
305.0 1.06267675625e-06
306.0 1.06093893537e-06
307.0 1.06872134371e-06
308.0 1.06698499594e-06
309.0 1.07492699217e-06
