0.0 6524186920.19
1.0 661.555563459
2.0 467.790425054
3.0 381.949282647
4.0 330.777781729
5.0 295.856642157
6.0 270.078927829
7.0 250.044499909
8.0 233.895212527
9.0 220.518521153
10.0 209.202237929
11.0 199.466507451
12.0 190.974641323
13.0 183.482500432
14.0 176.808161484
15.0 170.812911991
16.0 165.388890865
17.0 160.45079208
18.0 155.930141685
19.0 151.771255087
20.0 147.928321079
21.0 144.363259332
22.0 141.044120038
23.0 137.943870681
24.0 135.039463914
25.0 132.311112692
26.0 129.741720285
27.0 127.316427549
28.0 125.022249955
29.0 122.847784079
30.0 120.782968383
31.0 118.818886783
32.0 116.947606263
33.0 115.162041771
34.0 113.455843126
35.0 111.823299839
36.0 110.259260576
37.0 108.759064679
38.0 107.318483661
39.0 105.933671016
40.0 104.601118964
41.0 103.317621044
42.0 102.080239628
43.0 100.886277623
44.0 99.7332537257
45.0 98.6188807192
46.0 97.5410463815
47.0 96.4977966393
48.0 95.4873206617
49.0 94.507937637
50.0 93.5580850107
51.0 92.636307999
52.0 91.7412502161
53.0 90.8716452801
54.0 90.0263092763
55.0 89.2041339792
56.0 88.4040807421
57.0 87.6251749798
58.0 86.8665011763
59.0 86.12719836
60.0 85.4064559956
61.0 84.7035102475
62.0 84.017640577
63.0 83.3481666364
64.0 82.6944454324
65.0 82.0558687297
66.0 81.4318606718
67.0 80.8218755986
68.0 80.2253960399
69.0 79.6419308706
70.0 79.0710136111
71.0 78.5122008589
72.0 77.9650708423
73.0 77.4292220812
74.0 76.9042721499
75.0 76.3898565294
76.0 75.8856275435
77.0 75.3912533719
78.0 74.9064171315
79.0 74.4308160238
80.0 73.9641605394
81.0 73.5061737177
82.0 73.0565904561
83.0 72.6151568651
84.0 72.181629666
85.0 71.7557756268
86.0 71.3373710359
87.0 70.9262012076
88.0 70.5220600192
89.0 70.1247494773
90.0 69.7340793095
91.0 69.3498665823
92.0 68.9719353404
93.0 68.6001162687
94.0 68.2342463732
95.0 67.874168681
96.0 67.5197319572
97.0 67.1707904381
98.0 66.8272035791
99.0 66.4888358171
100.0 66.1555563459
101.0 65.8272389032
102.0 65.5037615701
103.0 65.1850065809
104.0 64.8708601424
105.0 64.5612122639
106.0 64.2559565952
107.0 63.9549902727
108.0 4.22813210462e-07
109.0 63.3655307815
110.0 63.0768480465
111.0 62.7920752692
112.0 62.5111249773
113.0 62.2339124141
114.0 61.9603554309
115.0 61.6903743844
116.0 61.4238920397
117.0 61.1608334774
118.0 60.901126005
119.0 60.6446990724
120.0 60.3914841916
121.0 60.1414148599
122.0 59.8944264863
123.0 59.6504563216
124.0 59.4094433913
125.0 59.1713284315
126.0 58.936053828
127.0 3.81046752694e-07
128.0 58.4738031317
129.0 58.2467195432
130.0 58.0222612149
131.0 57.8003779501
132.0 57.5810208857
133.0 57.3641424469
134.0 57.149696304
135.0 56.9376373304
136.0 56.7279215632
137.0 56.5205061646
138.0 56.3153493854
139.0 56.1124105294
140.0 55.9116499197
141.0 55.7130288659
142.0 55.5165096332
143.0 55.3220554118
144.0 55.1296302882
145.0 54.9391992174
146.0 54.7507279956
147.0 54.5641832353
148.0 54.3795323394
149.0 4.68142133248e-07
150.0 54.0157855658
151.0 53.8366282379
152.0 53.6592418306
153.0 53.4835973599
154.0 53.3096665014
155.0 53.1374215713
156.0 52.9668355081
157.0 52.7978818543
158.0 52.6305347397
159.0 52.4647688642
160.0 52.3005594822
161.0 52.1378823867
162.0 51.9767138948
163.0 51.8170308327
164.0 51.6588105219
165.0 51.5020307657
166.0 51.3466698363
167.0 51.1927064617
168.0 51.0401198139
169.0 50.8888894968
170.0 50.738995535
171.0 50.5904183624
172.0 50.4431388115
173.0 50.2971381036
174.0 4.01761132671e-07
175.0 50.0088999818
176.0 49.8666268629
177.0 49.7255611577
178.0 49.5856858844
179.0 49.4469843935
180.0 49.3094403596
181.0 49.1730377736
182.0 49.0377609347
183.0 48.9035944427
184.0 48.7705231908
185.0 48.6385323583
186.0 48.5076074038
187.0 48.3777340585
188.0 48.2488983197
189.0 48.121086444
190.0 47.9942849418
191.0 47.8684805709
192.0 47.7436603309
193.0 47.6198114573
194.0 47.4969214164
195.0 47.3749778997
196.0 47.2539688185
197.0 47.1338822995
198.0 47.0147066795
199.0 46.8964305005
200.0 46.7790425054
201.0 46.6625316333
202.0 46.5468870152
203.0 46.4320979699
204.0 3.54988431951e-07
205.0 46.2050447855
206.0 46.092760185
207.0 45.981290227
208.0 45.8706251081
209.0 45.7607551896
210.0 45.6516709934
211.0 45.5433631991
212.0 45.4358226401
213.0 45.3290403006
214.0 45.2230073125
215.0 45.1177149524
216.0 45.0131546382
217.0 44.9093179263
218.0 44.8061965091
219.0 44.7037822117
220.0 44.6020669896
221.0 44.5010429256
222.0 44.4007022276
223.0 44.301037226
224.0 44.202040371
225.0 44.1037042306
226.0 44.0060214878
227.0 43.9089849386
228.0 43.8125874899
229.0 43.7168221568
230.0 43.6216820611
231.0 43.5271604288
232.0 43.4332505882
233.0 43.3399459678
234.0 43.2472400949
235.0 43.1551265929
236.0 43.06359918
237.0 42.9726516673
238.0 3.26122284117e-07
239.0 42.7924720408
240.0 42.7032279978
241.0 42.6145399934
242.0 42.5264022776
243.0 42.438809183
244.0 42.3517551238
245.0 42.2652345939
246.0 42.1792421659
247.0 42.0937724891
248.0 42.0088202885
249.0 41.9243803633
250.0 41.8404475857
251.0 41.7570168994
252.0 41.6740833182
253.0 41.5916419252
254.0 41.5096878714
255.0 41.4282163741
256.0 41.3472227162
257.0 41.266702245
258.0 41.1866503709
259.0 41.1070625663
260.0 41.0279343648
261.0 40.9492613598
262.0 40.8710392036
263.0 40.7932636066
264.0 40.7159303359
265.0 40.6390352147
266.0 40.5625741212
267.0 40.4865429876
268.0 40.4109377993
269.0 40.3357545941
270.0 40.2609894611
271.0 40.1866385399
272.0 40.1126980199
273.0 40.0391641396
274.0 39.9660331851
275.0 39.8933014903
276.0 39.8209654353
277.0 39.7490214462
278.0 2.99704930091e-07
279.0 39.6062955942
280.0 39.5355068055
281.0 39.46509623
282.0 39.3950605115
283.0 39.3253963359
284.0 39.2561004295
285.0 39.187169559
286.0 39.1186005309
287.0 39.0503901904
288.0 38.9825354211
289.0 38.9150331446
290.0 38.8478803196
291.0 38.7810739411
292.0 38.7146110406
293.0 38.6484886849
294.0 38.5827039756
295.0 38.5172540489
296.0 38.452136075
297.0 38.3873472571
298.0 38.3228848317
299.0 38.2587460674
300.0 38.1949282647
301.0 38.1314287557
302.0 38.0682449032
303.0 38.0053741008
304.0 37.9428137718
305.0 37.8805613693
306.0 37.8186143755
307.0 37.7569703013
308.0 37.6956266859
309.0 37.6345810966
