0.0 13.1098061177
1.0 0.000265868077581
2.0 0.000187997120578
3.0 0.000153499006181
4.0 0.000132934038811
5.0 0.000118899818923
6.0 0.00010854018818
7.0 0.000100488687851
8.0 9.39985602962e-05
9.0 8.86226925432e-05
10.0 8.40748682442e-05
11.0 8.01622415668e-05
12.0 7.67495030947e-05
13.0 7.37385374161e-05
14.0 7.10562326128e-05
15.0 6.86468424638e-05
16.0 6.64670194081e-05
17.0 6.44824803858e-05
18.0 6.2665706865e-05
19.0 6.09943201429e-05
20.0 5.94499094635e-05
21.0 5.80171709822e-05
22.0 5.66832646075e-05
23.0 5.54373264242e-05
24.0 5.42700940914e-05
25.0 5.31736155267e-05
26.0 5.21410198421e-05
27.0 5.11663353969e-05
28.0 5.02443439264e-05
29.0 4.93704625867e-05
30.0 4.85406478135e-05
31.0 4.77513163827e-05
32.0 4.6999280149e-05
33.0 4.6281691748e-05
34.0 4.55959991488e-05
35.0 4.49399074018e-05
36.0 4.43113462724e-05
37.0 4.37084427199e-05
38.0 4.31294973871e-05
39.0 4.25729644273e-05
40.0 4.20374341228e-05
41.0 4.15216178503e-05
42.0 4.1024335027e-05
43.0 4.05445017363e-05
44.0 4.00811207839e-05
45.0 3.96332729759e-05
46.0 3.92001094456e-05
47.0 3.87808448837e-05
48.0 3.83747515478e-05
49.0 3.79811539478e-05
50.0 3.75994241193e-05
51.0 3.72289774091e-05
52.0 3.68692687085e-05
53.0 3.65197890799e-05
54.0 3.61800627278e-05
55.0 3.58496442749e-05
56.0 3.55281163068e-05
57.0 3.52150871538e-05
58.0 3.49101888855e-05
59.0 3.46130754918e-05
60.0 3.43234212323e-05
61.0 3.40409191341e-05
62.0 3.37652796249e-05
63.0 3.34962292844e-05
64.0 3.32335097044e-05
65.0 3.29768764452e-05
66.0 3.27260980799e-05
67.0 3.24809553167e-05
68.0 3.22412401932e-05
69.0 3.20067553344e-05
70.0 3.17773132698e-05
71.0 3.15527358036e-05
72.0 3.13328534328e-05
73.0 3.11175048092e-05
74.0 3.09065362424e-05
75.0 3.06998012383e-05
76.0 3.04971600717e-05
77.0 3.02984793895e-05
78.0 3.01036318418e-05
79.0 2.9912495739e-05
80.0 2.9724954732e-05
81.0 4.5046619723e-06
82.0 4.12967557079e-06
83.0 3.95831189746e-06
84.0 3.67055573371e-06
85.0 3.5295752874e-06
86.0 3.29134105859e-06
87.0 3.18900384803e-06
88.0 3.01538484414e-06
89.0 2.92622945167e-06
90.0 2.77554506561e-06
91.0 2.69856867663e-06
92.0 2.59271005634e-06
93.0 2.53479909233e-06
94.0 2.43781044898e-06
95.0 2.38527162214e-06
96.0 2.29938539496e-06
97.0 2.27794720103e-06
98.0 2.20402710757e-06
99.0 2.16306278449e-06
100.0 2.09504958618e-06
101.0 2.05723925639e-06
102.0 1.99445885163e-06
103.0 1.95945667736e-06
104.0 1.90284581347e-06
105.0 1.87176756524e-06
106.0 1.82049732854e-06
107.0 1.79151010624e-06
108.0 1.7437084795e-06
109.0 1.71662004058e-06
110.0 1.6719779552e-06
111.0 1.64785463992e-06
112.0 1.60837486001e-06
113.0 1.58568959772e-06
114.0 1.54855888847e-06
115.0 1.52718529477e-06
116.0 1.49223099855e-06
117.0 1.47207390894e-06
118.0 1.43911309971e-06
119.0 1.42099692839e-06
120.0 1.39158317892e-06
121.0 1.37440222679e-06
122.0 1.3465221585e-06
123.0 1.33021764243e-06
124.0 1.30376173034e-06
125.0 1.28826548633e-06
126.0 1.26313433582e-06
127.0 1.24840467007e-06
128.0 1.22526695976e-06
129.0 1.21196511368e-06
130.0 1.19061388597e-06
131.0 1.17791140167e-06
132.0 1.1575110857e-06
133.0 1.14537110895e-06
134.0 1.12586906558e-06
135.0 1.11425208519e-06
136.0 1.09559941633e-06
137.0 1.0844796329e-06
138.0 1.06662049997e-06
139.0 1.05652289711e-06
140.0 1.04048758548e-06
141.0 1.03078674639e-06
142.0 1.01537563551e-06
143.0 1.00604566476e-06
144.0 9.91225455502e-07
145.0 9.82251261674e-07
146.0 9.67995049217e-07
147.0 9.59357995921e-07
148.0 9.45640352223e-07
149.0 9.37322981452e-07
150.0 9.24108060888e-07
151.0 9.16098050333e-07
152.0 9.04227830904e-07
153.0 8.96920437351e-07
154.0 8.85453683532e-07
155.0 8.78388830414e-07
156.0 8.6730671688e-07
157.0 8.60476764195e-07
158.0 8.49761502367e-07
159.0 8.43155691272e-07
160.0 8.32790536096e-07
161.0 8.26401992007e-07
162.0 8.16371099313e-07
163.0 8.10186864383e-07
164.0 8.00481539718e-07
165.0 7.94492536833e-07
166.0 7.8509524167e-07
167.0 7.79653233529e-07
168.0 7.7124139499e-07
169.0 7.6595820989e-07
170.0 7.57793074328e-07
171.0 7.52662268038e-07
172.0 7.44731102508e-07
173.0 7.39746592283e-07
174.0 7.32040117043e-07
175.0 7.27196128808e-07
176.0 7.19708116674e-07
177.0 7.14999139618e-07
178.0 7.07721030916e-07
179.0 7.03144317419e-07
180.0 6.96067935679e-07
181.0 6.9161834923e-07
182.0 6.84735923468e-07
183.0 6.8040622557e-07
184.0 6.73712721546e-07
185.0 6.6950297889e-07
186.0 6.63503396098e-07
187.0 6.59654648887e-07
188.0 6.53805152167e-07
189.0 6.50054520998e-07
190.0 6.44349860651e-07
191.0 6.40691760313e-07
192.0 6.35126952529e-07
193.0 6.31558203376e-07
194.0 6.26132590655e-07
195.0 6.22650117331e-07
196.0 6.17354881278e-07
197.0 6.15579878052e-07
198.0 6.10391396949e-07
199.0 6.1297870075e-07
200.0 6.0783053101e-07
201.0 6.10503214682e-07
202.0 6.05395319169e-07
203.0 6.08151614345e-07
204.0 6.03080076091e-07
205.0 6.06440690466e-07
206.0 6.01398206364e-07
207.0 6.05273100347e-07
208.0 6.03816363938e-07
209.0 6.07825155772e-07
210.0 6.06376226046e-07
211.0 6.10520965518e-07
212.0 6.09079355559e-07
213.0 6.13358086421e-07
214.0 6.11923328699e-07
215.0 6.15495018528e-07
216.0 6.14068608689e-07
217.0 6.18306370772e-07
218.0 6.16886606853e-07
219.0 6.21261416834e-07
220.0 6.19847850914e-07
221.0 6.24361899936e-07
222.0 6.22954092282e-07
223.0 6.27704835384e-07
224.0 6.26302141261e-07
225.0 6.3113259681e-07
226.0 6.29734737737e-07
227.0 6.34596347469e-07
228.0 6.33203159515e-07
229.0 6.38213382381e-07
230.0 6.36824450632e-07
231.0 6.41988381916e-07
232.0 6.406032921e-07
233.0 6.45926315743e-07
234.0 6.44544653592e-07
235.0 6.49640446684e-07
236.0 6.48262628704e-07
237.0 6.53710575472e-07
238.0 6.52335788303e-07
239.0 6.57955547279e-07
240.0 6.56583375718e-07
241.0 6.62368536102e-07
242.0 6.60998589369e-07
243.0 6.66955202444e-07
244.0 6.65587087768e-07
245.0 6.71734829465e-07
246.0 6.70368124429e-07
247.0 6.76119513522e-07
248.0 6.74754992427e-07
249.0 6.80552272201e-07
250.0 6.79189803824e-07
251.0 6.85158261064e-07
252.0 6.83797468736e-07
253.0 6.89934858777e-07
254.0 6.88575379902e-07
255.0 6.94887867709e-07
256.0 6.93529336854e-07
257.0 7.00020472759e-07
258.0 6.9866252682e-07
259.0 7.0540827343e-07
260.0 7.04050412164e-07
261.0 7.09599592196e-07
262.0 7.08244099856e-07
263.0 7.13973990869e-07
264.0 7.12620484456e-07
265.0 7.18496598538e-07
266.0 7.17144769309e-07
267.0 7.23175140211e-07
268.0 7.21824671918e-07
269.0 7.28011263112e-07
270.0 7.26661843485e-07
271.0 7.33009978287e-07
272.0 7.31661292732e-07
273.0 7.38054676832e-07
274.0 7.36706630634e-07
275.0 7.41439751087e-07
276.0 7.40095344267e-07
277.0 7.45112392625e-07
278.0 7.43771055097e-07
279.0 7.48909858566e-07
280.0 7.47571323343e-07
281.0 7.5282468062e-07
282.0 7.51488699655e-07
283.0 7.56863435225e-07
284.0 7.55529754126e-07
285.0 7.61018340498e-07
286.0 7.59686723834e-07
287.0 7.65303509099e-07
288.0 7.63973701823e-07
289.0 7.69309788206e-07
290.0 7.67982246599e-07
291.0 7.68536679038e-07
292.0 7.67219562938e-07
293.0 7.72280315812e-07
294.0 7.70965795173e-07
295.0 7.76117862994e-07
296.0 7.74805743945e-07
297.0 7.80067077725e-07
298.0 7.78757140482e-07
299.0 7.84126675829e-07
300.0 7.82818707152e-07
301.0 7.88303380827e-07
302.0 7.86997160575e-07
303.0 7.92596039652e-07
304.0 7.91291353929e-07
305.0 7.9700756719e-07
306.0 7.95704201531e-07
307.0 8.01541007782e-07
308.0 8.00238746958e-07
309.0 8.06195244129e-07
