10 0.000454377395473
11 0.000563976974072
12 0.00035424643843
13 0.000425052909417
14 0.000503406186494
15 0.000589337582771
16 0.000683452869919
17 0.000785784859032
18 0.00089649769873
19 0.00101558145395
20 0.00114316476485
21 0.00127926517996
22 0.00142390078578
23 0.00157722011012
24 0.00173937182297
25 0.00191079785202
26 0.00209072353669
27 0.00228013150023
28 0.00247878628305
29 0.00268737314683
30 0.00290450616779
31 0.00313177987993
32 0.00336829288854
33 0.00361528095639
34 0.00387096698275
35 0.00413695300714
36 0.00441275663465
37 0.00469828515196
38 0.00499395330615
39 0.00529961076533
40 0.00561528046545
41 0.00594091112992
42 0.00627668369595
43 0.00662222949442
44 0.00697823270622
45 0.00734427992286
46 0.00772057355893
47 0.00810693349307
48 0.00850405883938
49 0.00891060978273
50 0.00932763054755
51 0.00975580193488
52 0.0101928380628
53 0.0106418602063
54 0.0110992945642
55 0.0115676879756
56 0.0120475497371
57 0.0125361443307
58 0.0130355963304
59 0.0135448215824
60 0.014064723012
61 0.014594209548
62 0.0151345768221
63 0.0156819783437
64 0.0162437465625
65 0.0168131639275
66 0.0173920869372
67 0.0179831356824
68 0.0185816110696
69 0.0191946765906
70 0.0198128809569
71 0.0204391812355
72 0.0210829804307
73 0.0217276744096
74 0.0223887889677
75 0.023053712772
76 0.0237341764474
77 0.0244223151072
78 0.0251191568859
79 0.0258252894594
80 0.0265415419711
81 0.0272662293831
82 0.0280012658192
83 0.0287449388835
84 0.0294973919115
85 0.030260043355
86 0.0310310303071
87 0.0318107069617
88 0.0325995836557
89 0.0333983468228
90 0.0342048781974
91 0.0350198235933
92 0.0358440382269
93 0.0366768722715
94 0.0375175946307
95 0.0383672984391
96 0.0392253497483
97 0.0400910402935
98 0.0409657728281
99 0.0418489787007
100 0.0427400243273
101 0.0436382086855
102 0.0445453644558
103 0.0454609835002
104 0.0463816721881
105 0.0473123519675
106 0.0482496279363
107 0.0491959537738
108 0.0501475880779
109 0.0511105813068
110 0.0520776414102
111 0.0530515254073
112 0.0540354888604
113 0.0550252897736
114 0.0560202245801
115 0.0570238546669
116 0.058035840318
117 0.0590511768769
118 0.0600785609913
119 0.0611081172637
120 0.0621439937015
121 0.0631909782072
122 0.0642435622325
123 0.0653011629019
124 0.0663631600684
125 0.0674349406119
126 0.0685101491294
127 0.0695944965235
128 0.070681184139
129 0.0717762602184
130 0.072879516658
131 0.0739834637281
132 0.075102167541
133 0.07622061264
134 0.0773457690083
135 0.0784773231747
136 0.079606555264
137 0.0807496489174
138 0.0818980770152
139 0.0830514459025
140 0.0842093413038
141 0.085371328228
142 0.0865468138431
143 0.0877158536644
144 0.0888979443364
145 0.0900827139527
146 0.0912696325226
147 0.0924693514018
148 0.0936706534401
149 0.0948729541337
150 0.0960877037418
151 0.0973028009898
152 0.0985176068286
153 0.0997444042376
154 0.100970172873
155 0.102207773493
156 0.103443556915
157 0.104690978281
158 0.105935742461
159 0.107191915005
160 0.108444538709
161 0.109708304836
162 0.110983403315
163 0.112253857119
164 0.113518824474
165 0.11481115633
166 0.116080445268
167 0.117377434016
168 0.118667508186
169 0.11996803541
170 0.121260514586
171 0.122563019682
172 0.123875696931
173 0.125178910285
174 0.126511992199
175 0.127814573576
176 0.129147296674
177 0.130468789164
178 0.131799731139
179 0.13314024834
180 0.134490469513
181 0.135827552874
182 0.13717376272
183 0.138529214235
184 0.139869799333
185 0.141219005558
186 0.14260201051
187 0.143943687797
188 0.145319372611
189 0.146704096254
190 0.148071120902
191 0.149446493156
192 0.150830305563
193 0.152222652608
194 0.153594965431
195 0.155004196081
196 0.156392641768
197 0.157789048361
198 0.159193498007
199 0.160606074487
200 0.161995346663
201 0.163423934376
202 0.164828400159
203 0.166240329579
204 0.167659792912
205 0.169086861764
206 0.17052160909
207 0.171964109219
208 0.173378901148
209 0.174800555089
210 0.176265689564
211 0.177701762998
212 0.179144880654
213 0.180595103222
214 0.182052492473
215 0.183477871529
216 0.184949227093
217 0.186387603648
218 0.187873157309
219 0.18932474013
220 0.190782730004
221 0.192289736824
222 0.193761253062
223 0.195239330388
224 0.196679738294
225 0.198170504334
226 0.199667979614
227 0.201172217468
228 0.202636637723
229 0.204106737811
230 0.205630348892
231 0.207112506568
232 0.208600459762
233 0.210143868736
234 0.211644135854
235 0.213150319912
236 0.214662460517
237 0.216180597895
238 0.217652039619
239 0.219181651615
240 0.220717377989
241 0.222204626517
242 0.223752048204
243 0.225249787641
244 0.226809052878
245 0.228317408119
246 0.229888669535
247 0.231407769342
248 0.232931964477
249 0.234461282407
250 0.23605629498
251 0.237596613934
252 0.239142146764
253 0.240692922656
254 0.242248971217
255 0.243746358838
256 0.245312340208
257 0.246883679125
258 0.248460406863
259 0.250042555139
260 0.251562670964
261 0.253155021717
262 0.254683982388
263 0.256286641194
264 0.257824529588
265 0.259437604916
266 0.260984506386
267 0.262608109649
268 0.264164112059
269 0.265724338232
270 0.26736355142
271 0.268933009087
272 0.270506748335
273 0.272084787098
274 0.27374492509
275 0.275332373885
276 0.276924183397
277 0.278520372633
278 0.280120960867
279 0.281725967633
280 0.283335412729
281 0.284949316221
282 0.286567698444
283 0.288105777729
284 0.28973236879
285 0.291363494896
286 0.292999177416
287 0.294639437997
288 0.296195464798
289 0.29784410584
290 0.299497384989
291 0.301064035018
292 0.302725798339
293 0.304392262044
294 0.305969649964
295 0.307644705619
296 0.309229054308
297 0.310912771842
298 0.31250412893
299 0.314196580003
300 0.315794994529
301 0.31749625255
302 0.319101774976
303 0.320710455975
304 0.322424597341
305 0.324040459076
306 0.325659508502
307 0.327386688389
308 0.329012994427
309 0.330642518647
310 0.332275269787
311 0.334019757488
312 0.335659867328
313 0.337303236393
314 0.338949873989
315 0.340599789555
316 0.342252992667
317 0.344023460158
318 0.345684179116
319 0.34734822064
320 0.349015594881
321 0.350686312126
322 0.352360382799
323 0.354037817463
324 0.355718626817
325 0.357402821701
326 0.359090413091
327 0.360781412104
328 0.362475829996
329 0.364173678164
330 0.365874968144
331 0.3674524727
332 0.369210965819
333 0.370896213417
334 0.372597567973
335 0.374289102758
336 0.375996960769
337 0.377694820521
338 0.379395807366
339 0.38109993055
340 0.382793584625
341 0.384503907294
342 0.38621739418
343 0.387920135785
344 0.38962585648
345 0.391334564526
346 0.393046268291
347 0.394760976251
348 0.396478696988
349 0.398199439194
350 0.399908571444
351 0.401635277627
352 0.403350181364
353 0.405067930327
354 0.406788532063
355 0.408511994219
356 0.410238324535
357 0.411967530853
358 0.413699621112
359 0.415419009034
360 0.417156782599
361 0.418881653292
362 0.420625140849
363 0.422355523173
364 0.424088617775
365 0.425824431598
366 0.427562971675
367 0.429304245126
368 0.43104825916
369 0.432778330457
370 0.43452773517
371 0.436262987896
372 0.438017810965
373 0.439758270962
374 0.44150128815
375 0.443246868697
376 0.444995018854
377 0.446745744948
378 0.448499053386
379 0.450254950655
380 0.452013443323
381 0.453774538036
382 0.455520070038
383 0.457286271516
384 0.459036689865
385 0.460789501906
386 0.462563351597
387 0.46432108487
388 0.466081228807
389 0.467843789031
390 0.469608771236
391 0.471376181189
392 0.473146024725
393 0.474918307752
394 0.476673442292
395 0.478450500441
396 0.480210179834
397 0.481992035402
398 0.483756280087
399 0.485542955913
400 0.487311786855
401 0.489082857625
402 0.490876745008
403 0.492652433931
404 0.494430378124
405 0.496210582686
406 0.497993052777
407 0.49977779362
408 0.5015434884
409 0.503332659755
410 0.505124117366
411 0.506896164914
412 0.50869208299
413 0.510490303378
414 0.512268745461
415 0.514049243682
416 0.515854143802
417 0.517638895323
418 0.519425716207
419 0.521214610801
420 0.523028444761
421 0.524821630562
422 0.526616903967
423 0.528414269545
424 0.530213731916
425 0.531991776602
426 0.533795313475
427 0.535600960801
428 0.537408723419
429 0.539218606222
430 0.541006426854
431 0.542820429082
432 0.544612109542
433 0.546430249264
434 0.548225805734
435 0.550048101431
436 0.551847550489
437 0.553648884265
438 0.555452106535
439 0.557282631138
440 0.5590897793
441 0.560898828087
442 0.562709781468
443 0.564522643455
444 0.566337418112
445 0.568154109544
446 0.56997272191
447 0.571793259409
448 0.57358906109
449 0.575413319558
450 0.577239515515
451 0.579067653351
452 0.580870504291
453 0.582702395023
454 0.584536240539
455 0.586344381593
456 0.588182004633
457 0.589993643479
458 0.591806965099
459 0.59365021179
460 0.595467052717
461 0.597285586598
462 0.599134493666
463 0.600956569121
464 0.602780348083
465 0.60460583398
466 0.606433030282
467 0.608261940498
468 0.610092568175
469 0.611924916902
470 0.613758990306
471 0.615594792056
472 0.617432325858
473 0.619271595459
474 0.621112604645
475 0.622955357242
476 0.624799857115
477 0.626615191749
478 0.628463044449
479 0.630312655727
480 0.632132655427
481 0.633985640911
482 0.635808716132
483 0.637665090102
484 0.639523242071
485 0.641351030259
486 0.643180293961
487 0.645043488919
488 0.646875866146
489 0.648742494199
490 0.650577998184
491 0.652414992713
492 0.654253480696
493 0.6561268602
494 0.657968501225
495 0.659811645132
496 0.661656294964
497 0.663502453797
498 0.665350124739
499 0.667199310931
500 0.669050015548
501 0.670936914088
502 0.672755992913
503 0.674611272173
504 0.676468082881
505 0.678326428373
506 0.68018631202
507 0.682047737223
508 0.683910707418
509 0.685775226072
510 0.687605158738
511 0.689472618849
512 0.69134163749
513 0.69317558596
514 0.695047564934
515 0.696921112792
516 0.698759102
517 0.700635629619
518 0.702476272138
519 0.70435579243
520 0.706199099273
521 0.708081625389
522 0.709927607796
523 0.711813153128
524 0.713661822569
525 0.715550400749
526 0.717401768922
527 0.71925440656
528 0.721147472651
529 0.723002826492
530 0.724859457913
531 0.726717369511
532 0.728616407927
533 0.730477059467
534 0.732338999625
535 0.734202231103
536 0.736066756631
537 0.737932578963
538 0.739840588509
539 0.741709187533
540 0.743579092286
541 0.74545030563
542 0.747322830453
543 0.749196669667
544 0.751071826212
545 0.752948303054
546 0.754783803755
547 0.756662751431
548 0.758543027943
549 0.760424636359
550 0.762307579774
551 0.764191861306
552 0.766077484101
553 0.767920896299
554 0.769809028824
555 0.771698511681
556 0.773545251127
557 0.775437260549
558 0.777330629596
559 0.779225361591
560 0.781076631021
561 0.782973913043
562 0.784827373157
563 0.786727216717
564 0.788628439156
565 0.790485293934
566 0.792389096046
567 0.794248166384
568 0.796154560152
569 0.798015856124
570 0.799924853719
571 0.801788385575
572 0.803652947038
573 0.805565777523
574 0.807432590087
575 0.809348055117
576 0.811217129474
577 0.813087245337
578 0.814958404958
579 0.816878982413
580 0.818752424743
581 0.820626918191
582 0.822551410947
583 0.824428203489
584 0.826306054698
585 0.828184966971
586 0.830064942724
587 0.831995891997
588 0.833878194335
589 0.835761568012
590 0.837646015526
591 0.839531539393
592 0.841418142151
593 0.843305826358
594 0.845194594591
595 0.847084449447
596 0.848975393543
597 0.850867429516
598 0.852760560023
599 0.854654787739
600 0.856550115362
601 0.858446545605
602 0.860344081206
603 0.862242724918
604 0.864142479517
605 0.866043347797
606 0.867945332571
607 0.869794589028
608 0.871698613029
609 0.873603761572
610 0.875510037548
611 0.877417443868
612 0.879271128033
613 0.881180599039
614 0.883091208718
615 0.885002960058
616 0.886860187219
617 0.888774024075
618 0.890689011148
619 0.89254886961
620 0.894465957954
621 0.896384205235
622 0.898246715182
623 0.900167079811
624 0.902088612266
625 0.903953794339
626 0.905877460542
627 0.907744368202
628 0.909670178923
629 0.911538821054
630 0.913466787202
631 0.915337172818
632 0.917267305443
633 0.919139443688
634 0.921071753977
635 0.922945654126
636 0.924880153403
637 0.926755824861
638 0.928692524591
639 0.930569976891
640 0.93244821887
641 0.934388131479
642 0.93626816836
643 0.938149001312
644 0.940092151793
645 0.941974793991
646 0.943858238788
647 0.945804652579
648 0.947689921247
649 0.949575999178
650 0.951525702165
651 0.953413618874
652 0.955302351644
653 0.957191902616
654 0.959145956891
655 0.961037366622
656 0.962929601532
657 0.964822663821
658 0.9667165557
659 0.968611279396
660 0.970571833386
661 0.972468446229
662 0.974365898133
663 0.976264191382
664 0.978163328275
665 0.980063311126
666 0.98196414226
667 0.983865824019
668 0.985768358758
669 0.987671748846
670 0.989575996667
671 0.991481104617
672 0.993387075107
673 0.995293910564
674 0.997201613425
675 0.999110186144
676 1.00101963119
677 1.00292995104
678 1.00484114819
679 1.00675322515
680 1.00866618444
681 1.0105800286
682 1.01249476017
683 1.01441038173
684 1.01632689585
685 1.0181736939
686 1.02009176991
687 1.02201074579
688 1.02393062418
689 1.02585140772
690 1.02777309907
691 1.02962370848
692 1.03154698949
693 1.03347118585
694 1.03539630029
695 1.03732233552
696 1.03917613954
697 1.04110378812
698 1.04303236524
699 1.04488802079
700 1.04681822537
701 1.04874936636
702 1.05068144657
703 1.05253967402
704 1.0544734012
705 1.05640807562
706 1.05826819702
707 1.06020453306
708 1.06214182447
709 1.06400385834
710 1.06594282623
711 1.06780606884
712 1.0697467229
713 1.07168834597
714 1.07355353214
715 1.07549685661
716 1.07736327178
717 1.07930830759
718 1.08117595984
719 1.08312271701
720 1.08499161451
721 1.08694010318
722 1.08881025417
723 1.09076048455
724 1.09263189738
725 1.0945838798
726 1.09645656288
727 1.09841030773
728 1.10028426959
729 1.10223978738
730 1.10411503661
731 1.10599081323
732 1.1079488832
733 1.10982595979
734 1.11178582884
735 1.1136642142
736 1.11554313659
737 1.11750559617
738 1.11938584025
739 1.12135012561
740 1.12323170038
741 1.12511382207
742 1.12708073716
743 1.12896420277
744 1.13084822126
745 1.1327327945
746 1.13470316548
747 1.13658910023
748 1.13847559581
749 1.14044865151
750 1.14233652225
751 1.14422495998
752 1.14611396663
753 1.1480905514
754 1.14998095136
755 1.15187192653
756 1.15376347887
757 1.15565561035
758 1.15763659931
759 1.15953014701
760 1.16142428027
761 1.16331900111
762 1.16521431155
763 1.16711021361
764 1.16909652108
765 1.1709938673
766 1.17289181174
767 1.17479035646
768 1.17668950354
769 1.17858925507
770 1.18048961312
771 1.18239057981
772 1.18429215725
773 1.1862864862
774 1.1881895505
775 1.19009323239
776 1.19199753402
777 1.19390245753
778 1.1958080051
779 1.1977141789
780 1.19962098111
781 1.20152841391
782 1.20343647951
783 1.20534518011
784 1.20725451793
785 1.20916449519
786 1.21107511413
787 1.21298637699
788 1.21489828602
789 1.21681084349
790 1.21872405165
791 1.22063791279
792 1.22255242919
793 1.2243701945
794 1.2262857598
795 1.2282019868
796 1.2301188778
797 1.23203643514
798 1.23395466116
799 1.23587355819
800 1.2377931286
801 1.23971337474
802 1.24153447539
803 1.2434558073
804 1.2453778216
805 1.24730052068
806 1.24922390695
807 1.25114798281
808 1.2530727507
809 1.25489648892
810 1.25682237193
811 1.25874895379
812 1.26067623694
813 1.26260422386
814 1.2644298268
815 1.26635895002
816 1.26828878394
817 1.27021933105
818 1.27204640635
819 1.2739781068
820 1.27591052749
821 1.27784367094
822 1.27967224735
823 1.28160656141
824 1.28354160536
825 1.28547738177
826 1.28730748851
827 1.28924445305
828 1.29118215726
829 1.29301336507
830 1.29495227047
831 1.29689192285
832 1.29872424795
833 1.3006651147
834 1.3026067358
835 1.30444019462
836 1.30638304341
837 1.30832665397
838 1.3101612631
839 1.31210611482
840 1.31405173581
841 1.31588751203
842 1.31783438776
843 1.31967086134
844 1.32161900061
845 1.32356792164
846 1.32540559023
847 1.3273557886
848 1.32919417264
849 1.33114565729
850 1.33298476391
851 1.33493754385
852 1.33689112323
853 1.33873146453
854 1.3406863533
855 1.34252743572
856 1.34448364301
857 1.34632547386
858 1.34828300887
859 1.35012559553
860 1.35208446751
861 1.35392781742
862 1.35588803566
863 1.35773215629
864 1.35969373016
865 1.36153862903
866 1.36350156795
867 1.36534725263
868 1.36731156606
869 1.36915804417
870 1.37112374163
871 1.37297102085
872 1.37493811192
873 1.37678619995
874 1.37863455354
875 1.38060359888
876 1.38245277252
877 1.38442323514
878 1.38627323666
879 1.38812351225
880 1.3900959636
881 1.39194707847
882 1.39392097109
883 1.39577293321
884 1.39762517803
885 1.39960109434
886 1.40145419798
887 1.40343157989
888 1.4052855504
889 1.40713981241
890 1.40911925345
891 1.41097439409
892 1.41282983146
893 1.41481135281
894 1.41666768067
895 1.41852431057
896 1.42050793358
897 1.4223654659
898 1.42422330561
899 1.42620905181
900 1.428067806
901 1.42992687297
902 1.43178625438
903 1.43377475763
904 1.43563506944
905 1.43749570116
906 1.43948637792
907 1.44134795233
908 1.44320985213
909 1.44507207906
910 1.44706557936
911 1.44892876519
912 1.4507922837
913 1.4526561366
914 1.45465249867
915 1.45651732688
916 1.45838249512
917 1.46024800513
918 1.46224726758
919 1.46411376946
920 1.4659806188
921 1.46784781736
922 1.46971536691
923 1.47171822633
924 1.47358678847
925 1.47545570736
926 1.47732498479
927 1.47919462255
928 1.48106462244
929 1.4830718106
930 1.4849428481
931 1.48681425357
932 1.48868602883
933 1.49055817572
934 1.49243069604
935 1.49444229974
936 1.49631588306
937 1.49818984576
938 1.50006418967
939 1.50193891666
940 1.50381402858
941 1.50568952728
942 1.50756541462
943 1.50958292815
944 1.5114599126
945 1.51333729174
946 1.51521506747
947 1.51709324166
948 1.51897181622
949 1.52085079302
950 1.52273017398
951 1.52460996099
952 1.52649015596
953 1.52837076082
954 1.53025177746
955 1.53227827463
956 1.53416044025
957 1.5360430239
958 1.5379260275
959 1.53980945299
960 1.54169330233
961 1.54357757746
962 1.54546228033
963 1.5473474129
964 1.54923297714
965 1.55111897501
966 1.55300540848
967 1.55489227954
968 1.55677959015
969 1.5586673423
970 1.56055553799
971 1.5624441792
972 1.56433326793
973 1.5662228062
974 1.56811279599
975 1.57000323933
976 1.57189413822
977 1.57378549469
978 1.57567731077
979 1.57756958848
980 1.57946232985
981 1.58135553692
982 1.58324921174
983 1.58498916862
984 1.58688345264
985 1.58877821008
986 1.59067344301
987 1.59256915349
988 1.59446534358
989 1.59636201536
990 1.59825917089
991 1.60015681227
992 1.60205494158
993 1.6039535609
994 1.60585267232
995 1.60775227795
996 1.60949386946
997 1.61139413135
998 1.61329489328
999 1.61519615738
