0.1 0.338891298024
0.2 0.525511738417
0.3 0.620905340145
0.4 0.662001263844
0.5 0.671120771292
0.6 0.661737261456
0.7 0.64196607762
0.8 0.616678805435
0.9 0.588784166819
1.0 0.560003967343
1.1 0.531343107207
1.2 0.50337423439
1.3 0.476410097435
1.4 0.450607862561
1.5 0.426032214474
1.6 0.402693490213
1.7 0.380570691112
1.8 0.35962533764
1.9 0.339809780856
2.0 0.321072159747
2.1 0.303359330655
2.2 0.286618572121
2.3 0.270798551605
2.4 0.255849848663
2.5 0.241725212818
2.6 0.22837966396
2.7 0.215770500414
2.8 0.203857253978
2.9 0.192601615588
3.0 0.181967345773
3.1 0.17192017837
3.2 0.16242772246
3.3 0.153459365432
3.4 0.144986178789
3.5 0.136980827587
3.6 0.129417483915
3.7 0.122271744572
3.8 0.115520552946
3.9 0.109142124985
4.0 0.103115879132
4.1 0.0974223700493
4.2 0.0920432259561
4.3 0.0869610893958
4.4 0.0821595612571
4.5 0.0776231478753
4.6 0.0733372110484
4.7 0.0692879208088
4.8 0.0654622108007
4.9 0.0618477361194
5.0 0.0584328334781
5.1 0.0552064835734
5.2 0.0521582755283
5.3 0.0492783732986
5.4 0.0465574839339
5.5 0.0439868275908
5.6 0.0415581092019
5.7 0.0392634917094
5.8 0.0370955707758
5.9 0.035047350892
6.0 0.0331122228033
6.1 0.031283942183
6.2 0.029556609483
6.3 0.0279246508966
6.4 0.0263828003732
6.5 0.0249260826253
6.6 0.0235497970744
6.7 0.0222495026828
6.8 0.0210210036235
6.9 0.0198603357405
7.0 0.0187637537574
7.1 0.0177277191921
7.2 0.0167488889386
7.3 0.0158241044794
7.4 0.0149503816936
7.5 0.0141249012274
7.6 0.0133449993969
7.7 0.0126081595924
7.8 0.0119120041583
7.9 0.0112542867203
8.0 0.0106328849368
8.1 0.0100457936508
8.2 0.00949111841934
8.3 0.00896706940053
8.4 0.00847195557797
8.5 0.00800417930421
8.6 0.00756223114537
8.7 0.00714468501048
8.8 0.00675019354972
8.9 0.00637748380676
9.0 0.00602535311112
9.1 0.00569266519739
9.2 0.00537834653869
9.3 0.00508138288258
9.4 0.00480081597822
9.5 0.0045357404843
9.6 0.00428530104762
9.7 0.00404868954304
9.8 0.00382514246579
9.9 0.00361393846775
