0.1 0.887103927503
0.2 0.786953477766
0.3 0.698109565055
0.4 0.619295776168
0.5 0.549379750081
0.6 0.487356964821
0.7 0.432336304941
0.8 0.383527258379
0.9 0.340228558737
1.0 0.301818109799
1.1 0.267744047534
1.2 0.237516811159
1.3 0.210702109358
1.4 0.18691468057
1.5 0.165812757732
1.6 0.14709315792
1.7 0.130486926355
1.8 0.115755472181
1.9 0.102687140498
2.0 0.0910941714029
2.1 0.0808100023366
2.2 0.0716868749897
2.3 0.0635937123771
2.4 0.0564142355833
2.5 0.0500452931192
2.6 0.0443953788878
2.7 0.039383317466
2.8 0.0349370978125
2.9 0.0309928386458
3.0 0.0274938706266
3.1 0.0243899221581
3.2 0.0216363971068
3.3 0.0191937340648
3.4 0.0170268379495
3.5 0.0151045757736
3.6 0.0133993293397
3.7 0.0118865984352
3.8 0.0105446488236
3.9 0.00935419997739
4.0 0.00829814806358
4.1 0.00736132020392
4.2 0.00653025647765
4.3 0.00579301653542
4.4 0.00513900804579
4.5 0.00455883450931
4.6 0.0040441602539
4.7 0.00358759067166
4.8 0.00318256597645
4.9 0.00282326695586
5.0 0.00250453136339
5.1 0.00222177974958
5.2 0.00197094966659
5.3 0.00174843730076
5.4 0.00155104569462
5.5 0.00137593881449
5.6 0.00122060080356
5.7 0.00108279983525
5.8 0.000960556047324
5.9 0.000852113096077
6.0 0.00075591292203
6.1 0.000670573364408
6.2 0.00059486830288
6.3 0.000527710041218
6.4 0.000468133679764
6.5 0.000415283252188
6.6 0.000368399427349
6.7 0.000326808599567
6.8 0.00028991321056
6.9 0.000257183163993
7.0 0.0002281482093
7.1 0.000202391185327
7.2 0.000179542026755
7.3 0.000159272447163
7.4 0.00014129122236
7.5 0.000125340006207
7.6 0.000111189618814
7.7 9.86367537876e-05
7.8 8.7501057217e-05
7.9 7.76225364287e-05
8.0 6.88592612851e-05
8.1 6.10853249956e-05
8.2 5.41890351447e-05
8.3 4.80713089457e-05
8.4 4.26442496639e-05
8.5 3.78298837556e-05
8.6 3.35590405797e-05
8.7 2.97703585849e-05
8.8 2.64094036947e-05
8.9 2.34278872227e-05
9.0 2.07829720832e-05
9.1 1.84366573266e-05
9.2 1.63552321592e-05
9.3 1.45087916016e-05
9.4 1.28708068274e-05
9.5 1.1417744009e-05
9.6 1.01287261944e-05
9.7 8.98523335615e-06
9.8 7.97083630406e-06
9.9 7.07096063816e-06
