0.1 0.750410150639
0.2 0.584192341072
0.3 0.446736034995
0.4 0.341511123938
0.5 0.261069494891
0.6 0.199575559637
0.7 0.152566288684
0.8 0.116629874341
0.9 0.0891581469676
1.0 0.0681572814478
1.1 0.0521030906581
1.2 0.0398304040076
1.3 0.0304485024471
1.4 0.0232764724429
1.5 0.017793787078
1.6 0.0136025275888
1.7 0.0103985034773
1.8 0.00794917517069
1.9 0.00607677691623
2.0 0.00464541501436
2.1 0.00355120501428
2.2 0.00271473205612
2.3 0.00207528715095
2.4 0.00158646108341
2.5 0.00121277615389
2.6 0.000927111301273
2.7 0.000708733728139
2.8 0.000541794169387
2.9 0.000414176594575
3.0 0.000316618858576
3.1 0.000242040479637
3.2 0.000185028756805
3.3 0.000141445930433
3.4 0.000108128874568
3.5 8.26595256542e-05
3.6 6.31893858943e-05
3.7 4.83053641804e-05
3.8 3.69272176897e-05
3.9 2.82291507256e-05
4.0 2.15798806556e-05
4.1 1.64968210924e-05
4.2 1.26110570535e-05
4.3 9.64057009014e-06
4.4 7.36977013655e-06
4.5 5.63384855436e-06
4.6 4.30681675891e-06
4.7 3.29236230188e-06
4.8 2.51685876916e-06
4.9 1.92402217104e-06
5.0 1.47082599946e-06
5.1 1.12437847819e-06
5.2 8.59535364948e-07
5.3 6.57075048951e-07
5.4 5.02303497402e-07
5.5 3.83987801554e-07
5.6 2.93540921982e-07
5.7 2.24398464037e-07
5.8 1.71542251494e-07
5.9 1.31136120623e-07
6.0 1.00247501606e-07
6.1 7.66345803919e-08
6.2 5.85835937831e-08
6.3 4.47844490437e-08
6.4 3.42356408447e-08
6.5 2.6171564663e-08
6.6 2.00069512359e-08
6.7 1.52943892699e-08
6.8 1.16918535153e-08
6.9 8.93788148129e-09
7.0 6.83259718138e-09
7.1 5.22320466441e-09
7.2 3.9928984897e-09
7.3 3.05238629796e-09
7.4 2.3334082086e-09
7.5 1.78378269867e-09
7.6 1.3636194063e-09
7.7 1.04242399404e-09
7.8 7.96884950687e-10
7.9 6.09181703667e-10
8.0 4.65691249111e-10
8.1 3.55999430371e-10
8.2 2.72145106155e-10
8.3 2.08042351997e-10
8.4 1.59038760006e-10
8.5 1.21577779435e-10
8.6 9.2940591663e-11
8.7 7.10487855496e-11
8.8 5.43135118655e-11
8.9 4.15201688297e-11
9.0 3.17402495334e-11
9.1 2.42639533711e-11
9.2 1.85486705949e-11
9.3 1.41796011382e-11
9.4 1.08396495268e-11
9.5 8.28641093074e-12
9.6 6.3345780639e-12
9.7 4.84249207323e-12
9.8 3.70186131464e-12
9.9 2.82990183269e-12
