0.1 0.652967022642
0.2 0.797188388527
0.3 0.799548758408
0.4 0.764061825862
0.5 0.720108912606
0.6 0.675889023438
0.7 0.633595479915
0.8 0.593724781842
0.9 0.556299580271
1.0 0.521215440449
1.1 0.488338834948
1.2 0.457534527841
1.3 0.428672937152
1.4 0.401631838184
1.5 0.376296484344
1.6 0.352559301515
1.7 0.330319482767
1.8 0.309482574869
1.9 0.289960081294
2.0 0.271669087543
2.1 0.25453190933
2.2 0.238475762745
2.3 0.223432455152
2.4 0.209338095582
2.5 0.196132823371
2.6 0.183760553933
2.7 0.172168740558
2.8 0.161308151238
2.9 0.151132659572
3.0 0.141599048864
3.1 0.132666828573
3.2 0.124298062344
3.3 0.11645720689
3.4 0.109110961031
3.5 0.102228124261
3.6 0.0957794642367
3.7 0.0897375926226
3.8 0.0840768487679
3.9 0.0787731907236
4.0 0.0738040931327
4.1 0.0691484515622
4.2 0.064786492869
4.3 0.0606996912214
4.4 0.0568706894171
4.5 0.0532832251647
4.6 0.0499220620156
4.7 0.0467729246528
4.8 0.0438224382618
4.9 0.0410580717256
5.0 0.0384680844035
5.1 0.0360414762672
5.2 0.0337679411819
5.3 0.031637823135
5.4 0.0296420752254
5.5 0.0277722212403
5.6 0.0260203196557
5.7 0.0243789299071
5.8 0.0228410807892
5.9 0.0214002408476
6.0 0.0200502906392
6.1 0.0187854967417
6.2 0.0176004874036
6.3 0.016490229729
6.4 0.0154500083025
6.5 0.0144754051625
6.6 0.0135622810366
6.7 0.0127067577627
6.8 0.011905201817
6.9 0.0111542088824
7.0 0.0104505893899
7.1 0.00979135497162
7.2 0.00917370576948
7.3 0.00859501854329
7.4 0.0080528355297
7.5 0.00754485400372
7.6 0.00706891649873
7.7 0.00662300164343
7.8 0.00620521557677
7.9 0.00581378390452
8.0 0.00544704416315
8.1 0.00510343875908
8.2 0.00478150835345
8.3 0.00447988566404
8.4 0.00419728965826
8.5 0.00393252011247
8.6 0.00368445251438
8.7 0.00345203328717
8.8 0.00323427531478
8.9 0.00303025374948
9.0 0.00283910208395
9.1 0.00266000847106
9.2 0.00249221227589
9.3 0.00233500084517
9.4 0.00218770648058
9.5 0.00204970360292
9.6 0.00192040609521
9.7 0.00179926481334
9.8 0.00168576525382
9.9 0.00157942536858
