0.1 0.318449753539
0.2 0.500321922295
0.3 0.597621843968
0.4 0.642868608272
0.5 0.656379369691
0.6 0.650831595184
0.7 0.634120399619
0.8 0.611148045586
0.9 0.584944629733
1.0 0.557369876252
1.1 0.529552570805
1.2 0.502165676594
1.3 0.475598539015
1.4 0.450064639497
1.5 0.425668987326
1.6 0.402450236813
1.7 0.380406979185
1.8 0.35951412741
1.9 0.33973310046
2.0 0.321018128264
2.1 0.303320130982
2.2 0.286589082865
2.3 0.270775430578
2.4 0.255830922749
2.5 0.241709073987
2.6 0.228365403036
2.7 0.215757532342
2.8 0.203845203576
2.9 0.19259024309
3.0 0.181956498465
3.1 0.171909759258
3.2 0.16241767004
3.3 0.15344964066
3.4 0.144976756721
3.5 0.136971692031
3.6 0.129408624029
3.7 0.122263152706
3.8 0.115512223288
3.9 0.109134052718
4.0 0.103108059919
4.1 0.0974147997242
4.2 0.0920359003442
4.3 0.0869540042175
4.4 0.0821527120819
4.5 0.077616530107
4.6 0.0733308199282
4.7 0.0692817514295
4.8 0.0654562581257
4.9 0.061841995005
5.0 0.0584272986959
5.1 0.0552011498324
5.2 0.0521531374961
5.3 0.0492734256207
5.4 0.0465527212516
5.5 0.0439822445577
5.6 0.0415537004986
5.7 0.0392592520564
5.8 0.0370914949455
5.9 0.0350434337186
6.0 0.0331084591923
6.1 0.0312803271188
6.2 0.0295531380357
6.3 0.0279213182278
6.4 0.026379601741
6.5 0.0249230133884
6.6 0.0235468526953
6.7 0.0222466787308
6.8 0.0210182957764
6.9 0.0198577397861
7.0 0.018761265595
7.1 0.0177253348325
7.2 0.0167466045045
7.3 0.0158219162053
7.4 0.0149482859251
7.5 0.0141228944205
7.6 0.013343078117
7.7 0.0126063205129
7.8 0.0119102440593
7.9 0.0112526024867
8.0 0.0106312735568
8.1 0.010044252214
8.2 0.00948964411457
8.3 0.00896565951375
8.4 0.00847060749023
8.5 0.00800289048937
8.6 0.00756099916786
8.7 0.00714350752298
8.8 0.00674906829083
8.9 0.00637640859869
9.0 0.00602432585734
9.1 0.00569168388031
9.2 0.00537740921732
9.3 0.00508048769022
9.4 0.00479996112018
9.5 0.00453492423564
9.6 0.00428452175092
9.7 0.00404794560621
9.8 0.00382443235987
9.9 0.00361326072485
