50 11.1534172553
51 11.5814726518
52 12.0065572726
53 12.4278710422
54 12.8450672236
55 13.2583359083
56 13.6641283138
57 14.0677696407
58 14.4666147527
59 14.8526147196
60 15.2380633341
61 15.6155465502
62 15.9883071428
63 16.3542949488
64 16.7113249898
65 17.0638809915
66 17.4033241985
67 17.7418382679
68 18.0708975195
69 18.3965835879
70 18.7096959949
71 19.0167606042
72 19.3166461527
73 19.6171520538
74 19.8994129125
75 20.1899012414
76 20.4596710141
77 20.7267173896
78 20.9905408746
79 21.2506253051
80 21.5064393497
81 21.7464106527
82 21.9917879202
83 22.219718854
84 22.4524151593
85 22.6780356849
86 22.8960042767
87 23.10574653
88 23.3193596778
89 23.5240481965
90 23.719236035
91 23.9176836057
92 24.1194735505
93 24.2971435303
94 24.4914159652
95 24.6604365619
96 24.8461796654
97 25.0201393689
98 25.1817606016
99 25.3454788266
100 25.511335315
101 25.6793724182
102 25.8340709109
103 25.9906405836
104 26.1331905908
105 26.2934105348
106 26.4393030764
107 26.5703577739
108 26.7193417656
109 26.8531878883
110 26.9883786468
111 27.1249345212
112 27.262876404
113 27.3847385499
114 27.5076923509
115 27.6317526376
116 27.756934506
117 27.8832533241
118 28.0107247379
119 28.1209247277
120 28.2319930656
121 28.3626737324
122 28.4756595261
123 28.570512771
124 28.6851599322
125 28.8007289971
126 28.8977583102
127 29.0150466384
128 29.1135243762
129 29.21267121
130 29.3325299155
131 29.4331733626
132 29.5345082928
133 29.6160888048
134 29.7186864251
135 29.8219959389
136 29.9051704521
137 30.0097801188
138 30.094004286
139 30.1999389626
140 30.2852329367
141 30.3710088933
142 30.478902548
143 30.5657783268
144 30.6531496787
145 30.7410208874
146 30.8293962849
147 30.9182802525
148 30.9852890067
149 31.0750735039
150 31.1653788832
151 31.2562097167
152 31.324689191
153 31.4164505851
154 31.4856330801
155 31.5783395012
156 31.6482359912
157 31.7419022011
158 31.8125238838
159 31.8834597732
160 31.9785232509
161 32.0502007339
162 32.1221995609
163 32.1945219153
164 32.2671699999
165 32.3645352871
166 32.4379522316
167 32.5117023873
168 32.5857880432
169 32.6602115088
170 32.7349751146
171 32.7850162148
172 32.8603518273
173 32.9360339006
174 33.0120648435
175 33.0884470868
176 33.1651830834
177 33.2165459935
178 33.2938769778
179 33.37156837
180 33.4235715988
181 33.5018692135
182 33.5805340556
183 33.633189753
184 33.7124723314
185 33.7655420863
186 33.8454497444
187 33.9257360786
188 33.9794786947
189 34.0333914674
190 34.1145717766
191 34.168913665
192 34.2507417823
193 34.3055179639
194 34.3880017065
195 34.4432174408
196 34.4986104378
197 34.5820253803
198 34.6378654359
199 34.6938857928
200 34.7500873323
201 34.8347229468
202 34.8913814449
203 34.9482242521
204 35.0052522753
205 35.0911356556
206 35.1486308265
207 35.2063144315
208 35.264187404
209 35.3222506835
210 35.3805052155
211 35.4389519517
212 35.4975918501
213 35.5859088149
214 35.6450359387
215 35.7043596254
216 35.7638808613
217 35.8236006397
218 35.8835199599
219 35.9436398282
220 36.0039612574
221 36.0644852672
222 36.1252128839
223 36.1861451408
224 36.2166946535
225 36.2779357497
226 36.3393841007
227 36.4010407642
228 36.4629068051
229 36.5249832952
230 36.5872713139
231 36.6497719475
232 36.7124862902
233 36.7439296422
234 36.8069665525
235 36.8702199402
236 36.9336909257
237 36.9973806367
238 37.0293132545
239 37.0933331275
240 37.1575745808
241 37.2220387696
242 37.2543599069
243 37.3191603281
244 37.384186409
245 37.4494393332
246 37.4821561698
247 37.5477515446
248 37.6135767584
249 37.6465807142
250 37.712752914
251 37.779158001
252 37.8124528946
253 37.8792095823
254 37.9462022594
255 37.9797919761
256 38.04714095
257 38.1147290702
258 38.1486175636
259 38.2165667601
260 38.2506364279
261 38.3189496095
262 38.3875071061
263 38.4218820231
264 38.4908084213
265 38.5253684525
266 38.5946667449
267 38.629413397
268 38.6990866085
269 38.7340214043
270 38.8040725922
271 38.874377503
272 38.9096293258
273 38.9803173818
274 39.0157614889
275 39.0868358369
276 39.1224738123
277 39.1581767413
278 39.229771078
279 39.2656700146
280 39.3376581206
281 39.3737546892
282 39.4461398274
283 39.4824356702
284 39.5552211396
285 39.5917179169
286 39.6282820233
287 39.7016064433
288 39.7383737269
289 39.8121063188
290 39.849078483
291 39.8861193025
292 39.9604014364
293 39.9976494377
294 40.0723477892
295 40.1098047201
296 40.1473316673
297 40.2225904298
298 40.260328668
299 40.2981377163
300 40.3739632292
301 40.4119859654
302 40.4500803172
303 40.5264790154
304 40.5647894881
305 40.6031723941
306 40.68015081
307 40.7187523066
308 40.7574270666
309 40.8349918317
310 40.8738876894
311 40.9128576532
312 40.9519019358
313 41.0302091071
314 41.0694776756
315 41.1088214216
316 41.148240562
317 41.2273008624
318 41.2669475379
319 41.3066704831
320 41.3464699189
321 41.4262942778
322 41.4663245606
323 41.5064322262
324 41.5466174999
325 41.6272170583
326 41.6676365551
327 41.7081345693
328 41.7487113307
329 41.7893670696
330 41.8709118733
331 41.9118059739
332 41.952779983
333 41.9938341354
334 42.0349686673
335 42.117475458
336 42.1588525877
337 42.2003110494
338 42.2418510839
339 42.2834729326
340 42.3251768382
341 42.408827632
342 42.4507792047
343 42.4928138135
344 42.5349317055
345 42.5771331292
346 42.6194183337
347 42.6617875693
348 42.7042410872
349 42.7893980621
350 42.8321059741
351 42.874899183
352 42.9177779452
353 42.960742518
354 43.0081025887
355 43.0555671539
356 43.1031365603
357 43.1508111561
358 43.198591291
359 43.2464773164
360 43.2901025818
361 43.3381917403
362 43.3863878201
363 43.4346911786
364 43.4786970383
365 43.5272061975
366 43.5713997428
367 43.6201160225
368 43.6644984582
369 43.7134231893
370 43.7579957308
371 43.8071302556
372 43.8518941285
373 43.9012398009
374 43.9461962412
375 43.9912448168
376 44.0363858115
377 44.0861476685
378 44.1314836749
379 44.1769129879
380 44.2224358962
381 44.2680526896
382 44.3137636593
383 44.3595690976
384 44.4054692978
385 44.4514645548
386 44.4975551644
387 44.5437414237
388 44.5900236312
389 44.6317601977
390 44.6782255311
391 44.724787685
392 44.7714469626
393 44.8135238935
394 44.8603685441
395 44.9073112051
396 44.9496439364
397 44.9967736652
398 45.0440023016
399 45.0865931757
400 45.1340105954
401 45.1767718807
402 45.2243792189
403 45.2673119413
404 45.3103262302
405 45.3582155359
406 45.4014027887
407 45.4446723356
408 45.4928461236
409 45.5362901794
410 45.5798172654
411 45.6234276203
412 45.6671214833
413 45.7157681724
414 45.7596391226
415 45.8035943317
416 45.8476340429
417 45.8917585004
418 45.9359679491
419 45.9802626352
420 46.0246428056
421 46.0691087082
422 46.1136605919
423 46.1582987065
424 46.1980498881
425 46.2428515668
426 46.2877402037
427 46.3327160524
428 46.3777793674
429 46.4179095381
430 46.463138764
431 46.5084561975
432 46.5488128711
433 46.5942976233
434 46.6398713326
435 46.680456434
436 46.7261988857
437 46.7669343944
438 46.8128465283
439 46.8537332826
440 46.8998160452
441 46.9408548898
442 46.9871092349
443 47.0283010206
444 47.0695650741
445 47.116073493
446 47.1574917506
447 47.1989828735
448 47.2457474669
449 47.2873940706
450 47.3291141439
451 47.3761370356
452 47.4180138806
453 47.459964806
454 47.5019900086
455 47.5440896861
456 47.5862640368
457 47.6285132597
458 47.6761331374
459 47.718542129
460 47.7610266192
461 47.8035868099
462 47.8462229038
463 47.8889351043
464 47.9317236155
465 47.9692265556
466 48.0121587006
467 48.0551677471
468 48.0982539022
469 48.1414173733
470 48.1846583691
471 48.2279770986
472 48.2659451424
473 48.3094101879
474 48.3529535728
475 48.3965755092
476 48.4348095271
477 48.4785793207
478 48.5224282799
479 48.5608614447
480 48.6048594185
481 48.6489371784
482 48.6875710512
483 48.7317989953
484 48.7705646129
485 48.8149435105
486 48.8538415486
487 48.8983721743
488 48.9374033129
489 48.9820864467
490 49.0212513706
491 49.0660877976
492 49.1053871962
493 49.1503777071
494 49.1898122747
495 49.2293101596
496 49.2745281012
497 49.3141621818
498 49.3538600613
499 49.3993071634
