50 11.1388525984
51 11.5669375425
52 11.9920638362
53 12.4134309078
54 12.83069104
55 13.24403286
56 13.6499101784
57 14.0536414816
58 14.4525835269
59 14.8386940699
60 15.2242542458
61 15.6018562337
62 15.9747391889
63 16.340854114
64 16.6980171478
65 17.0507078352
66 17.3902935527
67 17.7289482289
68 18.0581521786
69 18.3839823397
70 18.6972442312
71 19.0044588707
72 19.3044954882
73 19.6051484709
74 19.8875638127
75 20.1781979357
76 20.4481216744
77 20.7153195114
78 20.9792922605
79 21.2395240478
80 21.4954838146
81 21.7356049411
82 21.9811254025
83 22.2092040609
84 22.4420419157
85 22.6678034692
86 22.8859127424
87 23.0957954902
88 23.3095437568
89 23.5143675385
90 23.7096909062
91 23.908269134
92 24.1101850521
93 24.2879868811
94 24.4823815602
95 24.6515304282
96 24.8373925305
97 25.0114723242
98 25.1732147859
99 25.3370504359
100 25.5030206864
101 25.6711680229
102 25.8259782224
103 25.9826562553
104 26.1253161946
105 26.2856381263
106 26.4316343814
107 26.5627945135
108 26.7118763571
109 26.8458221816
110 26.9811099036
111 27.1177600966
112 27.2557937425
113 27.377749644
114 27.5007947407
115 27.6249439448
116 27.7502124305
117 27.8766156406
118 28.0041692929
119 28.1144536795
120 28.2256043261
121 28.3563611099
122 28.4694252672
123 28.5643590769
124 28.6790808301
125 28.7947227043
126 28.8918270952
127 29.0091847971
128 29.1077342138
129 29.2069510854
130 29.3268743734
131 29.4275847532
132 29.528985115
133 29.6106333684
134 29.7132935164
135 29.8166641832
136 29.8999021872
137 30.0045703442
138 30.0888553535
139 30.1948460051
140 30.2801983171
141 30.3660313956
142 30.4739774938
143 30.5609080897
144 30.6483331383
145 30.7362569529
146 30.8246838947
147 30.9136183728
148 30.9806799609
149 31.0705129556
150 31.1608658775
151 31.2517433231
152 31.3202717293
153 31.4120779212
154 31.4813075285
155 31.5740570236
156 31.6439988958
157 31.7377065408
158 31.8083719598
159 31.87935078
160 31.974453372
161 32.0461722569
162 32.1182117368
163 32.1905740131
164 32.2632613056
165 32.3606621852
166 32.434116982
167 32.5079043248
168 32.582026518
169 32.656485886
170 32.7312847737
171 32.7813633422
172 32.8567330179
173 32.9324485754
174 33.0085124365
175 33.0849270442
176 33.1616948639
177 33.2130917432
178 33.2904534854
179 33.3681751289
180 33.420210733
181 33.4985376016
182 33.5772312233
183 33.629917802
184 33.709228225
185 33.7623279105
186 33.8422625172
187 33.9225753738
188 33.9763465764
189 34.0302874936
190 34.111493069
191 34.1658622627
192 34.2477148559
193 34.3025175372
194 34.3850249969
195 34.440266457
196 34.495684796
197 34.5791223669
198 34.6349870357
199 34.691031644
200 34.7472570802
201 34.8319139654
202 34.8885956864
203 34.9454613818
204 35.0025119649
205 35.0884153605
206 35.1459324674
207 35.2036376982
208 35.2615319921
209 35.3196162942
210 35.3778915556
211 35.4363587334
212 35.4950187909
213 35.5833535204
214 35.6425002664
215 35.7018433078
216 35.7613836357
217 35.821122248
218 35.8810601488
219 35.9411983488
220 36.0015378652
221 36.062079722
222 36.1228249497
223 36.1837745857
224 36.2143432357
225 36.2756012483
226 36.3370662958
227 36.3987394398
228 36.4606217485
229 36.5227142977
230 36.5850181701
231 36.6475344556
232 36.7102642515
233 36.741724751
234 36.8047767178
235 36.8680449734
236 36.931530641
237 36.9952348517
238 37.0271836287
239 37.0912176361
240 37.1554730502
241 37.2199510288
242 37.2522875882
243 37.3171014571
244 37.3821408229
245 37.4474068717
246 37.4801384391
247 37.5457466177
248 37.6115844826
249 37.6446026758
250 37.7107872205
251 37.7772045069
252 37.810513167
253 37.8772817621
254 37.9442862075
255 37.9778892411
256 38.0452497046
257 38.1128491817
258 38.1467505624
259 38.2147108493
260 38.2487931253
261 38.317117139
262 38.3856853448
263 38.4200724713
264 38.4890093317
265 38.5235813132
266 38.5928898281
267 38.6276481788
268 38.6973313798
269 38.7322776297
270 38.8023385812
271 38.8726531479
272 38.9079160752
273 38.9786135707
274 39.0140685547
275 39.0851521318
276 39.1208007627
277 39.1565142348
278 39.2281174935
279 39.264026761
280 39.3360235932
281 39.3721302863
282 39.4445239603
283 39.480829727
284 39.5536235469
285 39.5901300528
286 39.6267037882
287 39.7000362881
288 39.7368130133
289 39.8105535122
290 39.8475349356
291 39.8845849212
292 39.9588747092
293 39.9961317013
294 40.0708375455
295 40.1083032965
296 40.1458389767
297 40.2211049953
298 40.2588518025
299 40.2966693358
300 40.3725018777
301 40.4105329412
302 40.4486355397
303 40.5250410485
304 40.5633596161
305 40.6017505394
306 40.6787355558
307 40.7173449236
308 40.75602748
309 40.8335986435
310 40.872502157
311 40.9114797047
312 40.9505315
313 41.0288448108
314 41.0681207583
315 41.1074718148
316 41.1468981981
317 41.2259643918
318 41.2656181829
319 41.3053481784
320 41.3451546
321 41.4249846181
322 41.4650217656
323 41.5051362337
324 41.5453282483
325 41.6259332431
326 41.6663593655
327 41.706863946
328 41.7474472149
329 41.7881094037
330 41.8696593791
331 41.9105598208
332 41.9515401149
333 41.9926004971
334 42.0337412042
335 42.1162529176
336 42.1576361198
337 42.1991006014
338 42.2406466036
339 42.2822743685
340 42.3239841392
341 42.407639575
342 42.4495969172
343 42.4916372461
344 42.5337608097
345 42.5759678566
346 42.6182586367
347 42.6606334009
348 42.7030924008
349 42.7882536718
350 42.8309669784
351 42.8737655369
352 42.9166496041
353 42.9596194378
354 43.0069846138
355 43.054454242
356 43.1020286696
357 43.149708245
358 43.1974933187
359 43.2453842423
360 43.2890144756
361 43.3371084523
362 43.385309311
363 43.4336174097
364 43.4776280794
365 43.5261419021
366 43.5703401808
367 43.6190610487
368 43.6634481429
369 43.7123773888
370 43.7569545153
371 43.8060934829
372 43.8508618688
373 43.9002119136
374 43.9451727965
375 43.9902257799
376 44.0353711479
377 44.0851372403
378 44.1304775524
379 44.1759111377
380 44.2214382852
381 44.2670592851
382 44.3127744289
383 44.358584009
384 44.4044883195
385 44.4504876552
386 44.4965823124
387 44.5427725885
388 44.5890587822
389 44.6307994047
390 44.677268664
391 44.7238347142
392 44.7704978587
393 44.8125787262
394 44.8594271858
395 44.9063736271
396 44.9487102086
397 44.9958436614
398 45.0430759943
399 45.0856706344
400 45.1330916958
401 45.1758566923
402 45.2234676186
403 45.2664039984
404 45.3094219182
405 45.3573147332
406 45.4005055647
407 45.4437786644
408 45.4919558852
409 45.535403443
410 45.578934006
411 45.6225478129
412 45.6662451033
413 45.7148951023
414 45.7587694315
415 45.8027279956
416 45.846771038
417 45.8908988032
418 45.9351115363
419 45.9794094836
420 46.0237928924
421 46.0682620107
422 46.1128170876
423 46.1574583731
424 46.1972127937
425 46.2420175992
426 46.2869093413
427 46.3318882736
428 46.376954651
429 46.4170879518
430 46.462320198
431 46.5076406309
432 46.5480003716
433 46.5934880823
434 46.6390647297
435 46.6796528368
436 46.7253981868
437 46.7661366611
438 46.8120516539
439 46.8529413344
440 46.8990269175
441 46.9400686495
442 46.9863257771
443 47.0275204123
444 47.0687872963
445 47.115298442
446 47.156719493
447 47.198213391
448 47.2449806569
449 47.2866299996
450 47.3283527939
451 47.3753783053
452 47.4172578361
453 47.4592114299
454 47.5012392836
455 47.5433415951
456 47.5855185627
457 47.6277703856
458 47.6753927643
459 47.7178043228
460 47.7602913634
461 47.8028540882
462 47.8454927001
463 47.8882074024
464 47.9309983995
465 47.9685038906
466 48.0114384899
467 48.0544499752
468 48.0975385536
469 48.140704433
470 48.1839478217
471 48.2272689292
472 48.2652394154
473 48.3087068091
474 48.3522525275
475 48.3958767828
476 48.4341131839
477 48.4778852675
478 48.5217365025
479 48.5601720072
480 48.6041722286
481 48.6482522224
482 48.6868883927
483 48.7311185431
484 48.7698864307
485 48.8142675075
486 48.8531677883
487 48.8977005666
488 48.936733921
489 48.9814191811
490 49.0205862945
491 49.065424822
492 49.1047263842
493 49.1497189702
494 49.1891556757
495 49.2286556858
496 49.2738756651
497 49.3135118459
498 49.3532118132
499 49.3986609164
