50 0.591677939342
51 0.625890452755
52 0.661015217224
53 0.697702795947
54 0.735218806439
55 0.774104352955
56 0.814485707432
57 0.855775912217
58 0.898446298495
59 0.942263257363
60 0.98743786292
61 1.03372647126
62 1.08143586807
63 1.12965999036
64 1.18014830943
65 1.23130127667
66 1.28356186024
67 1.33758294678
68 1.3922014961
69 1.44922302855
70 1.50625813328
71 1.56404098919
72 1.62502043771
73 1.6848707414
74 1.74766433569
75 1.81006285307
76 1.87520194492
77 1.94097558651
78 2.00765378618
79 2.07539372647
80 2.14442491328
81 2.21427717496
82 2.28548520737
83 2.35756588051
84 2.43055506173
85 2.50485745148
86 2.57993617101
87 2.65588831865
88 2.73285939901
89 2.81105024396
90 2.88983476204
91 2.96939744704
92 3.0499895651
93 3.13141492706
94 3.21344939203
95 3.2964183201
96 3.38012710197
97 3.46435552973
98 3.54952774474
99 3.63546770438
100 3.72197700207
101 3.80883404443
102 3.8966018874
103 3.98512142315
104 4.07333079873
105 4.16276062664
106 4.25234758465
107 4.34285762931
108 4.4331118298
109 4.52501278326
110 4.6162587394
111 4.70771480389
112 4.80041016993
113 4.89299931573
114 4.98525480224
115 5.07830586768
116 5.17204413657
117 5.26487424422
118 5.35956555576
119 5.45296927744
120 5.54640637159
121 5.64140436902
122 5.73620518865
123 5.83062216255
124 5.92445735548
125 6.01943056312
126 6.11351389266
127 6.20853019849
128 6.30231239612
129 6.39679019501
130 6.49189738287
131 6.58525257652
132 6.68133039082
133 6.77535978529
134 6.86955859182
135 6.96382920848
136 7.05541695335
137 7.14944457599
138 7.24321648088
139 7.33661260753
140 7.42950742276
141 7.52177006181
142 7.61635180601
143 7.70701105082
144 7.79985341065
145 7.89164152741
146 7.98222075327
147 8.07490233779
148 8.16620829699
149 8.25597107677
150 8.34772809663
151 8.43775434204
152 8.52587066347
153 8.61584585471
154 8.70370429408
155 8.7933721007
156 8.88070487437
157 8.96978887157
158 9.05630862752
159 9.14451286315
160 9.22991346486
161 9.31692339024
162 9.4055885841
163 9.4911583951
164 9.57341679826
165 9.66208040322
166 9.74228429404
167 9.82897081149
168 9.91197975007
169 9.99640199691
170 10.076865029
171 10.1586332221
172 10.2417386085
173 10.3205405326
174 10.4063259426
175 10.4818372168
176 10.5643901469
177 10.6422201165
178 10.7212047822
179 10.8013700469
180 10.8827425941
181 10.9589523964
182 11.036236541
183 11.1146179199
184 11.1874529444
185 11.2612483395
186 11.3428686622
187 11.4117972822
188 11.4885906456
189 11.5664240463
190 11.6381035765
191 11.7106766073
192 11.7841599605
193 11.8585708822
194 11.9263499603
195 12.0025723421
196 12.0720114837
197 12.142258342
198 12.2133271014
199 12.2852322803
200 12.3498638303
201 12.4233897333
202 12.4894862606
203 12.5562894852
204 12.6238108097
205 12.6920618833
206 12.7610546081
207 12.8308011464
208 12.8924592166
209 12.9547124065
210 13.0265968215
211 13.0901546797
212 13.1543354628
213 13.2191483803
214 13.2846028238
215 13.3412263346
216 13.4078977245
217 13.4655788503
218 13.5335014669
219 13.592270142
220 13.6515511636
221 13.7213668625
222 13.7817812483
223 13.8427297164
224 13.8939351997
225 13.9558813817
226 14.0183821479
227 14.0814449844
228 14.134434113
229 14.1878233103
230 14.2524226044
231 14.3067080951
232 14.3614084671
233 14.4276011015
234 14.4832311563
235 14.5392916444
236 14.5957875851
237 14.6527240755
238 14.6985960376
239 14.7563386006
240 14.8145364157
241 14.8614281237
242 14.9204590637
243 14.9680243954
244 15.0279064927
245 15.0761600825
246 15.1369118932
247 15.1858688022
248 15.2351432373
249 15.2847383009
250 15.3471854503
251 15.3975135016
252 15.4481725463
253 15.4991658634
254 15.5504967751
255 15.5892207902
256 15.6411506012
257 15.6934273733
258 15.746054598
259 15.799035814
260 15.8390083558
261 15.8926176976
262 15.9330654882
263 15.9873142023
264 16.0282457778
265 16.0831453801
266 16.1245694821
267 16.1801317667
268 16.2220573481
269 16.2642006338
270 16.320730627
271 16.3633885622
272 16.4062699448
273 16.449376537
274 16.5072028349
275 16.5508418952
276 16.5947121743
277 16.6388155166
278 16.6831537862
279 16.7277288669
280 16.7725426629
281 16.8175970988
282 16.8628941198
283 16.8932302643
284 16.9389359548
285 16.9848895214
286 17.0310929877
287 17.0775483993
288 17.1086619611
289 17.1555418708
290 17.2026792915
291 17.234250594
292 17.2818219256
293 17.3296564984
294 17.361695732
295 17.4099739085
296 17.4423109016
297 17.4910388866
298 17.5236778152
299 17.5728619297
300 17.6058070479
301 17.6554537317
302 17.6887093739
303 17.7220904476
304 17.7723957706
305 17.8060935747
306 17.8399193262
307 17.8908964933
308 17.9250453477
309 17.959324733
310 17.9937354001
311 18.0455963362
312 18.0803385529
313 18.115214725
314 18.1502256296
315 18.1853720502
316 18.220654776
317 18.27383343
318 18.3094604331
319 18.3452265524
320 18.3811326055
321 18.4171794159
322 18.453367814
323 18.4896986366
324 18.526172727
325 18.5627909351
326 18.5995541179
327 18.6364631387
328 18.673518868
329 18.7107221832
330 18.7480739684
331 18.7668083068
332 18.8119167522
333 18.8458918317
334 18.8818874691
335 18.916115864
336 18.9523803906
337 18.9868649477
338 19.0214751654
339 19.0562117327
340 19.0891353904
341 19.1241196263
342 19.1592322692
343 19.1925130073
344 19.2259095118
345 19.2594223885
346 19.2930522474
347 19.3267997027
348 19.360665373
349 19.3946498812
350 19.4267446763
351 19.4609616626
352 19.4932763808
353 19.525698543
354 19.5582286865
355 19.5908673522
356 19.6236150847
357 19.6564724322
358 19.6894399466
359 19.7204477951
360 19.7536303403
361 19.7848407639
362 19.8182404528
363 19.8496554455
364 19.8811701458
365 19.9127850298
366 19.9445005764
367 19.9763172677
368 20.0082355889
369 20.0381184007
370 20.0702345917
371 20.1003029382
372 20.1326188465
373 20.1628744628
374 20.1932211119
375 20.2236592056
376 20.2541891585
377 20.2848113872
378 20.3155263114
379 20.346334353
380 20.3772359365
381 20.4082314889
382 20.4370978412
383 20.4682758338
384 20.4973123401
385 20.5264313093
386 20.5578825609
387 20.5871739284
388 20.6165488489
389 20.6460076806
390 20.6755507841
391 20.7051785219
392 20.7348912585
393 20.7646893607
394 20.7922716395
395 20.8222349429
396 20.8499703468
397 20.8801002305
398 20.9079900396
399 20.9382878981
400 20.9663334067
401 20.9944541143
402 21.0250031669
403 21.0532815163
404 21.0816360048
405 21.1100669406
406 21.1385746336
407 21.1671593954
408 21.1934303139
409 21.2221636664
410 21.2509750061
411 21.2774544276
412 21.3064161323
413 21.3354567574
414 21.3621471768
415 21.3889044304
416 21.4181704217
417 21.4450682357
418 21.4720336658
419 21.4990669675
420 21.5286352975
421 21.5558113455
422 21.5830560632
423 21.6103697114
424 21.6377525523
425 21.6627065555
426 21.6902222231
427 21.7178078536
428 21.7454637147
429 21.773190075
430 21.798457501
431 21.8263192008
432 21.8517101107
433 21.8797081444
434 21.9052234467
435 21.9333588182
436 21.9589994302
437 21.9847000378
438 22.0104608521
439 22.0388672894
440 22.0647552304
441 22.0907040385
442 22.116713929
443 22.1427851178
444 22.1689178223
445 22.1951122606
446 22.2213686518
447 22.2476872164
448 22.2714275035
449 22.2978648064
450 22.3243649273
451 22.3509280905
452 22.3748892576
453 22.4015728218
454 22.4283200849
455 22.4524475023
456 22.4793164229
457 22.5035537033
458 22.5278432858
459 22.5548930102
460 22.5792935675
461 22.6037469572
462 22.6309793182
463 22.6555448095
464 22.6801636705
465 22.7048360755
466 22.7295621995
467 22.7543422182
468 22.7791763084
469 22.8040646472
470 22.8290074128
471 22.8540047842
472 22.8790569409
473 22.9041640634
474 22.929326333
475 22.9545439317
476 22.9798170425
477 23.0023290072
478 23.0277074744
479 23.0531419864
480 23.0757978646
481 23.1013387459
482 23.1240894691
483 23.149737389
484 23.1754422498
485 23.1983391879
486 23.2212813983
487 23.2471454256
488 23.2701842883
489 23.2961573958
490 23.3192935235
491 23.3424756358
492 23.36570387
493 23.3918907012
494 23.4152174044
495 23.4385906623
496 23.4620106147
497 23.4854774016
498 23.5089911639
499 23.5325520428
