50 11.1534172069
51 11.5814726035
52 12.0065572245
53 12.4278709943
54 12.8450671758
55 13.2583358608
56 13.6641282665
57 14.0677695938
58 14.4666147061
59 14.8526146734
60 15.2380632882
61 15.6155465048
62 15.9883070977
63 16.3542949041
64 16.7113249456
65 17.0638809478
66 17.4033241552
67 17.7418382251
68 18.0708974771
69 18.396583546
70 18.7096959535
71 19.0167605633
72 19.3166461123
73 19.6171520139
74 19.8994128731
75 20.1899012025
76 20.4596709757
77 20.7267173517
78 20.9905408372
79 21.2506252681
80 21.5064393133
81 21.7464106167
82 21.9917878847
83 22.219718819
84 22.4524151248
85 22.6780356509
86 22.8960042431
87 23.1057464969
88 23.3193596452
89 23.5240481643
90 23.7192360032
91 23.9176835744
92 24.1194735196
93 24.2971434999
94 24.4914159352
95 24.6604365323
96 24.8461796361
97 25.02013934
98 25.1817605732
99 25.3454787986
100 25.5113352873
101 25.6793723909
102 25.834070884
103 25.990640557
104 26.1331905646
105 26.2934105089
106 26.4393030508
107 26.5703577487
108 26.7193417408
109 26.8531878638
110 26.9883786226
111 27.1249344973
112 27.2628763805
113 27.3847385266
114 27.5076923279
115 27.6317526149
116 27.7569344836
117 27.883253302
118 28.0107247161
119 28.1209247062
120 28.2319930444
121 28.3626737114
122 28.4756595054
123 28.5705127505
124 28.6851599119
125 28.8007289771
126 28.8977582905
127 29.0150466189
128 29.113524357
129 29.2126711909
130 29.3325298967
131 29.433173344
132 29.5345082744
133 29.6160887866
134 29.7186864071
135 29.8219959211
136 29.9051704345
137 30.0097801014
138 30.0940042689
139 30.1999389456
140 30.2852329199
141 30.3710088767
142 30.4789025316
143 30.5657783106
144 30.6531496627
145 30.7410208715
146 30.8293962692
147 30.918280237
148 30.9852889914
149 31.0750734887
150 31.1653788682
151 31.2562097019
152 31.3246891763
153 31.4164505706
154 31.4856330657
155 31.578339487
156 31.6482359771
157 31.7419021871
158 31.8125238699
159 31.8834597596
160 31.9785232374
161 32.0502007204
162 32.1221995476
163 32.1945219022
164 32.2671699869
165 32.3645352742
166 32.4379522189
167 32.5117023747
168 32.5857880307
169 32.6602114964
170 32.7349751023
171 32.7850162026
172 32.8603518152
173 32.9360338887
174 33.0120648317
175 33.0884470751
176 33.1651830718
177 33.216545982
178 33.2938769664
179 33.3715683587
180 33.4235715876
181 33.5018692024
182 33.5805340446
183 33.6331897421
184 33.7124723206
185 33.7655420756
186 33.8454497338
187 33.9257360681
188 33.9794786843
189 34.0333914571
190 34.1145717663
191 34.1689136548
192 34.2507417722
193 34.3055179539
194 34.3880016966
195 34.443217431
196 34.4986104281
197 34.5820253707
198 34.6378654264
199 34.6938857833
200 34.7500873229
201 34.8347229375
202 34.8913814356
203 34.9482242429
204 35.0052522662
205 35.0911356466
206 35.1486308175
207 35.2063144226
208 35.2641873951
209 35.3222506747
210 35.3805052068
211 35.4389519431
212 35.4975918415
213 35.5859088064
214 35.6450359303
215 35.704359617
216 35.763880853
217 35.8236006314
218 35.8835199517
219 35.94363982
220 36.0039612493
221 36.0644852592
222 36.125212876
223 36.1861451329
224 36.2166946457
225 36.2779357419
226 36.339384093
227 36.4010407566
228 36.4629067975
229 36.5249832877
230 36.5872713063
231 36.6497719401
232 36.7124862828
233 36.7439296349
234 36.8069665452
235 36.870219933
236 36.9336909185
237 36.9973806296
238 37.0293132474
239 37.0933331205
240 37.1575745738
241 37.2220387627
242 37.2543599
243 37.3191603212
244 37.3841864022
245 37.4494393264
246 37.482156163
247 37.5477515379
248 37.6135767518
249 37.6465807076
250 37.7127529074
251 37.7791579945
252 37.8124528881
253 37.8792095759
254 37.946202253
255 37.9797919698
256 38.0471409437
257 38.1147290639
258 38.1486175574
259 38.2165667539
260 38.2506364218
261 38.3189496034
262 38.3875071
263 38.421882017
264 38.4908084153
265 38.5253684465
266 38.594666739
267 38.6294133912
268 38.6990866027
269 38.7340213985
270 38.8040725865
271 38.8743774973
272 38.9096293201
273 38.9803173761
274 39.0157614833
275 39.0868358313
276 39.1224738067
277 39.1581767358
278 39.2297710725
279 39.2656700091
280 39.3376581151
281 39.3737546838
282 39.446139822
283 39.4824356649
284 39.5552211342
285 39.5917179116
286 39.628282018
287 39.7016064381
288 39.7383737217
289 39.8121063136
290 39.8490784779
291 39.8861192974
292 39.9604014313
293 39.9976494326
294 40.0723477842
295 40.1098047151
296 40.1473316623
297 40.2225904248
298 40.2603286631
299 40.2981377114
300 40.3739632243
301 40.4119859606
302 40.4500803124
303 40.5264790107
304 40.5647894834
305 40.6031723894
306 40.6801508053
307 40.7187523019
308 40.7574270619
309 40.834991827
310 40.8738876848
311 40.9128576486
312 40.9519019312
313 41.0302091026
314 41.0694776711
315 41.1088214171
316 41.1482405575
317 41.2273008579
318 41.2669475335
319 41.3066704787
320 41.3464699146
321 41.4262942734
322 41.4663245563
323 41.5064322219
324 41.5466174956
325 41.627217054
326 41.6676365509
327 41.7081345651
328 41.7487113265
329 41.7893670654
330 41.8709118691
331 41.9118059698
332 41.9527799788
333 41.9938341313
334 42.0349686632
335 42.117475454
336 42.1588525836
337 42.2003110454
338 42.2418510799
339 42.2834729286
340 42.3251768342
341 42.408827628
342 42.4507792008
343 42.4928138096
344 42.5349317016
345 42.5771331253
346 42.6194183298
347 42.6617875654
348 42.7042410834
349 42.7893980583
350 42.8321059703
351 42.8748991792
352 42.9177779414
353 42.9607425142
354 43.008102585
355 43.0555671502
356 43.1031365566
357 43.1508111524
358 43.1985912874
359 43.2464773127
360 43.2901025782
361 43.3381917367
362 43.3863878165
363 43.434691175
364 43.4786970347
365 43.527206194
366 43.5713997393
367 43.6201160189
368 43.6644984547
369 43.7134231858
370 43.7579957273
371 43.8071302522
372 43.851894125
373 43.9012397975
374 43.9461962378
375 43.9912448134
376 44.0363858081
377 44.0861476652
378 44.1314836716
379 44.1769129846
380 44.2224358929
381 44.2680526863
382 44.313763656
383 44.3595690943
384 44.4054692945
385 44.4514645515
386 44.4975551611
387 44.5437414205
388 44.590023628
389 44.6317601945
390 44.6782255279
391 44.7247876818
392 44.7714469594
393 44.8135238903
394 44.860368541
395 44.9073112019
396 44.9496439333
397 44.9967736621
398 45.0440022985
399 45.0865931727
400 45.1340105924
401 45.1767718777
402 45.2243792159
403 45.2673119383
404 45.3103262272
405 45.3582155329
406 45.4014027857
407 45.4446723326
408 45.4928461206
409 45.5362901764
410 45.5798172625
411 45.6234276174
412 45.6671214804
413 45.7157681695
414 45.7596391197
415 45.8035943288
416 45.8476340401
417 45.8917584975
418 45.9359679463
419 45.9802626324
420 46.0246428028
421 46.0691087054
422 46.1136605891
423 46.1582987037
424 46.1980498853
425 46.242851564
426 46.2877402009
427 46.3327160496
428 46.3777793647
429 46.4179095353
430 46.4631387613
431 46.5084561948
432 46.5488128684
433 46.5942976206
434 46.6398713299
435 46.6804564313
436 46.726198883
437 46.7669343917
438 46.8128465256
439 46.8537332799
440 46.8998160426
441 46.9408548872
442 46.9871092323
443 47.028301018
444 47.0695650715
445 47.1160734904
446 47.157491748
447 47.1989828709
448 47.2457474643
449 47.2873940681
450 47.3291141414
451 47.3761370331
452 47.4180138781
453 47.4599648034
454 47.5019900061
455 47.5440896836
456 47.5862640343
457 47.6285132572
458 47.6761331349
459 47.7185421265
460 47.7610266167
461 47.8035868075
462 47.8462229014
463 47.8889351019
464 47.9317236131
465 47.9692265532
466 48.0121586982
467 48.0551677447
468 48.0982538998
469 48.141417371
470 48.1846583667
471 48.2279770963
472 48.26594514
473 48.3094101856
474 48.3529535705
475 48.3965755069
476 48.4348095248
477 48.4785793184
478 48.5224282776
479 48.5608614424
480 48.6048594162
481 48.6489371761
482 48.6875710489
483 48.731798993
484 48.7705646107
485 48.8149435083
486 48.8538415464
487 48.8983721721
488 48.9374033107
489 48.9820864445
490 49.0212513684
491 49.0660877954
492 49.105387194
493 49.1503777049
494 49.1898122726
495 49.2293101574
496 49.274528099
497 49.3141621796
498 49.3538600591
499 49.3993071612
