0.01 0.00126756552454
0.02 0.00246792542776
0.03 0.00360375211323
0.04 0.00467762352497
0.05 0.00569202627754
0.06 0.00664935868662
0.07 0.00755193370301
0.08 0.00840198175321
0.09 0.00920165348935
0.1 0.00995302245133
0.11 0.0106580876438
0.12 0.0113187760309
0.13 0.0119369449507
0.14 0.0125143844529
0.15 0.013052819561
0.16 0.0135539124617
0.17 0.0140192646247
0.18 0.0144504188532
0.19 0.0148488612695
0.2 0.0152160232353
0.21 0.0155532832113
0.22 0.0158619685557
0.23 0.0161433572649
0.24 0.016398679658
0.25 0.0166291200065
0.26 0.0168358181107
0.27 0.0170198708259
0.28 0.0171823335376
0.29 0.0173242215901
0.3 0.0174465116671
0.31 0.0175501431285
0.32 0.0176360193025
0.33 0.017705008736
0.34 0.0177579464037
0.35 0.017795634878
0.36 0.01781884546
0.37 0.0178283192733
0.38 0.0178247683222
0.39 0.0178088765145
0.4 0.0177813006512
0.41 0.0177426713827
0.42 0.0176935941336
0.43 0.0176346499974
0.44 0.0175663966009
0.45 0.0174893689397
0.46 0.0174040801866
0.47 0.0173110224725
0.48 0.0172106676414
0.49 0.0171034679801
0.5 0.0169898569237
0.51 0.0168702497369
0.52 0.0167450441732
0.53 0.0166146211113
0.54 0.0164793451701
0.55 0.0163395653033
0.56 0.016195615374
0.57 0.0160478147089
0.58 0.015896468635
0.59 0.0157418689971
0.6 0.015584294658
0.61 0.0154240119822
0.62 0.0152612753018
0.63 0.0150963273681
0.64 0.014929399786
0.65 0.0147607134352
0.66 0.0145904788756
0.67 0.0144188967392
0.68 0.0142461581088
0.69 0.014072444883
0.7 0.0138979301291
0.71 0.0137227784233
0.72 0.0135471461794
0.73 0.0133711819658
0.74 0.0131950268116
0.75 0.0130188145019
0.76 0.0128426718628
0.77 0.0126667190365
0.78 0.0124910697459
0.79 0.0123158315514
0.8 0.0121411060972
0.81 0.0119669893494
0.82 0.0117935718257
0.83 0.0116209388169
0.84 0.0114491706002
0.85 0.0112783426455
0.86 0.0111085258131
0.87 0.0109397865461
0.88 0.0107721870538
0.89 0.0106057854902
0.9 0.0104406361249
0.91 0.0102767895082
0.92 0.0101142926305
0.93 0.00995318907502
0.94 0.0097935191658
0.95 0.00963532010971
0.96 0.00947862613343
0.97 0.00932346861528
0.98 0.0091698762122
0.99 0.00901787498201
1.0 0.00886748850102
1.01 0.00871873797733
1.02 0.0085716423598
1.03 0.00842621844297
1.04 0.00828248096788
1.05 0.00814044271923
1.06 0.0080001146187
1.07 0.00786150581476
1.08 0.00772462376898
1.09 0.00758947433908
1.1 0.00745606185869
1.11 0.00732438921405
1.12 0.00719445791772
1.13 0.00706626817934
1.14 0.0069398189737
1.15 0.00681510810604
1.16 0.00669213227477
1.17 0.00657088713169
1.18 0.00645136733985
1.19 0.00633356662897
1.2 0.0062174778487
1.21 0.00610309301969
1.22 0.00599040338258
1.23 0.00587939944492
1.24 0.00577007102625
1.25 0.00566240730121
1.26 0.00555639684089
1.27 0.00545202765245
1.28 0.00534928721705
1.29 0.00524816252617
1.3 0.00514864011635
1.31 0.00505070610247
1.32 0.00495434620956
1.33 0.00485954580325
1.34 0.00476628991881
1.35 0.00467456328899
1.36 0.00458435037058
1.37 0.00449563536973
1.38 0.00440840226621
1.39 0.00432263483647
1.4 0.00423831667571
1.41 0.00415543121888
1.42 0.00407396176069
1.43 0.00399389147471
1.44 0.00391520343152
1.45 0.003837880616
1.46 0.00376190594378
1.47 0.00368726227684
1.48 0.00361393243839
1.49 0.00354189922696
1.5 0.00347114542978
1.51 0.00340165383546
1.52 0.00333340724603
1.53 0.0032663884883
1.54 0.00320058042467
1.55 0.00313596596326
1.56 0.00307252806759
1.57 0.00301024976559
1.58 0.0029491141582
1.59 0.00288910442744
1.6 0.00283020384393
1.61 0.00277239577407
1.62 0.00271566368667
1.63 0.00265999115927
1.64 0.00260536188391
1.65 0.00255175967269
1.66 0.0024991684628
1.67 0.00244757232128
1.68 0.00239695544945
1.69 0.00234730218696
1.7 0.00229859701555
1.71 0.00225082456255
1.72 0.00220396960408
1.73 0.00215801706789
1.74 0.00211295203611
1.75 0.00206875974759
1.76 0.00202542560012
1.77 0.00198293515235
1.78 0.00194127412553
1.79 0.00190042840502
1.8 0.00186038404168
1.81 0.00182112725295
1.82 0.00178264442385
1.83 0.00174492210779
1.84 0.00170794702719
1.85 0.00167170607397
1.86 0.00163618630992
1.87 0.00160137496687
1.88 0.0015672594468
1.89 0.00153382732177
1.9 0.00150106633375
1.91 0.00146896439438
1.92 0.00143750958455
1.93 0.00140669015394
1.94 0.00137649452046
1.95 0.00134691126955
1.96 0.00131792915347
1.97 0.00128953709048
1.98 0.00126172416392
1.99 0.00123447962125
2.0 0.00120779287303
2.01 0.00118165349185
2.02 0.00115605121111
2.03 0.00113097592392
2.04 0.00110641768175
2.05 0.00108236669322
2.06 0.0010588133227
2.07 0.00103574808896
2.08 0.00101316166375
2.09 0.000991044870362
2.1 0.000969388682132
2.11 0.000948184220949
2.12 0.000927422755714
2.13 0.000907095700789
2.14 0.00088719461442
2.15 0.000867711197141
2.16 0.000848637290164
2.17 0.000829964873751
2.18 0.000811686065576
2.19 0.000793793119078
2.2 0.000776278421798
2.21 0.000759134493717
2.22 0.00074235398558
2.23 0.000725929677222
2.24 0.00070985447589
2.25 0.000694121414558
2.26 0.000678723650249
2.27 0.000663654462351
2.28 0.000648907250941
2.29 0.000634475535108
2.3 0.000620352951282
2.31 0.000606533251566
2.32 0.000593010302075
2.33 0.000579778081283
2.34 0.000566830678379
2.35 0.000554162291621
2.36 0.000541767226715
2.37 0.000529639895192
2.38 0.0005177748128
2.39 0.000506166597904
2.4 0.000494809969901
2.41 0.000483699747645
2.42 0.000472830847886
2.43 0.000462198283718
2.44 0.000451797163045
2.45 0.000441622687062
2.46 0.000431670148739
2.47 0.000421934931334
2.48 0.000412412506913
2.49 0.000403098434883
2.5 0.000393988360547
2.51 0.000385078013667
2.52 0.00037636320705
2.53 0.000367839835142
2.54 0.000359503872647
2.55 0.000351351373152
2.56 0.000343378467776
2.57 0.000335581363834
2.58 0.000327956343513
2.59 0.000320499762569
2.6 0.000313208049041
2.61 0.000306077701977
2.62 0.00029910529018
2.63 0.000292287450971
2.64 0.000285620888968
2.65 0.000279102374878
2.66 0.000272728744311
2.67 0.000266496896611
2.68 0.000260403793695
2.69 0.000254446458919
2.7 0.000248621975952
2.71 0.000242927487675
2.72 0.000237360195087
2.73 0.000231917356231
2.74 0.00022659628514
2.75 0.000221394350794
2.76 0.000216308976094
2.77 0.00021133763685
2.78 0.000206477860793
2.79 0.000201727226588
2.8 0.000197083362878
2.81 0.000192543947331
2.82 0.000188106705711
2.83 0.000183769410957
2.84 0.000179529882282
2.85 0.000175385984282
2.86 0.000171335626066
2.87 0.000167376760396
2.88 0.000163507382838
2.89 0.000159725530937
2.9 0.000156029283395
2.91 0.000152416759272
2.92 0.000148886117192
2.93 0.000145435554573
2.94 0.000142063306858
2.95 0.000138767646772
2.96 0.000135546883579
2.97 0.000132399362364
2.98 0.000129323463319
2.99 0.000126317601044
3.0 0.000123380223865
3.01 0.000120509813155
3.02 0.000117704882677
3.03 0.000114963977931
3.04 0.000112285675515
3.05 0.000109668582503
3.06 0.000107111335823
3.07 0.000104612601658
3.08 0.000102171074853
3.09 9.97854783275e-05
3.1 9.7454562511e-05
3.11 9.51771047769e-05
3.12 9.29519088943e-05
3.13 9.07778044874e-05
3.14 8.8653646505e-05
3.15 8.65783147009e-05
3.16 8.45507131228e-05
3.17 8.2569769612e-05
3.18 8.0634435312e-05
3.19 7.87436841861e-05
3.2 7.68965125452e-05
3.21 7.50919385837e-05
3.22 7.33290019246e-05
3.23 7.16067631732e-05
3.24 6.992430348e-05
3.25 6.82807241112e-05
3.26 6.6675146028e-05
3.27 6.5106709474e-05
3.28 6.35745735707e-05
3.29 6.20779159206e-05
3.3 6.06159322185e-05
3.31 5.91878358702e-05
3.32 5.77928576185e-05
3.33 5.64302451769e-05
3.34 5.50992628707e-05
3.35 5.37991912845e-05
3.36 5.25293269173e-05
3.37 5.12889818445e-05
3.38 5.00774833862e-05
3.39 4.88941737824e-05
3.4 4.77384098751e-05
3.41 4.66095627956e-05
3.42 4.55070176595e-05
3.43 4.44301732671e-05
3.44 4.33784418098e-05
3.45 4.23512485826e-05
3.46 4.13480317027e-05
3.47 4.03682418333e-05
3.48 3.94113419135e-05
3.49 3.84768068931e-05
3.5 3.75641234737e-05
3.51 3.66727898546e-05
3.52 3.58023154834e-05
3.53 3.49522208129e-05
3.54 3.41220370618e-05
3.55 3.33113059814e-05
3.56 3.25195796262e-05
3.57 3.17464201301e-05
3.58 3.09913994863e-05
3.59 3.02540993328e-05
3.6 2.95341107412e-05
3.61 2.88310340114e-05
3.62 2.81444784686e-05
3.63 2.74740622669e-05
3.64 2.68194121948e-05
3.65 2.61801634861e-05
3.66 2.55559596346e-05
3.67 2.4946452212e-05
3.68 2.43513006907e-05
3.69 2.37701722697e-05
3.7 2.32027417037e-05
3.71 2.2648691137e-05
3.72 2.210770994e-05
3.73 2.15794945497e-05
3.74 2.10637483128e-05
3.75 2.05601813332e-05
3.76 2.00685103222e-05
3.77 1.95884584515e-05
3.78 1.911975521e-05
3.79 1.86621362637e-05
3.8 1.82153433177e-05
3.81 1.77791239823e-05
3.82 1.73532316411e-05
3.83 1.69374253225e-05
3.84 1.65314695736e-05
3.85 1.61351343368e-05
3.86 1.57481948297e-05
3.87 1.53704314266e-05
3.88 1.50016295432e-05
3.89 1.46415795237e-05
3.9 1.42900765304e-05
3.91 1.39469204354e-05
3.92 1.3611915715e-05
3.93 1.32848713459e-05
3.94 1.29656007045e-05
3.95 1.26539214675e-05
3.96 1.23496555153e-05
3.97 1.2052628837e-05
3.98 1.17626714378e-05
3.99 1.14796172486e-05
4.0 1.12033040371e-05
4.01 1.0933573321e-05
4.02 1.06702702835e-05
4.03 1.04132436899e-05
4.04 1.01623458071e-05
4.05 9.91743232351e-06
4.06 9.67836227199e-06
4.07 9.44499795374e-06
4.08 9.2172048641e-06
4.09 8.99485161999e-06
4.1 8.77780988891e-06
4.11 8.56595431957e-06
4.12 8.35916247394e-06
4.13 8.15731476099e-06
4.14 7.96029437169e-06
4.15 7.7679872156e-06
4.16 7.58028185882e-06
4.17 7.39706946333e-06
4.18 7.21824372764e-06
4.19 7.04370082881e-06
4.2 6.87333936575e-06
4.21 6.70706030375e-06
4.22 6.54476692032e-06
4.23 6.38636475217e-06
4.24 6.23176154339e-06
4.25 6.08086719483e-06
4.26 5.93359371456e-06
4.27 5.78985516948e-06
4.28 5.64956763799e-06
4.29 5.51264916374e-06
4.3 5.37901971041e-06
4.31 5.24860111749e-06
4.32 5.12131705712e-06
4.33 4.99709299177e-06
4.34 4.87585613306e-06
4.35 4.75753540131e-06
4.36 4.64206138615e-06
4.37 4.52936630798e-06
4.38 4.41938398023e-06
4.39 4.31204977258e-06
4.4 4.20730057495e-06
4.41 4.10507476231e-06
4.42 4.0053121603e-06
4.43 3.90795401161e-06
4.44 3.81294294318e-06
4.45 3.72022293405e-06
4.46 3.62973928401e-06
4.47 3.54143858296e-06
4.48 3.45526868093e-06
4.49 3.37117865882e-06
4.5 3.28911879978e-06
4.51 3.20904056124e-06
4.52 3.13089654761e-06
4.53 3.05464048358e-06
4.54 2.98022718801e-06
4.55 2.90761254847e-06
4.56 2.83675349629e-06
4.57 2.76760798227e-06
4.58 2.70013495286e-06
4.59 2.63429432692e-06
4.6 2.57004697303e-06
4.61 2.50735468732e-06
4.62 2.44618017174e-06
4.63 2.38648701293e-06
4.64 2.32823966151e-06
4.65 2.27140341187e-06
4.66 2.21594438238e-06
4.67 2.16182949616e-06
4.68 2.10902646216e-06
4.69 2.05750375676e-06
4.7 2.00723060581e-06
4.71 1.958176967e-06
4.72 1.91031351269e-06
4.73 1.86361161317e-06
4.74 1.81804332023e-06
4.75 1.77358135114e-06
4.76 1.73019907306e-06
4.77 1.6878704877e-06
4.78 1.64657021642e-06
4.79 1.60627348564e-06
4.8 1.56695611261e-06
4.81 1.52859449146e-06
4.82 1.49116557965e-06
4.83 1.45464688467e-06
4.84 1.41901645108e-06
4.85 1.38425284781e-06
4.86 1.35033515585e-06
4.87 1.3172429561e-06
4.88 1.2849563176e-06
4.89 1.25345578601e-06
4.9 1.22272237228e-06
4.91 1.19273754176e-06
4.92 1.16348320334e-06
4.93 1.13494169905e-06
4.94 1.10709579375e-06
4.95 1.07992866515e-06
4.96 1.05342389402e-06
4.97 1.02756545467e-06
4.98 1.00233770556e-06
4.99 9.77725380272e-07
5.0 9.53713578565e-07
5.01 9.30287757701e-07
5.02 9.07433723964e-07
5.03 8.85137624375e-07
5.04 8.63385938597e-07
5.05 8.42165471041e-07
5.06 8.21463343143e-07
5.07 8.01266985832e-07
5.08 7.81564132171e-07
5.09 7.62342810171e-07
5.1 7.43591335775e-07
5.11 7.25298306003e-07
5.12 7.07452592263e-07
5.13 6.90043333815e-07
5.14 6.73059931392e-07
5.15 6.56492040968e-07
5.16 6.40329567675e-07
5.17 6.24562659862e-07
5.18 6.09181703293e-07
5.19 5.94177315484e-07
5.2 5.79540340173e-07
5.21 5.65261841918e-07
5.22 5.51333100823e-07
5.23 5.37745607393e-07
5.24 5.24491057502e-07
5.25 5.1156134749e-07
5.26 4.98948569365e-07
5.27 4.86645006126e-07
5.28 4.74643127197e-07
5.29 4.62935583961e-07
5.3 4.51515205408e-07
5.31 4.40374993882e-07
5.32 4.2950812093e-07
5.33 4.18907923246e-07
5.34 4.08567898719e-07
5.35 3.98481702565e-07
5.36 3.88643143555e-07
5.37 3.79046180334e-07
5.38 3.69684917827e-07
5.39 3.60553603727e-07
5.4 3.51646625068e-07
5.41 3.4295850488e-07
5.42 3.34483898926e-07
5.43 3.26217592509e-07
5.44 3.18154497363e-07
5.45 3.10289648614e-07
5.46 3.02618201812e-07
5.47 2.95135430036e-07
5.48 2.87836721068e-07
5.49 2.80717574634e-07
5.5 2.73773599708e-07
5.51 2.67000511882e-07
5.52 2.60394130805e-07
5.53 2.53950377667e-07
5.54 2.47665272761e-07
5.55 2.41534933094e-07
5.56 2.35555570052e-07
5.57 2.29723487128e-07
5.58 2.24035077703e-07
5.59 2.18486822873e-07
5.6 2.13075289336e-07
5.61 2.07797127327e-07
5.62 2.02649068599e-07
5.63 1.9762792446e-07
5.64 1.92730583844e-07
5.65 1.87954011445e-07
5.66 1.8329524588e-07
5.67 1.78751397906e-07
5.68 1.74319648674e-07
5.69 1.69997248032e-07
5.7 1.65781512857e-07
5.71 1.6166982544e-07
5.72 1.57659631898e-07
5.73 1.53748440634e-07
5.74 1.49933820828e-07
5.75 1.46213400965e-07
5.76 1.42584867397e-07
5.77 1.39045962949e-07
5.78 1.3559448554e-07
5.79 1.32228286858e-07
5.8 1.2894527105e-07
5.81 1.25743393455e-07
5.82 1.2262065936e-07
5.83 1.19575122788e-07
5.84 1.1660488532e-07
5.85 1.13708094936e-07
5.86 1.10882944894e-07
5.87 1.08127672625e-07
5.88 1.05440558666e-07
5.89 1.02819925613e-07
5.9 1.00264137095e-07
5.91 9.77715967799e-08
5.92 9.5340747404e-08
5.93 9.29700698188e-08
5.94 9.06580820661e-08
5.95 8.84033384736e-08
5.96 8.62044287728e-08
5.97 8.40599772374e-08
5.98 8.19686418433e-08
5.99 7.99291134487e-08
6.0 7.79401149931e-08
6.01 7.60004007173e-08
6.02 7.41087554007e-08
6.03 7.22639936178e-08
6.04 7.04649590125e-08
6.05 6.87105235899e-08
6.06 6.69995870255e-08
6.07 6.53310759904e-08
6.08 6.37039434935e-08
6.09 6.21171682395e-08
6.1 6.05697540023e-08
6.11 5.90607290132e-08
6.12 5.75891453648e-08
6.13 5.61540784286e-08
6.14 5.47546262868e-08
6.15 5.33899091781e-08
6.16 5.20590689569e-08
6.17 5.07612685654e-08
6.18 4.94956915185e-08
6.19 4.82615414016e-08
6.2 4.70580413801e-08
6.21 4.58844337209e-08
6.22 4.47399793257e-08
6.23 4.36239572755e-08
6.24 4.2535664386e-08
6.25 4.14744147743e-08
6.26 4.04395394353e-08
6.27 3.94303858292e-08
6.28 3.84463174786e-08
6.29 3.74867135754e-08
6.3 3.65509685973e-08
6.31 3.56384919337e-08
6.32 3.47487075209e-08
6.33 3.38810534851e-08
6.34 3.30349817958e-08
6.35 3.22099579262e-08
6.36 3.14054605225e-08
6.37 3.0620981081e-08
6.38 2.98560236335e-08
6.39 2.91101044396e-08
6.4 2.83827516874e-08
6.41 2.76735052005e-08
6.42 2.69819161533e-08
6.43 2.63075467918e-08
6.44 2.56499701629e-08
6.45 2.50087698485e-08
6.46 2.43835397077e-08
6.47 2.37738836241e-08
6.48 2.31794152599e-08
6.49 2.25997578159e-08
6.5 2.20345437972e-08
6.51 2.14834147844e-08
6.52 2.09460212113e-08
6.53 2.04220221468e-08
6.54 1.99110850832e-08
6.55 1.94128857288e-08
6.56 1.89271078062e-08
6.57 1.84534428553e-08
6.58 1.7991590041e-08
6.59 1.75412559656e-08
6.6 1.71021544862e-08
6.61 1.66740065359e-08
6.62 1.62565399501e-08
6.63 1.58494892964e-08
6.64 1.54525957087e-08
6.65 1.50656067263e-08
6.66 1.46882761356e-08
6.67 1.43203638164e-08
6.68 1.39616355921e-08
6.69 1.36118630831e-08
6.7 1.32708235641e-08
6.71 1.2938299825e-08
6.72 1.26140800344e-08
6.73 1.22979576079e-08
6.74 1.19897310782e-08
6.75 1.1689203969e-08
6.76 1.13961846724e-08
6.77 1.11104863282e-08
6.78 1.08319267076e-08
6.79 1.05603280982e-08
6.8 1.02955171932e-08
6.81 1.00373249823e-08
6.82 9.78558664599e-09
6.83 9.54014145198e-09
6.84 9.30083265433e-09
6.85 9.0675073951e-09
6.86 8.84001660835e-09
6.87 8.6182149265e-09
6.88 8.40196058902e-09
6.89 8.19111535333e-09
6.9 7.98554440792e-09
6.91 7.78511628759e-09
6.92 7.58970279074e-09
6.93 7.39917889877e-09
6.94 7.21342269738e-09
6.95 7.03231529986e-09
6.96 6.85574077225e-09
6.97 6.68358606029e-09
6.98 6.51574091829e-09
6.99 6.35209783962e-09
7.0 6.19255198895e-09
7.01 6.03700113624e-09
7.02 5.8853455922e-09
7.03 5.73748814549e-09
7.04 5.59333400137e-09
7.05 5.45279072188e-09
7.06 5.31576816752e-09
7.07 5.18217844036e-09
7.08 5.05193582851e-09
7.09 4.92495675201e-09
7.1 4.80115971003e-09
7.11 4.68046522937e-09
7.12 4.56279581422e-09
7.13 4.44807589718e-09
7.14 4.33623179151e-09
7.15 4.22719164446e-09
7.16 4.12088539188e-09
7.17 4.01724471382e-09
7.18 3.91620299138e-09
7.19 3.81769526444e-09
7.2 3.72165819059e-09
7.21 3.62803000501e-09
7.22 3.5367504813e-09
7.23 3.44776089336e-09
7.24 3.36100397815e-09
7.25 3.27642389942e-09
7.26 3.19396621226e-09
7.27 3.11357782859e-09
7.28 3.0352069835e-09
7.29 2.9588032024e-09
7.3 2.88431726894e-09
7.31 2.81170119386e-09
7.32 2.74090818444e-09
7.33 2.6718926148e-09
7.34 2.60460999695e-09
7.35 2.53901695251e-09
7.36 2.47507118513e-09
7.37 2.41273145361e-09
7.38 2.35195754569e-09
7.39 2.29271025249e-09
7.4 2.23495134353e-09
7.41 2.17864354246e-09
7.42 2.1237505033e-09
7.43 2.07023678734e-09
7.44 2.01806784055e-09
7.45 1.9672099716e-09
7.46 1.91763033041e-09
7.47 1.8692968872e-09
7.48 1.8221784121e-09
7.49 1.77624445525e-09
7.5 1.73146532738e-09
7.51 1.68781208089e-09
7.52 1.6452564914e-09
7.53 1.60377103973e-09
7.54 1.56332889437e-09
7.55 1.52390389433e-09
7.56 1.48547053248e-09
7.57 1.44800393923e-09
7.58 1.41147986669e-09
7.59 1.37587467315e-09
7.6 1.34116530801e-09
7.61 1.30732929705e-09
7.62 1.27434472806e-09
7.63 1.24219023682e-09
7.64 1.2108449935e-09
7.65 1.18028868928e-09
7.66 1.1505015234e-09
7.67 1.12146419048e-09
7.68 1.09315786818e-09
7.69 1.06556420517e-09
7.7 1.03866530935e-09
7.71 1.0124437364e-09
7.72 9.86882478677e-10
7.73 9.61964954234e-10
7.74 9.37674996259e-10
7.75 9.139968427e-10
7.76 8.90915126169e-10
7.77 8.68414864092e-10
7.78 8.46481449108e-10
7.79 8.25100639704e-10
7.8 8.04258551085e-10
7.81 7.83941646265e-10
7.82 7.64136727391e-10
7.83 7.44830927268e-10
7.84 7.26011701108e-10
7.85 7.0766681848e-10
7.86 6.89784355452e-10
7.87 6.72352686942e-10
7.88 6.55360479253e-10
7.89 6.38796682787e-10
7.9 6.22650524955e-10
7.91 6.06911503251e-10
7.92 5.91569378506e-10
7.93 5.76614168301e-10
7.94 5.62036140557e-10
7.95 5.47825807274e-10
7.96 5.33973918428e-10
7.97 5.20471456025e-10
7.98 5.07309628296e-10
7.99 4.94479864044e-10
8.0 4.81973807124e-10
8.01 4.69783311068e-10
8.02 4.57900433837e-10
8.03 4.46317432711e-10
8.04 4.350267593e-10
8.05 4.24021054684e-10
8.06 4.13293144668e-10
8.07 4.02836035166e-10
8.08 3.92642907689e-10
8.09 3.82707114952e-10
8.1 3.73022176585e-10
8.11 3.63581774961e-10
8.12 3.54379751117e-10
8.13 3.45410100784e-10
8.14 3.36666970509e-10
8.15 3.28144653885e-10
8.16 3.19837587865e-10
8.17 3.1174034917e-10
8.18 3.03847650789e-10
8.19 2.96154338569e-10
8.2 2.88655387881e-10
8.21 2.81345900378e-10
8.22 2.74221100829e-10
8.23 2.67276334038e-10
8.24 2.60507061829e-10
8.25 2.53908860119e-10
8.26 2.47477416055e-10
8.27 2.41208525228e-10
8.28 2.3509808895e-10
8.29 2.2914211161e-10
8.3 2.23336698083e-10
8.31 2.17678051214e-10
8.32 2.12162469361e-10
8.33 2.06786343996e-10
8.34 2.01546157374e-10
8.35 1.96438480253e-10
8.36 1.91459969674e-10
8.37 1.86607366799e-10
8.38 1.81877494795e-10
8.39 1.77267256781e-10
8.4 1.7277363382e-10
8.41 1.68393682961e-10
8.42 1.64124535337e-10
8.43 1.59963394298e-10
8.44 1.55907533605e-10
8.45 1.51954295658e-10
8.46 1.48101089774e-10
8.47 1.44345390508e-10
8.48 1.40684736013e-10
8.49 1.37116726444e-10
8.5 1.33639022398e-10
8.51 1.30249343401e-10
8.52 1.26945466424e-10
8.53 1.2372522444e-10
8.54 1.20586505019e-10
8.55 1.17527248955e-10
8.56 1.14545448927e-10
8.57 1.11639148199e-10
8.58 1.08806439345e-10
8.59 1.06045463014e-10
8.6 1.03354406716e-10
8.61 1.00731503648e-10
8.62 9.81750315451e-11
8.63 9.56833115602e-11
8.64 9.32547071719e-11
8.65 9.08876231208e-11
8.66 8.85805043718e-11
8.67 8.63318351028e-11
8.68 8.41401377178e-11
8.69 8.20039718862e-11
8.7 7.99219336049e-11
8.71 7.78926542846e-11
8.72 7.59147998589e-11
8.73 7.39870699157e-11
8.74 7.21081968505e-11
8.75 7.02769450405e-11
8.76 6.84921100401e-11
8.77 6.67525177964e-11
8.78 6.50570238836e-11
8.79 6.3404512758e-11
8.8 6.17938970306e-11
8.81 6.0224116758e-11
8.82 5.86941387523e-11
8.83 5.72029559065e-11
8.84 5.57495865384e-11
8.85 5.43330737501e-11
8.86 5.29524848038e-11
8.87 5.16069105135e-11
8.88 5.02954646518e-11
8.89 4.90172833714e-11
8.9 4.77715246413e-11
8.91 4.65573676975e-11
8.92 4.53740125069e-11
8.93 4.42206792452e-11
8.94 4.30966077874e-11
8.95 4.20010572117e-11
8.96 4.09333053152e-11
8.97 3.98926481423e-11
8.98 3.8878399525e-11
8.99 3.78898906341e-11
9.0 3.69264695424e-11
9.01 3.59875007987e-11
9.02 3.50723650119e-11
9.03 3.41804584466e-11
9.04 3.33111926283e-11
9.05 3.2463993958e-11
9.06 3.16383033378e-11
9.07 3.08335758047e-11
9.08 3.00492801743e-11
9.09 2.92848986931e-11
9.1 2.85399266997e-11
9.11 2.78138722947e-11
9.12 2.71062560187e-11
9.13 2.64166105382e-11
9.14 2.57444803397e-11
9.15 2.50894214318e-11
9.16 2.44510010539e-11
9.17 2.38287973931e-11
9.18 2.32223993079e-11
9.19 2.26314060585e-11
9.2 2.20554270447e-11
9.21 2.14940815498e-11
9.22 2.09469984907e-11
9.23 2.04138161751e-11
9.24 1.98941820646e-11
9.25 1.93877525427e-11
9.26 1.88941926904e-11
9.27 1.84131760661e-11
9.28 1.79443844916e-11
9.29 1.74875078434e-11
9.3 1.70422438492e-11
9.31 1.66082978896e-11
9.32 1.61853828048e-11
9.33 1.57732187062e-11
9.34 1.53715327925e-11
9.35 1.49800591709e-11
9.36 1.45985386822e-11
9.37 1.42267187309e-11
9.38 1.38643531195e-11
9.39 1.35112018861e-11
9.4 1.31670311476e-11
9.41 1.28316129456e-11
9.42 1.25047250968e-11
9.43 1.21861510469e-11
9.44 1.18756797282e-11
9.45 1.15731054215e-11
9.46 1.12782276198e-11
9.47 1.09908508976e-11
9.48 1.07107847818e-11
9.49 1.04378436263e-11
9.5 1.01718464906e-11
9.51 9.91261702024e-12
9.52 9.65998333084e-12
9.53 9.41377789529e-12
9.54 9.17383743335e-12
9.55 8.94000280427e-12
9.56 8.71211890201e-12
9.57 8.49003455324e-12
9.58 8.27360241776e-12
9.59 8.06267889156e-12
9.6 7.85712401224e-12
9.61 7.65680136688e-12
9.62 7.46157800219e-12
9.63 7.27132433697e-12
9.64 7.08591407672e-12
9.65 6.9052241305e-12
9.66 6.72913452979e-12
9.67 6.55752834947e-12
9.68 6.39029163074e-12
9.69 6.22731330607e-12
9.7 6.06848512594e-12
9.71 5.91370158753e-12
9.72 5.76285986511e-12
9.73 5.6158597423e-12
9.74 5.47260354597e-12
9.75 5.33299608181e-12
9.76 5.19694457157e-12
9.77 5.06435859183e-12
9.78 4.93515001438e-12
9.79 4.80923294806e-12
9.8 4.68652368211e-12
9.81 4.56694063087e-12
9.82 4.45040428e-12
9.83 4.33683713398e-12
9.84 4.22616366492e-12
9.85 4.11831026273e-12
9.86 4.01320518652e-12
9.87 3.91077851721e-12
9.88 3.81096211135e-12
9.89 3.71368955616e-12
9.9 3.61889612559e-12
9.91 3.52651873761e-12
9.92 3.43649591254e-12
9.93 3.34876773238e-12
9.94 3.26327580126e-12
9.95 3.17996320682e-12
9.96 3.09877448262e-12
9.97 3.01965557144e-12
9.98 2.94255378956e-12
9.99 2.86741779196e-12
