0.01 0.0012947023686
0.02 0.00257473875343
0.03 0.00384023375325
0.04 0.00509131102588
0.05 0.00632809329486
0.06 0.00755070235604
0.07 0.00875925908421
0.08 0.00995388343957
0.09 0.0111346944742
0.1 0.0123018103387
0.11 0.0134553482881
0.12 0.0145954246889
0.13 0.0157221550248
0.14 0.016835653903
0.15 0.0179360350611
0.16 0.0190234113722
0.17 0.020097894852
0.18 0.0211595966644
0.19 0.0222086271276
0.2 0.0232450957202
0.21 0.0242691110871
0.22 0.0252807810458
0.23 0.0262802125914
0.24 0.0272675119035
0.25 0.0282427843513
0.26 0.0292061344997
0.27 0.0301576661149
0.28 0.0310974821701
0.29 0.0320256848512
0.3 0.0329423755623
0.31 0.0338476549316
0.32 0.0347416228166
0.33 0.0356243783095
0.34 0.0364960197433
0.35 0.0373566446964
0.36 0.0382063499986
0.37 0.0390452317362
0.38 0.0398733852573
0.39 0.0406909051773
0.4 0.0414978853838
0.41 0.042294419042
0.42 0.0430805986
0.43 0.0438565157938
0.44 0.0446222616521
0.45 0.0453779265019
0.46 0.0461235999734
0.47 0.0468593710046
0.48 0.0475853278467
0.49 0.048301558069
0.5 0.0490081485634
0.51 0.0497051855498
0.52 0.0503927545805
0.53 0.0510709405452
0.54 0.0517398276757
0.55 0.0523994995507
0.56 0.0530500391005
0.57 0.0536915286114
0.58 0.0543240497307
0.59 0.0549476834711
0.6 0.0555625102155
0.61 0.0561686097209
0.62 0.0567660611238
0.63 0.0573549429441
0.64 0.0579353330895
0.65 0.0585073088602
0.66 0.0590709469534
0.67 0.0596263234671
0.68 0.0601735139048
0.69 0.06071259318
0.7 0.0612436356198
0.71 0.06176671497
0.72 0.0622819043984
0.73 0.0627892764998
0.74 0.0632889032995
0.75 0.0637808562579
0.76 0.0642652062742
0.77 0.0647420236907
0.78 0.065211378297
0.79 0.0656733393334
0.8 0.0661279754955
0.81 0.066575354938
0.82 0.0670155452783
0.83 0.0674486136008
0.84 0.0678746264606
0.85 0.0682936498872
0.86 0.0687057493888
0.87 0.0691109899553
0.88 0.069509436063
0.89 0.0699011516776
0.9 0.0702862002581
0.91 0.0706646447608
0.92 0.0710365476426
0.93 0.0714019708647
0.94 0.0717609758964
0.95 0.0721136237184
0.96 0.0724599748268
0.97 0.072800089236
0.98 0.0731340264828
0.99 0.0734618456296
1.0 0.0737836052679
1.01 0.0740993635218
1.02 0.0744091780513
1.03 0.0747131060558
1.04 0.0750112042774
1.05 0.0753035290044
1.06 0.0755901360744
1.07 0.0758710808777
1.08 0.0761464183605
1.09 0.0764162030284
1.1 0.0766804889493
1.11 0.076939329757
1.12 0.0771927786537
1.13 0.0774408884141
1.14 0.0776837113878
1.15 0.0779212995028
1.16 0.0781537042682
1.17 0.0783809767779
1.18 0.0786031677131
1.19 0.0788203273456
1.2 0.0790325055407
1.21 0.0792397517603
1.22 0.0794421150658
1.23 0.079639644121
1.24 0.0798323871952
1.25 0.0800203921659
1.26 0.0802037065218
1.27 0.0803823773657
1.28 0.0805564514174
1.29 0.0807259750161
1.3 0.080890994124
1.31 0.0810515543282
1.32 0.0812077008442
1.33 0.0813594785183
1.34 0.0815069318302
1.35 0.0816501048961
1.36 0.0817890414711
1.37 0.081923784952
1.38 0.0820543783799
1.39 0.0821808644428
1.4 0.0823032854783
1.41 0.0824216834764
1.42 0.0825361000814
1.43 0.0826465765953
1.44 0.0827531539798
1.45 0.082855872859
1.46 0.082954773522
1.47 0.0830498959253
1.48 0.083141279695
1.49 0.0832289641298
1.5 0.0833129882032
1.51 0.0833933905657
1.52 0.0834702095475
1.53 0.0835434831608
1.54 0.0836132491021
1.55 0.0836795447547
1.56 0.0837424071908
1.57 0.0838018731743
1.58 0.0838579791625
1.59 0.0839107613087
1.6 0.0839602554645
1.61 0.0840064971822
1.62 0.0840495217164
1.63 0.0840893640272
1.64 0.0841260587815
1.65 0.0841596403558
1.66 0.084190142838
1.67 0.08421760003
1.68 0.0842420454492
1.69 0.0842635123314
1.7 0.0842820336322
1.71 0.0842976420296
1.72 0.0843103699261
1.73 0.0843202494502
1.74 0.0843273124591
1.75 0.0843315905406
1.76 0.0843331150147
1.77 0.0843319169364
1.78 0.0843280270969
1.79 0.0843214760261
1.8 0.0843122939944
1.81 0.0843005110145
1.82 0.0842861568439
1.83 0.0842692609861
1.84 0.084249852693
1.85 0.0842279609667
1.86 0.0842036145615
1.87 0.0841768419853
1.88 0.0841476715021
1.89 0.0841161311334
1.9 0.0840822486605
1.91 0.0840460516256
1.92 0.0840075673344
1.93 0.0839668228572
1.94 0.0839238450315
1.95 0.0838786604628
1.96 0.0838312955271
1.97 0.0837817763726
1.98 0.0837301289208
1.99 0.083676378869
2.0 0.0836205516916
2.01 0.083562672642
2.02 0.0835027667539
2.03 0.0834408588434
2.04 0.0833769735106
2.05 0.0833111351411
2.06 0.0832433679076
2.07 0.0831736957717
2.08 0.0831021424855
2.09 0.083028731593
2.1 0.0829534864321
2.11 0.0828764301357
2.12 0.0827975856336
2.13 0.0827169756539
2.14 0.0826346227246
2.15 0.0825505491753
2.16 0.0824647771384
2.17 0.0823773285509
2.18 0.0822882251556
2.19 0.082197488503
2.2 0.0821051399525
2.21 0.0820112006739
2.22 0.0819156916489
2.23 0.0818186336727
2.24 0.081720047355
2.25 0.0816199531221
2.26 0.0815183712177
2.27 0.0814153217046
2.28 0.081310824466
2.29 0.0812048992071
2.3 0.0810975654562
2.31 0.0809888425663
2.32 0.0808787497163
2.33 0.0807673059123
2.34 0.0806545299894
2.35 0.0805404406122
2.36 0.080425056277
2.37 0.0803083953125
2.38 0.0801904758815
2.39 0.0800713159817
2.4 0.0799509334477
2.41 0.0798293459515
2.42 0.0797065710044
2.43 0.0795826259579
2.44 0.079457528005
2.45 0.0793312941814
2.46 0.0792039413671
2.47 0.0790754862871
2.48 0.0789459455129
2.49 0.0788153354635
2.5 0.078683672407
2.51 0.0785509724614
2.52 0.0784172515959
2.53 0.0782825256319
2.54 0.0781468102446
2.55 0.0780101209639
2.56 0.0778724731751
2.57 0.077733882121
2.58 0.0775943629022
2.59 0.0774539304784
2.6 0.0773125996699
2.61 0.0771703851582
2.62 0.0770273014874
2.63 0.0768833630651
2.64 0.0767385841638
2.65 0.0765929789216
2.66 0.0764465613433
2.67 0.0762993453017
2.68 0.0761513445385
2.69 0.0760025726654
2.7 0.075853043165
2.71 0.0757027693919
2.72 0.0755517645738
2.73 0.0754000418124
2.74 0.0752476140844
2.75 0.0750944942426
2.76 0.0749406950169
2.77 0.0747862290149
2.78 0.0746311087235
2.79 0.0744753465094
2.8 0.0743189546203
2.81 0.0741619451855
2.82 0.0740043302174
2.83 0.073846121612
2.84 0.07368733115
2.85 0.0735279704977
2.86 0.0733680512078
2.87 0.0732075847206
2.88 0.0730465823647
2.89 0.0728850553577
2.9 0.0727230148077
2.91 0.0725604717135
2.92 0.072397436966
2.93 0.0722339213485
2.94 0.0720699355383
2.95 0.0719054901071
2.96 0.0717405955217
2.97 0.0715752621454
2.98 0.0714095002383
2.99 0.0712433199584
3.0 0.0710767313624
3.01 0.0709097444064
3.02 0.0707423689471
3.03 0.0705746147421
3.04 0.0704064914508
3.05 0.0702380086357
3.06 0.0700691757626
3.07 0.0699000022015
3.08 0.0697304972277
3.09 0.0695606700223
3.1 0.0693905296729
3.11 0.0692200851748
3.12 0.0690493454311
3.13 0.068878319254
3.14 0.0687070153653
3.15 0.0685354423972
3.16 0.068363608893
3.17 0.068191523308
3.18 0.0680191940099
3.19 0.0678466292797
3.2 0.0676738373126
3.21 0.0675008262182
3.22 0.0673276040219
3.23 0.067154178665
3.24 0.0669805580056
3.25 0.0668067498194
3.26 0.0666327618002
3.27 0.0664586015607
3.28 0.0662842766333
3.29 0.0661097944703
3.3 0.065935162445
3.31 0.0657603878523
3.32 0.0655854779091
3.33 0.0654104397553
3.34 0.0652352804542
3.35 0.0650600069932
3.36 0.0648846262843
3.37 0.0647091451652
3.38 0.0645335703992
3.39 0.0643579086764
3.4 0.0641821666142
3.41 0.0640063507576
3.42 0.0638304675803
3.43 0.0636545234849
3.44 0.0634785248035
3.45 0.0633024777988
3.46 0.0631263886638
3.47 0.0629502635234
3.48 0.0627741084341
3.49 0.0625979293852
3.5 0.0624217322989
3.51 0.0622455230312
3.52 0.0620693073725
3.53 0.0618930910477
3.54 0.0617168797171
3.55 0.0615406789772
3.56 0.0613644943606
3.57 0.0611883313371
3.58 0.0610121953139
3.59 0.0608360916363
3.6 0.0606600255882
3.61 0.0604840023926
3.62 0.0603080272121
3.63 0.0601321051496
3.64 0.0599562412483
3.65 0.059780440493
3.66 0.0596047078098
3.67 0.0594290480673
3.68 0.0592534660765
3.69 0.0590779665917
3.7 0.0589025543107
3.71 0.0587272338757
3.72 0.0585520098734
3.73 0.0583768868354
3.74 0.0582018692391
3.75 0.058026961508
3.76 0.0578521680118
3.77 0.0576774930676
3.78 0.0575029409394
3.79 0.0573285158397
3.8 0.0571542219289
3.81 0.0569800633163
3.82 0.0568060440606
3.83 0.05663216817
3.84 0.0564584396028
3.85 0.0562848622681
3.86 0.0561114400258
3.87 0.0559381766872
3.88 0.0557650760156
3.89 0.0555921417265
3.9 0.0554193774881
3.91 0.0552467869216
3.92 0.0550743736019
3.93 0.0549021410578
3.94 0.0547300927723
3.95 0.0545582321833
3.96 0.0543865626838
3.97 0.0542150876223
3.98 0.0540438103033
3.99 0.0538727339876
4.0 0.0537018618927
4.01 0.0535311971933
4.02 0.0533607430214
4.03 0.0531905024671
4.04 0.0530204785786
4.05 0.0528506743627
4.06 0.0526810927853
4.07 0.0525117367715
4.08 0.0523426092063
4.09 0.0521737129346
4.1 0.052005050762
4.11 0.0518366254546
4.12 0.0516684397399
4.13 0.0515004963067
4.14 0.0513327978059
4.15 0.0511653468503
4.16 0.0509981460155
4.17 0.0508311978399
4.18 0.0506645048251
4.19 0.0504980694363
4.2 0.0503318941025
4.21 0.0501659812169
4.22 0.0500003331375
4.23 0.049834952187
4.24 0.0496698406531
4.25 0.0495050007894
4.26 0.0493404348151
4.27 0.0491761449155
4.28 0.0490121332425
4.29 0.0488484019147
4.3 0.0486849530178
4.31 0.0485217886049
4.32 0.0483589106967
4.33 0.048196321282
4.34 0.0480340223177
4.35 0.0478720157295
4.36 0.0477103034119
4.37 0.0475488872283
4.38 0.0473877690121
4.39 0.0472269505658
4.4 0.0470664336625
4.41 0.0469062200451
4.42 0.0467463114275
4.43 0.0465867094941
4.44 0.0464274159008
4.45 0.0462684322745
4.46 0.0461097602142
4.47 0.0459514012904
4.48 0.0457933570463
4.49 0.0456356289971
4.5 0.0454782186311
4.51 0.0453211274095
4.52 0.0451643567666
4.53 0.0450079081103
4.54 0.0448517828225
4.55 0.0446959822587
4.56 0.044540507749
4.57 0.0443853605979
4.58 0.0442305420847
4.59 0.0440760534637
4.6 0.0439218959643
4.61 0.0437680707916
4.62 0.0436145791263
4.63 0.0434614221252
4.64 0.0433086009211
4.65 0.0431561166234
4.66 0.0430039703181
4.67 0.0428521630681
4.68 0.0427006959134
4.69 0.0425495698713
4.7 0.0423987859368
4.71 0.0422483450825
4.72 0.0420982482592
4.73 0.0419484963959
4.74 0.0417990903998
4.75 0.041650031157
4.76 0.0415013195324
4.77 0.04135295637
4.78 0.0412049424931
4.79 0.0410572787045
4.8 0.0409099657865
4.81 0.0407630045016
4.82 0.0406163955922
4.83 0.0404701397812
4.84 0.0403242377718
4.85 0.0401786902481
4.86 0.0400334978749
4.87 0.0398886612982
4.88 0.0397441811454
4.89 0.0396000580252
4.9 0.039456292528
4.91 0.0393128852263
4.92 0.0391698366742
4.93 0.0390271474084
4.94 0.0388848179478
4.95 0.0387428487942
4.96 0.0386012404317
4.97 0.0384599933278
4.98 0.0383191079329
4.99 0.0381785846807
5.0 0.0380384239885
5.01 0.0378986262571
5.02 0.0377591918714
5.03 0.0376201212
5.04 0.0374814145958
5.05 0.037343072396
5.06 0.0372050949225
5.07 0.0370674824815
5.08 0.0369302353642
5.09 0.036793353847
5.1 0.0366568381911
5.11 0.0365206886433
5.12 0.0363849054357
5.13 0.036249488786
5.14 0.0361144388978
5.15 0.0359797559607
5.16 0.0358454401501
5.17 0.0357114916279
5.18 0.0355779105422
5.19 0.035444697028
5.2 0.0353118512065
5.21 0.035179373186
5.22 0.0350472630618
5.23 0.0349155209163
5.24 0.034784146819
5.25 0.034653140827
5.26 0.034522502985
5.27 0.0343922333251
5.28 0.0342623318674
5.29 0.0341327986201
5.3 0.0340036335793
5.31 0.0338748367293
5.32 0.0337464080429
5.33 0.0336183474814
5.34 0.0334906549946
5.35 0.0333633305212
5.36 0.0332363739886
5.37 0.0331097853135
5.38 0.0329835644016
5.39 0.0328577111476
5.4 0.0327322254361
5.41 0.0326071071408
5.42 0.0324823561253
5.43 0.0323579722428
5.44 0.0322339553364
5.45 0.0321103052393
5.46 0.0319870217748
5.47 0.0318641047562
5.48 0.0317415539875
5.49 0.031619369263
5.5 0.0314975503676
5.51 0.0313760970767
5.52 0.0312550091569
5.53 0.0311342863655
5.54 0.0310139284507
5.55 0.030893935152
5.56 0.0307743062002
5.57 0.0306550413173
5.58 0.0305361402169
5.59 0.0304176026041
5.6 0.0302994281756
5.61 0.0301816166199
5.62 0.0300641676176
5.63 0.029947080841
5.64 0.0298303559545
5.65 0.0297139926149
5.66 0.0295979904711
5.67 0.0294823491644
5.68 0.0293670683286
5.69 0.0292521475901
5.7 0.0291375865679
5.71 0.0290233848738
5.72 0.0289095421125
5.73 0.0287960578816
5.74 0.0286829317717
5.75 0.0285701633667
5.76 0.0284577522435
5.77 0.0283456979725
5.78 0.0282340001175
5.79 0.0281226582356
5.8 0.0280116718777
5.81 0.0279010405883
5.82 0.0277907639056
5.83 0.0276808413617
5.84 0.0275712724826
5.85 0.0274620567883
5.86 0.0273531937929
5.87 0.0272446830047
5.88 0.0271365239263
5.89 0.0270287160545
5.9 0.0269212588805
5.91 0.0268141518903
5.92 0.0267073945641
5.93 0.026600986377
5.94 0.0264949267986
5.95 0.0263892152937
5.96 0.0262838513215
5.97 0.0261788343365
5.98 0.0260741637881
5.99 0.0259698391208
6.0 0.0258658597743
6.01 0.0257622251837
6.02 0.0256589347791
6.03 0.0255559879862
6.04 0.0254533842263
6.05 0.0253511229159
6.06 0.0252492034673
6.07 0.0251476252886
6.08 0.0250463877833
6.09 0.024945490351
6.1 0.024844932387
6.11 0.0247447132827
6.12 0.0246448324253
6.13 0.0245452891983
6.14 0.0244460829812
6.15 0.0243472131496
6.16 0.0242486790757
6.17 0.0241504801276
6.18 0.02405261567
6.19 0.0239550850642
6.2 0.0238578876677
6.21 0.0237610228347
6.22 0.023664489916
6.23 0.0235682882593
6.24 0.0234724172087
6.25 0.0233768761053
6.26 0.023281664287
6.27 0.0231867810887
6.28 0.0230922258421
6.29 0.0229979978761
6.3 0.0229040965167
6.31 0.0228105210869
6.32 0.0227172709068
6.33 0.0226243452941
6.34 0.0225317435635
6.35 0.0224394650271
6.36 0.0223475089944
6.37 0.0222558747726
6.38 0.022164561666
6.39 0.0220735689767
6.4 0.0219828960044
6.41 0.0218925420464
6.42 0.0218025063977
6.43 0.021712788351
6.44 0.021623387197
6.45 0.021534302224
6.46 0.0214455327184
6.47 0.0213570779644
6.48 0.0212689372443
6.49 0.0211811098383
6.5 0.0210935950248
6.51 0.0210063920803
6.52 0.0209195002793
6.53 0.0208329188948
6.54 0.0207466471979
6.55 0.020660684458
6.56 0.0205750299428
6.57 0.0204896829184
6.58 0.0204046426495
6.59 0.0203199083991
6.6 0.0202354794287
6.61 0.0201513549983
6.62 0.0200675343668
6.63 0.0199840167912
6.64 0.0199008015277
6.65 0.0198178878309
6.66 0.0197352749542
6.67 0.0196529621498
6.68 0.0195709486688
6.69 0.019489233761
6.7 0.0194078166752
6.71 0.0193266966591
6.72 0.0192458729594
6.73 0.0191653448218
6.74 0.019085111491
6.75 0.0190051722107
6.76 0.0189255262239
6.77 0.0188461727727
6.78 0.0187671110982
6.79 0.0186883404408
6.8 0.0186098600404
6.81 0.0185316691357
6.82 0.0184537669652
6.83 0.0183761527663
6.84 0.0182988257761
6.85 0.0182217852309
6.86 0.0181450303666
6.87 0.0180685604185
6.88 0.0179923746214
6.89 0.0179164722095
6.9 0.0178408524167
6.91 0.0177655144765
6.92 0.0176904576221
6.93 0.017615681086
6.94 0.0175411841008
6.95 0.0174669658984
6.96 0.0173930257108
6.97 0.0173193627695
6.98 0.017245976306
6.99 0.0171728655513
7.0 0.0171000297366
7.01 0.0170274680927
7.02 0.0169551798503
7.03 0.0168831642404
7.04 0.0168114204933
7.05 0.0167399478399
7.06 0.0166687455107
7.07 0.0165978127363
7.08 0.0165271487474
7.09 0.0164567527747
7.1 0.0163866240492
7.11 0.0163167618016
7.12 0.0162471652632
7.13 0.0161778336652
7.14 0.016108766239
7.15 0.0160399622162
7.16 0.0159714208288
7.17 0.0159031413088
7.18 0.0158351228886
7.19 0.015767364801
7.2 0.0156998662788
7.21 0.0156326265556
7.22 0.015565644865
7.23 0.015498920441
7.24 0.0154324525181
7.25 0.0153662403313
7.26 0.0153002831158
7.27 0.0152345801075
7.28 0.0151691305426
7.29 0.0151039336579
7.3 0.0150389886907
7.31 0.0149742948788
7.32 0.0149098514606
7.33 0.0148456576749
7.34 0.0147817127614
7.35 0.0147180159602
7.36 0.014654566512
7.37 0.0145913636582
7.38 0.0145284066409
7.39 0.0144656947028
7.4 0.0144032270874
7.41 0.0143410030387
7.42 0.0142790218017
7.43 0.0142172826219
7.44 0.0141557847457
7.45 0.0140945274202
7.46 0.0140335098934
7.47 0.0139727314139
7.48 0.0139121912313
7.49 0.0138518885959
7.5 0.013791822759
7.51 0.0137319929726
7.52 0.0136723984898
7.53 0.0136130385643
7.54 0.0135539124508
7.55 0.0134950194052
7.56 0.0134363586838
7.57 0.0133779295444
7.58 0.0133197312453
7.59 0.0132617630461
7.6 0.0132040242072
7.61 0.01314651399
7.62 0.0130892316571
7.63 0.0130321764718
7.64 0.0129753476987
7.65 0.0129187446034
7.66 0.0128623664524
7.67 0.0128062125135
7.68 0.0127502820554
7.69 0.0126945743478
7.7 0.0126390886619
7.71 0.0125838242697
7.72 0.0125287804443
7.73 0.01247395646
7.74 0.0124193515924
7.75 0.012364965118
7.76 0.0123107963147
7.77 0.0122568444613
7.78 0.0122031088381
7.79 0.0121495887264
7.8 0.0120962834087
7.81 0.0120431921688
7.82 0.0119903142917
7.83 0.0119376490636
7.84 0.0118851957719
7.85 0.0118329537053
7.86 0.0117809221539
7.87 0.0117291004087
7.88 0.0116774877625
7.89 0.0116260835088
7.9 0.0115748869429
7.91 0.0115238973611
7.92 0.011473114061
7.93 0.0114225363418
7.94 0.0113721635037
7.95 0.0113219948483
7.96 0.0112720296787
7.97 0.0112222672993
7.98 0.0111727070157
7.99 0.0111233481349
8.0 0.0110741899655
8.01 0.0110252318171
8.02 0.010976473001
8.03 0.0109279128297
8.04 0.0108795506172
8.05 0.0108313856789
8.06 0.0107834173314
8.07 0.010735644893
8.08 0.0106880676832
8.09 0.0106406850231
8.1 0.0105934962351
8.11 0.010546500643
8.12 0.0104996975723
8.13 0.0104530863495
8.14 0.010406666303
8.15 0.0103604367624
8.16 0.0103143970588
8.17 0.0102685465249
8.18 0.0102228844946
8.19 0.0101774103035
8.2 0.0101321232886
8.21 0.0100870227885
8.22 0.010042108143
8.23 0.00999737869379
8.24 0.00995283378371
8.25 0.00990847275727
8.26 0.00986429496047
8.27 0.00982029974079
8.28 0.00977648644725
8.29 0.00973285443036
8.3 0.00968940304219
8.31 0.00964613163629
8.32 0.00960303956778
8.33 0.00956012619327
8.34 0.00951739087094
8.35 0.00947483296049
8.36 0.00943245182316
8.37 0.00939024682175
8.38 0.00934821732059
8.39 0.00930636268557
8.4 0.00926468228413
8.41 0.00922317548527
8.42 0.00918184165954
8.43 0.00914068017906
8.44 0.0090996904175
8.45 0.00905887175013
8.46 0.00901822355374
8.47 0.00897774520672
8.48 0.00893743608904
8.49 0.00889729558222
8.5 0.00885732306938
8.51 0.0088175179352
8.52 0.00877787956595
8.53 0.00873840734949
8.54 0.00869910067526
8.55 0.00865995893427
8.56 0.00862098151915
8.57 0.00858216782408
8.58 0.00854351724487
8.59 0.0085050291789
8.6 0.00846670302513
8.61 0.00842853818416
8.62 0.00839053405814
8.63 0.00835269005084
8.64 0.00831500556762
8.65 0.00827748001546
8.66 0.00824011280291
8.67 0.00820290334014
8.68 0.00816585103891
8.69 0.0081289553126
8.7 0.00809221557618
8.71 0.00805563124623
8.72 0.00801920174092
8.73 0.00798292648006
8.74 0.00794680488503
8.75 0.00791083637883
8.76 0.00787502038607
8.77 0.00783935633296
8.78 0.00780384364733
8.79 0.0077684817586
8.8 0.00773327009781
8.81 0.0076982080976
8.82 0.00766329519222
8.83 0.00762853081753
8.84 0.007593914411
8.85 0.0075594454117
8.86 0.00752512326031
8.87 0.00749094739913
8.88 0.00745691727203
8.89 0.00742303232454
8.9 0.00738929200375
8.91 0.00735569575837
8.92 0.00732224303873
8.93 0.00728893329676
8.94 0.00725576598597
8.95 0.0072227405615
8.96 0.00718985648008
8.97 0.00715711320005
8.98 0.00712451018135
8.99 0.00709204688552
9.0 0.0070597227757
9.01 0.00702753731662
9.02 0.00699548997463
9.03 0.00696358021765
9.04 0.00693180751522
9.05 0.00690017133847
9.06 0.00686867116011
9.07 0.00683730645445
9.08 0.00680607669741
9.09 0.00677498136648
9.1 0.00674401994075
9.11 0.00671319190089
9.12 0.00668249672916
9.13 0.00665193390942
9.14 0.00662150292708
9.15 0.00659120326918
9.16 0.0065610344243
9.17 0.00653099588263
9.18 0.00650108713592
9.19 0.0064713076775
9.2 0.00644165700228
9.21 0.00641213460675
9.22 0.00638273998896
9.23 0.00635347264854
9.24 0.00632433208668
9.25 0.00629531780615
9.26 0.00626642931127
9.27 0.00623766610794
9.28 0.00620902770361
9.29 0.00618051360729
9.3 0.00615212332956
9.31 0.00612385638255
9.32 0.00609571227994
9.33 0.00606769053696
9.34 0.00603979067041
9.35 0.00601201219862
9.36 0.00598435464146
9.37 0.00595681752037
9.38 0.00592940035831
9.39 0.0059021026798
9.4 0.00587492401087
9.41 0.00584786387911
9.42 0.00582092181364
9.43 0.0057940973451
9.44 0.00576739000567
9.45 0.00574079932906
9.46 0.00571432485048
9.47 0.0056879661067
9.48 0.00566172263598
9.49 0.00563559397812
9.5 0.00560957967441
9.51 0.00558367926767
9.52 0.00555789230223
9.53 0.00553221832392
9.54 0.00550665688008
9.55 0.00548120751956
9.56 0.0054558697927
9.57 0.00543064325135
9.58 0.00540552744883
9.59 0.00538052193999
9.6 0.00535562628113
9.61 0.00533084003008
9.62 0.00530616274612
9.63 0.00528159399003
9.64 0.00525713332407
9.65 0.00523278031196
9.66 0.00520853451892
9.67 0.00518439551163
9.68 0.00516036285823
9.69 0.00513643612833
9.7 0.00511261489303
9.71 0.00508889872485
9.72 0.00506528719779
9.73 0.00504177988731
9.74 0.0050183763703
9.75 0.00499507622513
9.76 0.00497187903159
9.77 0.00494878437093
9.78 0.00492579182583
9.79 0.00490290098042
9.8 0.00488011142025
9.81 0.00485742273232
9.82 0.00483483450504
9.83 0.00481234632827
9.84 0.00478995779326
9.85 0.00476766849272
9.86 0.00474547802075
9.87 0.00472338597286
9.88 0.00470139194601
9.89 0.00467949553852
9.9 0.00465769635015
9.91 0.00463599398204
9.92 0.00461438803674
9.93 0.0045928781182
9.94 0.00457146383177
9.95 0.00455014478416
9.96 0.00452892058349
9.97 0.00450779083926
9.98 0.00448675516236
9.99 0.00446581316504
