0.01 0.00129158266366
0.02 0.00256233323347
0.03 0.00381250371196
0.04 0.00504234339194
0.05 0.00625209888382
0.06 0.00744201414265
0.07 0.00861233049493
0.08 0.00976328666511
0.09 0.0108951188019
0.1 0.0120080605043
0.11 0.0131023428472
0.12 0.0141781944072
0.13 0.0152358412876
0.14 0.0162755071437
0.15 0.0172974132071
0.16 0.0183017783109
0.17 0.0192888189135
0.18 0.0202587491229
0.19 0.0212117807203
0.2 0.022148123184
0.21 0.0230679837127
0.22 0.0239715672485
0.23 0.0248590764998
0.24 0.0257307119642
0.25 0.026586671951
0.26 0.0274271526031
0.27 0.0282523479194
0.28 0.0290624497765
0.29 0.0298576479502
0.3 0.0306381301373
0.31 0.0314040819762
0.32 0.0321556870683
0.33 0.0328931269988
0.34 0.0336165813569
0.35 0.0343262277568
0.36 0.0350222418573
0.37 0.035704797382
0.38 0.0363740661391
0.39 0.0370302180411
0.4 0.0376734211239
0.41 0.0383038415665
0.42 0.0389216437095
0.43 0.0395269900743
0.44 0.0401200413814
0.45 0.0407009565695
0.46 0.041269892813
0.47 0.0418270055408
0.48 0.0423724484539
0.49 0.0429063735429
0.5 0.0434289311064
0.51 0.0439402697675
0.52 0.0444405364916
0.53 0.0449298766033
0.54 0.0454084338034
0.55 0.0458763501855
0.56 0.0463337662526
0.57 0.0467808209337
0.58 0.0472176515997
0.59 0.04764439408
0.6 0.0480611826778
0.61 0.0484681501864
0.62 0.0488654279046
0.63 0.0492531456523
0.64 0.0496314317855
0.65 0.0500004132119
0.66 0.0503602154055
0.67 0.0507109624219
0.68 0.0510527769125
0.69 0.0513857801396
0.7 0.0517100919905
0.71 0.0520258309918
0.72 0.0523331143239
0.73 0.0526320578343
0.74 0.0529227760524
0.75 0.0532053822024
0.76 0.0534799882174
0.77 0.0537467047525
0.78 0.0540056411987
0.79 0.0542569056955
0.8 0.054500605144
0.81 0.0547368452205
0.82 0.0549657303885
0.83 0.0551873639118
0.84 0.0554018478671
0.85 0.0556092831563
0.86 0.0558097695186
0.87 0.0560034055431
0.88 0.0561902886808
0.89 0.0563705152563
0.9 0.0565441804796
0.91 0.0567113784583
0.92 0.0568722022085
0.93 0.057026743667
0.94 0.0571750937021
0.95 0.057317342125
0.96 0.0574535777011
0.97 0.057583888161
0.98 0.0577083602111
0.99 0.057827079545
1.0 0.0579401308535
1.01 0.0580475978357
1.02 0.0581495632094
1.03 0.0582461087214
1.04 0.0583373151577
1.05 0.0584232623539
1.06 0.0585040292051
1.07 0.058579693676
1.08 0.0586503328106
1.09 0.0587160227421
1.1 0.0587768387028
1.11 0.0588328550332
1.12 0.0588841451918
1.13 0.0589307817645
1.14 0.0589728364737
1.15 0.0590103801879
1.16 0.0590434829302
1.17 0.0590722138879
1.18 0.0590966414211
1.19 0.0591168330718
1.2 0.0591328555722
1.21 0.059144774854
1.22 0.0591526560563
1.23 0.0591565635346
1.24 0.0591565608691
1.25 0.0591527108728
1.26 0.0591450756
1.27 0.0591337163542
1.28 0.0591186936963
1.29 0.0591000674529
1.3 0.0590778967236
1.31 0.0590522398892
1.32 0.0590231546195
1.33 0.0589906978808
1.34 0.0589549259435
1.35 0.0589158943898
1.36 0.0588736581209
1.37 0.0588282713645
1.38 0.0587797876822
1.39 0.0587282599766
1.4 0.0586737404982
1.41 0.0586162808529
1.42 0.0585559320089
1.43 0.0584927443034
1.44 0.0584267674496
1.45 0.0583580505437
1.46 0.0582866420711
1.47 0.0582125899137
1.48 0.058135941356
1.49 0.0580567430917
1.5 0.0579750412305
1.51 0.0578908813038
1.52 0.0578043082719
1.53 0.0577153665296
1.54 0.0576240999124
1.55 0.0575305517031
1.56 0.0574347646376
1.57 0.0573367809106
1.58 0.0572366421822
1.59 0.0571343895832
1.6 0.0570300637212
1.61 0.0569237046864
1.62 0.056815352057
1.63 0.0567050449053
1.64 0.056592821803
1.65 0.0564787208267
1.66 0.0563627795636
1.67 0.0562450351167
1.68 0.0561255241103
1.69 0.056004282695
1.7 0.0558813465537
1.71 0.0557567509058
1.72 0.0556305305133
1.73 0.0555027196852
1.74 0.0553733522827
1.75 0.0552424617246
1.76 0.0551100809917
1.77 0.054976242632
1.78 0.0548409787652
1.79 0.0547043210882
1.8 0.0545663008789
1.81 0.0544269490018
1.82 0.0542862959118
1.83 0.0541443716593
1.84 0.054001205895
1.85 0.0538568278734
1.86 0.0537112664585
1.87 0.0535645501272
1.88 0.0534167069742
1.89 0.0532677647162
1.9 0.0531177506961
1.91 0.0529666918872
1.92 0.0528146148975
1.93 0.0526615459739
1.94 0.0525075110059
1.95 0.0523525355303
1.96 0.0521966447345
1.97 0.0520398634611
1.98 0.0518822162114
1.99 0.0517237271493
2.0 0.0515644201056
2.01 0.0514043185812
2.02 0.0512434457512
2.03 0.0510818244688
2.04 0.0509194772684
2.05 0.05075642637
2.06 0.0505926936821
2.07 0.0504283008057
2.08 0.0502632690378
2.09 0.0500976193749
2.1 0.0499313725162
2.11 0.0497645488673
2.12 0.0495971685436
2.13 0.0494292513736
2.14 0.0492608169018
2.15 0.049091884393
2.16 0.0489224728344
2.17 0.0487526009397
2.18 0.0485822871516
2.19 0.0484115496454
2.2 0.0482404063322
2.21 0.0480688748616
2.22 0.0478969726247
2.23 0.0477247167577
2.24 0.0475521241444
2.25 0.0473792114191
2.26 0.04720599497
2.27 0.0470324909416
2.28 0.0468587152378
2.29 0.0466846835247
2.3 0.0465104112333
2.31 0.0463359135626
2.32 0.0461612054818
2.33 0.0459863017336
2.34 0.0458112168363
2.35 0.045635965087
2.36 0.0454605605639
2.37 0.045285017129
2.38 0.0451093484306
2.39 0.0449335679059
2.4 0.0447576887836
2.41 0.0445817240862
2.42 0.0444056866327
2.43 0.0442295890408
2.44 0.0440534437295
2.45 0.0438772629212
2.46 0.0437010586446
2.47 0.0435248427365
2.48 0.0433486268442
2.49 0.0431724224281
2.5 0.0429962407637
2.51 0.0428200929439
2.52 0.042643989881
2.53 0.0424679423095
2.54 0.0422919607874
2.55 0.0421160556992
2.56 0.0419402372572
2.57 0.0417645155044
2.58 0.041588900316
2.59 0.0414134014016
2.6 0.0412380283074
2.61 0.0410627904179
2.62 0.0408876969581
2.63 0.0407127569956
2.64 0.040537979442
2.65 0.0403633730555
2.66 0.0401889464423
2.67 0.0400147080588
2.68 0.0398406662132
2.69 0.0396668290675
2.7 0.0394932046392
2.71 0.0393198008032
2.72 0.0391466252936
2.73 0.0389736857055
2.74 0.0388009894963
2.75 0.0386285439883
2.76 0.0384563563693
2.77 0.0382844336954
2.78 0.0381127828916
2.79 0.0379414107545
2.8 0.0377703239529
2.81 0.0375995290302
2.82 0.0374290324057
2.83 0.0372588403761
2.84 0.0370889591172
2.85 0.0369193946853
2.86 0.0367501530189
2.87 0.03658123994
2.88 0.0364126611557
2.89 0.0362444222599
2.9 0.0360765287344
2.91 0.0359089859503
2.92 0.0357417991698
2.93 0.0355749735475
2.94 0.0354085141314
2.95 0.035242425865
2.96 0.0350767135878
2.97 0.0349113820375
2.98 0.0347464358506
2.99 0.0345818795644
3.0 0.0344177176177
3.01 0.0342539543524
3.02 0.0340905940147
3.03 0.0339276407566
3.04 0.0337650986365
3.05 0.0336029716213
3.06 0.033441263587
3.07 0.0332799783199
3.08 0.0331191195184
3.09 0.0329586907934
3.1 0.03279869567
3.11 0.0326391375883
3.12 0.0324800199049
3.13 0.0323213458938
3.14 0.0321631187474
3.15 0.032005341578
3.16 0.0318480174184
3.17 0.0316911492234
3.18 0.0315347398706
3.19 0.0313787921615
3.2 0.0312233088226
3.21 0.0310682925065
3.22 0.0309137457926
3.23 0.0307596711886
3.24 0.0306060711309
3.25 0.0304529479861
3.26 0.0303003040518
3.27 0.0301481415574
3.28 0.0299964626651
3.29 0.0298452694713
3.3 0.0296945640066
3.31 0.0295443482378
3.32 0.0293946240677
3.33 0.0292453933371
3.34 0.0290966578247
3.35 0.0289484192487
3.36 0.0288006792673
3.37 0.0286534394796
3.38 0.0285067014265
3.39 0.0283604665914
3.4 0.0282147364015
3.41 0.0280695122278
3.42 0.0279247953867
3.43 0.0277805871402
3.44 0.0276368886973
3.45 0.027493701214
3.46 0.0273510257948
3.47 0.0272088634931
3.48 0.0270672153119
3.49 0.0269260822047
3.5 0.0267854650763
3.51 0.0266453647832
3.52 0.0265057821347
3.53 0.0263667178933
3.54 0.0262281727758
3.55 0.0260901474533
3.56 0.0259526425526
3.57 0.0258156586566
3.58 0.0256791963048
3.59 0.0255432559942
3.6 0.0254078381799
3.61 0.0252729432757
3.62 0.0251385716546
3.63 0.0250047236498
3.64 0.0248713995548
3.65 0.0247385996246
3.66 0.024606324076
3.67 0.0244745730879
3.68 0.0243433468026
3.69 0.0242126453257
3.7 0.0240824687271
3.71 0.0239528170415
3.72 0.0238236902688
3.73 0.0236950883747
3.74 0.0235670112915
3.75 0.0234394589184
3.76 0.0233124311219
3.77 0.0231859277369
3.78 0.0230599485664
3.79 0.0229344933828
3.8 0.022809561928
3.81 0.0226851539139
3.82 0.0225612690231
3.83 0.0224379069092
3.84 0.0223150671974
3.85 0.022192749485
3.86 0.0220709533416
3.87 0.02194967831
3.88 0.0218289239065
3.89 0.021708689621
3.9 0.0215889749182
3.91 0.0214697792373
3.92 0.0213511019927
3.93 0.0212329425749
3.94 0.02111530035
3.95 0.0209981746609
3.96 0.0208815648276
3.97 0.0207654701472
3.98 0.0206498898947
3.99 0.0205348233234
4.0 0.0204202696649
4.01 0.0203062281302
4.02 0.0201926979092
4.03 0.020079678172
4.04 0.0199671680685
4.05 0.0198551667293
4.06 0.0197436732658
4.07 0.0196326867706
4.08 0.019522206318
4.09 0.0194122309642
4.1 0.0193027597478
4.11 0.01919379169
4.12 0.0190853257949
4.13 0.0189773610501
4.14 0.0188698964267
4.15 0.01876293088
4.16 0.0186564633495
4.17 0.0185504927593
4.18 0.0184450180187
4.19 0.0183400380219
4.2 0.018235551649
4.21 0.0181315577659
4.22 0.0180280552246
4.23 0.0179250428637
4.24 0.0178225195086
4.25 0.0177204839715
4.26 0.0176189350523
4.27 0.0175178715384
4.28 0.0174172922049
4.29 0.0173171958155
4.3 0.0172175811221
4.31 0.0171184468652
4.32 0.0170197917746
4.33 0.016921614569
4.34 0.016823913957
4.35 0.0167266886365
4.36 0.0166299372958
4.37 0.0165336586133
4.38 0.0164378512577
4.39 0.0163425138887
4.4 0.0162476451569
4.41 0.016153243704
4.42 0.0160593081632
4.43 0.0159658371594
4.44 0.0158728293093
4.45 0.0157802832217
4.46 0.0156881974977
4.47 0.0155965707311
4.48 0.0155054015082
4.49 0.0154146884084
4.5 0.0153244300043
4.51 0.0152346248617
4.52 0.01514527154
4.53 0.0150563685924
4.54 0.0149679145661
4.55 0.0148799080024
4.56 0.0147923474369
4.57 0.0147052313998
4.58 0.0146185584157
4.59 0.0145323270046
4.6 0.0144465356812
4.61 0.0143611829554
4.62 0.0142762673327
4.63 0.0141917873141
4.64 0.0141077413965
4.65 0.0140241280723
4.66 0.0139409458305
4.67 0.013858193156
4.68 0.0137758685301
4.69 0.0136939704309
4.7 0.013612497333
4.71 0.0135314477079
4.72 0.0134508200241
4.73 0.0133706127474
4.74 0.0132908243407
4.75 0.0132114532645
4.76 0.0131324979768
4.77 0.0130539569334
4.78 0.0129758285879
4.79 0.0128981113919
4.8 0.0128208037952
4.81 0.0127439042459
4.82 0.0126674111904
4.83 0.0125913230735
4.84 0.0125156383389
4.85 0.0124403554289
4.86 0.0123654727848
4.87 0.0122909888468
4.88 0.0122169020543
4.89 0.012143210846
4.9 0.0120699136597
4.91 0.0119970089329
4.92 0.0119244951026
4.93 0.0118523706055
4.94 0.0117806338782
4.95 0.0117092833569
4.96 0.0116383174782
4.97 0.0115677346784
4.98 0.0114975333942
4.99 0.0114277120627
5.0 0.0113582691213
5.01 0.0112892030078
5.02 0.0112205121606
5.03 0.011152195019
5.04 0.0110842500229
5.05 0.011016675613
5.06 0.010949470231
5.07 0.0108826323197
5.08 0.0108161603229
5.09 0.0107500526858
5.1 0.0106843078546
5.11 0.0106189242772
5.12 0.0105539004025
5.13 0.0104892346814
5.14 0.010424925566
5.15 0.0103609715103
5.16 0.01029737097
5.17 0.0102341224026
5.18 0.0101712242675
5.19 0.0101086750259
5.2 0.0100464731414
5.21 0.00998461707922
5.22 0.00992310530713
5.23 0.00986193629495
5.24 0.00980110851479
5.25 0.00974062044116
5.26 0.00968047055094
5.27 0.0096206573235
5.28 0.00956117924076
5.29 0.00950203478719
5.3 0.00944322244993
5.31 0.00938474071884
5.32 0.00932658808651
5.33 0.00926876304834
5.34 0.00921126410262
5.35 0.00915408975053
5.36 0.00909723849624
5.37 0.00904070884691
5.38 0.00898449931278
5.39 0.0089286084072
5.4 0.00887303464668
5.41 0.00881777655094
5.42 0.00876283264293
5.43 0.00870820144892
5.44 0.00865388149849
5.45 0.00859987132462
5.46 0.0085461694637
5.47 0.00849277445557
5.48 0.0084396848436
5.49 0.00838689917465
5.5 0.00833441599921
5.51 0.00828223387133
5.52 0.00823035134875
5.53 0.00817876699287
5.54 0.00812747936881
5.55 0.00807648704545
5.56 0.00802578859546
5.57 0.00797538259529
5.58 0.00792526762529
5.59 0.00787544226964
5.6 0.00782590511647
5.61 0.00777665475781
5.62 0.00772768978967
5.63 0.00767900881207
5.64 0.00763061042902
5.65 0.00758249324859
5.66 0.00753465588293
5.67 0.00748709694827
5.68 0.00743981506497
5.69 0.00739280885753
5.7 0.00734607695463
5.71 0.00729961798911
5.72 0.00725343059806
5.73 0.00720751342276
5.74 0.00716186510878
5.75 0.00711648430593
5.76 0.00707136966833
5.77 0.00702651985442
5.78 0.00698193352694
5.79 0.00693760935299
5.8 0.00689354600404
5.81 0.00684974215592
5.82 0.00680619648886
5.83 0.00676290768752
5.84 0.00671987444095
5.85 0.00667709544267
5.86 0.00663456939063
5.87 0.00659229498725
5.88 0.00655027093944
5.89 0.00650849595858
5.9 0.00646696876057
5.91 0.00642568806582
5.92 0.00638465259925
5.93 0.00634386109033
5.94 0.00630331227306
5.95 0.006263004886
5.96 0.00622293767228
5.97 0.00618310937959
5.98 0.0061435187602
5.99 0.00610416457096
6.0 0.00606504557333
6.01 0.00602616053336
6.02 0.00598750822169
6.03 0.00594908741361
6.04 0.00591089688899
6.05 0.00587293543235
6.06 0.00583520183282
6.07 0.00579769488418
6.08 0.00576041338482
6.09 0.0057233561378
6.1 0.00568652195081
6.11 0.00564990963617
6.12 0.00561351801087
6.13 0.00557734589656
6.14 0.0055413921195
6.15 0.00550565551066
6.16 0.00547013490562
6.17 0.00543482914465
6.18 0.00539973707265
6.19 0.0053648575392
6.2 0.00533018939852
6.21 0.00529573150949
6.22 0.00526148273567
6.23 0.00522744194525
6.24 0.00519360801107
6.25 0.00515997981066
6.26 0.00512655622616
6.27 0.00509333614438
6.28 0.00506031845678
6.29 0.00502750205946
6.3 0.00499488585315
6.31 0.00496246874323
6.32 0.00493024963973
6.33 0.00489822745728
6.34 0.00486640111517
6.35 0.00483476953729
6.36 0.00480333165215
6.37 0.0047720863929
6.38 0.00474103269727
6.39 0.00471016950762
6.4 0.00467949577089
6.41 0.00464901043863
6.42 0.00461871246698
6.43 0.00458860081664
6.44 0.00455867445292
6.45 0.00452893234568
6.46 0.00449937346935
6.47 0.00446999680292
6.48 0.00444080132992
6.49 0.00441178603844
6.5 0.00438294992111
6.51 0.00435429197506
6.52 0.00432581120198
6.53 0.00429750660804
6.54 0.00426937720395
6.55 0.0042414220049
6.56 0.00421364003056
6.57 0.00418603030509
6.58 0.00415859185715
6.59 0.00413132371983
6.6 0.00410422493068
6.61 0.00407729453171
6.62 0.00405053156936
6.63 0.00402393509451
6.64 0.00399750416244
6.65 0.00397123783285
6.66 0.00394513516984
6.67 0.00391919524191
6.68 0.0038934171219
6.69 0.00386779988708
6.7 0.00384234261903
6.71 0.00381704440371
6.72 0.0037919043314
6.73 0.00376692149671
6.74 0.00374209499859
6.75 0.00371742394026
6.76 0.00369290742928
6.77 0.00366854457745
6.78 0.00364433450088
6.79 0.00362027631993
6.8 0.00359636915921
6.81 0.00357261214756
6.82 0.00354900441808
6.83 0.00352554510805
6.84 0.00350223335899
6.85 0.00347906831659
6.86 0.00345604913072
6.87 0.00343317495545
6.88 0.00341044494897
6.89 0.00338785827365
6.9 0.00336541409597
6.91 0.00334311158654
6.92 0.00332094992009
6.93 0.00329892827543
6.94 0.00327704583547
6.95 0.00325530178717
6.96 0.00323369532158
6.97 0.00321222563378
6.98 0.00319089192289
6.99 0.00316969339204
7.0 0.00314862924838
7.01 0.00312769870306
7.02 0.0031069009712
7.03 0.00308623527191
7.04 0.00306570082824
7.05 0.00304529686718
7.06 0.00302502261968
7.07 0.00300487732058
7.08 0.00298486020863
7.09 0.00296497052648
7.1 0.00294520752066
7.11 0.00292557044156
7.12 0.00290605854342
7.13 0.00288667108431
7.14 0.00286740732615
7.15 0.00284826653465
7.16 0.00282924797934
7.17 0.00281035093349
7.18 0.0027915746742
7.19 0.00277291848229
7.2 0.00275438164233
7.21 0.00273596344262
7.22 0.00271766317519
7.23 0.00269948013575
7.24 0.00268141362372
7.25 0.0026634629422
7.26 0.00264562739792
7.27 0.00262790630128
7.28 0.00261029896633
7.29 0.00259280471071
7.3 0.00257542285568
7.31 0.0025581527261
7.32 0.0025409936504
7.33 0.00252394496058
7.34 0.00250700599218
7.35 0.0024901760843
7.36 0.00247345457955
7.37 0.00245684082405
7.38 0.00244033416742
7.39 0.00242393396275
7.4 0.00240763956662
7.41 0.00239145033905
7.42 0.00237536564351
7.43 0.00235938484688
7.44 0.00234350731948
7.45 0.00232773243499
7.46 0.00231205957052
7.47 0.00229648810653
7.48 0.00228101742683
7.49 0.00226564691857
7.5 0.00225037597227
7.51 0.00223520398171
7.52 0.00222013034401
7.53 0.00220515445957
7.54 0.00219027573207
7.55 0.00217549356842
7.56 0.00216080737882
7.57 0.00214621657667
7.58 0.00213172057861
7.59 0.00211731880447
7.6 0.00210301067729
7.61 0.00208879562327
7.62 0.00207467307178
7.63 0.00206064245534
7.64 0.00204670320962
7.65 0.00203285477339
7.66 0.00201909658855
7.67 0.00200542810008
7.68 0.00199184875605
7.69 0.00197835800761
7.7 0.00196495530893
7.71 0.00195164011727
7.72 0.00193841189287
7.73 0.00192527009902
7.74 0.00191221420199
7.75 0.00189924367105
7.76 0.00188635797843
7.77 0.00187355659934
7.78 0.00186083901191
7.79 0.00184820469724
7.8 0.00183565313931
7.81 0.00182318382504
7.82 0.00181079624422
7.83 0.00179848988954
7.84 0.00178626425653
7.85 0.0017741188436
7.86 0.001762053152
7.87 0.00175006668578
7.88 0.00173815895184
7.89 0.00172632945985
7.9 0.00171457772228
7.91 0.00170290325439
7.92 0.00169130557417
7.93 0.00167978420239
7.94 0.00166833866254
7.95 0.00165696848082
7.96 0.00164567318618
7.97 0.00163445231022
7.98 0.00162330538725
7.99 0.00161223195426
8.0 0.00160123155086
8.01 0.00159030371936
8.02 0.00157944800466
8.03 0.00156866395429
8.04 0.00155795111839
8.05 0.00154730904972
8.06 0.00153673730357
8.07 0.00152623543784
8.08 0.00151580301299
8.09 0.00150543959199
8.1 0.00149514474037
8.11 0.00148491802618
8.12 0.00147475901997
8.13 0.00146466729478
8.14 0.00145464242615
8.15 0.00144468399206
8.16 0.00143479157298
8.17 0.00142496475182
8.18 0.00141520311391
8.19 0.001405506247
8.2 0.00139587374128
8.21 0.00138630518931
8.22 0.00137680018604
8.23 0.00136735832879
8.24 0.00135797921726
8.25 0.00134866245348
8.26 0.00133940764183
8.27 0.00133021438902
8.28 0.00132108230405
8.29 0.00131201099825
8.3 0.00130300008523
8.31 0.00129404918087
8.32 0.00128515790334
8.33 0.00127632587305
8.34 0.00126755271265
8.35 0.00125883804703
8.36 0.00125018150331
8.37 0.00124158271081
8.38 0.00123304130105
8.39 0.00122455690773
8.4 0.00121612916675
8.41 0.00120775771614
8.42 0.00119944219611
8.43 0.00119118224901
8.44 0.00118297751931
8.45 0.0011748276536
8.46 0.00116673230059
8.47 0.00115869111108
8.48 0.00115070373796
8.49 0.0011427698362
8.5 0.00113488906282
8.51 0.00112706107691
8.52 0.0011192855396
8.53 0.00111156211404
8.54 0.00110389046542
8.55 0.00109627026093
8.56 0.00108870116976
8.57 0.00108118286311
8.58 0.00107371501412
8.59 0.00106629729794
8.6 0.00105892939164
8.61 0.00105161097428
8.62 0.00104434172682
8.63 0.00103712133216
8.64 0.00102994947513
8.65 0.00102282584244
8.66 0.00101575012272
8.67 0.00100872200648
8.68 0.00100174118609
8.69 0.000994807355808
8.7 0.000987920211735
8.71 0.00098107945182
8.72 0.000974284775847
8.73 0.000967535885426
8.74 0.000960832483982
8.75 0.000954174276747
8.76 0.000947560970748
8.77 0.000940992274799
8.78 0.000934467899488
8.79 0.000927987557173
8.8 0.000921550961966
8.81 0.000915157829728
8.82 0.000908807878056
8.83 0.000902500826279
8.84 0.00089623639544
8.85 0.000890014308293
8.86 0.000883834289294
8.87 0.000877696064587
8.88 0.000871599361996
8.89 0.00086554391102
8.9 0.000859529442818
8.91 0.000853555690204
8.92 0.000847622387633
8.93 0.0008417292712
8.94 0.000835876078621
8.95 0.000830062549231
8.96 0.000824288423973
8.97 0.000818553445388
8.98 0.000812857357607
8.99 0.000807199906342
9.0 0.000801580838878
9.01 0.000795999904062
9.02 0.000790456852296
9.03 0.000784951435528
9.04 0.000779483407242
9.05 0.000774052522451
9.06 0.00076865853769
9.07 0.000763301211001
9.08 0.000757980301931
9.09 0.000752695571523
9.1 0.000747446782301
9.11 0.000742233698271
9.12 0.000737056084905
9.13 0.000731913709137
9.14 0.000726806339352
9.15 0.00072173374538
9.16 0.000716695698487
9.17 0.000711691971364
9.18 0.000706722338126
9.19 0.000701786574295
9.2 0.000696884456798
9.21 0.000692015763958
9.22 0.000687180275483
9.23 0.000682377772464
9.24 0.000677608037358
9.25 0.000672870853991
9.26 0.00066816600754
9.27 0.000663493284534
9.28 0.000658852472837
9.29 0.00065424336165
9.3 0.000649665741497
9.31 0.000645119404218
9.32 0.000640604142962
9.33 0.000636119752183
9.34 0.000631666027626
9.35 0.000627242766323
9.36 0.000622849766587
9.37 0.000618486828002
9.38 0.000614153751415
9.39 0.000609850338932
9.4 0.000605576393908
9.41 0.00060133172094
9.42 0.000597116125862
9.43 0.000592929415732
9.44 0.000588771398834
9.45 0.000584641884661
9.46 0.000580540683916
9.47 0.0005764676085
9.48 0.000572422471506
9.49 0.000568405087213
9.5 0.000564415271078
9.51 0.000560452839731
9.52 0.000556517610965
9.53 0.000552609403732
9.54 0.000548728038135
9.55 0.000544873335418
9.56 0.000541045117968
9.57 0.000537243209299
9.58 0.000533467434049
9.59 0.000529717617974
9.6 0.000525993587942
9.61 0.000522295171923
9.62 0.000518622198987
9.63 0.000514974499293
9.64 0.000511351904086
9.65 0.000507754245688
9.66 0.000504181357494
9.67 0.000500633073963
9.68 0.000497109230615
9.69 0.00049360966402
9.7 0.000490134211797
9.71 0.000486682712604
9.72 0.000483255006134
9.73 0.000479850933105
9.74 0.00047647033526
9.75 0.000473113055356
9.76 0.000469778937159
9.77 0.00046646782544
9.78 0.000463179565964
9.79 0.000459914005492
9.8 0.000456670991767
9.81 0.000453450373512
9.82 0.000450252000425
9.83 0.00044707572317
9.84 0.000443921393375
9.85 0.000440788863621
9.86 0.000437677987442
9.87 0.000434588619316
9.88 0.000431520614658
9.89 0.00042847382982
9.9 0.000425448122077
9.91 0.000422443349629
9.92 0.000419459371592
9.93 0.000416496047992
9.94 0.00041355323976
9.95 0.000410630808727
9.96 0.000407728617619
9.97 0.000404846530051
9.98 0.00040198441052
9.99 0.000399142124401
