0.01 0.00019420575078
0.02 0.000386211599515
0.03 0.000576036236057
0.04 0.000763698209116
0.05 0.00094921592726
0.06 0.00113260765991
0.07 0.00131389153831
0.08 0.00149308555653
0.09 0.00167020757243
0.1 0.00184527530861
0.11 0.0020183063534
0.12 0.00218931816178
0.13 0.00235832805633
0.14 0.00252535322821
0.15 0.00269041073805
0.16 0.00285351751688
0.17 0.00301469036707
0.18 0.00317394596324
0.19 0.00333130085316
0.2 0.00348677145866
0.21 0.00364037407651
0.22 0.00379212487934
0.23 0.00394203991648
0.24 0.00409013511488
0.25 0.00423642627997
0.26 0.00438092909651
0.27 0.00452365912945
0.28 0.00466463182481
0.29 0.0048038625105
0.3 0.0049413663972
0.31 0.00507715857913
0.32 0.00521125403495
0.33 0.00534366762855
0.34 0.00547441410987
0.35 0.00560350811572
0.36 0.00573096417061
0.37 0.0058567966875
0.38 0.00598101996865
0.39 0.00610364820637
0.4 0.00622469548385
0.41 0.0063441757759
0.42 0.00646210294976
0.43 0.00657849076584
0.44 0.00669335287849
0.45 0.0068067028368
0.46 0.0069185540853
0.47 0.00702891996474
0.48 0.00713781371282
0.49 0.00724524846494
0.5 0.00735123725495
0.51 0.00745579301583
0.52 0.00755892858046
0.53 0.00766065668233
0.54 0.00776098995623
0.55 0.00785994093899
0.56 0.00795752207017
0.57 0.00805374569276
0.58 0.00814862405387
0.59 0.00824216930544
0.6 0.0083343935049
0.61 0.00842530861586
0.62 0.0085149265088
0.63 0.00860325896172
0.64 0.00869031766082
0.65 0.00877611420116
0.66 0.00886066008731
0.67 0.00894396673401
0.68 0.00902604546682
0.69 0.00910690752276
0.7 0.00918656405096
0.71 0.00926502611326
0.72 0.0093423046849
0.73 0.00941841065509
0.74 0.00949335482767
0.75 0.0095671479217
0.76 0.0096398005721
0.77 0.00971132333024
0.78 0.00978172666455
0.79 0.00985102096113
0.8 0.00991921652433
0.81 0.00998632357736
0.82 0.0100523522629
0.83 0.0101173126435
0.84 0.0101812147026
0.85 0.0102440683446
0.86 0.0103058833957
0.87 0.0103666696045
0.88 0.0104264366424
0.89 0.0104851941042
0.9 0.0105429515089
0.91 0.0105997182999
0.92 0.0106555038458
0.93 0.0107103174407
0.94 0.0107641683052
0.95 0.0108170655862
0.96 0.0108690183582
0.97 0.0109200356235
0.98 0.0109701263125
0.99 0.0110192992847
1.0 0.0110675633287
1.01 0.0111149271633
1.02 0.0111613994373
1.03 0.0112069887308
1.04 0.0112517035552
1.05 0.0112955523535
1.06 0.0113385435015
1.07 0.0113806853079
1.08 0.0114219860144
1.09 0.011462453797
1.1 0.0115020967659
1.11 0.0115409229661
1.12 0.011578940378
1.13 0.0116161569179
1.14 0.0116525804381
1.15 0.0116882187279
1.16 0.0117230795137
1.17 0.0117571704596
1.18 0.0117904991677
1.19 0.0118230731789
1.2 0.011854899973
1.21 0.0118859869693
1.22 0.0119163415269
1.23 0.0119459709455
1.24 0.0119748824655
1.25 0.0120030832686
1.26 0.012030580478
1.27 0.0120573811591
1.28 0.01208349232
1.29 0.0121089209116
1.3 0.0121336738282
1.31 0.0121577579079
1.32 0.012181179933
1.33 0.0122039466305
1.34 0.0122260646723
1.35 0.0122475406759
1.36 0.0122683812046
1.37 0.0122885927679
1.38 0.012308181822
1.39 0.0123271547701
1.4 0.0123455179628
1.41 0.0123632776987
1.42 0.0123804402244
1.43 0.0123970117352
1.44 0.0124129983754
1.45 0.0124284062387
1.46 0.0124432413684
1.47 0.0124575097579
1.48 0.0124712173513
1.49 0.0124843700433
1.5 0.0124969736799
1.51 0.0125090340589
1.52 0.0125205569296
1.53 0.012531547994
1.54 0.0125420129065
1.55 0.0125519572746
1.56 0.0125613866593
1.57 0.012570306575
1.58 0.0125787224903
1.59 0.0125866398284
1.6 0.0125940639669
1.61 0.0126010002386
1.62 0.0126074539319
1.63 0.0126134302907
1.64 0.0126189345151
1.65 0.0126239717615
1.66 0.0126285471431
1.67 0.0126326657303
1.68 0.0126363325507
1.69 0.0126395525895
1.7 0.0126423307903
1.71 0.0126446720547
1.72 0.012646581243
1.73 0.0126480631747
1.74 0.0126491226282
1.75 0.0126497643417
1.76 0.0126499930133
1.77 0.0126498133012
1.78 0.0126492298241
1.79 0.0126482471614
1.8 0.0126468698539
1.81 0.0126451024033
1.82 0.0126429492733
1.83 0.0126404148895
1.84 0.0126375036396
1.85 0.012634219874
1.86 0.0126305679057
1.87 0.0126265520111
1.88 0.0126221764297
1.89 0.0126174453648
1.9 0.0126123629835
1.91 0.0126069334172
1.92 0.0126011607618
1.93 0.0125950490778
1.94 0.0125886023908
1.95 0.0125818246917
1.96 0.0125747199369
1.97 0.0125672920486
1.98 0.012559544915
1.99 0.0125514823908
2.0 0.0125431082972
2.01 0.012534426422
2.02 0.0125254405205
2.03 0.012516154315
2.04 0.0125065714956
2.05 0.0124966957201
2.06 0.0124865306143
2.07 0.0124760797727
2.08 0.0124653467579
2.09 0.0124543351016
2.1 0.0124430483045
2.11 0.0124314898365
2.12 0.0124196631371
2.13 0.0124075716155
2.14 0.0123952186509
2.15 0.0123826075929
2.16 0.0123697417611
2.17 0.0123566244463
2.18 0.0123432589098
2.19 0.0123296483842
2.2 0.0123157960734
2.21 0.0123017051529
2.22 0.01228737877
2.23 0.0122728200439
2.24 0.0122580320661
2.25 0.0122430179006
2.26 0.0122277805839
2.27 0.0122123231255
2.28 0.0121966485078
2.29 0.0121807596866
2.3 0.0121646595912
2.31 0.0121483511245
2.32 0.0121318371633
2.33 0.0121151205587
2.34 0.0120982041358
2.35 0.0120810906944
2.36 0.0120637830089
2.37 0.0120462838285
2.38 0.0120285958779
2.39 0.0120107218565
2.4 0.0119926644396
2.41 0.0119744262781
2.42 0.0119560099985
2.43 0.0119374182036
2.44 0.0119186534725
2.45 0.0118997183604
2.46 0.0118806153994
2.47 0.0118613470981
2.48 0.0118419159424
2.49 0.0118223243951
2.5 0.0118025748964
2.51 0.011782669864
2.52 0.0117626116934
2.53 0.0117424027576
2.54 0.0117220454081
2.55 0.0117015419742
2.56 0.0116808947638
2.57 0.0116601060634
2.58 0.0116391781379
2.59 0.0116181132315
2.6 0.011596913567
2.61 0.0115755813468
2.62 0.0115541187525
2.63 0.0115325279452
2.64 0.0115108110658
2.65 0.011488970235
2.66 0.0114670075535
2.67 0.0114449251023
2.68 0.0114227249426
2.69 0.0114004091162
2.7 0.0113779796454
2.71 0.0113554385336
2.72 0.0113327877647
2.73 0.0113100293042
2.74 0.0112871650984
2.75 0.0112641970754
2.76 0.0112411271445
2.77 0.0112179571971
2.78 0.011194689106
2.79 0.0111713247263
2.8 0.0111478658951
2.81 0.0111243144319
2.82 0.0111006721386
2.83 0.0110769407994
2.84 0.0110531221816
2.85 0.0110292180351
2.86 0.0110052300928
2.87 0.0109811600707
2.88 0.0109570096681
2.89 0.0109327805677
2.9 0.0109084744357
2.91 0.010884092922
2.92 0.01085963766
2.93 0.0108351102674
2.94 0.0108105123458
2.95 0.0107858454809
2.96 0.0107611112427
2.97 0.0107363111858
2.98 0.0107114468491
2.99 0.0106865197563
3.0 0.010661531416
3.01 0.0106364833216
3.02 0.0106113769516
3.03 0.0105862137696
3.04 0.0105609952246
3.05 0.0105357227508
3.06 0.0105103977683
3.07 0.0104850216825
3.08 0.0104595958846
3.09 0.0104341217519
3.1 0.0104086006475
3.11 0.0103830339208
3.12 0.010357422907
3.13 0.0103317689282
3.14 0.0103060732926
3.15 0.010280337295
3.16 0.0102545622169
3.17 0.0102287493265
3.18 0.0102028998792
3.19 0.0101770151169
3.2 0.0101510962691
3.21 0.0101251445521
3.22 0.0100991611697
3.23 0.0100731473132
3.24 0.0100471041613
3.25 0.0100210328802
3.26 0.00999493462422
3.27 0.0099688105351
3.28 0.00994266174273
3.29 0.00991648936498
3.3 0.00989029450784
3.31 0.00986407826555
3.32 0.00983784172064
3.33 0.00981158594411
3.34 0.00978531199544
3.35 0.00975902092274
3.36 0.00973271376284
3.37 0.00970639154136
3.38 0.00968005527283
3.39 0.00965370596075
3.4 0.00962734459774
3.41 0.00960097216555
3.42 0.00957458963523
3.43 0.00954819796717
3.44 0.0095217981112
3.45 0.00949539100671
3.46 0.00946897758268
3.47 0.00944255875781
3.48 0.00941613544061
3.49 0.00938970852945
3.5 0.00936327891269
3.51 0.00933684746872
3.52 0.00931041506607
3.53 0.00928398256352
3.54 0.00925755081012
3.55 0.0092311206453
3.56 0.00920469289899
3.57 0.00917826839165
3.58 0.00915184793437
3.59 0.00912543232893
3.6 0.00909902236794
3.61 0.00907261883483
3.62 0.009046222504
3.63 0.00901983414088
3.64 0.00899345450197
3.65 0.00896708433497
3.66 0.00894072437882
3.67 0.00891437536378
3.68 0.00888803801153
3.69 0.00886171303519
3.7 0.00883540113947
3.71 0.00880910302067
3.72 0.00878281936678
3.73 0.00875655085759
3.74 0.00873029816469
3.75 0.00870406195159
3.76 0.00867784287377
3.77 0.00865164157877
3.78 0.00862545870624
3.79 0.008599294888
3.8 0.00857315074813
3.81 0.00854702690305
3.82 0.00852092396153
3.83 0.00849484252482
3.84 0.00846878318668
3.85 0.00844274653345
3.86 0.00841673314413
3.87 0.00839074359042
3.88 0.00836477843681
3.89 0.00833883824061
3.9 0.00831292355207
3.91 0.00828703491438
3.92 0.00826117286376
3.93 0.00823533792953
3.94 0.00820953063415
3.95 0.0081837514933
3.96 0.00815800101593
3.97 0.00813227970433
3.98 0.00810658805416
3.99 0.00808092655455
4.0 0.00805529568812
4.01 0.00802969593107
4.02 0.00800412775322
4.03 0.00797859161808
4.04 0.00795308798286
4.05 0.00792761729861
4.06 0.00790218001019
4.07 0.00787677655639
4.08 0.00785140736994
4.09 0.0078260728776
4.1 0.00780077350019
4.11 0.00777550965263
4.12 0.00775028174405
4.13 0.00772509017777
4.14 0.00769993535142
4.15 0.00767481765693
4.16 0.00764973748064
4.17 0.0076246952033
4.18 0.00759969120016
4.19 0.007574725841
4.2 0.00754979949016
4.21 0.00752491250665
4.22 0.00750006524414
4.23 0.00747525805104
4.24 0.00745049127053
4.25 0.00742576524062
4.26 0.0074010802942
4.27 0.00737643675907
4.28 0.00735183495802
4.29 0.00732727520884
4.3 0.00730275782438
4.31 0.0072782831126
4.32 0.00725385137662
4.33 0.00722946291474
4.34 0.00720511802052
4.35 0.00718081698281
4.36 0.00715656008576
4.37 0.00713234760893
4.38 0.00710817982727
4.39 0.00708405701121
4.4 0.00705997942667
4.41 0.00703594733513
4.42 0.00701196099363
4.43 0.00698802065488
4.44 0.00696412656722
4.45 0.00694027897471
4.46 0.00691647811719
4.47 0.00689272423026
4.48 0.00686901754536
4.49 0.0068453582898
4.5 0.00682174668682
4.51 0.00679818295559
4.52 0.00677466731126
4.53 0.00675119996503
4.54 0.00672778112416
4.55 0.00670441099201
4.56 0.00668108976806
4.57 0.00665781764801
4.58 0.00663459482373
4.59 0.00661142148338
4.6 0.00658829781138
4.61 0.00656522398849
4.62 0.00654220019181
4.63 0.00651922659486
4.64 0.00649630336757
4.65 0.00647343067634
4.66 0.00645060868407
4.67 0.00642783755019
4.68 0.00640511743071
4.69 0.00638244847824
4.7 0.006359830842
4.71 0.00633726466791
4.72 0.00631475009856
4.73 0.00629228727331
4.74 0.00626987632826
4.75 0.00624751739631
4.76 0.0062252106072
4.77 0.00620295608752
4.78 0.00618075396077
4.79 0.00615860434736
4.8 0.00613650736467
4.81 0.00611446312704
4.82 0.00609247174585
4.83 0.00607053332952
4.84 0.00604864798354
4.85 0.00602681581052
4.86 0.00600503691019
4.87 0.00598331137945
4.88 0.00596163931239
4.89 0.00594002080034
4.9 0.00591845593185
4.91 0.00589694479277
4.92 0.00587548746627
4.93 0.00585408403281
4.94 0.00583273457025
4.95 0.00581143915384
4.96 0.00579019785621
4.97 0.00576901074748
4.98 0.0057478778952
4.99 0.00572679936444
5.0 0.0057057752178
5.01 0.00568480551539
5.02 0.00566389031494
5.03 0.00564302967175
5.04 0.00562222363875
5.05 0.00560147226653
5.06 0.00558077560334
5.07 0.00556013369516
5.08 0.00553954658565
5.09 0.00551901431625
5.1 0.00549853692617
5.11 0.00547811445241
5.12 0.00545774692979
5.13 0.00543743439097
5.14 0.00541717686649
5.15 0.00539697438477
5.16 0.00537682697215
5.17 0.0053567346529
5.18 0.00533669744926
5.19 0.00531671538142
5.2 0.00529678846762
5.21 0.00527691672408
5.22 0.0052571001651
5.23 0.00523733880302
5.24 0.0052176326483
5.25 0.00519798170949
5.26 0.00517838599327
5.27 0.0051588455045
5.28 0.00513936024617
5.29 0.0051199302195
5.3 0.00510055542392
5.31 0.00508123585708
5.32 0.00506197151489
5.33 0.00504276239154
5.34 0.00502360847952
5.35 0.00500450976961
5.36 0.00498546625095
5.37 0.00496647791102
5.38 0.00494754473566
5.39 0.00492866670913
5.4 0.00490984381407
5.41 0.00489107603156
5.42 0.00487236334112
5.43 0.00485370572075
5.44 0.00483510314691
5.45 0.00481655559457
5.46 0.00479806303723
5.47 0.0047796254469
5.48 0.00476124279417
5.49 0.00474291504817
5.5 0.00472464217663
5.51 0.00470642414591
5.52 0.00468826092095
5.53 0.00467015246536
5.54 0.00465209874137
5.55 0.00463409970992
5.56 0.0046161553306
5.57 0.00459826556174
5.58 0.00458043036036
5.59 0.00456264968222
5.6 0.00454492348185
5.61 0.00452725171252
5.62 0.00450963432629
5.63 0.00449207127403
5.64 0.0044745625054
5.65 0.00445710796892
5.66 0.00443970761191
5.67 0.00442236138058
5.68 0.00440506922
5.69 0.00438783107411
5.7 0.00437064688579
5.71 0.00435351659679
5.72 0.00433644014782
5.73 0.00431941747852
5.74 0.00430244852748
5.75 0.00428553323228
5.76 0.00426867152947
5.77 0.00425186335459
5.78 0.00423510864222
5.79 0.00421840732592
5.8 0.00420175933834
5.81 0.00418516461113
5.82 0.00416862307504
5.83 0.00415213465987
5.84 0.00413569929454
5.85 0.00411931690703
5.86 0.00410298742447
5.87 0.00408671077309
5.88 0.00407048687829
5.89 0.00405431566458
5.9 0.00403819705567
5.91 0.00402213097441
5.92 0.00400611734287
5.93 0.0039901560823
5.94 0.00397424711315
5.95 0.00395839035511
5.96 0.0039425857271
5.97 0.00392683314727
5.98 0.00391113253304
5.99 0.00389548380108
6.0 0.00387988686735
6.01 0.00386434164709
6.02 0.00384884805485
6.03 0.00383340600448
6.04 0.00381801540914
6.05 0.00380267618135
6.06 0.00378738823293
6.07 0.00377215147509
6.08 0.00375696581837
6.09 0.0037418311727
6.1 0.00372674744738
6.11 0.00371171455112
6.12 0.00369673239201
6.13 0.00368180087755
6.14 0.00366691991468
6.15 0.00365208940975
6.16 0.00363730926855
6.17 0.00362257939634
6.18 0.00360789969782
6.19 0.00359327007714
6.2 0.00357869043797
6.21 0.00356416068344
6.22 0.00354968071615
6.23 0.00353525043825
6.24 0.00352086975138
6.25 0.00350653855668
6.26 0.00349225675485
6.27 0.00347802424612
6.28 0.00346384093026
6.29 0.00344970670658
6.3 0.00343562147398
6.31 0.00342158513092
6.32 0.00340759757543
6.33 0.00339365870513
6.34 0.00337976841725
6.35 0.0033659266086
6.36 0.00335213317562
6.37 0.00333838801435
6.38 0.00332469102047
6.39 0.00331104208928
6.4 0.00329744111574
6.41 0.00328388799443
6.42 0.00327038261962
6.43 0.00325692488522
6.44 0.00324351468481
6.45 0.00323015191165
6.46 0.00321683645869
6.47 0.00320356821858
6.48 0.00319034708363
6.49 0.0031771729459
6.5 0.00316404569714
6.51 0.00315096522882
6.52 0.00313793143214
6.53 0.00312494419802
6.54 0.00311200341713
6.55 0.00309910897988
6.56 0.00308626077643
6.57 0.00307345869671
6.58 0.0030607026304
6.59 0.00304799246695
6.6 0.0030353280956
6.61 0.00302270940535
6.62 0.00301013628501
6.63 0.00299760862316
6.64 0.00298512630822
6.65 0.00297268922837
6.66 0.00296029727163
6.67 0.00294795032583
6.68 0.00293564827862
6.69 0.00292339101749
6.7 0.00291117842975
6.71 0.00289901040256
6.72 0.00288688682292
6.73 0.00287480757767
6.74 0.00286277255354
6.75 0.00285078163708
6.76 0.00283883471473
6.77 0.00282693167281
6.78 0.00281507239748
6.79 0.00280325677482
6.8 0.00279148469078
6.81 0.0027797560312
6.82 0.00276807068181
6.83 0.00275642852827
6.84 0.00274482945612
6.85 0.00273327335081
6.86 0.00272176009773
6.87 0.00271028958215
6.88 0.0026988616893
6.89 0.00268747630433
6.9 0.00267613331232
6.91 0.00266483259828
6.92 0.00265357404718
6.93 0.00264235754393
6.94 0.00263118297339
6.95 0.00262005022037
6.96 0.00260895916964
6.97 0.00259790970595
6.98 0.00258690171399
6.99 0.00257593507846
7.0 0.002565009684
7.01 0.00255412541525
7.02 0.00254328215682
7.03 0.00253247979332
7.04 0.00252171820936
7.05 0.00251099728951
7.06 0.00250031691837
7.07 0.00248967698054
7.08 0.00247907736062
7.09 0.00246851794322
7.1 0.00245799861297
7.11 0.0024475192545
7.12 0.00243707975248
7.13 0.0024266799916
7.14 0.00241631985657
7.15 0.00240599923213
7.16 0.00239571800308
7.17 0.00238547605422
7.18 0.00237527327042
7.19 0.00236510953657
7.2 0.00235498473764
7.21 0.00234489875861
7.22 0.00233485148455
7.23 0.00232484280057
7.24 0.00231487259184
7.25 0.00230494074359
7.26 0.00229504714112
7.27 0.0022851916698
7.28 0.00227537421508
7.29 0.00226559466246
7.3 0.00225585289754
7.31 0.00224614880599
7.32 0.00223648227357
7.33 0.00222685318612
7.34 0.00221726142956
7.35 0.00220770688991
7.36 0.0021981894533
7.37 0.00218870900593
7.38 0.0021792654341
7.39 0.00216985862423
7.4 0.00216048846283
7.41 0.00215115483653
7.42 0.00214185763204
7.43 0.00213259673621
7.44 0.002123372036
7.45 0.00211418341846
7.46 0.0021050307708
7.47 0.00209591398031
7.48 0.00208683293442
7.49 0.00207778752069
7.5 0.00206877762681
7.51 0.00205980314058
7.52 0.00205086394995
7.53 0.00204195994299
7.54 0.00203309100791
7.55 0.00202425703307
7.56 0.00201545790695
7.57 0.00200669351819
7.58 0.00199796375555
7.59 0.00198926850796
7.6 0.00198060766449
7.61 0.00197198111435
7.62 0.00196338874691
7.63 0.00195483045169
7.64 0.00194630611837
7.65 0.00193781563678
7.66 0.00192935889691
7.67 0.00192093578892
7.68 0.00191254620311
7.69 0.00190419002997
7.7 0.00189586716013
7.71 0.00188757748441
7.72 0.00187932089378
7.73 0.0018710972794
7.74 0.00186290653257
7.75 0.0018547485448
7.76 0.00184662320776
7.77 0.00183853041328
7.78 0.00183047005338
7.79 0.00182244202028
7.8 0.00181444620634
7.81 0.00180648250414
7.82 0.00179855080642
7.83 0.00179065100611
7.84 0.00178278299633
7.85 0.00177494667039
7.86 0.00176714192178
7.87 0.00175936864418
7.88 0.00175162673147
7.89 0.00174391607772
7.9 0.00173623657719
7.91 0.00172858812434
7.92 0.00172097061383
7.93 0.00171338394049
7.94 0.00170582799938
7.95 0.00169830268576
7.96 0.00169080789506
7.97 0.00168334352294
7.98 0.00167590946526
7.99 0.00166850561807
8.0 0.00166113187763
8.01 0.00165378814042
8.02 0.00164647430311
8.03 0.00163919026259
8.04 0.00163193591594
8.05 0.00162471116047
8.06 0.0016175158937
8.07 0.00161035001335
8.08 0.00160321341735
8.09 0.00159610600386
8.1 0.00158902767124
8.11 0.00158197831808
8.12 0.00157495784316
8.13 0.00156796614551
8.14 0.00156100312436
8.15 0.00155406867914
8.16 0.00154716270954
8.17 0.00154028511544
8.18 0.00153343579695
8.19 0.0015266146544
8.2 0.00151982158833
8.21 0.00151305649954
8.22 0.001506319289
8.23 0.00149960985795
8.24 0.00149292810783
8.25 0.00148627394031
8.26 0.0014796472573
8.27 0.00147304796091
8.28 0.00146647595349
8.29 0.00145993113763
8.3 0.00145341341613
8.31 0.00144692269203
8.32 0.00144045886859
8.33 0.00143402184931
8.34 0.0014276115379
8.35 0.00142122783833
8.36 0.00141487065479
8.37 0.00140853989168
8.38 0.00140223545367
8.39 0.00139595724563
8.4 0.00138970517269
8.41 0.00138347914018
8.42 0.00137727905369
8.43 0.00137110481905
8.44 0.00136495634229
8.45 0.00135883352972
8.46 0.00135273628784
8.47 0.00134666452342
8.48 0.00134061814346
8.49 0.00133459705517
8.5 0.00132860116604
8.51 0.00132263038375
8.52 0.00131668461626
8.53 0.00131076377173
8.54 0.00130486775859
8.55 0.00129899648548
8.56 0.00129314986131
8.57 0.00128732779519
8.58 0.0012815301965
8.59 0.00127575697485
8.6 0.00127000804008
8.61 0.00126428330227
8.62 0.00125858267176
8.63 0.00125290605911
8.64 0.00124725337511
8.65 0.00124162453083
8.66 0.00123601943753
8.67 0.00123043800675
8.68 0.00122488015024
8.69 0.00121934578003
8.7 0.00121383480834
8.71 0.00120834714767
8.72 0.00120288271075
8.73 0.00119744141054
8.74 0.00119202316025
8.75 0.00118662787333
8.76 0.00118125546348
8.77 0.00117590584462
8.78 0.00117057893093
8.79 0.00116527463681
8.8 0.00115999287694
8.81 0.0011547335662
8.82 0.00114949661973
8.83 0.0011442819529
8.84 0.00113908948135
8.85 0.00113391912093
8.86 0.00112877078773
8.87 0.00112364439812
8.88 0.00111853986866
8.89 0.00111345711618
8.9 0.00110839605776
8.91 0.00110335661069
8.92 0.00109833869252
8.93 0.00109334222105
8.94 0.0010883671143
8.95 0.00108341329054
8.96 0.00107848066828
8.97 0.00107356916628
8.98 0.00106867870351
8.99 0.00106380919922
9.0 0.00105896057288
9.01 0.00105413274418
9.02 0.00104932563309
9.03 0.0010445391598
9.04 0.00103977324473
9.05 0.00103502780855
9.06 0.00103030277218
9.07 0.00102559805675
9.08 0.00102091358365
9.09 0.00101624927451
9.1 0.0010116050512
9.11 0.0010069808358
9.12 0.00100237655066
9.13 0.000997792118367
9.14 0.000993227461721
9.15 0.00098868250378
9.16 0.000984157167833
9.17 0.000979651377406
9.18 0.000975165056263
9.19 0.000970698128404
9.2 0.000966250518064
9.21 0.000961822149716
9.22 0.000957412948069
9.23 0.000953022838065
9.24 0.000948651744885
9.25 0.000944299593942
9.26 0.000939966310886
9.27 0.0009356518216
9.28 0.000931356052202
9.29 0.000927078929044
9.3 0.000922820378713
9.31 0.000918580328026
9.32 0.000914358704037
9.33 0.000910155434031
9.34 0.000905970445526
9.35 0.000901803666271
9.36 0.000897655024249
9.37 0.000893524447674
9.38 0.00088941186499
9.39 0.000885317204874
9.4 0.000881240396233
9.41 0.000877181368203
9.42 0.000873140050152
9.43 0.000869116371677
9.44 0.000865110262605
9.45 0.00086112165299
9.46 0.000857150473117
9.47 0.000853196653498
9.48 0.000849260124874
9.49 0.000845340818213
9.5 0.000841438664709
9.51 0.000837553595787
9.52 0.000833685543093
9.53 0.000829834438504
9.54 0.000826000214121
9.55 0.000822182802269
9.56 0.0008183821355
9.57 0.000814598146591
9.58 0.000810830768542
9.59 0.000807079934576
9.6 0.000803345578144
9.61 0.000799627632914
9.62 0.000795926032782
9.63 0.000792240711864
9.64 0.000788571604497
9.65 0.000784918645242
9.66 0.00078128176888
9.67 0.000777660910412
9.68 0.000774056005061
9.69 0.000770466988268
9.7 0.000766893795696
9.71 0.000763336363224
9.72 0.000759794626953
9.73 0.0007562685232
9.74 0.0007527579885
9.75 0.000749262959607
9.76 0.00074578337349
9.77 0.000742319167336
9.78 0.000738870278548
9.79 0.000735436644743
9.8 0.000732018203757
9.81 0.000728614893636
9.82 0.000725226652644
9.83 0.000721853419259
9.84 0.000718495132169
9.85 0.000715151730279
9.86 0.000711823152705
9.87 0.000708509338774
9.88 0.000705210228027
9.89 0.000701925760215
9.9 0.0006986558753
9.91 0.000695400513454
9.92 0.00069215961506
9.93 0.000688933120709
9.94 0.000685720971202
9.95 0.000682523107548
9.96 0.000679339470964
9.97 0.000676170002876
9.98 0.000673014644915
9.99 0.00066987333892
