50 1.43077518722e-08
51 1.30048979363e-08
52 1.18443402863e-08
53 1.08089446282e-08
54 9.8796664183e-09
55 9.04710306671e-09
56 8.2956397307e-09
57 7.62180640823e-09
58 7.01233848766e-09
59 6.46191467002e-09
60 5.96570182143e-09
61 5.51328926957e-09
62 5.10125131026e-09
63 4.72928096684e-09
64 4.38879299569e-09
65 4.07743472319e-09
66 3.7930494301e-09
67 3.53365781081e-09
68 3.29502081176e-09
69 3.07567504798e-09
70 2.87427237566e-09
71 2.68956934502e-09
72 2.51825849062e-09
73 2.3615565059e-09
74 2.21643048359e-09
75 2.08212869168e-09
76 1.95795324398e-09
77 1.84363446731e-09
78 1.73706959927e-09
79 1.63796320951e-09
80 1.5460344116e-09
81 1.46050471717e-09
82 1.38082423273e-09
83 1.30648503127e-09
84 1.23717569522e-09
85 1.17260523513e-09
86 1.11204723208e-09
87 1.05557362851e-09
88 1.00266539516e-09
89 9.53126466641e-10
90 9.06634434195e-10
91 8.63025539921e-10
92 8.22013457302e-10
93 7.83591413978e-10
94 7.47369388598e-10
95 7.13358816462e-10
96 6.81202871888e-10
97 6.51047105116e-10
98 6.2255667288e-10
99 5.95649640722e-10
100 5.70248515075e-10
101 5.46170442206e-10
102 5.23460386148e-10
103 5.02052510676e-10
104 4.81677697728e-10
105 4.62390348233e-10
106 4.44140169087e-10
107 4.2678149903e-10
108 4.10370626369e-10
109 3.94769994472e-10
110 3.79943743134e-10
111 3.65857899531e-10
112 3.5239078322e-10
113 3.39691608175e-10
114 3.27467941652e-10
115 3.15954928887e-10
116 3.04871683454e-10
117 2.94364976838e-10
118 2.84329892963e-10
119 2.74747224971e-10
120 2.65598765203e-10
121 2.56866750092e-10
122 2.48534748337e-10
123 2.40512498806e-10
124 2.32861396832e-10
125 2.25566676448e-10
126 2.18543849684e-10
127 2.11852202447e-10
128 2.05410466414e-10
129 1.9927681727e-10
130 1.93373095314e-10
131 1.87691084896e-10
132 1.82222570366e-10
133 1.7702328492e-10
134 1.71958336459e-10
135 1.67146407826e-10
136 1.62517443947e-10
137 1.58065005529e-10
138 1.5372392248e-10
139 1.4960699346e-10
140 1.45648715311e-10
141 1.41787359631e-10
142 1.38075328948e-10
143 1.34507738281e-10
144 1.31079591625e-10
145 1.27786226045e-10
146 1.24570354032e-10
147 1.21533560993e-10
148 1.18516085834e-10
149 1.15669251954e-10
150 1.12887588166e-10
151 1.10218278948e-10
152 1.0760925484e-10
153 1.0510670112e-10
154 1.02659769574e-10
155 1.00313646278e-10
156 9.80651115867e-11
157 9.58655377303e-11
158 9.37584454519e-11
159 9.16966502729e-11
160 8.96789309479e-11
161 8.77472539074e-11
162 8.58563220518e-11
163 8.40472136332e-11
164 8.22757417751e-11
165 8.05819855287e-11
166 7.8922979263e-11
167 7.72978347996e-11
168 7.5745298922e-11
169 7.42240713336e-11
170 7.27720106397e-11
171 7.13104020278e-11
172 6.9915628842e-11
173 6.85856926808e-11
174 6.72446542893e-11
175 6.59662324765e-11
176 6.4748539863e-11
177 6.35184127518e-11
178 6.23471274608e-11
179 6.1197935608e-11
180 6.01049210402e-11
181 5.8998139707e-11
182 5.7945759302e-11
183 5.69128077998e-11
184 5.59319257576e-11
185 5.49360557045e-11
186 5.3990700799e-11
187 5.30624433281e-11
188 5.21508392026e-11
189 5.12554443333e-11
190 5.04070118978e-11
191 4.9573456451e-11
192 4.8754555948e-11
193 4.79498662997e-11
194 4.71591654616e-11
195 4.64115412768e-11
196 4.56475968136e-11
197 4.49255077584e-11
198 4.42157421787e-11
199 4.35178559854e-11
200 4.28597157764e-11
201 4.21847001775e-11
202 4.15484313621e-11
203 4.09225986431e-11
204 4.02801125787e-11
205 3.96748189857e-11
206 3.91058296856e-11
207 3.85197429509e-11
208 3.79430931119e-11
209 3.74013042759e-11
210 3.68681751794e-11
211 3.63181706931e-11
212 3.58019169866e-11
213 3.52936568859e-11
214 3.4793390391e-11
215 3.43250983192e-11
216 3.38399308575e-11
217 3.336220189e-11
218 3.29153371226e-11
219 3.24519300321e-11
220 3.20187210079e-11
221 3.15919512772e-11
222 3.11716208401e-11
223 3.07575076519e-11
224 3.03495006904e-11
225 2.99475999554e-11
226 2.95514723803e-11
227 2.91829893584e-11
228 2.87982970804e-11
229 2.84404721995e-11
230 2.80666601071e-11
231 2.77191603004e-11
232 2.73766564973e-11
233 2.70183875273e-11
234 2.66856536868e-11
235 2.6357582783e-11
236 2.60340637936e-11
237 2.57150967187e-11
238 2.54204435279e-11
239 2.51100251702e-11
240 2.48039366824e-11
241 2.45021780643e-11
242 2.42235120851e-11
243 2.39297470728e-11
244 2.36586306102e-11
245 2.3372637159e-11
246 2.31089591907e-11
247 2.28487229137e-11
248 2.25737206705e-11
249 2.23205898209e-11
250 2.2070678618e-11
251 2.1823987062e-11
252 2.15805151527e-11
253 2.13402628901e-11
254 2.11031192521e-11
255 2.08689732162e-11
256 2.06379358048e-11
257 2.04097849732e-11
258 2.01845207215e-11
259 1.99789074173e-11
260 1.97591942808e-11
261 1.95422567018e-11
262 1.93444149588e-11
263 1.91328064503e-11
264 1.89398496886e-11
265 1.8733348206e-11
266 1.85452764256e-11
267 1.83437709467e-11
268 1.8160362103e-11
269 1.7963630583e-11
270 1.77847736538e-11
271 1.7607915126e-11
272 1.74332770442e-11
273 1.7245649353e-11
274 1.70752301187e-11
275 1.69068092859e-11
276 1.67403868545e-11
277 1.65759628246e-11
278 1.64134261738e-11
279 1.62527769021e-11
280 1.60940150096e-11
281 1.59371404962e-11
282 1.57820423397e-11
283 1.562872054e-11
284 1.54771750971e-11
285 1.53411727766e-11
286 1.51930690251e-11
287 1.50465195858e-11
288 1.49016354811e-11
289 1.47585277332e-11
290 1.46302969739e-11
291 1.44901868282e-11
292 1.43516309947e-11
293 1.42277301052e-11
294 1.40922828962e-11
295 1.39711575642e-11
296 1.38384859127e-11
297 1.37201361383e-11
298 1.35903510667e-11
299 1.34745548053e-11
300 1.3347434269e-11
301 1.32341915204e-11
302 1.31098465417e-11
303 1.29990462838e-11
304 1.28894672713e-11
305 1.27688970508e-11
306 1.26616495066e-11
307 1.25555121855e-11
308 1.24387167233e-11
309 1.23347998482e-11
310 1.22321042184e-11
311 1.21187504476e-11
312 1.20181642416e-11
313 1.19186882586e-11
314 1.1820100454e-11
315 1.17226228724e-11
316 1.16261444916e-11
317 1.15194520589e-11
318 1.14249720795e-11
319 1.13313802785e-11
320 1.12387876783e-11
321 1.11471942787e-11
322 1.10563780353e-11
323 1.09665609926e-11
324 1.08776321284e-11
325 1.07895914425e-11
326 1.07024389351e-11
327 1.06160635838e-11
328 1.05305764109e-11
329 1.04459774164e-11
330 1.03622666003e-11
331 1.02792219181e-11
332 1.01970654143e-11
333 1.01257890961e-11
334 1.00421893023e-11
335 9.96436266831e-12
336 9.88631398968e-12
337 9.80993064559e-12
338 9.73432445761e-12
339 9.65938440345e-12
340 9.5852215054e-12
341 9.51172474117e-12
342 9.43989331148e-12
343 9.36783983718e-12
344 9.29734067512e-12
345 9.22750764687e-12
346 9.15745257402e-12
347 9.08884079109e-12
348 9.02189434271e-12
349 8.95461482742e-12
350 8.88800144594e-12
351 8.82194317597e-12
352 8.75743921824e-12
353 8.69349037202e-12
354 8.6293194812e-12
355 8.56648085801e-12
356 8.50430836863e-12
357 8.44269099076e-12
358 8.38240588052e-12
359 8.32189872568e-12
360 8.26194668235e-12
361 8.20332690665e-12
362 8.14437406405e-12
363 8.08675348907e-12
364 8.0296880256e-12
365 7.97317767365e-12
366 7.91633425479e-12
367 7.86160025967e-12
368 7.80642217535e-12
369 7.75191022484e-12
370 7.69773134124e-12
371 7.64488472527e-12
372 7.59170504239e-12
373 7.53974660483e-12
374 7.48756612268e-12
375 7.43649586354e-12
376 7.38586969362e-12
377 7.33568761291e-12
378 7.28594962141e-12
379 7.23665571911e-12
380 7.18780590603e-12
381 7.13928915985e-12
382 7.091993659e-12
383 7.04425406894e-12
384 6.99773572421e-12
385 6.95088431257e-12
386 6.90514312396e-12
387 6.85895784613e-12
388 6.81399381364e-12
389 6.76936284805e-12
390 6.72517597167e-12
391 6.68132216219e-12
392 6.63780141963e-12
393 6.59461374397e-12
394 6.55175913522e-12
395 6.51001474949e-12
396 6.46793729686e-12
397 6.42608188883e-12
398 6.38533670383e-12
399 6.34425845192e-12
400 6.30417940073e-12
401 6.26443341645e-12
402 6.22424334296e-12
403 6.18516349249e-12
404 6.14630568663e-12
405 6.10778094767e-12
406 6.06958927563e-12
407 6.03173067049e-12
408 5.99409410995e-12
409 5.95679061632e-12
410 5.9197091673e-12
411 5.883626919e-12
412 5.84721160379e-12
413 5.81101833319e-12
414 5.77582426331e-12
415 5.74018610422e-12
416 5.70554714585e-12
417 5.67113023209e-12
418 5.63626922911e-12
419 5.60240742686e-12
420 5.56876766922e-12
421 5.53546097848e-12
422 5.50226531004e-12
423 5.4687365747e-12
424 5.43620704008e-12
425 5.40445466157e-12
426 5.37225819386e-12
427 5.34039479305e-12
428 5.30875343685e-12
429 5.27733412525e-12
430 5.24669196977e-12
431 5.21582776969e-12
432 5.18507459191e-12
433 5.15520959254e-12
434 5.12490050397e-12
435 5.09547959382e-12
436 5.06561459446e-12
437 5.03652675121e-12
438 5.00777197487e-12
439 4.97857310933e-12
440 4.9501513999e-12
441 4.92195173507e-12
442 4.89397411485e-12
443 4.86621853923e-12
444 4.83868500822e-12
445 4.81126249952e-12
446 4.78406203541e-12
447 4.75708361591e-12
448 4.73032724102e-12
449 4.70368188843e-12
450 4.67725858044e-12
451 4.65161242857e-12
452 4.6255221875e-12
453 4.59965399102e-12
454 4.57456295067e-12
455 4.5490278211e-12
456 4.52371473614e-12
457 4.49917880729e-12
458 4.47419878924e-12
459 4.449884905e-12
460 4.42579306537e-12
461 4.40136815882e-12
462 4.3776093861e-12
463 4.35407265797e-12
464 4.33009184064e-12
465 4.30677715713e-12
466 4.28368451821e-12
467 4.2607029016e-12
468 4.2379433296e-12
469 4.2152947799e-12
470 4.1928682748e-12
471 4.170552792e-12
472 4.14834833151e-12
473 4.12625489332e-12
474 4.10438349974e-12
475 4.08273415076e-12
476 4.06108480178e-12
477 4.0396574974e-12
478 4.01889632684e-12
479 3.99769106707e-12
480 3.9767078519e-12
481 3.95627974825e-12
482 3.93551857769e-12
483 3.91497945174e-12
484 3.89499543729e-12
485 3.87456733364e-12
486 3.8549163861e-12
487 3.83482134936e-12
488 3.81539244643e-12
489 3.79551945429e-12
490 3.77631259596e-12
491 3.75721675994e-12
492 3.73778785701e-12
493 3.71902508789e-12
494 3.70026231877e-12
495 3.68172159426e-12
496 3.66318086975e-12
497 3.64441810063e-12
498 3.62621044303e-12
499 3.60800278543e-12
