50 0.0532445309372
51 0.0578359013583
52 0.0624219262306
53 0.0669802714624
54 0.0714956509982
55 0.0759605692896
56 0.0803290321368
57 0.0846522264085
58 0.0888966830235
59 0.0929738506449
60 0.0970114039848
61 0.100929500707
62 0.104760934505
63 0.108484077748
64 0.112077247943
65 0.115586218872
66 0.118926349988
67 0.122218993464
68 0.125381666017
69 0.128474256187
70 0.131410760789
71 0.134254971891
72 0.13699771113
73 0.139711291975
74 0.142225600428
75 0.144780397392
76 0.147118483166
77 0.149401454603
78 0.151625131116
79 0.153785358552
80 0.155878024122
81 0.157807122205
82 0.159751434594
83 0.161522180324
84 0.163302758593
85 0.164996470127
86 0.16659977684
87 0.168109288285
88 0.169620550911
89 0.171033323318
90 0.172344561124
91 0.173652536526
92 0.174956704128
93 0.176051315996
94 0.17724151923
95 0.178217207026
96 0.179287573919
97 0.180243962638
98 0.181084322263
99 0.181912782871
100 0.182729035338
101 0.183532796775
102 0.184216473045
103 0.184886327197
104 0.185434130734
105 0.186075447473
106 0.186593758681
107 0.186988077473
108 0.187475966295
109 0.187839282599
110 0.188186992315
111 0.188519129974
112 0.188835749985
113 0.189026785443
114 0.18920219899
115 0.18936212543
116 0.189506715055
117 0.189636132592
118 0.189750556174
119 0.189739620808
120 0.189714049354
121 0.189784596724
122 0.189730443268
123 0.189551938214
124 0.189470283432
125 0.18937526125
126 0.189156929313
127 0.189036068453
128 0.188792678172
129 0.188537281401
130 0.188379886346
131 0.188101242274
132 0.187811515246
133 0.187401823174
134 0.187091044788
135 0.186770121646
136 0.186330793071
137 0.185990702757
138 0.185533288824
139 0.185175271337
140 0.184701021841
141 0.184218955448
142 0.183836432143
143 0.183339357549
144 0.182835368312
145 0.182324757592
146 0.181807813697
147 0.181284819937
148 0.180650794754
149 0.180116841702
