0.1 8.11211
0.3 31.4557
0.5 62.4819
0.7 81.1735
0.9 92.3429
1.1 99.5392
1.3 103.722
1.5 105.489
1.7 106.146
1.9 106.362
2.1 106.421
2.3 106.435
2.5 106.438
2.7 106.438
2.9 106.439
3.1 106.439
3.3 106.439
3.5 106.439
3.7 106.439
3.9 106.439
4.1 106.439
4.3 106.439
4.5 106.439
4.7 106.439
4.9 106.439
5.1 106.439
5.3 106.439
5.5 106.439
5.7 106.439
5.9 106.439
6.1 106.439
6.3 106.439
6.5 106.439
6.7 106.439
6.9 106.439
7.1 106.439
7.3 106.439
7.5 106.439
7.7 106.439
7.9 106.439
8.1 106.439
8.3 106.439
8.5 106.439
8.7 106.439
8.9 106.439
9.1 106.439
9.3 106.439
9.5 106.439
9.7 106.439
9.9 106.439
10.1 106.439
10.3 106.439
10.5 106.439
10.7 106.439
10.9 106.439
11.1 106.439
11.3 106.439
11.5 106.439
11.7 106.439
11.9 106.439
12.1 106.439
12.3 106.439
12.5 106.439
12.7 106.439
12.9 106.439
13.1 106.439
13.3 106.439
13.5 106.439
13.7 106.439
13.9 106.439
