0.1 8.11211
0.3 23.3436
0.5 31.0263
0.7 18.6915
0.9 11.1695
1.1 7.1963
1.3 4.18227
1.5 1.76739
1.7 0.657403
1.9 0.215206
2.1 0.059363
2.3 0.014384
2.5 0.00277912
2.7 0.000428037
2.9 7.13925e-05
3.1 8.08969e-06
3.3 6.93889e-07
3.5 6.15437e-09
3.7 0
3.9 0
4.1 0
4.3 0
4.5 0
4.7 0
4.9 0
5.1 0
5.3 0
5.5 0
5.7 0
5.9 0
6.1 0
6.3 0
6.5 0
6.7 0
6.9 0
7.1 0
7.3 0
7.5 0
7.7 0
7.9 0
8.1 0
8.3 0
8.5 0
8.7 0
8.9 0
9.1 0
9.3 0
9.5 0
9.7 0
9.9 0
10.1 0
10.3 0
10.5 0
10.7 0
10.9 0
11.1 0
11.3 0
11.5 0
11.7 0
11.9 0
12.1 0
12.3 0
12.5 0
12.7 0
12.9 0
13.1 0
13.3 0
13.5 0
13.7 0
13.9 0
